1.715672612190246582e+00
1.255893588066101074e+00
1.399856209754943848e+00
1.426415681838989258e+00
1.313680887222290039e+00
1.370682835578918457e+00
1.641040921211242676e+00
1.633934140205383301e+00
1.249457240104675293e+00
1.434786677360534668e+00
1.486850738525390625e+00
1.331240177154541016e+00
1.371007084846496582e+00
1.469310402870178223e+00
1.134455680847167969e+00
1.220072865486145020e+00
1.214803576469421387e+00
1.243864536285400391e+00
1.007676839828491211e+00
1.014419674873352051e+00
1.225841879844665527e+00
9.671525955200195312e-01
9.861253499984741211e-01
1.048854351043701172e+00
4.190148711204528809e-01
3.945401012897491455e-01
3.574724793434143066e-01
3.905840516090393066e-01
3.104158937931060791e-01
2.550511360168457031e-01
3.843211829662322998e-01
1.022097945213317871e+00
4.382776319980621338e-01
3.579140603542327881e-01
3.803684115409851074e-01
3.392104208469390869e-01
3.086918294429779053e-01
4.752139747142791748e-01
4.218188822269439697e-01
3.988037109375000000e-01
4.840706288814544678e-01
5.157067179679870605e-01
4.164325892925262451e-01
4.112359583377838135e-01
5.234952569007873535e-01
4.166381657123565674e-01
4.021430313587188721e-01
4.348506033420562744e-01
3.950126469135284424e-01
3.790472745895385742e-01
4.223243296146392822e-01
4.658590257167816162e-01
3.717263936996459961e-01
3.940089046955108643e-01
4.940255880355834961e-01
3.739827573299407959e-01
1.269465565681457520e+00
1.704753637313842773e+00
1.870050072669982910e+00
1.687480807304382324e+00
1.353075385093688965e+00
6.059186458587646484e-01
4.582711756229400635e-01
4.534911811351776123e-01
6.358751058578491211e-01
4.654308855533599854e-01
5.125447511672973633e-01
6.905987262725830078e-01
5.571221113204956055e-01
5.041436553001403809e-01
5.140048861503601074e-01
6.354762911796569824e-01
5.462774038314819336e-01
5.185557007789611816e-01
6.109067201614379883e-01
5.528182387351989746e-01
6.913402080535888672e-01
1.867517113685607910e+00
1.712497711181640625e+00
2.068733215332031250e+00
1.805529594421386719e+00
1.828251481056213379e+00
1.717138528823852539e+00
1.774803161621093750e+00
1.599508881568908691e+00
1.477088689804077148e+00
1.467041730880737305e+00
1.366243839263916016e+00
1.446667432785034180e+00
1.455587148666381836e+00
1.452563524246215820e+00
1.454669713973999023e+00
1.404057860374450684e+00
1.460510253906250000e+00
1.465656399726867676e+00
1.547249317169189453e+00
1.559041023254394531e+00
1.558484554290771484e+00
2.124854564666748047e+00
1.364862680435180664e+00
1.396506428718566895e+00
1.517530798912048340e+00
1.450815916061401367e+00
1.452544331550598145e+00
1.509499669075012207e+00
1.480538845062255859e+00
1.448360562324523926e+00
1.391165614128112793e+00
1.452904820442199707e+00
1.404539704322814941e+00
6.261251568794250488e-01
4.531847238540649414e-01
3.793090283870697021e-01
3.523038029670715332e-01
3.402763903141021729e-01
3.618898391723632812e-01
3.372366428375244141e-01
3.458222150802612305e-01
4.050150215625762939e-01
3.650978803634643555e-01
2.774931788444519043e-01
3.695465028285980225e-01
4.839270114898681641e-01
9.674034118652343750e-01
3.272934854030609131e-01
4.969027936458587646e-01
4.536918103694915771e-01
3.854551315307617188e-01
7.766432762145996094e-01
1.472024202346801758e+00
1.514850974082946777e+00
1.360156059265136719e+00
1.521004199981689453e+00
1.255254387855529785e+00
1.396771788597106934e+00
1.411137223243713379e+00
1.301424622535705566e+00
1.174912810325622559e+00
1.355985403060913086e+00
1.321023106575012207e+00
1.240483880043029785e+00
1.342771768569946289e+00
1.419775724411010742e+00
1.751610159873962402e+00
1.412062883377075195e+00
1.305141091346740723e+00
1.512163400650024414e+00
2.039916515350341797e+00
1.212259173393249512e+00
1.483558058738708496e+00
1.342690825462341309e+00
1.267547726631164551e+00
1.338004827499389648e+00
1.708824515342712402e+00
1.710909843444824219e+00
7.865990996360778809e-01
6.653669476509094238e-01
4.368279278278350830e-01
4.494230151176452637e-01
5.766316056251525879e-01
5.063402652740478516e-01
4.226902425289154053e-01
5.779615044593811035e-01
4.199708998203277588e-01
3.698104321956634521e-01
3.523597419261932373e-01
3.905081152915954590e-01
3.087414205074310303e-01
3.535114824771881104e-01
1.232964038848876953e+00
1.454397797584533691e+00
1.265360116958618164e+00
1.484138488769531250e+00
1.732412934303283691e+00
8.466939330101013184e-01
3.971168994903564453e-01
4.878005683422088623e-01
3.410356342792510986e-01
3.866120874881744385e-01
5.304033160209655762e-01
3.695072829723358154e-01
4.022614359855651855e-01
4.657863676548004150e-01
5.125324130058288574e-01
4.102503061294555664e-01
3.792799711227416992e-01
5.040783882141113281e-01
4.428753554821014404e-01
3.978586196899414062e-01
4.506306946277618408e-01
4.524095654487609863e-01
9.527958631515502930e-01
6.019779443740844727e-01
5.124222040176391602e-01
3.688102662563323975e-01
4.341911077499389648e-01
1.570833206176757812e+00
6.349442601203918457e-01
4.533763229846954346e-01
1.564979910850524902e+00
1.679396271705627441e+00
1.988255858421325684e+00
1.307629346847534180e+00
1.465854525566101074e+00
1.399715065956115723e+00
1.280918478965759277e+00
1.525598645210266113e+00
5.647943615913391113e-01
7.669684886932373047e-01
4.661347568035125732e-01
5.975134372711181641e-01
5.736672282218933105e-01
5.067524909973144531e-01
5.617828965187072754e-01
5.000009536743164062e-01
3.958733081817626953e-01
5.083392858505249023e-01
4.619391560554504395e-01
3.882237970829010010e-01
4.070581495761871338e-01
4.375301599502563477e-01
3.490565717220306396e-01
3.291735053062438965e-01
3.759496808052062988e-01
3.508448004722595215e-01
3.387225270271301270e-01
3.503201603889465332e-01
4.303934872150421143e-01
9.651015400886535645e-01
3.322787582874298096e-01
3.652557730674743652e-01
3.356879949569702148e-01
3.374945819377899170e-01
3.567033708095550537e-01
3.830702006816864014e-01
2.827344834804534912e-01
4.816385507583618164e-01
4.125719070434570312e-01
3.815355300903320312e-01
4.265966713428497314e-01
4.503965973854064941e-01
4.288267493247985840e-01
4.142397940158843994e-01
5.039476752281188965e-01
5.412871837615966797e-01
4.163774847984313965e-01
4.141109883785247803e-01
4.348445534706115723e-01
3.591477572917938232e-01
3.427265584468841553e-01
4.507277011871337891e-01
3.319523036479949951e-01
3.662641644477844238e-01
1.155254244804382324e+00
1.634669065475463867e+00
1.605531811714172363e+00
1.144957423210144043e+00
9.368516206741333008e-01
4.329823553562164307e-01
4.210651218891143799e-01
6.605998277664184570e-01
1.398687362670898438e+00
1.068969845771789551e+00
1.090092897415161133e+00
1.549719452857971191e+00
1.143400788307189941e+00
1.064364671707153320e+00
1.404546260833740234e+00
1.279660701751708984e+00
1.049610614776611328e+00
1.342510461807250977e+00
1.359497427940368652e+00
1.217059731483459473e+00
1.596130251884460449e+00
1.265221238136291504e+00
1.274918198585510254e+00
1.002231121063232422e+00
1.302679657936096191e+00
1.403262615203857422e+00
1.817079544067382812e+00
1.188019633293151855e+00
1.394866824150085449e+00
1.466928720474243164e+00
2.330201864242553711e+00
2.284594535827636719e+00
2.220463991165161133e+00
2.087377786636352539e+00
2.257528305053710938e+00
1.038011789321899414e+00
6.295001506805419922e-01
7.717761397361755371e-01
6.956427097320556641e-01
6.299515962600708008e-01
6.225591301918029785e-01
5.901015996932983398e-01
5.263828635215759277e-01
1.180756568908691406e+00
1.058876991271972656e+00
9.950165748596191406e-01
1.337092161178588867e+00
1.377304792404174805e+00
1.113395333290100098e+00
1.293369174003601074e+00
1.739432573318481445e+00
5.539590120315551758e-01
4.364587366580963135e-01
5.319462418556213379e-01
6.082484722137451172e-01
4.787320196628570557e-01
4.523103535175323486e-01
3.964061737060546875e-01
3.961726427078247070e-01
3.852851986885070801e-01
3.887116909027099609e-01
3.764013946056365967e-01
3.997825086116790771e-01
3.854170441627502441e-01
3.328360021114349365e-01
3.811591863632202148e-01
4.573827981948852539e-01
3.344496190547943115e-01
3.667468428611755371e-01
5.235708951950073242e-01
4.139188230037689209e-01
4.368885159492492676e-01
4.651414155960083008e-01
5.041134953498840332e-01
4.179606735706329346e-01
9.171346426010131836e-01
8.811576366424560547e-01
4.703964293003082275e-01
4.662570059299468994e-01
5.060187578201293945e-01
4.284462928771972656e-01
1.284122705459594727e+00
2.205150842666625977e+00
2.204252719879150391e+00
1.907289862632751465e+00
1.444588899612426758e+00
1.902835130691528320e+00
2.498910665512084961e+00
1.328270077705383301e+00
1.457090258598327637e+00
2.260468721389770508e+00
1.652942538261413574e+00
1.566595673561096191e+00
1.596264839172363281e+00
3.146218061447143555e+00
1.426158308982849121e+00
1.376418590545654297e+00
1.394873619079589844e+00
1.577465057373046875e+00
7.066060900688171387e-01
4.565506577491760254e-01
6.745673418045043945e-01
4.049659669399261475e-01
3.143001496791839600e-01
4.046756923198699951e-01
4.125620424747467041e-01
3.716252446174621582e-01
4.229106009006500244e-01
3.882783353328704834e-01
3.355243504047393799e-01
3.948717713356018066e-01
4.303447008132934570e-01
3.256919085979461670e-01
3.742239773273468018e-01
3.837686181068420410e-01
7.374609708786010742e-01
5.433623790740966797e-01
4.007388353347778320e-01
4.009737372398376465e-01
3.662718534469604492e-01
4.350517690181732178e-01
4.095231294631958008e-01
3.906906843185424805e-01
3.968880176544189453e-01
4.375608861446380615e-01
2.803624272346496582e-01
3.782921433448791504e-01
4.862971305847167969e-01
3.797519803047180176e-01
3.658297359943389893e-01
4.668556451797485352e-01
4.191601276397705078e-01
3.903077542781829834e-01
4.204878509044647217e-01
4.485497474670410156e-01
4.307067692279815674e-01
4.583002328872680664e-01
4.111093282699584961e-01
3.833558261394500732e-01
1.110606908798217773e+00
1.411208510398864746e+00
5.586877465248107910e-01
6.281866431236267090e-01
9.664577245712280273e-01
7.585111856460571289e-01
7.694989442825317383e-01
1.379224777221679688e+00
1.511576294898986816e+00
1.506946563720703125e+00
1.858543634414672852e+00
2.131216049194335938e+00
1.329550862312316895e+00
1.528771877288818359e+00
1.370814085006713867e+00
4.073190987110137939e-01
1.264379739761352539e+00
1.810862183570861816e+00
1.730052947998046875e+00
1.574820518493652344e+00
1.528517246246337891e+00
1.516655564308166504e+00
1.727697610855102539e+00
2.575334072113037109e+00
2.329482078552246094e+00
2.673137187957763672e+00
3.314591407775878906e+00
3.058043003082275391e+00
1.930911302566528320e+00
9.869051575660705566e-01
1.139852046966552734e+00
8.563427329063415527e-01
9.729620814323425293e-01
1.440516948699951172e+00
7.685278058052062988e-01
3.085994422435760498e-01
4.431417882442474365e-01
4.293130040168762207e-01
3.575045466423034668e-01
4.049418568611145020e-01
3.460765779018402100e-01
4.795411527156829834e-01
1.144620895385742188e+00
3.717225492000579834e-01
4.220537841320037842e-01
4.239549338817596436e-01
4.478891491889953613e-01
4.780944883823394775e-01
4.630007147789001465e-01
4.916118979454040527e-01
1.280526876449584961e+00
1.570451140403747559e+00
1.563130855560302734e+00
1.122081279754638672e+00
3.612659871578216553e-01
4.076258242130279541e-01
3.997476994991302490e-01
3.147614300251007080e-01
3.439909815788269043e-01
4.863124787807464600e-01
3.765357136726379395e-01
3.306635022163391113e-01
3.972372412681579590e-01
4.369778633117675781e-01
4.237745702266693115e-01
1.098709464073181152e+00
3.854874670505523682e-01
4.303260445594787598e-01
3.086877167224884033e-01
4.001100659370422363e-01
4.276566207408905029e-01
4.156700372695922852e-01
4.273197650909423828e-01
5.289635062217712402e-01
5.642746686935424805e-01
4.521735906600952148e-01
4.763435423374176025e-01
5.614079236984252930e-01
5.953508019447326660e-01
5.584512352943420410e-01
8.085304498672485352e-01
1.975447535514831543e+00
2.383797883987426758e+00
2.512361049652099609e+00
2.348764181137084961e+00
2.031075000762939453e+00
1.987493276596069336e+00
1.935127735137939453e+00
2.282278299331665039e+00
1.917723298072814941e+00
4.095506191253662109e+00
3.788356781005859375e+00
4.482447147369384766e+00
3.012974262237548828e+00
2.393273353576660156e+00
1.670217037200927734e+00
1.847025036811828613e+00
1.865037918090820312e+00
3.345723390579223633e+00
3.019877672195434570e+00
3.172879695892333984e+00
4.943535327911376953e+00
3.318386793136596680e+00
3.289921045303344727e+00
3.253334045410156250e+00
1.684186697006225586e+00
1.558929443359375000e+00
5.400358200073242188e+00
4.472219467163085938e+00
2.978945493698120117e+00
2.908224344253540039e+00
2.135771274566650391e+00
8.005342483520507812e-01
6.698117256164550781e-01
6.580836176872253418e-01
2.703114271163940430e+00
2.745591640472412109e+00
2.661616325378417969e+00
2.229242801666259766e+00
6.770950555801391602e-01
8.283751606941223145e-01
1.482500553131103516e+00
5.204767704010009766e+00
2.943015098571777344e+00
1.522309660911560059e+00
1.571844935417175293e+00
1.168228387832641602e+00
4.467212259769439697e-01
1.587627768516540527e+00
1.071859121322631836e+00
6.656363606452941895e-01
9.135711193084716797e-01
6.007308363914489746e-01
1.734986901283264160e+00
1.870615482330322266e+00
8.540554046630859375e-01
6.072781682014465332e-01
6.430106759071350098e-01
6.862688064575195312e-01
1.030150413513183594e+00
6.620396971702575684e-01
6.025447845458984375e-01
5.333814024925231934e-01
5.649991631507873535e-01
7.165076136589050293e-01
7.327569127082824707e-01
1.197875618934631348e+00
9.054416418075561523e-01
7.636922001838684082e-01
1.066478490829467773e+00
1.255816102027893066e+00
1.139121294021606445e+00
1.873722195625305176e+00
3.281207799911499023e+00
2.442136049270629883e+00
2.416134119033813477e+00
4.155201435089111328e+00
4.416251182556152344e+00
3.632997989654541016e+00
2.912795543670654297e+00
2.493294477462768555e+00
2.947634935379028320e+00
5.022168636322021484e+00
3.972119569778442383e+00
4.917240142822265625e+00
4.407591342926025391e+00
3.539571046829223633e+00
3.022900104522705078e+00
3.792612075805664062e+00
2.744088649749755859e+00
2.824937820434570312e+00
2.265134811401367188e+00
3.078530311584472656e+00
2.371487140655517578e+00
1.228489279747009277e+00
2.212172269821166992e+00
1.792679309844970703e+00
1.589897274971008301e+00
1.665337800979614258e+00
1.474719405174255371e+00
4.564711749553680420e-01
2.366002351045608521e-01
3.677511513233184814e-01
2.627028524875640869e-01
2.869577705860137939e-01
3.410819768905639648e-01
3.965612947940826416e-01
3.195745944976806641e-01
3.259120285511016846e-01
1.116349339485168457e+00
4.488150477409362793e-01
3.147364854812622070e-01
3.168632388114929199e-01
3.341522216796875000e-01
3.150051236152648926e-01
2.688763439655303955e-01
4.120500385761260986e-01
2.505441308021545410e-01
3.619213700294494629e-01
4.088250100612640381e-01
5.236605405807495117e-01
3.788367509841918945e-01
4.785206913948059082e-01
4.740046560764312744e-01
3.433849513530731201e-01
3.934963345527648926e-01
5.836591720581054688e-01
5.375594496726989746e-01
4.582489728927612305e-01
4.235818684101104736e-01
1.235278964042663574e+00
3.853298723697662354e-01
3.563440144062042236e-01
4.871446490287780762e-01
3.472201228141784668e-01
3.021578788757324219e-01
4.941289424896240234e-01
4.822961091995239258e-01
2.615897357463836670e-01
3.841243982315063477e-01
7.462376356124877930e-01
5.608777999877929688e-01
5.573353767395019531e-01
7.472079396247863770e-01
8.300923705101013184e-01
2.077925682067871094e+00
2.722938537597656250e+00
2.847487449645996094e+00
2.664656639099121094e+00
2.788959980010986328e+00
2.324084043502807617e+00
1.994960308074951172e+00
1.777302145957946777e+00
2.433350324630737305e+00
1.335355401039123535e+00
1.553463935852050781e+00
2.183169841766357422e+00
1.437124729156494141e+00
1.881549835205078125e+00
2.138255357742309570e+00
1.429319262504577637e+00
1.487135767936706543e+00
1.362876772880554199e+00
1.437499642372131348e+00
1.324096918106079102e+00
1.495489478111267090e+00
1.495392680168151855e+00
1.478067874908447266e+00
1.492075085639953613e+00
1.443514823913574219e+00
1.532266616821289062e+00
1.460453510284423828e+00
1.480019092559814453e+00
1.529660224914550781e+00
1.499582886695861816e+00
1.457817435264587402e+00
1.443930625915527344e+00
1.588395833969116211e+00
1.799364805221557617e+00
1.554905414581298828e+00
2.277836799621582031e+00
1.510380148887634277e+00
1.555971145629882812e+00
1.675999999046325684e+00
2.333782911300659180e+00
1.249330878257751465e+00
1.544911861419677734e+00
1.491145610809326172e+00
1.333205699920654297e+00
1.415553212165832520e+00
1.498713135719299316e+00
1.303781867027282715e+00
1.446918249130249023e+00
1.929913640022277832e+00
1.468523144721984863e+00
1.374361515045166016e+00
1.513528943061828613e+00
1.605000138282775879e+00
1.669397234916687012e+00
1.489770650863647461e+00
1.482448697090148926e+00
7.933005094528198242e-01
1.040132522583007812e+00
1.138392806053161621e+00
5.628507733345031738e-01
4.668438434600830078e-01
8.077219128608703613e-01
8.874783515930175781e-01
8.095999956130981445e-01
7.087454199790954590e-01
8.210567831993103027e-01
1.043898940086364746e+00
1.025425553321838379e+00
1.052585601806640625e+00
1.172447323799133301e+00
1.079923629760742188e+00
1.495230436325073242e+00
1.651871442794799805e+00
1.454503893852233887e+00
1.769736528396606445e+00
2.573443412780761719e+00
1.740270972251892090e+00
1.777779698371887207e+00
1.972647070884704590e+00
1.619721412658691406e+00
1.272194743156433105e+00
2.598111152648925781e+00
2.446877002716064453e+00
2.690911293029785156e+00
2.585590839385986328e+00
2.579564094543457031e+00
2.517344951629638672e+00
1.469333410263061523e+00
1.414281964302062988e+00
1.817419648170471191e+00
1.878855705261230469e+00
1.655515551567077637e+00
1.747947096824645996e+00
1.672689676284790039e+00
1.513359546661376953e+00
7.964460253715515137e-01
7.725288271903991699e-01
6.231495738029479980e-01
3.428246974945068359e-01
2.987445294857025146e-01
2.836494147777557373e-01
2.502629160881042480e-01
3.342755734920501709e-01
3.194898962974548340e-01
2.819552123546600342e-01
2.411135286092758179e-01
3.763811290264129639e-01
3.784176707267761230e-01
2.842965424060821533e-01
3.072752654552459717e-01
3.886069953441619873e-01
3.526453375816345215e-01
3.096640408039093018e-01
6.048488616943359375e-01
1.015003561973571777e+00
3.458098769187927246e-01
9.740379452705383301e-01
1.564174294471740723e+00
1.430734157562255859e+00
1.182022929191589355e+00
3.017042279243469238e-01
5.124208331108093262e-01
3.940292000770568848e-01
3.587788343429565430e-01
4.095233976840972900e-01
4.065365493297576904e-01
3.131231665611267090e-01
3.353185057640075684e-01
4.503283500671386719e-01
3.402681648731231689e-01
3.221524953842163086e-01
3.648457229137420654e-01
4.523062407970428467e-01
3.402618765830993652e-01
5.594352483749389648e-01
1.176512122154235840e+00
4.822994172573089600e-01
3.763216435909271240e-01
4.045120775699615479e-01
5.852415561676025391e-01
3.917950093746185303e-01
5.385070443153381348e-01
7.310476303100585938e-01
8.151685595512390137e-01
1.709538817405700684e+00
2.117613554000854492e+00
2.322704792022705078e+00
2.547603130340576172e+00
2.590450048446655273e+00
2.738511800765991211e+00
2.337141513824462891e+00
2.060943841934204102e+00
2.059286355972290039e+00
2.060885190963745117e+00
1.535970687866210938e+00
1.367693543434143066e+00
2.576287508010864258e+00
2.033730030059814453e+00
1.329499125480651855e+00
1.474130392074584961e+00
1.524016737937927246e+00
1.467434763908386230e+00
1.511559844017028809e+00
8.820994496345520020e-01
2.521703481674194336e+00
9.376626610755920410e-01
5.924007296562194824e-01
1.603695154190063477e+00
6.103469729423522949e-01
6.745243072509765625e-01
1.333365201950073242e+00
2.519475460052490234e+00
3.108437061309814453e+00
3.234725475311279297e+00
2.028052806854248047e+00
1.809268236160278320e+00
1.981663227081298828e+00
1.914280176162719727e+00
1.941224813461303711e+00
2.235217809677124023e+00
2.140032768249511719e+00
1.634387731552124023e+00
1.807210683822631836e+00
1.927299022674560547e+00
1.001816987991333008e+00
8.611057400703430176e-01
7.112065553665161133e-01
5.878386497497558594e-01
5.946332216262817383e-01
1.440701365470886230e+00
5.041480064392089844e-01
4.092333912849426270e-01
5.849888324737548828e-01
7.040594220161437988e-01
1.413107752799987793e+00
2.054443597793579102e+00
2.340221405029296875e+00
2.155460834503173828e+00
2.057162523269653320e+00
1.533404111862182617e+00
1.580723762512207031e+00
2.784541606903076172e+00
1.486047625541687012e+00
1.408108115196228027e+00
1.475715279579162598e+00
1.501401782035827637e+00
1.447417974472045898e+00
1.422479391098022461e+00
1.728022933006286621e+00
1.600832939147949219e+00
2.074788331985473633e+00
1.445434808731079102e+00
1.441189289093017578e+00
1.367305397987365723e+00
1.103625655174255371e+00
2.307435989379882812e+00
3.614510059356689453e+00
3.114069938659667969e+00
1.953691840171813965e+00
2.098356008529663086e+00
2.020079374313354492e+00
1.568792343139648438e+00
1.727101445198059082e+00
3.462798595428466797e+00
1.381455421447753906e+00
9.493107199668884277e-01
1.214278459548950195e+00
1.038816332817077637e+00
8.062955141067504883e-01
1.307888865470886230e+00
1.826701164245605469e+00
2.397059202194213867e+00
6.838192343711853027e-01
5.514411330223083496e-01
4.151298105716705322e-01
5.507802963256835938e-01
3.735378980636596680e-01
7.230058908462524414e-01
1.800425887107849121e+00
1.215038299560546875e+00
1.746231794357299805e+00
8.696093559265136719e-01
8.117793798446655273e-01
8.289729952812194824e-01
5.100021958351135254e-01
4.879918694496154785e-01
4.487964212894439697e-01
3.868955075740814209e-01
4.550132453441619873e-01
3.336399495601654053e-01
4.813211560249328613e-01
1.262102484703063965e+00
5.340436100959777832e-01
4.842745661735534668e-01
4.167121648788452148e-01
5.081117749214172363e-01
4.213082492351531982e-01
3.613800108432769775e-01
4.570319652557373047e-01
3.475501239299774170e-01
3.535153269767761230e-01
3.219425380229949951e-01
4.392989277839660645e-01
4.260284900665283203e-01
4.216464757919311523e-01
5.214225053787231445e-01
4.177603125572204590e-01
4.510651230812072754e-01
5.406600832939147949e-01
4.309754073619842529e-01
4.426390826702117920e-01
4.972610473632812500e-01
5.560824871063232422e-01
5.636357665061950684e-01
1.343359947204589844e+00
7.189722657203674316e-01
4.340365231037139893e-01
4.667164087295532227e-01
5.700430870056152344e-01
4.721783399581909180e-01
4.459044039249420166e-01
5.132472515106201172e-01
5.342428684234619141e-01
3.676979839801788330e-01
4.270588159561157227e-01
4.553484618663787842e-01
4.228132963180541992e-01
4.977610111236572266e-01
4.263483583927154541e-01
3.415512144565582275e-01
4.147951304912567139e-01
1.582256555557250977e+00
1.426764369010925293e+00
1.122598171234130859e+00
4.019042849540710449e-01
1.009908318519592285e+00
6.349442601203918457e-01
5.472965240478515625e-01
7.648672461509704590e-01
1.269266843795776367e+00
5.732163190841674805e-01
5.655840635299682617e-01
6.418699026107788086e-01
5.599436759948730469e-01
1.509189963340759277e+00
2.390830039978027344e+00
2.458216428756713867e+00
1.567894697189331055e+00
1.777401685714721680e+00
1.771313667297363281e+00
1.658448338508605957e+00
1.791556596755981445e+00
2.311976432800292969e+00
1.670606493949890137e+00
1.787284255027770996e+00
2.107506513595581055e+00
2.028976202011108398e+00
1.949870109558105469e+00
2.081080436706542969e+00
2.356726884841918945e+00
2.317972183227539062e+00
1.950755715370178223e+00
2.178835391998291016e+00
1.490817189216613770e+00
1.010311722755432129e+00
1.000328898429870605e+00
2.289819002151489258e+00
1.491451978683471680e+00
9.652177095413208008e-01
7.018110156059265137e-01
7.448802590370178223e-01
7.892671227455139160e-01
1.298035144805908203e+00
1.595184326171875000e+00
2.521085262298583984e+00
1.345973730087280273e+00
8.366320729255676270e-01
1.077236890792846680e+00
1.389567613601684570e+00
2.249261140823364258e+00
1.644804835319519043e+00
1.838403582572937012e+00
1.935566902160644531e+00
1.925759315490722656e+00
1.772236585617065430e+00
9.929674267768859863e-01
9.240276813507080078e-01
8.137238025665283203e-01
1.571626186370849609e+00
9.703359603881835938e-01
1.182789564132690430e+00
1.107528567314147949e+00
1.262350559234619141e+00
1.296247482299804688e+00
1.645788908004760742e+00
1.608334779739379883e+00
1.756999492645263672e+00
1.588843107223510742e+00
1.676196217536926270e+00
1.726615190505981445e+00
2.560100078582763672e+00
2.216960191726684570e+00
2.152531147003173828e+00
1.326054811477661133e+00
8.894167542457580566e-01
2.269023656845092773e+00
2.645398616790771484e+00
2.445140123367309570e+00
2.538010120391845703e+00
2.494325160980224609e+00
2.356438398361206055e+00
1.655527830123901367e+00
1.556212306022644043e+00
1.555400133132934570e+00
1.529553294181823730e+00
2.171842098236083984e+00
2.106800794601440430e+00
1.592067599296569824e+00
1.781477212905883789e+00
1.664296507835388184e+00
1.302732348442077637e+00
1.374621868133544922e+00
1.714342713356018066e+00
1.409350156784057617e+00
9.161673784255981445e-01
7.576140761375427246e-01
7.187148928642272949e-01
6.506963968276977539e-01
3.636583089828491211e-01
3.656792342662811279e-01
2.854609191417694092e-01
3.210936486721038818e-01
2.680625617504119873e-01
4.892417490482330322e-01
3.669077455997467041e-01
3.686257898807525635e-01
2.939157485961914062e-01
3.705562651157379150e-01
3.442450463771820068e-01
3.723044693470001221e-01
3.283070921897888184e-01
3.020164370536804199e-01
4.045591950416564941e-01
8.362530469894409180e-01
3.882482051849365234e-01
3.772626221179962158e-01
3.661808371543884277e-01
4.355278909206390381e-01
4.499632418155670166e-01
3.885242044925689697e-01
4.145388305187225342e-01
4.685509204864501953e-01
1.680903077125549316e+00
1.239627838134765625e+00
1.154264211654663086e+00
5.659247636795043945e-01
3.382327258586883545e-01
4.085136055946350098e-01
3.642188608646392822e-01
4.503626227378845215e-01
3.594819009304046631e-01
2.966029942035675049e-01
3.987061083316802979e-01
4.622299671173095703e-01
4.056120216846466064e-01
3.902855515480041504e-01
5.049538612365722656e-01
5.678735971450805664e-01
4.902457892894744873e-01
5.666215419769287109e-01
5.991125702857971191e-01
1.574604511260986328e+00
2.255035161972045898e+00
2.652327060699462891e+00
2.672421932220458984e+00
2.642703533172607422e+00
2.567361831665039062e+00
2.491877317428588867e+00
2.281357049942016602e+00
2.246300220489501953e+00
1.798038244247436523e+00
1.635225653648376465e+00
1.762215018272399902e+00
1.626618981361389160e+00
1.631119132041931152e+00
1.747032403945922852e+00
1.891358733177185059e+00
1.267714619636535645e+00
1.470648527145385742e+00
1.500293850898742676e+00
1.379197120666503906e+00
1.292591571807861328e+00
1.461249470710754395e+00
1.391437530517578125e+00
1.382949590682983398e+00
1.223030686378479004e+00
1.303340554237365723e+00
1.326405882835388184e+00
1.322699785232543945e+00
1.265756487846374512e+00
1.291325688362121582e+00
1.359075665473937988e+00
1.284219980239868164e+00
1.223578572273254395e+00
1.359470009803771973e+00
1.451430201530456543e+00
1.627431511878967285e+00
1.543387532234191895e+00
1.509156584739685059e+00
1.536931157112121582e+00
1.510972142219543457e+00
1.434842586517333984e+00
1.477098941802978516e+00
1.960196495056152344e+00
2.958435535430908203e+00
1.595097541809082031e+00
1.348958373069763184e+00
1.415400266647338867e+00
1.564059734344482422e+00
1.429295063018798828e+00
8.309895396232604980e-01
8.793502449989318848e-01
1.078199505805969238e+00
1.072797298431396484e+00
4.782482385635375977e-01
4.779486656188964844e-01
5.029888749122619629e-01
5.984130501747131348e-01
6.010304093360900879e-01
4.798599481582641602e-01
4.186990857124328613e-01
5.500059723854064941e-01
5.347592830657958984e-01
4.437765777111053467e-01
5.774437189102172852e-01
6.694861054420471191e-01
6.371979117393493652e-01
8.409518599510192871e-01
1.292028546333312988e+00
1.223041415214538574e+00
1.185700774192810059e+00
1.459309339523315430e+00
1.913444995880126953e+00
2.091281890869140625e+00
2.222712278366088867e+00
2.510107517242431641e+00
2.442494153976440430e+00
1.899656176567077637e+00
1.345401167869567871e+00
2.034634590148925781e+00
2.673326969146728516e+00
3.456478357315063477e+00
2.514659881591796875e+00
2.709370136260986328e+00
2.469934701919555664e+00
2.798945426940917969e+00
2.462807655334472656e+00
2.763023853302001953e+00
2.900080442428588867e+00
2.746407508850097656e+00
2.966397523880004883e+00
2.454252719879150391e+00
2.247434854507446289e+00
2.549666404724121094e+00
2.478465318679809570e+00
2.483023881912231445e+00
1.892515420913696289e+00
8.497018814086914062e-01
9.609914422035217285e-01
7.116206884384155273e-01
3.951642215251922607e-01
3.437371551990509033e-01
2.477943897247314453e-01
4.414412677288055420e-01
1.059643626213073730e+00
2.198054194450378418e-01
2.759881019592285156e-01
3.689664900302886963e-01
3.664338290691375732e-01
3.185165822505950928e-01
2.917906641960144043e-01
3.794307410717010498e-01
2.892459332942962646e-01
2.904442846775054932e-01
2.930523455142974854e-01
4.003619551658630371e-01
2.790160477161407471e-01
2.374740540981292725e-01
3.335012495517730713e-01
2.966953814029693604e-01
3.101152181625366211e-01
2.620855867862701416e-01
3.426772058010101318e-01
2.459206581115722656e-01
3.298464119434356689e-01
2.629276216030120850e-01
3.725048303604125977e-01
2.631211280822753906e-01
2.965777814388275146e-01
2.836940884590148926e-01
2.706716954708099365e-01
2.528772652149200439e-01
3.359971642494201660e-01
3.879685997962951660e-01
2.486567050218582153e-01
2.872729897499084473e-01
4.595248997211456299e-01
4.741071760654449463e-01
3.956142961978912354e-01
4.528188109397888184e-01
5.838888883590698242e-01
5.745254158973693848e-01
1.610689282417297363e+00
1.586408019065856934e+00
1.635055780410766602e+00
1.649752020835876465e+00
2.602124929428100586e+00
2.323066473007202148e+00
2.075416326522827148e+00
2.058841943740844727e+00
2.565138339996337891e+00
2.081864595413208008e+00
1.888548612594604492e+00
1.903627872467041016e+00
2.160311460494995117e+00
1.740815877914428711e+00
1.703980684280395508e+00
1.799577236175537109e+00
2.519401073455810547e+00
1.520847916603088379e+00
1.702056765556335449e+00
2.457247734069824219e+00
1.696178793907165527e+00
1.910855054855346680e+00
1.889125108718872070e+00
1.035887002944946289e+00
1.072310805320739746e+00
1.168421030044555664e+00
1.802799820899963379e+00
8.870787024497985840e-01
1.200037479400634766e+00
9.525796175003051758e-01
8.891544342041015625e-01
2.157241106033325195e+00
1.474542617797851562e+00
2.019739151000976562e+00
1.539262890815734863e+00
2.234567880630493164e+00
2.765949010848999023e+00
1.508307456970214844e+00
4.951803684234619141e-01
5.854465961456298828e-01
5.822815895080566406e-01
5.549114942550659180e-01
7.089180946350097656e-01
1.636657357215881348e+00
1.024135947227478027e+00
4.588813185691833496e-01
3.962680101394653320e-01
5.032654404640197754e-01
5.314322710037231445e-01
6.026102900505065918e-01
1.009714841842651367e+00
5.322592258453369141e-01
5.090795755386352539e-01
5.023285746574401855e-01
5.191436409950256348e-01
5.743483304977416992e-01
5.652006268501281738e-01
5.673782825469970703e-01
5.801904797554016113e-01
5.831550955772399902e-01
4.769372344017028809e-01
6.317592263221740723e-01
1.496020913124084473e+00
5.418123602867126465e-01
7.367239594459533691e-01
8.319845199584960938e-01
7.910732030868530273e-01
2.586445093154907227e+00
2.593611240386962891e+00
2.827485084533691406e+00
2.823934078216552734e+00
2.790783882141113281e+00
2.596896409988403320e+00
2.841595649719238281e+00
2.638858556747436523e+00
2.938128471374511719e+00
3.046197175979614258e+00
2.555205106735229492e+00
2.856036663055419922e+00
2.049576997756958008e+00
2.241022586822509766e+00
2.493060827255249023e+00
2.430253028869628906e+00
2.760972738265991211e+00
2.579352855682373047e+00
2.936179161071777344e+00
3.671652555465698242e+00
3.868415594100952148e+00
4.081743240356445312e+00
3.432834625244140625e+00
3.058368206024169922e+00
2.208007097244262695e+00
2.498619079589843750e+00
2.740708827972412109e+00
2.626470327377319336e+00
2.431639432907104492e+00
2.463066816329956055e+00
2.177486181259155273e+00
2.110587596893310547e+00
2.320107936859130859e+00
2.066093444824218750e+00
2.083276033401489258e+00
2.147888660430908203e+00
1.731887936592102051e+00
5.908344984054565430e-01
6.117484569549560547e-01
6.676200032234191895e-01
7.332538962364196777e-01
5.949774980545043945e-01
1.041661739349365234e+00
1.043545007705688477e+00
7.544994950294494629e-01
6.143145561218261719e-01
5.381205677986145020e-01
5.064863562583923340e-01
4.371738433837890625e-01
3.341322243213653564e-01
2.723960578441619873e-01
3.567167818546295166e-01
3.577153384685516357e-01
3.187906742095947266e-01
3.338921070098876953e-01
4.254468381404876709e-01
2.447858899831771851e-01
2.955981492996215820e-01
3.028313219547271729e-01
3.814198672771453857e-01
2.812376320362091064e-01
2.991532087326049805e-01
4.032857418060302734e-01
4.077414870262145996e-01
2.690750658512115479e-01
2.709107100963592529e-01
3.370990455150604248e-01
4.383741319179534912e-01
3.704449832439422607e-01
3.780989050865173340e-01
4.050654768943786621e-01
3.879277706146240234e-01
3.117381334304809570e-01
3.634261488914489746e-01
4.941388070583343506e-01
4.713895022869110107e-01
4.413510859012603760e-01
4.465633332729339600e-01
6.951833367347717285e-01
4.774541854858398438e-01
4.845431745052337646e-01
1.768338322639465332e+00
2.284857034683227539e+00
2.731271028518676758e+00
2.434491157531738281e+00
2.682681560516357422e+00
2.785906076431274414e+00
2.766797780990600586e+00
2.976446866989135742e+00
1.846644520759582520e+00
2.548784494400024414e+00
1.525383710861206055e+00
3.173213481903076172e+00
1.974607706069946289e+00
1.672499775886535645e+00
1.508108973503112793e+00
1.505347967147827148e+00
1.459608435630798340e+00
1.394337534904479980e+00
1.874897480010986328e+00
4.485597610473632812e+00
3.817232370376586914e+00
3.377496004104614258e+00
2.663186073303222656e+00
1.687481045722961426e+00
1.651354432106018066e+00
1.930590033531188965e+00
3.815599918365478516e+00
5.687757492065429688e+00
3.181142091751098633e+00
2.741718530654907227e+00
2.633439064025878906e+00
1.756764292716979980e+00
1.630260944366455078e+00
1.651726126670837402e+00
2.248440742492675781e+00
1.617488265037536621e+00
1.459721088409423828e+00
1.950817942619323730e+00
1.868876338005065918e+00
1.637706875801086426e+00
1.575684547424316406e+00
3.077840089797973633e+00
2.738534212112426758e+00
3.033944368362426758e+00
2.561730146408081055e+00
2.030124425888061523e+00
1.250851035118103027e+00
1.458166122436523438e+00
1.499456524848937988e+00
2.160245895385742188e+00
1.805667757987976074e+00
1.464557528495788574e+00
1.589369654655456543e+00
1.555373072624206543e+00
1.652114272117614746e+00
1.589815378189086914e+00
1.522095322608947754e+00
1.722779750823974609e+00
1.615959405899047852e+00
1.555863142013549805e+00
1.686440348625183105e+00
1.638264060020446777e+00
1.629231452941894531e+00
1.019604206085205078e+00
5.829712152481079102e-01
1.812621831893920898e+00
1.609586596488952637e+00
1.772325873374938965e+00
2.051491260528564453e+00
1.960190773010253906e+00
1.989598989486694336e+00
1.579967856407165527e+00
1.834207057952880859e+00
1.888320326805114746e+00
1.433620929718017578e+00
1.163975238800048828e+00
1.065588235855102539e+00
1.145127058029174805e+00
5.599083304405212402e-01
3.667504191398620605e-01
3.923739194869995117e-01
6.402223110198974609e-01
4.503702819347381592e-01
5.557050108909606934e-01
3.485853970050811768e-01
3.958862125873565674e-01
3.467955291271209717e-01
4.226861298084259033e-01
3.952500224113464355e-01
4.449486434459686279e-01
5.292080044746398926e-01
8.900611996650695801e-01
3.272975981235504150e-01
3.682812452316284180e-01
4.410334229469299316e-01
2.740707695484161377e-01
4.214170575141906738e-01
3.881722688674926758e-01
1.281486988067626953e+00
1.428606629371643066e+00
1.295287013053894043e+00
1.052953958511352539e+00
1.219872832298278809e+00
3.119097352027893066e-01
7.319072484970092773e-01
6.115596294403076172e-01
4.367155432701110840e-01
8.885141611099243164e-01
5.966237187385559082e-01
3.889443874359130859e-01
4.229218661785125732e-01
4.678188264369964600e-01
3.717677891254425049e-01
3.178697228431701660e-01
3.530233204364776611e-01
4.477041363716125488e-01
4.074314832687377930e-01
3.408015668392181396e-01
4.676568210124969482e-01
5.024784803390502930e-01
3.024533390998840332e-01
3.997997641563415527e-01
4.528459310531616211e-01
4.417457878589630127e-01
4.117904603481292725e-01
5.105649232864379883e-01
3.761434853076934814e-01
4.304030835628509521e-01
3.320553898811340332e-01
3.348835110664367676e-01
4.216957986354827881e-01
5.370523929595947266e-01
4.627619981765747070e-01
5.007316470146179199e-01
4.306585490703582764e-01
5.630552172660827637e-01
4.862675368785858154e-01
4.530901610851287842e-01
4.378152489662170410e-01
4.639033377170562744e-01
1.317946076393127441e+00
1.495047092437744141e+00
1.365302562713623047e+00
1.211931347846984863e+00
1.160923361778259277e+00
2.881898283958435059e-01
4.635650813579559326e-01
1.233393192291259766e+00
4.587272703647613525e-01
4.299590289592742920e-01
1.494719266891479492e+00
7.819660305976867676e-01
8.753185272216796875e-01
8.404467105865478516e-01
8.099138736724853516e-01
8.878220915794372559e-01
1.086723685264587402e+00
1.155057668685913086e+00
1.204736590385437012e+00
1.498984456062316895e+00
9.688730835914611816e-01
1.122769236564636230e+00
1.141084432601928711e+00
1.135540485382080078e+00
1.129410862922668457e+00
1.104722857475280762e+00
1.540472507476806641e+00
1.811850309371948242e+00
1.836703300476074219e+00
1.730708003044128418e+00
2.007423877716064453e+00
2.726812362670898438e+00
1.633252501487731934e+00
1.855006456375122070e+00
2.805817127227783203e+00
2.445234060287475586e+00
2.673098325729370117e+00
2.413426160812377930e+00
2.043393135070800781e+00
1.709966421127319336e+00
5.749143362045288086e-01
9.176184535026550293e-01
6.986676454544067383e-01
6.895453929901123047e-01
4.976590275764465332e-01
1.845671534538269043e+00
1.516126871109008789e+00
2.938915491104125977e+00
2.303788423538208008e+00
1.712345361709594727e+00
1.553311824798583984e+00
8.555958271026611328e-01
1.086611628532409668e+00
1.946306824684143066e+00
3.132412433624267578e+00
2.448839664459228516e+00
2.954562902450561523e+00
3.397605895996093750e+00
1.525837659835815430e+00
1.772902607917785645e+00
1.842182755470275879e+00
1.908483266830444336e+00
2.410277366638183594e+00
3.157232046127319336e+00
3.577557563781738281e+00
3.086243152618408203e+00
2.503778696060180664e+00
2.483727693557739258e+00
2.326065063476562500e+00
2.243971109390258789e+00
2.249022006988525391e+00
2.664456367492675781e+00
1.911940693855285645e+00
1.106647014617919922e+00
1.213242411613464355e+00
1.668591380119323730e+00
1.503394484519958496e+00
1.834543347358703613e+00
2.167602777481079102e+00
1.879685997962951660e+00
6.771945357322692871e-01
5.832877755165100098e-01
1.700669050216674805e+00
2.793941259384155273e+00
1.969832062721252441e+00
2.021686792373657227e+00
2.193873405456542969e+00
1.508385300636291504e+00
1.346755743026733398e+00
1.268296599388122559e+00
1.489097833633422852e+00
9.267395734786987305e-01
7.304391860961914062e-01
7.031244635581970215e-01
6.190257668495178223e-01
7.645125389099121094e-01
6.792864799499511719e-01
6.566953063011169434e-01
5.205571651458740234e-01
5.750703215599060059e-01
6.265769004821777344e-01
4.335225820541381836e-01
3.046971261501312256e-01
4.438634812831878662e-01
3.604384958744049072e-01
2.327231168746948242e-01
2.198183089494705200e-01
2.776979207992553711e-01
2.907679975032806396e-01
1.073744654655456543e+00
1.277201771736145020e+00
1.320027947425842285e+00
4.891570806503295898e-01
2.984378039836883545e-01
3.436390161514282227e-01
3.126350045204162598e-01
3.691350817680358887e-01
2.154859155416488647e-01
2.238308340311050415e-01
3.370330035686492920e-01
3.765085637569427490e-01
3.340801298618316650e-01
3.707097470760345459e-01
3.625833094120025635e-01
4.087657928466796875e-01
4.074651896953582764e-01
3.305503129959106445e-01
3.556853532791137695e-01
4.255731999874114990e-01
4.135775864124298096e-01
3.852128386497497559e-01
4.580291211605072021e-01
2.986239194869995117e-01
3.781797587871551514e-01
2.800061106681823730e-01
2.534353137016296387e-01
3.990051746368408203e-01
5.049941539764404297e-01
3.684977889060974121e-01
4.004214406013488770e-01
5.637421011924743652e-01
4.453362226486206055e-01
4.418970942497253418e-01
3.895312547683715820e-01
5.206054449081420898e-01
5.293562412261962891e-01
5.171723365783691406e-01
5.219917893409729004e-01
1.812338948249816895e+00
2.042353391647338867e+00
2.322381019592285156e+00
2.466288089752197266e+00
2.305320262908935547e+00
2.476589918136596680e+00
2.606436014175415039e+00
2.427570581436157227e+00
2.101629972457885742e+00
2.406037330627441406e+00
2.053936004638671875e+00
1.725143551826477051e+00
2.585914373397827148e+00
2.682827234268188477e+00
1.453607320785522461e+00
1.660205841064453125e+00
1.632470488548278809e+00
1.452946186065673828e+00
1.450332403182983398e+00
1.693199038505554199e+00
2.884896278381347656e+00
1.969514966011047363e+00
1.131469607353210449e+00
1.348778009414672852e+00
1.577836155891418457e+00
1.382876873016357422e+00
1.347276568412780762e+00
1.639732122421264648e+00
1.562062978744506836e+00
1.435032010078430176e+00
1.382263779640197754e+00
1.403850913047790527e+00
1.458704948425292969e+00
1.480721950531005859e+00
1.694090366363525391e+00
1.737121105194091797e+00
1.083345770835876465e+00
7.704163193702697754e-01
9.899792075157165527e-01
6.327838301658630371e-01
7.887400388717651367e-01
9.311465620994567871e-01
1.097281098365783691e+00
1.192696213722229004e+00
1.216349482536315918e+00
9.049636125564575195e-01
1.127251863479614258e+00
1.516643285751342773e+00
1.612780332565307617e+00
1.654548764228820801e+00
1.815539360046386719e+00
2.344313383102416992e+00
1.610321998596191406e+00
1.581581711769104004e+00
1.842973589897155762e+00
6.824256777763366699e-01
1.094549417495727539e+00
1.238093733787536621e+00
1.098773837089538574e+00
1.524543046951293945e+00
1.836392760276794434e+00
2.857370376586914062e+00
2.715056657791137695e+00
3.030024290084838867e+00
2.877872943878173828e+00
1.914121389389038086e+00
1.716814279556274414e+00
1.962734937667846680e+00
2.582458972930908203e+00
2.625079631805419922e+00
2.290375947952270508e+00
2.420984745025634766e+00
2.420316219329833984e+00
3.230645895004272461e+00
2.603050470352172852e+00
2.814863443374633789e+00
2.500743865966796875e+00
2.689985513687133789e+00
1.836841225624084473e+00
2.380082607269287109e+00
3.343844890594482422e+00
1.570546507835388184e+00
1.781802535057067871e+00
1.063870549201965332e+00
9.233443140983581543e-01
8.955022692680358887e-01
1.061642408370971680e+00
2.268853425979614258e+00
1.766911387443542480e+00
6.979905962944030762e-01
6.056522727012634277e-01
2.917512059211730957e-01
4.156242609024047852e-01
5.303844213485717773e-01
4.155565798282623291e-01
3.733602762222290039e-01
3.417439162731170654e-01
4.281151890754699707e-01
2.838193476200103760e-01
4.826993048191070557e-01
8.018043637275695801e-01
6.431853175163269043e-01
5.841435194015502930e-01
5.645150542259216309e-01
6.226199865341186523e-01
6.094698905944824219e-01
7.425312399864196777e-01
7.378153800964355469e-01
7.831528782844543457e-01
1.001384139060974121e+00
1.545506000518798828e+00
1.523369073867797852e+00
7.640490531921386719e-01
2.613063156604766846e-01
3.964242637157440186e-01
3.904637098312377930e-01
3.086153566837310791e-01
2.445353567600250244e-01
2.892105877399444580e-01
4.165866374969482422e-01
3.410962224006652832e-01
2.736887037754058838e-01
3.431122004985809326e-01
3.485527932643890381e-01
4.004935026168823242e-01
3.393250107765197754e-01
3.161130249500274658e-01
4.328241944313049316e-01
3.961279690265655518e-01
4.192218184471130371e-01
4.465337395668029785e-01
5.182043313980102539e-01
5.232650041580200195e-01
6.137672066688537598e-01
4.643945097923278809e-01
6.216872334480285645e-01
6.135259866714477539e-01
6.715258955955505371e-01
5.721462368965148926e-01
5.513959527015686035e-01
4.104377925395965576e-01
4.923832118511199951e-01
5.133889913558959961e-01
5.567063093185424805e-01
1.513335466384887695e+00
2.019611120223999023e+00
2.262475013732910156e+00
1.959373116493225098e+00
2.456793308258056641e+00
1.621039509773254395e+00
2.058688402175903320e+00
1.801159620285034180e+00
1.585029840469360352e+00
1.622775316238403320e+00
1.698135018348693848e+00
1.722226858139038086e+00
1.646200537681579590e+00
8.528066277503967285e-01
8.109792470932006836e-01
1.086103916168212891e+00
9.836974143981933594e-01
1.009274005889892578e+00
7.614829540252685547e-01
3.918580710887908936e-01
4.127432107925415039e-01
4.760930240154266357e-01
4.340474903583526611e-01
5.436710119247436523e-01
6.395269036293029785e-01
6.515737771987915039e-01
5.124151110649108887e-01
1.497916340827941895e+00
1.591791033744812012e+00
1.614854693412780762e+00
8.654233217239379883e-01
8.226339221000671387e-01
1.190858721733093262e+00
1.702194452285766602e+00
9.703786969184875488e-01
6.380257010459899902e-01
1.378721356391906738e+00
1.746315717697143555e+00
1.930804133415222168e+00
1.836622118949890137e+00
2.344267368316650391e+00
2.210930824279785156e+00
2.084514617919921875e+00
2.256246089935302734e+00
1.884629607200622559e+00
1.637060523033142090e+00
1.492013692855834961e+00
2.406861066818237305e+00
2.224222421646118164e+00
2.480970144271850586e+00
3.121092081069946289e+00
2.665898323059082031e+00
1.060534238815307617e+00
1.042747139930725098e+00
1.532082915306091309e+00
2.303902626037597656e+00
2.215149164199829102e+00
3.159646511077880859e+00
3.164757251739501953e+00
3.712041854858398438e+00
2.647875070571899414e+00
2.898088216781616211e+00
3.596070528030395508e+00
3.203771591186523438e+00
2.789185047149658203e+00
1.909193158149719238e+00
2.368440628051757812e+00
1.449669122695922852e+00
1.772033452987670898e+00
1.911163687705993652e+00
1.864946126937866211e+00
1.845687389373779297e+00
1.837385296821594238e+00
2.608992576599121094e+00
2.454623699188232422e+00
2.895694971084594727e+00
2.300940752029418945e+00
1.860798478126525879e+00
1.850896120071411133e+00
1.904120087623596191e+00
1.723610520362854004e+00
1.832726955413818359e+00
1.889169216156005859e+00
1.755851507186889648e+00
1.700086832046508789e+00
1.782074213027954102e+00
1.820610404014587402e+00
1.704200506210327148e+00
1.762794137001037598e+00
1.793280959129333496e+00
1.733046293258666992e+00
1.700576186180114746e+00
1.744529962539672852e+00
1.741122841835021973e+00
1.584002256393432617e+00
1.701502084732055664e+00
1.763371109962463379e+00
1.658655047416687012e+00
1.592254281044006348e+00
1.828027606010437012e+00
1.811596155166625977e+00
1.797308802604675293e+00
1.892873048782348633e+00
2.001142501831054688e+00
1.740374565124511719e+00
2.794081926345825195e+00
1.687118411064147949e+00
1.614666938781738281e+00
1.529368758201599121e+00
1.748360991477966309e+00
1.821926355361938477e+00
1.631974935531616211e+00
1.654628515243530273e+00
1.664259552955627441e+00
1.548723936080932617e+00
1.609053134918212891e+00
1.612764477729797363e+00
1.670733213424682617e+00
8.241288661956787109e-01
6.080347299575805664e-01
6.769741773605346680e-01
4.670047461986541748e-01
5.317653417587280273e-01
1.402068138122558594e+00
1.413365364074707031e+00
3.885521590709686279e-01
3.286757469177246094e-01
3.862297236919403076e-01
3.677769005298614502e-01
3.334576487541198730e-01
5.565631985664367676e-01
4.636366367340087891e-01
3.276728391647338867e-01
4.048579633235931396e-01
4.530257582664489746e-01
3.992905020713806152e-01
3.306448757648468018e-01
3.805613815784454346e-01
4.010696709156036377e-01
3.844497501850128174e-01
4.166883230209350586e-01
3.681976497173309326e-01
3.570177555084228516e-01
2.911240458488464355e-01
3.735370934009552002e-01
3.756766915321350098e-01
4.364617466926574707e-01
3.525134921073913574e-01
2.732065618038177490e-01
3.340864479541778564e-01
3.750451803207397461e-01
3.407593667507171631e-01
2.781255245208740234e-01
3.658102750778198242e-01
3.927178978919982910e-01
1.383881449699401855e+00
1.006062388420104980e+00
4.488961994647979736e-01
5.811207294464111328e-01
1.367053747177124023e+00
1.128189802169799805e+00
1.432025671005249023e+00
1.604620456695556641e+00
1.678567171096801758e+00
1.475659847259521484e+00
1.404919266700744629e+00
1.549787759780883789e+00
1.070569157600402832e+00
4.979035258293151855e-01
6.252524256706237793e-01
5.980819463729858398e-01
5.398739576339721680e-01
6.177736520767211914e-01
6.590643525123596191e-01
2.118213415145874023e+00
1.802797675132751465e+00
1.764720559120178223e+00
1.646875143051147461e+00
1.540226697921752930e+00
1.480099439620971680e+00
7.414814829826354980e-01
9.585272669792175293e-01
8.942444324493408203e-01
1.043137431144714355e+00
1.140950441360473633e+00
1.893758416175842285e+00
1.692604780197143555e+00
1.779987812042236328e+00
2.070309877395629883e+00
1.778532862663269043e+00
1.752853512763977051e+00
1.440684676170349121e+00
8.566130399703979492e-01
2.009804248809814453e+00
3.395489454269409180e+00
3.709365606307983398e+00
3.311928510665893555e+00
3.419035673141479492e+00
3.480375289916992188e+00
3.467310667037963867e+00
3.744537115097045898e+00
2.465097188949584961e+00
2.149392843246459961e+00
2.424459695816040039e+00
2.420080661773681641e+00
2.276064634323120117e+00
2.350438356399536133e+00
2.330048799514770508e+00
2.568072795867919922e+00
2.277554750442504883e+00
2.680173873901367188e+00
2.764264345169067383e+00
2.646358966827392578e+00
2.655251264572143555e+00
2.651834964752197266e+00
2.528096675872802734e+00
1.868710279464721680e+00
1.937026739120483398e+00
1.935817956924438477e+00
2.133234739303588867e+00
1.333508849143981934e+00
1.176636576652526855e+00
1.196770429611206055e+00
1.855362296104431152e+00
1.871656537055969238e+00
3.003479480743408203e+00
3.181113481521606445e+00
2.075109720230102539e+00
2.914472579956054688e+00
2.961471557617187500e+00
3.114701271057128906e+00
2.409236907958984375e+00
2.014816761016845703e+00
3.399403572082519531e+00
2.873562097549438477e+00
1.366622090339660645e+00
1.335137844085693359e+00
1.199883341789245605e+00
9.386395812034606934e-01
7.114905118942260742e-01
1.098271131515502930e+00
4.822711646556854248e-01
4.222050905227661133e-01
4.392547905445098877e-01
4.187854528427124023e-01
3.865816891193389893e-01
3.912991881370544434e-01
3.042012751102447510e-01
2.947100698947906494e-01
3.590951263904571533e-01
2.254323810338973999e-01
2.469638735055923462e-01
1.984345614910125732e-01
2.410885840654373169e-01
1.680834293365478516e-01
1.829291135072708130e-01
3.169723153114318848e-01
2.602436542510986328e-01
3.013936877250671387e-01
3.605415523052215576e-01
3.673550784587860107e-01
3.830427825450897217e-01
3.851111531257629395e-01
4.183287918567657471e-01
3.793249428272247314e-01
3.140646815299987793e-01
3.310376405715942383e-01
3.693812191486358643e-01
4.848572909832000732e-01
4.057528972625732422e-01
1.366627812385559082e+00
1.293412685394287109e+00
1.184088230133056641e+00
3.778782486915588379e-01
2.717138230800628662e-01
3.294939398765563965e-01
3.970727622509002686e-01
3.342341780662536621e-01
2.953034937381744385e-01
5.211253762245178223e-01
2.836455702781677246e-01
4.488742649555206299e-01
5.297657847404479980e-01
5.477937459945678711e-01
4.892327189445495605e-01
6.446437835693359375e-01
6.180801391601562500e-01
7.340092658996582031e-01
2.208244323730468750e+00
2.078863382339477539e+00
2.002764463424682617e+00
1.991275906562805176e+00
2.227305650711059570e+00
2.357179641723632812e+00
3.668611526489257812e+00
2.650216341018676758e+00
1.558102726936340332e+00
2.155380725860595703e+00
1.517701506614685059e+00
1.214141130447387695e+00
1.774881839752197266e+00
2.289959669113159180e+00
1.502322435379028320e+00
1.308207392692565918e+00
1.576418757438659668e+00
1.349263191223144531e+00
1.364699244499206543e+00
1.429707407951354980e+00
1.218295931816101074e+00
1.327121019363403320e+00
1.399813175201416016e+00
1.281562685966491699e+00
1.243025541305541992e+00
1.265840411186218262e+00
1.515552639961242676e+00
1.268517732620239258e+00
1.209967494010925293e+00
1.241800308227539062e+00
1.460905671119689941e+00
2.513385295867919922e+00
4.336126804351806641e+00
3.305358886718750000e+00
3.212103128433227539e+00
2.309591293334960938e+00
1.464214920997619629e+00
1.818503499031066895e+00
3.010660409927368164e+00
3.127546072006225586e+00
3.097138643264770508e+00
2.918331861495971680e+00
2.411243677139282227e+00
6.974213123321533203e-01
5.643265247344970703e-01
5.303350687026977539e-01
5.257776379585266113e-01
5.326791405677795410e-01
5.556398034095764160e-01
5.562384128570556641e-01
5.877925753593444824e-01
3.554674386978149414e-01
3.713917136192321777e-01
3.664596080780029297e-01
4.478631317615509033e-01
3.874143958091735840e-01
3.398019373416900635e-01
5.831781625747680664e-01
5.627403259277343750e-01
6.163094639778137207e-01
5.940315723419189453e-01
6.323863863945007324e-01
1.254663467407226562e+00
8.205702304840087891e-01
8.267886638641357422e-01
7.859870195388793945e-01
1.064448833465576172e+00
1.204654574394226074e+00
1.159469008445739746e+00
1.338099479675292969e+00
1.297639012336730957e+00
1.756846785545349121e+00
1.768645048141479492e+00
1.709205865859985352e+00
1.675508260726928711e+00
1.705326199531555176e+00
1.553542017936706543e+00
2.330201148986816406e+00
1.172448396682739258e+00
2.374500989913940430e+00
2.501740932464599609e+00
2.962999582290649414e+00
2.422827243804931641e+00
3.321391344070434570e+00
3.070676803588867188e+00
1.360932946205139160e+00
1.231806755065917969e+00
1.440953373908996582e+00
1.197019100189208984e+00
1.413353800773620605e+00
1.897680521011352539e+00
2.080327510833740234e+00
1.457774162292480469e+00
8.198528885841369629e-01
9.710469841957092285e-01
9.815046191215515137e-01
6.012998223304748535e-01
5.807880163192749023e-01
9.903492331504821777e-01
6.891065835952758789e-01
2.932047247886657715e-01
3.238384723663330078e-01
3.302326202392578125e-01
4.189200103282928467e-01
4.188723266124725342e-01
9.001839160919189453e-01
2.857035100460052490e-01
2.555264234542846680e-01
2.917819023132324219e-01
2.518346011638641357e-01
2.286267131567001343e-01
2.518090903759002686e-01
2.725580334663391113e-01
1.886747479438781738e-01
2.667501866817474365e-01
3.721696138381958008e-01
3.519241809844970703e-01
7.873303890228271484e-01
1.357278108596801758e+00
1.158700704574584961e+00
9.819056391716003418e-01
2.777579426765441895e-01
3.141918778419494629e-01
2.816473841667175293e-01
3.413001596927642822e-01
2.542066276073455811e-01
2.881141901016235352e-01
3.760302662849426270e-01
3.519792854785919189e-01
3.800913095474243164e-01
4.250992834568023682e-01
3.621562719345092773e-01
2.557166516780853271e-01
3.288021087646484375e-01
4.201860725879669189e-01
4.698249399662017822e-01
3.527667522430419922e-01
3.588569462299346924e-01
4.903175830841064453e-01
5.403407216072082520e-01
6.179318428039550781e-01
4.559684693813323975e-01
5.218780636787414551e-01
1.979223489761352539e+00
2.152589082717895508e+00
2.629308223724365234e+00
2.556421756744384766e+00
2.722246885299682617e+00
2.775475502014160156e+00
2.269637107849121094e+00
2.164284467697143555e+00
1.985855817794799805e+00
2.461239337921142578e+00
1.637968063354492188e+00
1.444320917129516602e+00
1.513898491859436035e+00
1.472834467887878418e+00
1.454736351966857910e+00
1.511817812919616699e+00
1.527590513229370117e+00
1.480531454086303711e+00
1.834746479988098145e+00
1.786155581474304199e+00
1.426295399665832520e+00
1.308819532394409180e+00
1.644707560539245605e+00
1.549121737480163574e+00
1.576715111732482910e+00
1.465052843093872070e+00
1.439927101135253906e+00
1.409403800964355469e+00
1.429103851318359375e+00
9.297423362731933594e-01
3.629363477230072021e-01
5.069668292999267578e-01
3.121698498725891113e-01
4.141723811626434326e-01
3.835605680942535400e-01
3.941744565963745117e-01
3.523254692554473877e-01
4.867924153804779053e-01
4.095337986946105957e-01
4.293765723705291748e-01
4.114089310169219971e-01
4.312697649002075195e-01
4.247177541255950928e-01
3.679063022136688232e-01
3.394968509674072266e-01
3.808201253414154053e-01
4.285019338130950928e-01
3.547545075416564941e-01
3.275955319404602051e-01
3.495228290557861328e-01
3.755363523960113525e-01
3.842504620552062988e-01
2.856596410274505615e-01
3.915088474750518799e-01
3.080581128597259521e-01
3.301887810230255127e-01
2.292897552251815796e-01
2.818658649921417236e-01
3.421128392219543457e-01
3.639639317989349365e-01
3.234056830406188965e-01
1.547694444656372070e+00
7.411053776741027832e-01
1.080793261528015137e+00
1.287712812423706055e+00
1.218693614006042480e+00
9.878126978874206543e-01
2.287739992141723633e+00
2.286993026733398438e+00
2.334367036819458008e+00
2.607911348342895508e+00
1.898854494094848633e+00
1.852424979209899902e+00
2.535092830657958984e+00
1.921853184700012207e+00
1.925734996795654297e+00
1.987649798393249512e+00
1.973456263542175293e+00
1.994454026222229004e+00
2.707694768905639648e+00
2.135534763336181641e+00
1.792460560798645020e+00
1.743836402893066406e+00
1.829240679740905762e+00
2.717751502990722656e+00
2.636420249938964844e+00
2.815314054489135742e+00
2.454451560974121094e+00
2.562554121017456055e+00
2.496395111083984375e+00
2.535662651062011719e+00
2.198022365570068359e+00
1.547276139259338379e+00
8.562561273574829102e-01
9.292566180229187012e-01
7.196851968765258789e-01
6.192554235458374023e-01
6.426346302032470703e-01
5.270316600799560547e-01
7.809008359909057617e-01
5.932495594024658203e-01
4.272443652153015137e-01
4.127659797668457031e-01
5.575790405273437500e-01
4.627222418785095215e-01
4.368964731693267822e-01
4.535827338695526123e-01
4.653535783290863037e-01
4.175037443637847900e-01
3.871098756790161133e-01
3.743286728858947754e-01
3.657820224761962891e-01
3.997567296028137207e-01
3.657850325107574463e-01
2.734255492687225342e-01
3.299560546875000000e-01
3.789159655570983887e-01
3.885277807712554932e-01
2.523331642150878906e-01
3.389401733875274658e-01
3.899506032466888428e-01
4.010863900184631348e-01
2.687086164951324463e-01
2.987316548824310303e-01
3.080877065658569336e-01
4.339537322521209717e-01
3.488600552082061768e-01
3.687540590763092041e-01
4.188125729560852051e-01
4.891263544559478760e-01
5.427360534667968750e-01
4.349092543125152588e-01
4.292093813419342041e-01
1.322168350219726562e+00
1.582023024559020996e+00
1.280027151107788086e+00
1.162824749946594238e+00
3.558213114738464355e-01
4.103928506374359131e-01
4.850313365459442139e-01
4.275552034378051758e-01
5.222954750061035156e-01
5.634510517120361328e-01
6.442257761955261230e-01
7.737025022506713867e-01
2.261819124221801758e+00
2.524301528930664062e+00
2.398498296737670898e+00
2.328911304473876953e+00
2.437110424041748047e+00
2.871021032333374023e+00
2.678550958633422852e+00
2.200311183929443359e+00
1.585610747337341309e+00
1.630016803741455078e+00
1.510650992393493652e+00
1.327558517456054688e+00
1.489709615707397461e+00
1.615060567855834961e+00
1.319510102272033691e+00
1.309820175170898438e+00
1.407041668891906738e+00
1.258340477943420410e+00
1.390126228332519531e+00
1.296427845954895020e+00
1.350388050079345703e+00
1.328834414482116699e+00
1.628469467163085938e+00
1.404968619346618652e+00
1.423376798629760742e+00
1.477066040039062500e+00
1.465292096138000488e+00
1.335235357284545898e+00
1.371300697326660156e+00
1.440038681030273438e+00
1.415451526641845703e+00
1.428156018257141113e+00
1.470966219902038574e+00
1.516436100006103516e+00
1.400144815444946289e+00
1.410578370094299316e+00
1.782271504402160645e+00
1.280000567436218262e+00
1.399435162544250488e+00
9.038677811622619629e-01
3.341497480869293213e-01
4.149390161037445068e-01
3.360849022865295410e-01
3.086180984973907471e-01
3.276347219944000244e-01
3.960725963115692139e-01
3.220154345035552979e-01
2.955307364463806152e-01
3.508116304874420166e-01
3.664722144603729248e-01
3.256784975528717041e-01
2.363768368959426880e-01
2.796755433082580566e-01
4.190389811992645264e-01
1.145552754402160645e+00
7.309172153472900391e-01
7.825608253479003906e-01
8.529483079910278320e-01
9.785783886909484863e-01
8.525155186653137207e-01
8.672126531600952148e-01
8.623430132865905762e-01
9.419328570365905762e-01
1.273383259773254395e+00
1.199236273765563965e+00
1.178157567977905273e+00
1.314649581909179688e+00
1.348938345909118652e+00
1.545678973197937012e+00
1.729053258895874023e+00
1.960134029388427734e+00
1.896336078643798828e+00
1.883885979652404785e+00
1.769376039505004883e+00
1.356533408164978027e+00
1.360449433326721191e+00
2.749104499816894531e+00
2.352571249008178711e+00
2.978528261184692383e+00
4.120801448822021484e+00
2.896452903747558594e+00
2.343926906585693359e+00
2.425702333450317383e+00
1.762593507766723633e+00
9.916108846664428711e-01
1.377050399780273438e+00
2.253571510314941406e+00
1.798637151718139648e+00
1.087556719779968262e+00
1.332904458045959473e+00
1.367830872535705566e+00
1.115702152252197266e+00
1.253493070602416992e+00
1.251467227935791016e+00
1.022818088531494141e+00
7.667272686958312988e-01
8.163096308708190918e-01
7.140384912490844727e-01
6.270302534103393555e-01
5.566322803497314453e-01
4.998123347759246826e-01
5.453128814697265625e-01
5.357106924057006836e-01
4.279457926750183105e-01
4.451100826263427734e-01
4.765597879886627197e-01
4.915535151958465576e-01
4.255726635456085205e-01
4.481484591960906982e-01
4.370507895946502686e-01
4.837228059768676758e-01
4.615342915058135986e-01
4.597364962100982666e-01
3.674775958061218262e-01
4.546448588371276855e-01
4.339800477027893066e-01
4.343073368072509766e-01
3.639518916606903076e-01
4.306031763553619385e-01
4.594541788101196289e-01
4.702552855014801025e-01
1.495000004768371582e+00
1.205258727073669434e+00
1.270312309265136719e+00
1.181599974632263184e+00
3.564755916595458984e-01
3.847460448741912842e-01
5.811243057250976562e-01
5.368832945823669434e-01
5.501060485839843750e-01
5.537293553352355957e-01
5.690292119979858398e-01
6.075528264045715332e-01
5.293282866477966309e-01
4.826697111129760742e-01
5.329118371009826660e-01
4.921274781227111816e-01
6.061212420463562012e-01
6.211277842521667480e-01
4.822632372379302979e-01
3.952659070491790771e-01
6.916323900222778320e-01
6.007428765296936035e-01
6.660768389701843262e-01
2.049587726593017578e+00
2.522489786148071289e+00
2.548286437988281250e+00
2.404519081115722656e+00
2.616179704666137695e+00
2.607667207717895508e+00
2.552775382995605469e+00
1.940720200538635254e+00
1.885933756828308105e+00
1.269374012947082520e+00
1.515406847000122070e+00
1.527373671531677246e+00
1.397783756256103516e+00
1.440519690513610840e+00
1.302719473838806152e+00
1.436906576156616211e+00
1.302719116210937500e+00
1.312087297439575195e+00
1.335092902183532715e+00
1.396368026733398438e+00
1.329928636550903320e+00
1.248224377632141113e+00
1.187726616859436035e+00
1.292981266975402832e+00
1.310279011726379395e+00
1.262253046035766602e+00
1.235699772834777832e+00
1.242937088012695312e+00
1.363016605377197266e+00
1.312478661537170410e+00
1.229235172271728516e+00
1.320165753364562988e+00
1.418242692947387695e+00
1.353177070617675781e+00
1.324680685997009277e+00
1.283663034439086914e+00
2.350497007369995117e+00
1.352998256683349609e+00
1.169950246810913086e+00
7.870121598243713379e-01
7.591065168380737305e-01
1.427657365798950195e+00
4.545050561428070068e-01
4.354607462882995605e-01
3.666917681694030762e-01
8.858951926231384277e-01
4.016129374504089355e-01
3.684942424297332764e-01
3.708344697952270508e-01
3.516607880592346191e-01
3.286697268486022949e-01
3.418179154396057129e-01
3.377026021480560303e-01
3.244499862194061279e-01
3.349520564079284668e-01
3.579658567905426025e-01
4.054489433765411377e-01
3.473341464996337891e-01
4.380737245082855225e-01
5.021783709526062012e-01
5.761702656745910645e-01
5.648730397224426270e-01
6.381180286407470703e-01
6.638054251670837402e-01
6.769922375679016113e-01
6.703231930732727051e-01
6.675786375999450684e-01
7.217612266540527344e-01
9.602910876274108887e-01
3.061658620834350586e+00
3.611530065536499023e+00
3.020324945449829102e+00
2.901909828186035156e+00
3.195708751678466797e+00
2.247668266296386719e+00
2.286231040954589844e+00
3.006064891815185547e+00
2.742882966995239258e+00
2.382344484329223633e+00
3.542609453201293945e+00
2.762669086456298828e+00
1.445256114006042480e+00
1.728729844093322754e+00
1.934375882148742676e+00
1.742736220359802246e+00
2.833538293838500977e+00
1.619791030883789062e+00
2.672344446182250977e+00
2.223875045776367188e+00
1.023165583610534668e+00
1.243797183036804199e+00
1.540735602378845215e+00
8.981906771659851074e-01
7.025538086891174316e-01
1.254970192909240723e+00
9.124020934104919434e-01
6.638089418411254883e-01
9.646086692810058594e-01
6.074456572532653809e-01
3.406305313110351562e-01
3.896447122097015381e-01
4.733660221099853516e-01
4.450385272502899170e-01
2.937786877155303955e-01
4.098427295684814453e-01
4.418831169605255127e-01
3.266277015209197998e-01
2.966251969337463379e-01
3.084780275821685791e-01
2.785344719886779785e-01
2.783275246620178223e-01
2.740411758422851562e-01
3.332712650299072266e-01
2.874802052974700928e-01
2.487611323595046997e-01
3.103706538677215576e-01
2.524636387825012207e-01
1.266523957252502441e+00
1.147125840187072754e+00
9.941449165344238281e-01
3.896757066249847412e-01
2.122055143117904663e-01
3.599632084369659424e-01
2.700949907302856445e-01
3.070250153541564941e-01
3.615908026695251465e-01
3.582676351070404053e-01
3.052041828632354736e-01
3.873820304870605469e-01
4.941127598285675049e-01
3.566309809684753418e-01
3.288448750972747803e-01
3.929964005947113037e-01
4.330785572528839111e-01
3.051869273185729980e-01
3.940322101116180420e-01
4.962970316410064697e-01
4.285411238670349121e-01
4.209669828414916992e-01
5.495879650115966797e-01
4.999499320983886719e-01
3.677508831024169922e-01
4.796264171600341797e-01
1.653465270996093750e+00
1.922227859497070312e+00
2.152253150939941406e+00
2.378790140151977539e+00
2.704006910324096680e+00
1.953024744987487793e+00
1.876278877258300781e+00
2.171339750289916992e+00
2.011087656021118164e+00
1.688568949699401855e+00
1.529196143150329590e+00
1.575580120086669922e+00
1.481752276420593262e+00
1.385003328323364258e+00
1.512393712997436523e+00
1.409766674041748047e+00
1.484677195549011230e+00
1.384654164314270020e+00
1.389234066009521484e+00
1.291350126266479492e+00
1.414469480514526367e+00
1.398771286010742188e+00
1.250899553298950195e+00
1.295492291450500488e+00
1.311561226844787598e+00
1.315719366073608398e+00
1.200125694274902344e+00
1.393479228019714355e+00
1.397988438606262207e+00
1.205629825592041016e+00
1.420799970626831055e+00
1.442173004150390625e+00
1.373660922050476074e+00
1.394947648048400879e+00
1.443302392959594727e+00
1.510913252830505371e+00
1.282623410224914551e+00
1.400009155273437500e+00
2.152933597564697266e+00
1.440272450447082520e+00
1.464357137680053711e+00
1.483593106269836426e+00
1.565500378608703613e+00
1.283058881759643555e+00
1.298131585121154785e+00
2.128009796142578125e+00
1.607428908348083496e+00
1.248157262802124023e+00
1.263931035995483398e+00
1.413248300552368164e+00
1.302789092063903809e+00
1.722885727882385254e+00
1.634554743766784668e+00
1.665229320526123047e+00
1.742060899734497070e+00
1.616730451583862305e+00
1.672211647033691406e+00
1.708036303520202637e+00
1.534693717956542969e+00
1.671559572219848633e+00
1.072993278503417969e+00
1.619478821754455566e+00
9.504227638244628906e-01
1.510232090950012207e+00
9.185295104980468750e-01
6.459997296333312988e-01
6.405937075614929199e-01
6.654146313667297363e-01
6.560977697372436523e-01
9.167163968086242676e-01
1.298250794410705566e+00
1.265195131301879883e+00
1.297293901443481445e+00
1.418518662452697754e+00
1.427754163742065430e+00
1.420407772064208984e+00
1.105055928230285645e+00
1.616146326065063477e+00
1.755032777786254883e+00
1.526250720024108887e+00
1.674152016639709473e+00
1.788758873939514160e+00
2.792714118957519531e+00
1.710708737373352051e+00
1.222084164619445801e+00
1.042160630226135254e+00
1.646413803100585938e+00
1.064673304557800293e+00
2.341898202896118164e+00
2.028515815734863281e+00
1.896221160888671875e+00
1.868890643119812012e+00
1.793188095092773438e+00
8.860023617744445801e-01
4.986241459846496582e-01
3.912122845649719238e-01
3.982623517513275146e-01
4.050295650959014893e-01
4.567984342575073242e-01
2.878694236278533936e-01
3.358316123485565186e-01
3.292000889778137207e-01
2.776636481285095215e-01
3.164030015468597412e-01
3.928711116313934326e-01
3.647579848766326904e-01
3.009776175022125244e-01
3.107091784477233887e-01
2.845481634140014648e-01
3.167028725147247314e-01
3.237121105194091797e-01
3.304834365844726562e-01
2.979564964771270752e-01
3.135000467300415039e-01
3.520510792732238770e-01
3.508697450160980225e-01
3.058529794216156006e-01
3.176751136779785156e-01
3.585962653160095215e-01
3.000127673149108887e-01
6.259834766387939453e-01
2.715027630329132080e-01
3.490617871284484863e-01
3.075712919235229492e-01
3.770501911640167236e-01
4.391766786575317383e-01
3.410134315490722656e-01
3.148310482501983643e-01
4.051871597766876221e-01
4.345310032367706299e-01
3.439180552959442139e-01
3.565498590469360352e-01
4.249222278594970703e-01
3.710194826126098633e-01
3.706675469875335693e-01
4.252481162548065186e-01
4.831523895263671875e-01
1.443504929542541504e+00
1.493463397026062012e+00
1.423447251319885254e+00
1.208556890487670898e+00
4.806254804134368896e-01
4.221297204494476318e-01
5.891252160072326660e-01
4.603458046913146973e-01
1.647736072540283203e+00
2.112245798110961914e+00
2.472602844238281250e+00
2.655416727066040039e+00
2.105251312255859375e+00
2.406842708587646484e+00
2.405004978179931641e+00
2.537644624710083008e+00
2.324764728546142578e+00
2.346966505050659180e+00
2.177493572235107422e+00
1.362325906753540039e+00
1.624328136444091797e+00
1.448914766311645508e+00
2.529592752456665039e+00
1.402964711189270020e+00
1.443558573722839355e+00
1.565882802009582520e+00
1.541971802711486816e+00
1.574236154556274414e+00
7.373664379119873047e-01
2.529384851455688477e+00
1.197350978851318359e+00
6.360661387443542480e-01
7.530064582824707031e-01
1.930070638656616211e+00
1.898148655891418457e+00
2.515213489532470703e+00
2.901941776275634766e+00
3.059020042419433594e+00
2.652078628540039062e+00
1.516323089599609375e+00
2.566884756088256836e+00
1.680670022964477539e+00
8.262445926666259766e-01
1.158610224723815918e+00
7.426189780235290527e-01
6.646109819412231445e-01
1.824687361717224121e+00
5.613755583763122559e-01
9.229304790496826172e-01
1.764592766761779785e+00
1.574838876724243164e+00
1.507612347602844238e+00
8.592950701713562012e-01
1.365152955055236816e+00
2.172781705856323242e+00
5.301497578620910645e-01
5.527541041374206543e-01
5.771312713623046875e-01
5.088200569152832031e-01
1.759118795394897461e+00
1.579304814338684082e+00
1.451685309410095215e+00
1.287565112113952637e+00
1.462735295295715332e+00
1.479946494102478027e+00
1.605255603790283203e+00
1.497791647911071777e+00
1.429483413696289062e+00
1.556582570075988770e+00
1.390671372413635254e+00
1.404516935348510742e+00
1.742084145545959473e+00
2.018747568130493164e+00
2.075199365615844727e+00
2.057016611099243164e+00
2.185175418853759766e+00
3.118143796920776367e+00
4.800031185150146484e+00
4.718838214874267578e+00
5.119606971740722656e+00
4.829660892486572266e+00
3.905385494232177734e+00
3.995526075363159180e+00
3.401455879211425781e+00
2.725100755691528320e+00
2.672727823257446289e+00
3.248142004013061523e+00
2.929276227951049805e+00
2.505311012268066406e+00
2.701971292495727539e+00
2.151084184646606445e+00
1.557656288146972656e+00
1.721650362014770508e+00
1.667506456375122070e+00
1.765145897865295410e+00
1.746620416641235352e+00
2.479846000671386719e+00
1.661678075790405273e+00
1.664126276969909668e+00
1.730850219726562500e+00
1.750930905342102051e+00
1.459456801414489746e+00
1.921246647834777832e+00
1.218271017074584961e+00
7.727127075195312500e-01
8.006693720817565918e-01
7.407751083374023438e-01
7.306948900222778320e-01
6.712074279785156250e-01
7.298536896705627441e-01
6.110377311706542969e-01
5.530492663383483887e-01
6.473828554153442383e-01
6.633945107460021973e-01
5.499361157417297363e-01
4.997764527797698975e-01
4.973665773868560791e-01
3.425708711147308350e-01
3.539316654205322266e-01
4.119299650192260742e-01
3.059864640235900879e-01
3.334434032440185547e-01
3.444662690162658691e-01
9.201283454895019531e-01
1.309033870697021484e+00
1.188322782516479492e+00
1.032555937767028809e+00
1.877192556858062744e-01
2.382925152778625488e-01
4.221157431602478027e-01
3.296542763710021973e-01
2.761405110359191895e-01
3.192698061466217041e-01
3.425757884979248047e-01
3.309310376644134521e-01
2.516454756259918213e-01
4.112524092197418213e-01
4.527683854103088379e-01
3.860748708248138428e-01
4.679459929466247559e-01
4.489951431751251221e-01
4.066681265830993652e-01
3.641708791255950928e-01
3.999666869640350342e-01
4.120242595672607422e-01
3.901169896125793457e-01
4.015016555786132812e-01
3.805098533630371094e-01
3.433309495449066162e-01
4.577068090438842773e-01
4.086827337741851807e-01
3.738295435905456543e-01
4.615932404994964600e-01
1.455862641334533691e+00
1.738151073455810547e+00
1.588028192520141602e+00
2.100558996200561523e+00
2.389778137207031250e+00
2.421591997146606445e+00
1.688465952873229980e+00
1.595890998840332031e+00
1.673336863517761230e+00
1.490784287452697754e+00
1.657755970954895020e+00
1.643699169158935547e+00
1.292582988739013672e+00
1.387236952781677246e+00
1.444523692131042480e+00
1.179571866989135742e+00
1.243746161460876465e+00
1.471188783645629883e+00
3.575593531131744385e-01
3.133964240550994873e-01
3.969990313053131104e-01
3.904031515121459961e-01
2.565049529075622559e-01
3.374753892421722412e-01
4.582722485065460205e-01
3.247928917407989502e-01
2.296833693981170654e-01
3.327595293521881104e-01
4.790606796741485596e-01
2.916377186775207520e-01
3.975814878940582275e-01
4.398923516273498535e-01
4.067574739456176758e-01
3.443714082241058350e-01
4.157703518867492676e-01
5.108337998390197754e-01
3.877520859241485596e-01
4.103613197803497314e-01
4.031393826007843018e-01
3.688502907752990723e-01
2.822457551956176758e-01
3.888300955295562744e-01
3.541186153888702393e-01
3.413388133049011230e-01
2.809191346168518066e-01
3.516626954078674316e-01
3.067070841789245605e-01
2.766788303852081299e-01
3.409380614757537842e-01
3.123529553413391113e-01
3.452997803688049316e-01
3.471529781818389893e-01
3.035330176353454590e-01
2.511636018753051758e-01
3.946439921855926514e-01
4.134487509727478027e-01
4.182907044887542725e-01
3.712560236454010010e-01
4.728016555309295654e-01
4.766255915164947510e-01
3.933113217353820801e-01
4.062920510768890381e-01
4.964741170406341553e-01
3.994604349136352539e-01
1.530122876167297363e+00
1.317475438117980957e+00
1.310061693191528320e+00
6.898515820503234863e-01
2.383371889591217041e-01
5.305313467979431152e-01
2.617470622062683105e-01
4.663537740707397461e-01
4.107946753501892090e-01
4.842345416545867920e-01
3.981570899486541748e-01
4.390930831432342529e-01
4.486127793788909912e-01
4.273216724395751953e-01
4.957973659038543701e-01
5.448564887046813965e-01
5.064523816108703613e-01
4.038649201393127441e-01
3.863402009010314941e-01
1.520583987236022949e+00
1.925421357154846191e+00
1.447979331016540527e+00
1.269374847412109375e+00
1.446223378181457520e+00
6.849128603935241699e-01
1.014359354972839355e+00
1.533107519149780273e+00
1.921478271484375000e+00
1.779868245124816895e+00
1.741404414176940918e+00
1.409413933753967285e+00
9.659163951873779297e-01
4.816837906837463379e-01
3.386159241199493408e-01
3.590603172779083252e-01
4.647623598575592041e-01
4.250910580158233643e-01
2.399137914180755615e-01
3.274286091327667236e-01
4.355594217777252197e-01
3.563711643218994141e-01
3.152945637702941895e-01
4.688253104686737061e-01
3.851111531257629395e-01
2.871860861778259277e-01
3.332274258136749268e-01
3.760491907596588135e-01
3.074841499328613281e-01
3.218446671962738037e-01
4.091994166374206543e-01
3.375729620456695557e-01
2.944924533367156982e-01
2.922360897064208984e-01
3.162744641304016113e-01
2.865943312644958496e-01
3.433334231376647949e-01
3.828558623790740967e-01
2.943606078624725342e-01
3.038852512836456299e-01
3.634735643863677979e-01
3.110347986221313477e-01
2.589630484580993652e-01
4.363419711589813232e-01
4.518232941627502441e-01
3.362452387809753418e-01
3.551111221313476562e-01
4.547673761844635010e-01
3.721657693386077881e-01
3.327556848526000977e-01
3.393365144729614258e-01
3.952426314353942871e-01
2.945453524589538574e-01
2.999705672264099121e-01
4.060058891773223877e-01
3.891321420669555664e-01
3.597677648067474365e-01
4.156130254268646240e-01
7.405089735984802246e-01
1.217232704162597656e+00
2.157716751098632812e+00
2.598401784896850586e+00
1.984184741973876953e+00
1.994581818580627441e+00
2.287189245223999023e+00
1.927520394325256348e+00
2.029803991317749023e+00
2.099943161010742188e+00
2.050083637237548828e+00
1.691232681274414062e+00
2.442927837371826172e+00
2.411375999450683594e+00
2.444568872451782227e+00
2.539724349975585938e+00
1.326804637908935547e+00
1.665143251419067383e+00
1.510043501853942871e+00
1.448965787887573242e+00
1.567847251892089844e+00
1.728204965591430664e+00
2.725675821304321289e+00
2.374285221099853516e+00
3.278922319412231445e+00
3.037666320800781250e+00
2.661056041717529297e+00
1.607899188995361328e+00
2.655981540679931641e+00
2.708673954010009766e+00
2.514712572097778320e+00
3.238009214401245117e+00
1.904642820358276367e+00
2.028719902038574219e+00
2.070215463638305664e+00
2.013133764266967773e+00
1.853011250495910645e+00
1.820605278015136719e+00
2.301607370376586914e+00
1.814249515533447266e+00
1.890860915184020996e+00
1.841199874877929688e+00
1.739558577537536621e+00
1.617767810821533203e+00
2.360028028488159180e+00
2.406072378158569336e+00
1.411165475845336914e+00
1.634978771209716797e+00
1.398772954940795898e+00
1.639668822288513184e+00
1.794352173805236816e+00
1.898941874504089355e+00
2.853467226028442383e+00
2.689259767532348633e+00
5.960448384284973145e-01
4.721728563308715820e-01
6.883333325386047363e-01
7.578558325767517090e-01
7.463809847831726074e-01
1.130014181137084961e+00
9.253416657447814941e-01
8.503592014312744141e-01
8.661206364631652832e-01
7.226043343544006348e-01
7.393794059753417969e-01
7.964775562286376953e-01
6.664540171623229980e-01
7.580331563949584961e-01
7.614774703979492188e-01
1.039035320281982422e+00
1.040292024612426758e+00
3.287483215332031250e+00
4.036683082580566406e+00
4.788774967193603516e+00
3.296016454696655273e+00
3.075099468231201172e+00
3.216936588287353516e+00
1.710624575614929199e+00
1.444806814193725586e+00
2.028588533401489258e+00
3.310866355895996094e+00
2.947262048721313477e+00
1.254613041877746582e+00
1.335178136825561523e+00
1.764544010162353516e+00
1.772116184234619141e+00
1.757526874542236328e+00
1.962240695953369141e+00
1.903303384780883789e+00
1.808956384658813477e+00
2.590160608291625977e+00
2.621342658996582031e+00
2.709938049316406250e+00
2.003017902374267578e+00
1.762440085411071777e+00
1.793298840522766113e+00
1.204873323440551758e+00
4.415585994720458984e-01
5.956087708473205566e-01
2.694311141967773438e-01
3.190014660358428955e-01
2.643350958824157715e-01
3.404137194156646729e-01
2.566927075386047363e-01
3.113788068294525146e-01
3.649117648601531982e-01
3.668444454669952393e-01
3.183943331241607666e-01
3.427767157554626465e-01
3.856982588768005371e-01
3.384898304939270020e-01
3.317508399486541748e-01
4.053362905979156494e-01
3.225913345813751221e-01
3.792840838432312012e-01
3.247506618499755859e-01
3.512743115425109863e-01
2.983876466751098633e-01
3.217095434665679932e-01
3.827796578407287598e-01
2.515881657600402832e-01
2.305081337690353394e-01
2.931962311267852783e-01
3.549905121326446533e-01
2.745403051376342773e-01
2.380406111478805542e-01
3.672799766063690186e-01
2.519338130950927734e-01
2.262952476739883423e-01
3.491796553134918213e-01
4.235761165618896484e-01
2.752231061458587646e-01
2.989783287048339844e-01
4.591970741748809814e-01
3.545355200767517090e-01
3.739802837371826172e-01
4.643084406852722168e-01
4.913797378540039062e-01
4.785826504230499268e-01
4.212435483932495117e-01
5.701261162757873535e-01
4.655542075634002686e-01
5.903214216232299805e-01
5.418614149093627930e-01
5.646567940711975098e-01
6.935428380966186523e-01
1.657263398170471191e+00
1.670019388198852539e+00
2.381298542022705078e+00
2.149955511093139648e+00
2.279335260391235352e+00
2.260453939437866211e+00
2.520581245422363281e+00
2.448956966400146484e+00
1.734110593795776367e+00
2.287163019180297852e+00
2.003315925598144531e+00
1.507800340652465820e+00
1.261382222175598145e+00
1.251287698745727539e+00
1.344471693038940430e+00
1.274068474769592285e+00
1.269123792648315430e+00
1.338601350784301758e+00
1.371129035949707031e+00
1.826307892799377441e+00
1.463707804679870605e+00
1.526223778724670410e+00
1.518965482711791992e+00
1.598242759704589844e+00
1.585739493370056152e+00
1.589024066925048828e+00
1.416531443595886230e+00
1.400865077972412109e+00
1.867853164672851562e+00
2.363453149795532227e+00
1.696966767311096191e+00
1.425714850425720215e+00
1.570892214775085449e+00
1.809739232063293457e+00
9.605818986892700195e-01
6.996453404426574707e-01
5.451275706291198730e-01
5.655939579010009766e-01
5.041748881340026855e-01
2.020793199539184570e+00
5.633739829063415527e-01
4.902194738388061523e-01
5.724537968635559082e-01
5.440945029258728027e-01
1.634868860244750977e+00
1.651273608207702637e+00
1.652001261711120605e+00
2.518650054931640625e+00
4.889794588088989258e-01
4.489915668964385986e-01
4.482613801956176758e-01
4.188654720783233643e-01
4.606196284294128418e-01
9.045220613479614258e-01
7.352690100669860840e-01
4.991967380046844482e-01
7.531788945198059082e-01
7.345355749130249023e-01
5.787020921707153320e-01
5.257151722908020020e-01
6.760364770889282227e-01
1.322536110877990723e+00
1.160858392715454102e+00
1.488416671752929688e+00
7.633843421936035156e-01
6.789090037345886230e-01
8.308414816856384277e-01
1.374132394790649414e+00
1.550716638565063477e+00
1.824830174446105957e+00
1.833309412002563477e+00
2.094087600708007812e+00
2.072173357009887695e+00
3.062828302383422852e+00
2.675419569015502930e+00
2.477790355682373047e+00
2.594329118728637695e+00
2.193198442459106445e+00
1.649556636810302734e+00
1.631408333778381348e+00
3.244776725769042969e+00
2.464945554733276367e+00
3.007741212844848633e+00
2.640523433685302734e+00
2.718357801437377930e+00
2.443431138992309570e+00
2.102225542068481445e+00
1.222726702690124512e+00
1.298260688781738281e+00
1.036645174026489258e+00
9.904363751411437988e-01
1.213120341300964355e+00
7.585196495056152344e-01
6.921207904815673828e-01
7.606924176216125488e-01
7.583127021789550781e-01
5.480187535285949707e-01
6.560857295989990234e-01
6.458519697189331055e-01
5.417175292968750000e-01
5.170788764953613281e-01
5.898074507713317871e-01
4.543447196483612061e-01
3.353179693222045898e-01
4.044068157672882080e-01
4.801439046859741211e-01
3.923212885856628418e-01
3.093576133251190186e-01
2.995235025882720947e-01
3.563182353973388672e-01
2.224123775959014893e-01
2.745611369609832764e-01
3.600583076477050781e-01
3.399576246738433838e-01
2.280469983816146851e-01
2.608230710029602051e-01
3.230814039707183838e-01
3.058532476425170898e-01
2.839531004428863525e-01
3.162950277328491211e-01
1.125845909118652344e+00
1.199767708778381348e+00
1.103675007820129395e+00
1.005141735076904297e+00
2.187219113111495972e-01
1.524099558591842651e-01
3.591220080852508545e-01
3.719001710414886475e-01
2.896252870559692383e-01
3.800987005233764648e-01
3.526886403560638428e-01
3.407667577266693115e-01
2.690092921257019043e-01
3.296337127685546875e-01
3.708374798297882080e-01
3.550195693969726562e-01
3.358954787254333496e-01
4.487892985343933105e-01
3.803094923496246338e-01
4.226477444171905518e-01
4.830548167228698730e-01
5.994178652763366699e-01
4.844962954521179199e-01
5.947288870811462402e-01
2.031196355819702148e+00
1.842002153396606445e+00
1.996833443641662598e+00
1.895534038543701172e+00
2.797864913940429688e+00
1.929254651069641113e+00
3.655978441238403320e+00
2.934170007705688477e+00
1.669870018959045410e+00
1.912690401077270508e+00
1.627092361450195312e+00
1.725874543190002441e+00
1.337753534317016602e+00
2.264569044113159180e+00
1.648308157920837402e+00
1.353768825531005859e+00
1.445297718048095703e+00
1.449133515357971191e+00
1.441613674163818359e+00
1.436941027641296387e+00
1.313549637794494629e+00
1.303739905357360840e+00
1.692103981971740723e+00
1.263430833816528320e+00
1.462964177131652832e+00
1.451539754867553711e+00
1.387114763259887695e+00
1.269364714622497559e+00
1.276761531829833984e+00
1.489434719085693359e+00
1.375140190124511719e+00
1.409705638885498047e+00
1.356219291687011719e+00
1.486297011375427246e+00
2.135628938674926758e+00
1.411975741386413574e+00
1.451021194458007812e+00
1.715154528617858887e+00
1.330373406410217285e+00
2.120386123657226562e+00
2.783116579055786133e+00
1.384518504142761230e+00
1.500260710716247559e+00
1.805644154548645020e+00
1.658344984054565430e+00
1.303359150886535645e+00
1.758113145828247070e+00
2.926604509353637695e+00
2.079967737197875977e+00
1.178333282470703125e+00
1.471265554428100586e+00
1.418359398841857910e+00
1.481545567512512207e+00
1.424926042556762695e+00
1.921116113662719727e+00
1.440326690673828125e+00
4.106625616550445557e-01
5.834628939628601074e-01
1.112830162048339844e+00
7.812396287918090820e-01
7.856518030166625977e-01
2.351342916488647461e+00
2.259984016418457031e+00
2.516366958618164062e+00
2.159789562225341797e+00
2.390130519866943359e+00
8.548828959465026855e-01
8.665241003036499023e-01
2.090675115585327148e+00
2.321584701538085938e+00
2.437590837478637695e+00
2.429853916168212891e+00
2.349291086196899414e+00
1.975618004798889160e+00
1.448424696922302246e+00
1.892256617546081543e+00
1.649230718612670898e+00
1.882821917533874512e+00
1.665340542793273926e+00
2.244974136352539062e+00
2.786129236221313477e+00
2.666262865066528320e+00
2.614778041839599609e+00
1.867662429809570312e+00
1.946651935577392578e+00
1.858045339584350586e+00
2.078681945800781250e+00
2.045737266540527344e+00
2.035562992095947266e+00
1.353833198547363281e+00
7.055721879005432129e-01
7.088640928268432617e-01
5.407269597053527832e-01
6.078329682350158691e-01
3.813253045082092285e-01
4.377927482128143311e-01
3.115164041519165039e-01
3.509311378002166748e-01
3.521440029144287109e-01
3.588169217109680176e-01
3.540204763412475586e-01
3.294788599014282227e-01
2.905594110488891602e-01
3.321162164211273193e-01
3.552843630313873291e-01
3.312966823577880859e-01
3.211430013179779053e-01
3.903738260269165039e-01
2.427468746900558472e-01
2.741379439830780029e-01
2.498035281896591187e-01
3.054363429546356201e-01
2.686650156974792480e-01
3.324270546436309814e-01
2.956855893135070801e-01
3.017017841339111328e-01
2.493940293788909912e-01
3.324007391929626465e-01
2.729746699333190918e-01
2.482022494077682495e-01
2.744934558868408203e-01
3.442198336124420166e-01
2.507214844226837158e-01
2.748209834098815918e-01
3.044060170650482178e-01
4.947456419467926025e-01
2.229866087436676025e-01
3.619153201580047607e-01
3.686293661594390869e-01
4.017080366611480713e-01
3.331232666969299316e-01
3.766261637210845947e-01
4.423285424709320068e-01
1.469634413719177246e+00
1.301098108291625977e+00
1.330825209617614746e+00
1.241278171539306641e+00
4.167661666870117188e-01
5.087103843688964844e-01
5.961278676986694336e-01
4.708854258060455322e-01
4.862560033798217773e-01
1.735830307006835938e+00
9.857122898101806641e-01
2.354270935058593750e+00
1.877617120742797852e+00
1.989566326141357422e+00
2.834941148757934570e+00
2.037802457809448242e+00
2.461928129196166992e+00
3.050276756286621094e+00
1.882319211959838867e+00
2.113787174224853516e+00
1.969146013259887695e+00
2.070252895355224609e+00
1.840043783187866211e+00
1.042688250541687012e+00
1.865206241607666016e+00
1.396792054176330566e+00
1.470186710357666016e+00
7.463258504867553711e-01
1.016432166099548340e+00
8.850098252296447754e-01
7.104384899139404297e-01
9.074729681015014648e-01
1.165660023689270020e+00
8.663530945777893066e-01
6.820364594459533691e-01
6.347685456275939941e-01
4.325128197669982910e-01
5.089142918586730957e-01
6.003171801567077637e-01
1.574568390846252441e+00
1.380740642547607422e+00
1.386107444763183594e+00
5.580910444259643555e-01
4.736431241035461426e-01
7.256665825843811035e-01
4.628683328628540039e-01
5.825348496437072754e-01
5.470544695854187012e-01
5.836884975433349609e-01
4.793854653835296631e-01
5.453348159790039062e-01
3.424384891986846924e-01
3.716348409652709961e-01
4.674860537052154541e-01
3.850755095481872559e-01
2.776776254177093506e-01
4.685111939907073975e-01
3.851116895675659180e-01
3.447685837745666504e-01
3.395163118839263916e-01
3.601920902729034424e-01
2.655852735042572021e-01
3.151964247226715088e-01
3.641837537288665771e-01
3.730491995811462402e-01
3.714711964130401611e-01
4.321663379669189453e-01
4.676653146743774414e-01
3.813664019107818604e-01
6.888612508773803711e-01
7.036866545677185059e-01
7.856550812721252441e-01
6.066157221794128418e-01
1.309017062187194824e+00
1.606977939605712891e+00
1.938420534133911133e+00
1.661222219467163086e+00
1.764407992362976074e+00
1.791859507560729980e+00
1.734424233436584473e+00
1.945227146148681641e+00
2.087779521942138672e+00
2.440632343292236328e+00
2.596486806869506836e+00
2.928701162338256836e+00
2.906359910964965820e+00
2.785320997238159180e+00
2.586203575134277344e+00
1.934990406036376953e+00
1.521540045738220215e+00
1.471868276596069336e+00
2.431766033172607422e+00
1.702085256576538086e+00
1.649729371070861816e+00
1.571921110153198242e+00
1.567183852195739746e+00
1.538116693496704102e+00
1.449431419372558594e+00
1.619975209236145020e+00
1.547317266464233398e+00
1.145290255546569824e+00
1.041322946548461914e+00
1.231739282608032227e+00
1.136411666870117188e+00
1.015086889266967773e+00
9.506905674934387207e-01
1.086523652076721191e+00
1.795423865318298340e+00
1.526454925537109375e+00
1.547444224357604980e+00
1.476777076721191406e+00
5.531584024429321289e-01
5.381444096565246582e-01
6.127250790596008301e-01
4.514886140823364258e-01
3.738657236099243164e-01
4.508154392242431641e-01
4.634061157703399658e-01
3.608671724796295166e-01
2.853540182113647461e-01
3.279844820499420166e-01
3.429918885231018066e-01
2.493811398744583130e-01
2.742708623409271240e-01
3.634689152240753174e-01
2.770186960697174072e-01
2.160190343856811523e-01
2.769093513488769531e-01
3.744816184043884277e-01
2.111195325851440430e-01
2.564015984535217285e-01
2.909612357616424561e-01
2.834043800830841064e-01
2.151213735342025757e-01
2.929711937904357910e-01
3.467456400394439697e-01
2.799504697322845459e-01
2.624915242195129395e-01
3.652787804603576660e-01
3.860030472278594971e-01
3.267869353294372559e-01
3.483291268348693848e-01
4.015317857265472412e-01
3.845613002777099609e-01
3.907564580440521240e-01
4.038824737071990967e-01
