1.754075646400451660e+00
1.302808761596679688e+00
1.411940336227416992e+00
1.644447684288024902e+00
1.115837574005126953e+00
1.272675871849060059e+00
1.849555492401123047e+00
1.653819084167480469e+00
1.074204325675964355e+00
1.484784841537475586e+00
1.415146231651306152e+00
1.190154314041137695e+00
1.429483175277709961e+00
1.384364724159240723e+00
1.256450057029724121e+00
1.226855158805847168e+00
1.325837135314941406e+00
1.229767441749572754e+00
1.113379120826721191e+00
1.312910079956054688e+00
1.249495387077331543e+00
1.217087388038635254e+00
9.505776166915893555e-01
1.157122135162353516e+00
3.516871035099029541e-01
3.344016671180725098e-01
1.979494094848632812e-01
3.941813111305236816e-01
2.593070566654205322e-01
2.279222905635833740e-01
2.232530266046524048e-01
9.624403119087219238e-01
5.623798370361328125e-01
3.257456421852111816e-01
3.561173379421234131e-01
2.649005651473999023e-01
2.820516824722290039e-01
6.171876788139343262e-01
4.881379604339599609e-01
2.455415725708007812e-01
5.052452683448791504e-01
5.064085125923156738e-01
3.272564709186553955e-01
4.351455271244049072e-01
4.756330847740173340e-01
4.039594829082489014e-01
2.897993326187133789e-01
4.118850231170654297e-01
3.368773162364959717e-01
3.143212497234344482e-01
3.733547925949096680e-01
4.512523412704467773e-01
3.040502369403839111e-01
1.694454103708267212e-01
5.576042532920837402e-01
3.463120460510253906e-01
1.337028264999389648e+00
1.451295256614685059e+00
2.161149501800537109e+00
1.783357024192810059e+00
1.640941739082336426e+00
5.191285610198974609e-01
3.164989352226257324e-01
3.601224422454833984e-01
8.369758129119873047e-01
2.818006277084350586e-01
6.636680960655212402e-01
6.709684133529663086e-01
5.013080835342407227e-01
2.950973808765411377e-01
3.981442153453826904e-01
6.417835354804992676e-01
5.418003201484680176e-01
4.520919024944305420e-01
7.810858488082885742e-01
4.097089469432830811e-01
5.561008453369140625e-01
1.925572395324707031e+00
1.767041087150573730e+00
2.390594959259033203e+00
2.040111303329467773e+00
2.150783061981201172e+00
1.797396063804626465e+00
2.050004720687866211e+00
1.907061219215393066e+00
1.637021303176879883e+00
1.467289447784423828e+00
1.570009589195251465e+00
1.274498820304870605e+00
1.297765970230102539e+00
1.398227214813232422e+00
1.327047228813171387e+00
1.231467723846435547e+00
1.301777601242065430e+00
1.467184185981750488e+00
1.351219177246093750e+00
1.457887053489685059e+00
1.766144990921020508e+00
2.227189064025878906e+00
1.277331352233886719e+00
1.401750683784484863e+00
1.599645853042602539e+00
1.464829444885253906e+00
1.453563451766967773e+00
1.659756064414978027e+00
1.368249654769897461e+00
1.341807961463928223e+00
1.205691218376159668e+00
1.415481090545654297e+00
1.413968324661254883e+00
8.175825476646423340e-01
3.872570395469665527e-01
3.914597928524017334e-01
3.589353263378143311e-01
3.232324421405792236e-01
4.679654538631439209e-01
2.820245623588562012e-01
3.161472678184509277e-01
4.221785068511962891e-01
3.850300014019012451e-01
2.078492790460586548e-01
3.154094219207763672e-01
5.911538600921630859e-01
1.041299581527709961e+00
2.987552285194396973e-01
6.326377391815185547e-01
3.082524538040161133e-01
2.713097929954528809e-01
1.111066341400146484e+00
1.368341445922851562e+00
1.711112737655639648e+00
1.397282719612121582e+00
1.741870403289794922e+00
1.419295787811279297e+00
1.329821109771728516e+00
1.346358537673950195e+00
1.286094903945922852e+00
1.234574913978576660e+00
1.470615386962890625e+00
1.365078926086425781e+00
1.200533270835876465e+00
1.184902548789978027e+00
1.313571214675903320e+00
1.950922131538391113e+00
1.217582106590270996e+00
1.450363874435424805e+00
1.474998474121093750e+00
2.164885282516479492e+00
1.483136415481567383e+00
1.508970975875854492e+00
1.443336367607116699e+00
1.454170823097229004e+00
1.675651907920837402e+00
2.001356363296508789e+00
1.844916939735412598e+00
1.008236289024353027e+00
6.226931810379028320e-01
4.195499122142791748e-01
5.026040077209472656e-01
6.511927843093872070e-01
5.251965522766113281e-01
5.563952326774597168e-01
5.873709917068481445e-01
2.859129011631011963e-01
2.193391919136047363e-01
3.906783461570739746e-01
3.751043677330017090e-01
2.688643038272857666e-01
2.802026271820068359e-01
1.409573197364807129e+00
1.378822207450866699e+00
1.307674050331115723e+00
1.763266444206237793e+00
2.002140283584594727e+00
8.222408294677734375e-01
2.763112485408782959e-01
6.192318797111511230e-01
2.215747237205505371e-01
4.050495624542236328e-01
4.412768185138702393e-01
2.184357643127441406e-01
3.479557931423187256e-01
5.780385136604309082e-01
5.759921073913574219e-01
2.758236527442932129e-01
4.282409846782684326e-01
4.198774397373199463e-01
3.673915266990661621e-01
3.464808762073516846e-01
4.692101478576660156e-01
4.500306844711303711e-01
1.260949611663818359e+00
7.378167510032653809e-01
5.165490508079528809e-01
5.837422013282775879e-01
3.795477747917175293e-01
1.699176311492919922e+00
7.781135439872741699e-01
4.294897913932800293e-01
1.674450755119323730e+00
1.768748164176940918e+00
2.048972606658935547e+00
1.262169718742370605e+00
1.537176728248596191e+00
1.580703496932983398e+00
1.397196650505065918e+00
1.532680749893188477e+00
4.745396971702575684e-01
7.316703796386718750e-01
4.887442886829376221e-01
6.341143250465393066e-01
6.899395585060119629e-01
6.397472620010375977e-01
6.564620733261108398e-01
5.081043839454650879e-01
2.975053191184997559e-01
5.081276297569274902e-01
3.729833960533142090e-01
2.876989245414733887e-01
3.200076818466186523e-01
3.283983767032623291e-01
3.341289162635803223e-01
2.007326036691665649e-01
4.078774452209472656e-01
3.290666043758392334e-01
1.911199837923049927e-01
3.485116660594940186e-01
5.670998096466064453e-01
9.838553071022033691e-01
3.344063162803649902e-01
3.824087977409362793e-01
3.192569315433502197e-01
3.296803236007690430e-01
2.016861885786056519e-01
2.630956172943115234e-01
2.930416464805603027e-01
3.770400583744049072e-01
4.512578248977661133e-01
2.692170441150665283e-01
3.876312077045440674e-01
4.624053835868835449e-01
3.244806826114654541e-01
3.776074349880218506e-01
4.612171649932861328e-01
4.266334176063537598e-01
3.388053178787231445e-01
4.120333194732666016e-01
4.363956749439239502e-01
4.085210263729095459e-01
2.952171564102172852e-01
3.795203566551208496e-01
3.305286467075347900e-01
2.949408590793609619e-01
1.326272726058959961e+00
1.711003303527832031e+00
1.698556542396545410e+00
1.070906281471252441e+00
1.157663226127624512e+00
2.546583414077758789e-01
3.335777223110198975e-01
1.197722077369689941e+00
1.404636144638061523e+00
1.109009504318237305e+00
1.168019771575927734e+00
1.510716438293457031e+00
1.355691552162170410e+00
1.204436421394348145e+00
1.378157258033752441e+00
1.311229109764099121e+00
1.278571367263793945e+00
1.453795909881591797e+00
1.376207828521728516e+00
1.192476987838745117e+00
1.649729371070861816e+00
1.224128961563110352e+00
1.222943544387817383e+00
1.148138403892517090e+00
1.292918205261230469e+00
1.395178198814392090e+00
2.036252975463867188e+00
1.335671186447143555e+00
1.302153110504150391e+00
1.362274289131164551e+00
2.447947025299072266e+00
2.202311754226684570e+00
2.160902976989746094e+00
2.077182769775390625e+00
2.246789216995239258e+00
1.062897682189941406e+00
7.399575114250183105e-01
8.927605152130126953e-01
7.070287466049194336e-01
5.867411494255065918e-01
6.604298949241638184e-01
6.106725931167602539e-01
4.539006650447845459e-01
1.177748322486877441e+00
1.075811028480529785e+00
1.143692493438720703e+00
1.183235168457031250e+00
1.384584784507751465e+00
1.178107380867004395e+00
1.296860814094543457e+00
1.766486525535583496e+00
5.821486115455627441e-01
4.145377576351165771e-01
5.565607547760009766e-01
4.949747920036315918e-01
4.021967649459838867e-01
3.434049487113952637e-01
2.762134075164794922e-01
2.317062020301818848e-01
2.482392489910125732e-01
3.328625857830047607e-01
2.055007964372634888e-01
3.872556686401367188e-01
3.099828064441680908e-01
2.276350259780883789e-01
3.544924855232238770e-01
3.867127001285552979e-01
3.932883143424987793e-01
3.996503949165344238e-01
6.607157588005065918e-01
2.809728384017944336e-01
3.367081880569458008e-01
5.171438455581665039e-01
5.611757636070251465e-01
6.870379447937011719e-01
1.370605230331420898e+00
1.073122739791870117e+00
3.738262653350830078e-01
3.573321402072906494e-01
3.801798522472381592e-01
4.056986272335052490e-01
1.572007775306701660e+00
2.261376619338989258e+00
2.219522476196289062e+00
1.884064674377441406e+00
1.530488252639770508e+00
1.859330892562866211e+00
2.913697719573974609e+00
1.182048082351684570e+00
1.618973851203918457e+00
2.467134475708007812e+00
1.568594694137573242e+00
1.621518611907958984e+00
1.517657995223999023e+00
3.341094732284545898e+00
1.522077560424804688e+00
1.247669100761413574e+00
1.373403549194335938e+00
1.526432394981384277e+00
8.691694140434265137e-01
3.407938778400421143e-01
8.395098447799682617e-01
5.983831882476806641e-01
3.518953919410705566e-01
4.352291226387023926e-01
5.625243186950683594e-01
2.756635546684265137e-01
4.637125432491302490e-01
3.903217315673828125e-01
3.560605943202972412e-01
3.680208623409271240e-01
4.946192800998687744e-01
2.242918610572814941e-01
3.947868049144744873e-01
2.087354362010955811e-01
1.064527273178100586e+00
7.746971845626831055e-01
3.803410232067108154e-01
3.065798878669738770e-01
3.516503572463989258e-01
3.859792053699493408e-01
3.374131619930267334e-01
2.910229265689849854e-01
2.688991129398345947e-01
6.474261283874511719e-01
2.785300910472869873e-01
3.210100531578063965e-01
5.872553586959838867e-01
3.932737708091735840e-01
2.633233964443206787e-01
3.839538991451263428e-01
4.716455042362213135e-01
2.210624366998672485e-01
2.599177360534667969e-01
3.938852846622467041e-01
3.662699162960052490e-01
3.451449275016784668e-01
2.521643340587615967e-01
4.234664738178253174e-01
1.330245971679687500e+00
1.119533181190490723e+00
7.588077187538146973e-01
7.803101539611816406e-01
9.278858900070190430e-01
7.180400490760803223e-01
7.531670928001403809e-01
1.060287237167358398e+00
1.558908343315124512e+00
1.451881051063537598e+00
1.952864646911621094e+00
2.195386409759521484e+00
1.450863838195800781e+00
1.372550845146179199e+00
1.391762375831604004e+00
8.444874882698059082e-01
1.701317071914672852e+00
1.825687527656555176e+00
1.791434884071350098e+00
1.686804652214050293e+00
1.706508755683898926e+00
1.462608456611633301e+00
1.597911119461059570e+00
2.847910165786743164e+00
2.458379268646240234e+00
2.706589698791503906e+00
3.431911230087280273e+00
3.261891365051269531e+00
2.150346040725708008e+00
9.633113741874694824e-01
1.250182271003723145e+00
9.628804922103881836e-01
1.041177988052368164e+00
1.221477627754211426e+00
8.387914299964904785e-01
3.014786541461944580e-01
4.198494851589202881e-01
3.795420229434967041e-01
4.173927605152130127e-01
2.015792876482009888e-01
2.464485615491867065e-01
4.820203781127929688e-01
1.204334974288940430e+00
4.481092691421508789e-01
4.279879927635192871e-01
4.661481976509094238e-01
4.006374180316925049e-01
4.835429787635803223e-01
3.059957921504974365e-01
3.817594647407531738e-01
1.310548782348632812e+00
1.436671137809753418e+00
1.469281911849975586e+00
1.140908241271972656e+00
5.073580145835876465e-01
2.906465828418731689e-01
2.628215253353118896e-01
3.006695210933685303e-01
3.248085081577301025e-01
3.822188675403594971e-01
3.930903971195220947e-01
2.854151427745819092e-01
4.501734972000122070e-01
3.318873643875122070e-01
4.123529195785522461e-01
1.139958500862121582e+00
3.742716610431671143e-01
2.004801481962203979e-01
3.830946087837219238e-01
3.644189536571502686e-01
4.311242401599884033e-01
2.710222601890563965e-01
3.354125320911407471e-01
5.655991435050964355e-01
6.433801651000976562e-01
4.178049862384796143e-01
4.127267897129058838e-01
5.912324786186218262e-01
6.434001922607421875e-01
4.926266074180603027e-01
6.096948981285095215e-01
2.015938043594360352e+00
2.249384880065917969e+00
2.292311429977416992e+00
2.524336576461791992e+00
2.152864933013916016e+00
1.825400352478027344e+00
1.821257114410400391e+00
2.562892913818359375e+00
2.095477819442749023e+00
4.302767276763916016e+00
4.931110382080078125e+00
4.959303379058837891e+00
3.536682367324829102e+00
2.067047595977783203e+00
1.383729934692382812e+00
1.858543395996093750e+00
1.367426276206970215e+00
2.273054838180541992e+00
2.521895408630371094e+00
3.701821565628051758e+00
4.441453456878662109e+00
2.980306386947631836e+00
2.849765300750732422e+00
2.700012207031250000e+00
1.218313455581665039e+00
1.169540762901306152e+00
4.338940143585205078e+00
3.850056886672973633e+00
3.156973838806152344e+00
3.229498147964477539e+00
1.952111124992370605e+00
6.765572428703308105e-01
3.349972665309906006e-01
1.082673907279968262e+00
2.660286188125610352e+00
2.624233245849609375e+00
3.262048006057739258e+00
2.338803052902221680e+00
3.618404865264892578e-01
1.084288835525512695e+00
1.338111281394958496e+00
5.103131294250488281e+00
3.367502450942993164e+00
2.023807764053344727e+00
2.304289102554321289e+00
7.063379883766174316e-01
-4.178074598312377930e-01
8.754876852035522461e-01
1.311857342720031738e+00
2.194411456584930420e-01
7.170072793960571289e-01
7.108129262924194336e-01
1.463584542274475098e+00
1.560385227203369141e+00
4.332964718341827393e-01
8.355825543403625488e-01
4.421887397766113281e-01
1.253778696060180664e+00
1.269611120223999023e+00
6.621448993682861328e-01
1.838911920785903931e-01
3.297115564346313477e-01
6.992887258529663086e-01
1.019662618637084961e+00
8.932415246963500977e-01
1.327890157699584961e+00
9.107341766357421875e-01
8.557745218276977539e-01
1.204338073730468750e+00
1.432847738265991211e+00
1.295544624328613281e+00
1.731889128684997559e+00
3.199985742568969727e+00
2.892995834350585938e+00
2.831650257110595703e+00
4.073476791381835938e+00
4.292940616607666016e+00
4.388369083404541016e+00
3.276566982269287109e+00
2.965174913406372070e+00
2.088908433914184570e+00
5.105814933776855469e+00
4.166439056396484375e+00
4.891995906829833984e+00
4.299560070037841797e+00
3.597527503967285156e+00
3.458246231079101562e+00
4.600335597991943359e+00
2.950512170791625977e+00
2.411838531494140625e+00
2.266530036926269531e+00
3.169552087783813477e+00
2.568526029586791992e+00
1.668557405471801758e+00
2.101961612701416016e+00
2.091445207595825195e+00
2.120774507522583008e+00
2.333253145217895508e+00
9.377204775810241699e-01
8.543015718460083008e-01
5.988809466361999512e-01
5.308221578598022461e-01
3.137448132038116455e-01
3.520985245704650879e-01
2.616371512413024902e-01
6.014023423194885254e-01
4.243537485599517822e-01
3.296169936656951904e-01
1.192766427993774414e+00
6.875839233398437500e-01
3.711743652820587158e-01
5.993998050689697266e-01
5.938561558723449707e-01
4.474755525588989258e-01
7.442915439605712891e-01
2.124648094177246094e-01
6.285531073808670044e-02
2.467593923211097717e-02
1.078752160072326660e+00
4.618377387523651123e-01
1.147486269474029541e-01
6.288110613822937012e-01
4.203817844390869141e-01
2.814050912857055664e-01
3.060730993747711182e-01
6.996144056320190430e-01
6.687619090080261230e-01
8.144477009773254395e-01
7.128294706344604492e-01
1.403983831405639648e+00
4.520891606807708740e-01
4.097681641578674316e-01
4.331481754779815674e-01
2.949098944664001465e-01
3.351776301860809326e-01
3.251343965530395508e-01
4.640746414661407471e-01
1.286511421203613281e-01
2.098567634820938110e-01
5.766441822052001953e-01
5.584199428558349609e-01
3.391251862049102783e-01
7.641049623489379883e-01
5.592353940010070801e-01
1.611863017082214355e+00
3.053352594375610352e+00
2.953002214431762695e+00
2.719367742538452148e+00
2.911325931549072266e+00
2.735319614410400391e+00
1.758812665939331055e+00
1.966831803321838379e+00
3.017758131027221680e+00
1.757978796958923340e+00
1.447955727577209473e+00
2.127056837081909180e+00
1.457723736763000488e+00
1.744989871978759766e+00
2.015166044235229492e+00
1.293101072311401367e+00
1.764599084854125977e+00
1.584600329399108887e+00
1.432761907577514648e+00
1.095758557319641113e+00
1.309952855110168457e+00
1.441357851028442383e+00
1.333302736282348633e+00
1.488607406616210938e+00
1.429490566253662109e+00
1.454873323440551758e+00
1.369347691535949707e+00
1.199020028114318848e+00
1.349148631095886230e+00
1.556870460510253906e+00
1.273244023323059082e+00
1.326082944869995117e+00
1.625840306282043457e+00
1.863675117492675781e+00
1.578365206718444824e+00
2.153640270233154297e+00
1.449159264564514160e+00
1.464178204536437988e+00
1.720014333724975586e+00
2.479067564010620117e+00
1.389729022979736328e+00
1.698212027549743652e+00
1.550578474998474121e+00
1.353515505790710449e+00
1.346578121185302734e+00
1.558114528656005859e+00
1.498794794082641602e+00
1.390213966369628906e+00
1.904299378395080566e+00
1.688873291015625000e+00
1.490901112556457520e+00
1.508844614028930664e+00
1.535486698150634766e+00
1.783198595046997070e+00
1.731242775917053223e+00
1.452808856964111328e+00
9.077627062797546387e-01
1.167596578598022461e+00
1.220009803771972656e+00
5.152816176414489746e-01
4.989143908023834229e-01
1.131175279617309570e+00
1.010489106178283691e+00
9.773991703987121582e-01
7.807706594467163086e-01
1.120626568794250488e+00
1.351954817771911621e+00
8.795719742774963379e-01
9.638088941574096680e-01
1.211104631423950195e+00
1.049016833305358887e+00
1.538601756095886230e+00
2.049919128417968750e+00
1.459200859069824219e+00
1.548971176147460938e+00
2.597303867340087891e+00
1.722129821777343750e+00
2.152582406997680664e+00
2.046390771865844727e+00
1.595219969749450684e+00
1.265867233276367188e+00
2.559171676635742188e+00
2.565235614776611328e+00
2.796680212020874023e+00
2.893270015716552734e+00
2.701257944107055664e+00
2.439227104187011719e+00
1.382684469223022461e+00
1.503286719322204590e+00
2.007242918014526367e+00
2.054424524307250977e+00
1.856543064117431641e+00
1.960422635078430176e+00
2.018789052963256836e+00
1.531979322433471680e+00
6.750628948211669922e-01
9.205142855644226074e-01
7.360014319419860840e-01
1.915884166955947876e-01
3.050106763839721680e-01
2.958689630031585693e-01
1.328544318675994873e-01
2.797821760177612305e-01
3.377294838428497314e-01
3.088812232017517090e-01
2.311952859163284302e-01
4.710323512554168701e-01
3.709849417209625244e-01
2.674691379070281982e-01
2.751323580741882324e-01
4.436425566673278809e-01
4.669702053070068359e-01
4.332268238067626953e-01
1.148131489753723145e+00
8.454284667968750000e-01
2.551196515560150146e-01
1.164263486862182617e+00
1.580972909927368164e+00
1.506846427917480469e+00
1.204606890678405762e+00
3.793909847736358643e-01
4.339307248592376709e-01
3.148154318332672119e-01
3.914343118667602539e-01
3.645485937595367432e-01
3.214661478996276855e-01
3.376168310642242432e-01
3.544628918170928955e-01
4.688705205917358398e-01
2.771908342838287354e-01
2.991288304328918457e-01
4.441041350364685059e-01
5.190000534057617188e-01
2.314126491546630859e-01
8.067603707313537598e-01
9.804715514183044434e-01
4.353806972503662109e-01
3.821163475513458252e-01
1.909703314304351807e-01
6.002774834632873535e-01
3.658151924610137939e-01
4.266205430030822754e-01
5.736584663391113281e-01
8.042592406272888184e-01
1.622405886650085449e+00
2.354484081268310547e+00
2.275348186492919922e+00
2.711026430130004883e+00
2.527943611145019531e+00
2.943391084671020508e+00
2.415284872055053711e+00
2.312237977981567383e+00
1.916216969490051270e+00
1.934392333030700684e+00
1.769019484519958496e+00
1.395591735839843750e+00
2.780201435089111328e+00
2.413469552993774414e+00
1.496193051338195801e+00
1.371305584907531738e+00
1.420601606369018555e+00
1.266156196594238281e+00
1.444244146347045898e+00
5.629576444625854492e-01
2.850028514862060547e+00
1.175758123397827148e+00
6.970414519309997559e-01
1.558855414390563965e+00
9.187340140342712402e-01
5.175879001617431641e-01
1.385419964790344238e+00
2.608616590499877930e+00
3.381728649139404297e+00
3.344954729080200195e+00
2.198972702026367188e+00
1.632740497589111328e+00
1.795062303543090820e+00
1.789949297904968262e+00
1.899317622184753418e+00
2.282864809036254883e+00
2.081032752990722656e+00
1.577003240585327148e+00
1.867972135543823242e+00
1.809792637825012207e+00
1.083943843841552734e+00
7.195374369621276855e-01
7.505096793174743652e-01
7.113671302795410156e-01
6.197315454483032227e-01
1.461007118225097656e+00
5.210916399955749512e-01
3.014761805534362793e-01
5.059022307395935059e-01
9.111804366111755371e-01
1.419157862663269043e+00
2.378108024597167969e+00
2.048532485961914062e+00
2.401173591613769531e+00
2.139945268630981445e+00
1.566625356674194336e+00
1.656454801559448242e+00
2.879796743392944336e+00
1.555588722229003906e+00
1.214299559593200684e+00
1.488307833671569824e+00
1.257431626319885254e+00
1.220515847206115723e+00
1.374617815017700195e+00
1.778847575187683105e+00
1.470332264900207520e+00
2.377164840698242188e+00
1.497471451759338379e+00
1.291177153587341309e+00
1.305480957031250000e+00
1.259052395820617676e+00
2.406628608703613281e+00
3.448553085327148438e+00
2.941905260086059570e+00
2.022778987884521484e+00
2.022622346878051758e+00
1.760399341583251953e+00
1.223567128181457520e+00
1.658707141876220703e+00
3.294403076171875000e+00
1.527787566184997559e+00
1.204782843589782715e+00
1.203033328056335449e+00
1.180209994316101074e+00
9.024282097816467285e-01
1.128397822380065918e+00
1.669177174568176270e+00
3.012538433074951172e+00
8.814367055892944336e-01
4.023694396018981934e-01
6.679695248603820801e-01
4.164493083953857422e-01
2.694338560104370117e-01
4.861469268798828125e-01
1.876258611679077148e+00
1.432508945465087891e+00
1.979233980178833008e+00
9.261776804924011230e-01
9.603872895240783691e-01
9.148031473159790039e-01
4.250433743000030518e-01
3.358442187309265137e-01
4.366124868392944336e-01
2.873719334602355957e-01
3.517802953720092773e-01
4.162892401218414307e-01
6.385102868080139160e-01
1.211090445518493652e+00
5.790436267852783203e-01
6.811037063598632812e-01
5.790197849273681641e-01
4.971604645252227783e-01
4.610072076320648193e-01
2.140614241361618042e-01
2.783719301223754883e-01
2.832988500595092773e-01
3.436782360076904297e-01
3.366182744503021240e-01
4.680208265781402588e-01
2.759450674057006836e-01
3.455028831958770752e-01
5.327633023262023926e-01
4.472540616989135742e-01
4.251436889171600342e-01
5.789715647697448730e-01
5.280162096023559570e-01
3.927779197692871094e-01
3.789987564086914062e-01
3.716104328632354736e-01
4.571851789951324463e-01
1.230288505554199219e+00
5.399087667465209961e-01
2.899646162986755371e-01
4.340973794460296631e-01
6.033906340599060059e-01
3.078166246414184570e-01
4.046841859817504883e-01
4.846325218677520752e-01
3.258253931999206543e-01
3.150999546051025391e-01
4.199566543102264404e-01
3.748634457588195801e-01
3.723823130130767822e-01
3.130390048027038574e-01
5.285830497741699219e-01
3.680981695652008057e-01
1.762128919363021851e-01
1.598934054374694824e+00
1.464576125144958496e+00
1.265310883522033691e+00
5.216481089591979980e-01
1.007650017738342285e+00
4.816273152828216553e-01
5.916658639907836914e-01
8.687703609466552734e-01
1.424160122871398926e+00
5.413551926612854004e-01
3.970889449119567871e-01
3.990503847599029541e-01
3.866888582706451416e-01
1.538581013679504395e+00
2.786235809326171875e+00
2.386192321777343750e+00
1.574208259582519531e+00
1.947429299354553223e+00
1.782370567321777344e+00
1.526456832885742188e+00
1.762736320495605469e+00
2.074451923370361328e+00
1.838635683059692383e+00
1.885823845863342285e+00
2.491579532623291016e+00
2.209227085113525391e+00
1.851878404617309570e+00
2.299296140670776367e+00
2.335579156875610352e+00
2.515708446502685547e+00
2.165210008621215820e+00
2.220703125000000000e+00
1.571918964385986328e+00
9.635317325592041016e-01
9.498211145401000977e-01
2.428681373596191406e+00
1.468237042427062988e+00
1.074214458465576172e+00
7.094813585281372070e-01
6.741644144058227539e-01
9.215533733367919922e-01
1.273634314537048340e+00
1.463316679000854492e+00
2.660147905349731445e+00
1.244036436080932617e+00
9.859584569931030273e-01
9.954647421836853027e-01
1.207426548004150391e+00
2.258431434631347656e+00
1.375101566314697266e+00
1.830358505249023438e+00
2.158753395080566406e+00
1.809450507164001465e+00
1.776858687400817871e+00
1.183990597724914551e+00
1.043893098831176758e+00
8.968980312347412109e-01
1.457356214523315430e+00
1.137075185775756836e+00
1.168896913528442383e+00
1.044691920280456543e+00
1.384909391403198242e+00
1.254595279693603516e+00
1.762062549591064453e+00
1.435967803001403809e+00
1.681177973747253418e+00
1.693078756332397461e+00
1.610245823860168457e+00
1.715586543083190918e+00
2.584664106369018555e+00
2.130494832992553711e+00
2.162868499755859375e+00
1.333380579948425293e+00
1.064168453216552734e+00
2.296804666519165039e+00
2.380950927734375000e+00
2.628096580505371094e+00
2.699152708053588867e+00
2.545955896377563477e+00
2.444199562072753906e+00
1.746302008628845215e+00
1.826739549636840820e+00
1.505336165428161621e+00
1.555921196937561035e+00
2.271431446075439453e+00
2.155456066131591797e+00
1.654279947280883789e+00
1.757113218307495117e+00
1.598388075828552246e+00
1.618751287460327148e+00
1.528639674186706543e+00
1.887724399566650391e+00
1.491881012916564941e+00
1.125686764717102051e+00
8.575364351272583008e-01
9.230910539627075195e-01
8.558356761932373047e-01
3.100732564926147461e-01
3.497621119022369385e-01
2.935388684272766113e-01
3.947037458419799805e-01
3.215472698211669922e-01
5.518690347671508789e-01
4.202576279640197754e-01
4.256025254726409912e-01
4.679032266139984131e-01
5.675641298294067383e-01
3.433306813240051270e-01
2.610744237899780273e-01
3.022666871547698975e-01
4.175237715244293213e-01
5.956975817680358887e-01
1.302388548851013184e+00
2.428773492574691772e-01
2.428030669689178467e-01
3.193416297435760498e-01
2.959026694297790527e-01
5.492839813232421875e-01
4.025470614433288574e-01
4.568357169628143311e-01
6.099774837493896484e-01
1.717849493026733398e+00
1.281337380409240723e+00
1.474837541580200195e+00
9.433428049087524414e-01
4.595336616039276123e-01
2.628864943981170654e-01
2.765280604362487793e-01
5.254303812980651855e-01
2.963483631610870361e-01
2.914743423461914062e-01
3.491733372211456299e-01
4.897115528583526611e-01
3.179779946804046631e-01
3.463309407234191895e-01
4.883410632610321045e-01
3.031857311725616455e-01
3.371179699897766113e-01
5.040307044982910156e-01
4.848940074443817139e-01
1.399443984031677246e+00
1.937756061553955078e+00
2.577043771743774414e+00
2.918187856674194336e+00
2.611853599548339844e+00
2.684397697448730469e+00
2.578497171401977539e+00
2.393382549285888672e+00
2.434177398681640625e+00
1.754812955856323242e+00
1.746884942054748535e+00
1.865128636360168457e+00
1.822022080421447754e+00
1.938415288925170898e+00
1.813979744911193848e+00
1.801781058311462402e+00
1.337423563003540039e+00
1.337260484695434570e+00
1.404733777046203613e+00
1.262235164642333984e+00
1.291739583015441895e+00
1.372205138206481934e+00
1.469782710075378418e+00
1.282962679862976074e+00
1.447692513465881348e+00
1.417004346847534180e+00
1.340116858482360840e+00
1.195642828941345215e+00
1.312146782875061035e+00
1.261204242706298828e+00
1.320477366447448730e+00
1.178656697273254395e+00
1.165942907333374023e+00
1.421615719795227051e+00
1.398678421974182129e+00
1.635358929634094238e+00
1.472835540771484375e+00
1.391085028648376465e+00
1.570302844047546387e+00
1.508061289787292480e+00
1.565504550933837891e+00
1.489633083343505859e+00
2.049924135208129883e+00
3.114584684371948242e+00
1.372195005416870117e+00
1.385714650154113770e+00
1.546082496643066406e+00
1.614608049392700195e+00
1.438015580177307129e+00
7.137891054153442383e-01
9.680867195129394531e-01
2.857664823532104492e+00
1.227973222732543945e+00
3.708632588386535645e-01
4.949816465377807617e-01
6.169124841690063477e-01
3.391997516155242920e-01
5.931843519210815430e-01
4.543606042861938477e-01
5.284558534622192383e-01
7.141906619071960449e-01
6.211313605308532715e-01
4.624796509742736816e-01
5.698153376579284668e-01
8.277310132980346680e-01
6.142019033432006836e-01
9.594115018844604492e-01
1.031380057334899902e+00
1.109047651290893555e+00
1.322103857994079590e+00
1.309069752693176270e+00
1.995023131370544434e+00
2.149090766906738281e+00
2.528626203536987305e+00
2.308808565139770508e+00
2.158874750137329102e+00
1.991677999496459961e+00
1.396357059478759766e+00
1.931186795234680176e+00
2.796882629394531250e+00
3.801189422607421875e+00
2.636412858963012695e+00
2.684532642364501953e+00
2.596543550491333008e+00
2.649299383163452148e+00
2.681648731231689453e+00
2.732798814773559570e+00
3.007479667663574219e+00
2.904178857803344727e+00
3.036603450775146484e+00
2.278600454330444336e+00
2.490218639373779297e+00
2.765694618225097656e+00
2.752300500869750977e+00
2.470056533813476562e+00
2.201815366744995117e+00
1.145645380020141602e+00
1.047228336334228516e+00
8.608897328376770020e-01
5.250477194786071777e-01
3.861699700355529785e-01
2.831787765026092529e-01
4.738728106021881104e-01
9.322585463523864746e-01
4.174196124076843262e-01
2.929906547069549561e-01
3.421556055545806885e-01
4.948042929172515869e-01
3.552654385566711426e-01
2.310179471969604492e-01
4.924815893173217773e-01
2.491147220134735107e-01
2.171806693077087402e-01
2.599445879459381104e-01
3.931515216827392578e-01
3.804629743099212646e-01
1.726208329200744629e-01
2.672649323940277100e-01
2.348934262990951538e-01
2.038334608078002930e-01
3.662855327129364014e-01
2.456613630056381226e-01
1.440516114234924316e-01
2.147436589002609253e-01
2.628799080848693848e-01
3.786065280437469482e-01
2.385523468255996704e-01
2.946612834930419922e-01
2.372561395168304443e-01
2.229734510183334351e-01
1.947846710681915283e-01
3.082872629165649414e-01
2.890568077564239502e-01
1.084312200546264648e-01
2.615971267223358154e-01
5.220101475715637207e-01
4.116361439228057861e-01
2.227297723293304443e-01
4.210267364978790283e-01
5.937966704368591309e-01
3.681894242763519287e-01
1.524100065231323242e+00
1.553890109062194824e+00
1.401476144790649414e+00
1.933784723281860352e+00
2.534242391586303711e+00
2.360540151596069336e+00
1.954699754714965820e+00
2.110689401626586914e+00
2.367731571197509766e+00
2.273236513137817383e+00
1.936995983123779297e+00
1.914624929428100586e+00
2.384034872055053711e+00
1.813529968261718750e+00
1.718310832977294922e+00
1.837223768234252930e+00
2.556811809539794922e+00
1.586614966392517090e+00
1.674522280693054199e+00
2.369191646575927734e+00
1.560566306114196777e+00
1.823513150215148926e+00
1.834640145301818848e+00
8.082486987113952637e-01
9.007863402366638184e-01
1.114076256752014160e+00
1.672176241874694824e+00
9.230335354804992676e-01
1.180102825164794922e+00
9.104239344596862793e-01
9.799628257751464844e-01
2.144766330718994141e+00
1.094456791877746582e+00
1.957483768463134766e+00
1.221671462059020996e+00
2.137586116790771484e+00
2.601413011550903320e+00
1.547468066215515137e+00
6.554172039031982422e-01
5.374816060066223145e-01
5.354881286621093750e-01
6.957085132598876953e-01
6.045133471488952637e-01
1.864303827285766602e+00
2.135042667388916016e+00
3.292160034179687500e-01
3.854164779186248779e-01
9.065355658531188965e-01
6.659271717071533203e-01
7.352783679962158203e-01
1.163951635360717773e+00
5.107557177543640137e-01
4.217040240764617920e-01
4.943027198314666748e-01
5.404917597770690918e-01
5.158791542053222656e-01
4.813096523284912109e-01
5.763382911682128906e-01
9.179717302322387695e-01
6.119195222854614258e-01
3.957806825637817383e-01
5.393369793891906738e-01
1.367864608764648438e+00
6.137992739677429199e-01
6.769193410873413086e-01
7.477569580078125000e-01
9.070007205009460449e-01
2.760596275329589844e+00
2.396646976470947266e+00
2.764482498168945312e+00
2.954260110855102539e+00
3.129178762435913086e+00
2.510908603668212891e+00
3.213162422180175781e+00
2.545188426971435547e+00
3.031848669052124023e+00
3.000580549240112305e+00
2.685740709304809570e+00
3.149546861648559570e+00
2.261720180511474609e+00
2.427309751510620117e+00
2.505494832992553711e+00
2.267677783966064453e+00
2.935150623321533203e+00
2.912290096282958984e+00
2.763741970062255859e+00
4.066647052764892578e+00
3.739728927612304688e+00
3.922497034072875977e+00
3.645921468734741211e+00
3.466733694076538086e+00
3.084642648696899414e+00
2.756677389144897461e+00
2.783311605453491211e+00
2.806339263916015625e+00
2.741590976715087891e+00
2.754034519195556641e+00
2.347803831100463867e+00
2.020316839218139648e+00
2.269140481948852539e+00
2.069376468658447266e+00
2.205340385437011719e+00
2.713150262832641602e+00
1.875344753265380859e+00
8.289211988449096680e-01
6.805637478828430176e-01
9.401682019233703613e-01
8.405001759529113770e-01
8.789703845977783203e-01
1.006389975547790527e+00
1.093322634696960449e+00
8.273667693138122559e-01
6.171758770942687988e-01
5.420839786529541016e-01
4.459518194198608398e-01
2.919844388961791992e-01
3.853413760662078857e-01
2.988651394844055176e-01
3.729464113712310791e-01
2.603743970394134521e-01
2.466354966163635254e-01
3.839259445667266846e-01
5.364493727684020996e-01
2.476943433284759521e-01
2.536729574203491211e-01
3.922681212425231934e-01
3.712042272090911865e-01
1.675883978605270386e-01
2.669146358966827393e-01
4.577407836914062500e-01
3.702569603919982910e-01
2.438339442014694214e-01
3.799073994159698486e-01
4.440789222717285156e-01
3.344523608684539795e-01
3.131708502769470215e-01
3.192511796951293945e-01
2.928980290889739990e-01
1.264805644750595093e-01
1.262053698301315308e-01
2.621195614337921143e-01
2.595518231391906738e-01
3.682291805744171143e-01
3.925918340682983398e-01
5.330607295036315918e-01
6.425384283065795898e-01
1.488683372735977173e-01
3.491621017456054688e-01
1.523046970367431641e+00
2.675366640090942383e+00
2.951796770095825195e+00
2.685559272766113281e+00
2.493856906890869141e+00
2.591869592666625977e+00
2.977448940277099609e+00
3.327678680419921875e+00
2.693989276885986328e+00
2.439874887466430664e+00
1.777545332908630371e+00
3.486114978790283203e+00
2.081707000732421875e+00
1.966635584831237793e+00
1.422428131103515625e+00
1.455119848251342773e+00
1.177952289581298828e+00
1.335538864135742188e+00
1.777847051620483398e+00
4.757225990295410156e+00
3.521259546279907227e+00
2.721064329147338867e+00
2.711979150772094727e+00
1.636966228485107422e+00
1.665890097618103027e+00
2.099226951599121094e+00
3.068336486816406250e+00
4.125421047210693359e+00
3.133167028427124023e+00
2.536682128906250000e+00
2.682256937026977539e+00
1.020575046539306641e+00
1.605099558830261230e+00
1.333567738533020020e+00
1.618662834167480469e+00
1.857201457023620605e+00
1.400032401084899902e+00
1.712461233139038086e+00
2.002366781234741211e+00
1.820678949356079102e+00
1.735540390014648438e+00
2.850884437561035156e+00
3.008509635925292969e+00
3.421491384506225586e+00
2.690982103347778320e+00
2.081127643585205078e+00
9.661992788314819336e-01
1.399545907974243164e+00
1.448676586151123047e+00
2.018723249435424805e+00
1.667051792144775391e+00
1.627302408218383789e+00
1.597051024436950684e+00
1.478106498718261719e+00
1.458706974983215332e+00
1.605966806411743164e+00
1.345500111579895020e+00
1.529346346855163574e+00
1.650279760360717773e+00
1.917246103286743164e+00
1.778988957405090332e+00
1.580080270767211914e+00
1.406595110893249512e+00
1.270894169807434082e+00
6.583291888236999512e-01
1.738429307937622070e+00
1.355595707893371582e+00
1.568421721458435059e+00
2.156983375549316406e+00
1.875578880310058594e+00
1.961312890052795410e+00
1.407584667205810547e+00
1.774536013603210449e+00
1.805262327194213867e+00
1.486216187477111816e+00
1.270332574844360352e+00
1.560271978378295898e+00
1.141079187393188477e+00
7.591547369956970215e-01
6.456878185272216797e-01
4.809683859348297119e-01
8.670336604118347168e-01
5.185713171958923340e-01
4.287842512130737305e-01
6.291706562042236328e-01
6.735764741897583008e-01
5.129451751708984375e-01
2.546534240245819092e-01
-2.130398713052272797e-02
3.519790172576904297e-01
7.762477993965148926e-01
1.261274218559265137e+00
4.932271540164947510e-01
3.050718009471893311e-01
7.465509176254272461e-01
4.321175515651702881e-01
3.186344504356384277e-01
5.554747581481933594e-01
1.446566820144653320e+00
1.627766370773315430e+00
1.111840963363647461e+00
1.355219006538391113e+00
1.481401085853576660e+00
9.676204621791839600e-02
7.600680589675903320e-01
1.272123813629150391e+00
1.882109791040420532e-01
7.248020768165588379e-01
7.736794948577880859e-01
4.925454556941986084e-01
5.025434494018554688e-01
5.588006973266601562e-01
5.267471075057983398e-01
5.096505284309387207e-01
4.074435532093048096e-01
2.617204785346984863e-01
2.853797972202301025e-01
3.463084697723388672e-01
3.862415254116058350e-01
3.155527710914611816e-01
1.664610356092453003e-01
2.281396538019180298e-01
3.463676869869232178e-01
3.819557130336761475e-01
2.436089068651199341e-01
3.244332671165466309e-01
4.211903810501098633e-01
3.895833194255828857e-01
2.091350704431533813e-01
2.819549441337585449e-01
5.073004364967346191e-01
5.293195247650146484e-01
2.775236070156097412e-01
4.054407179355621338e-01
4.495408833026885986e-01
5.719258785247802734e-01
3.414900898933410645e-01
3.691246509552001953e-01
2.118650823831558228e-01
3.893495202064514160e-01
1.103276252746582031e+00
1.229648709297180176e+00
1.352519154548645020e+00
1.431179523468017578e+00
1.290783286094665527e+00
1.979546099901199341e-01
4.322485923767089844e-01
1.324015498161315918e+00
4.530808329582214355e-01
4.231271445751190186e-01
1.697529554367065430e+00
8.925318717956542969e-01
8.252811431884765625e-01
7.939695715904235840e-01
8.930822610855102539e-01
8.616797327995300293e-01
8.225283622741699219e-01
1.030629038810729980e+00
1.081134796142578125e+00
1.472445011138916016e+00
1.048827767372131348e+00
1.258826255798339844e+00
1.199149370193481445e+00
1.262211561203002930e+00
1.164077997207641602e+00
1.165076255798339844e+00
1.451522231101989746e+00
2.080828905105590820e+00
1.597063064575195312e+00
1.785415768623352051e+00
2.126617431640625000e+00
2.968359947204589844e+00
1.559087038040161133e+00
1.778189182281494141e+00
3.040616989135742188e+00
2.410411596298217773e+00
2.851128101348876953e+00
2.468395948410034180e+00
1.842274665832519531e+00
1.769324779510498047e+00
6.350243091583251953e-01
1.092933893203735352e+00
9.992494583129882812e-01
7.244364023208618164e-01
5.815861821174621582e-01
2.457430601119995117e+00
1.418167233467102051e+00
3.054646730422973633e+00
2.396258831024169922e+00
1.586974859237670898e+00
1.610554456710815430e+00
9.037457704544067383e-01
9.247060418128967285e-01
1.815351366996765137e+00
2.968298673629760742e+00
2.651044845581054688e+00
2.997000455856323242e+00
3.484488964080810547e+00
1.238578915596008301e+00
1.434899091720581055e+00
1.613542675971984863e+00
1.879087328910827637e+00
2.239614009857177734e+00
2.816238641738891602e+00
3.735113620758056641e+00
3.247477054595947266e+00
2.415959596633911133e+00
2.179687023162841797e+00
2.220979213714599609e+00
2.039690256118774414e+00
2.169322013854980469e+00
2.598826646804809570e+00
2.200196981430053711e+00
1.241505384445190430e+00
1.489931106567382812e+00
1.645488977432250977e+00
1.576447367668151855e+00
1.951791286468505859e+00
2.303816556930541992e+00
2.073721170425415039e+00
9.233821630477905273e-01
7.655941247940063477e-01
1.676069855690002441e+00
3.045844554901123047e+00
2.170115947723388672e+00
2.662322998046875000e+00
2.570670604705810547e+00
1.435266017913818359e+00
1.311898112297058105e+00
1.320671439170837402e+00
1.539395093917846680e+00
1.324019074440002441e+00
9.125158190727233887e-01
7.426828145980834961e-01
6.244902014732360840e-01
8.306030631065368652e-01
7.427930235862731934e-01
4.888432323932647705e-01
6.296563744544982910e-01
5.677839517593383789e-01
4.156757891178131104e-01
5.381715297698974609e-01
3.236507177352905273e-01
4.283306300640106201e-01
4.388093948364257812e-01
2.866762876510620117e-01
2.484725117683410645e-01
3.844842910766601562e-01
2.672136723995208740e-01
9.704086184501647949e-01
1.231557846069335938e+00
1.520017147064208984e+00
5.469443202018737793e-01
1.847200691699981689e-01
3.695278465747833252e-01
2.593382894992828369e-01
3.870725929737091064e-01
4.985813796520233154e-02
1.076514124870300293e-01
3.091010451316833496e-01
5.998095870018005371e-01
2.629953026771545410e-01
7.074190378189086914e-01
4.009191989898681641e-01
2.658070027828216553e-01
1.933322250843048096e-01
3.897943794727325439e-01
2.542526721954345703e-01
3.681891560554504395e-01
5.320646166801452637e-01
3.901671469211578369e-01
4.082408845424652100e-01
4.027860760688781738e-01
3.821634948253631592e-01
3.787008225917816162e-01
4.652702510356903076e-01
3.815741837024688721e-01
4.184003472328186035e-01
1.279494613409042358e-01
2.543963193893432617e-01
6.897729039192199707e-01
4.568905234336853027e-01
2.666937112808227539e-01
3.846166729927062988e-01
5.233609080314636230e-01
3.222536444664001465e-01
3.286151587963104248e-01
5.414543747901916504e-01
1.537611722946166992e+00
2.343430280685424805e+00
2.197506904602050781e+00
2.993774890899658203e+00
2.545580387115478516e+00
2.600327730178833008e+00
2.850224256515502930e+00
2.027558326721191406e+00
2.077179908752441406e+00
1.952447175979614258e+00
1.939811587333679199e+00
1.651941537857055664e+00
2.452153921127319336e+00
2.757012844085693359e+00
1.373378634452819824e+00
1.723894715309143066e+00
1.599474310874938965e+00
1.399577736854553223e+00
1.629115819931030273e+00
1.458565473556518555e+00
2.952708244323730469e+00
2.181470394134521484e+00
1.141998529434204102e+00
1.590374827384948730e+00
1.686512112617492676e+00
1.376577258110046387e+00
1.248940587043762207e+00
1.400430083274841309e+00
1.305179476737976074e+00
1.298123955726623535e+00
1.180545449256896973e+00
1.388933420181274414e+00
1.412525773048400879e+00
1.440876245498657227e+00
1.723732233047485352e+00
1.782230138778686523e+00
1.177895545959472656e+00
6.918880939483642578e-01
1.192628860473632812e+00
6.239657998085021973e-01
9.315351843833923340e-01
1.020709395408630371e+00
1.145085215568542480e+00
1.244982957839965820e+00
1.299141883850097656e+00
1.003501296043395996e+00
1.072413325309753418e+00
1.348762154579162598e+00
1.546269416809082031e+00
1.677349567413330078e+00
1.873704910278320312e+00
2.387186288833618164e+00
1.656598210334777832e+00
1.686427235603332520e+00
1.951845765113830566e+00
8.798249959945678711e-01
1.115147352218627930e+00
1.278303623199462891e+00
1.222903251647949219e+00
1.561997175216674805e+00
1.763775467872619629e+00
2.746601581573486328e+00
2.755828142166137695e+00
2.620218276977539062e+00
2.759058237075805664e+00
2.160638809204101562e+00
1.476922869682312012e+00
1.761766552925109863e+00
2.406008481979370117e+00
2.605795383453369141e+00
2.312540769577026367e+00
2.295688867568969727e+00
2.507454395294189453e+00
3.515793800354003906e+00
2.708379030227661133e+00
3.059003591537475586e+00
2.656722068786621094e+00
2.507280349731445312e+00
1.888792037963867188e+00
2.165101051330566406e+00
3.813119888305664062e+00
1.533685803413391113e+00
2.078831911087036133e+00
9.880344867706298828e-01
1.079235911369323730e+00
1.120056986808776855e+00
9.366767406463623047e-01
2.046591281890869141e+00
2.506868839263916016e+00
6.777035593986511230e-01
6.665107607841491699e-01
1.150509566068649292e-01
2.386559695005416870e-01
4.578959345817565918e-01
3.263303041458129883e-01
4.329053163528442383e-01
2.746746242046356201e-01
3.937907218933105469e-01
2.204396873712539673e-01
9.830088615417480469e-01
9.663105607032775879e-01
7.495336532592773438e-01
6.984044909477233887e-01
8.125230073928833008e-01
6.317619681358337402e-01
6.953732371330261230e-01
9.409109950065612793e-01
7.926424145698547363e-01
8.462806344032287598e-01
9.943293929100036621e-01
1.447543740272521973e+00
1.420469403266906738e+00
8.040917515754699707e-01
2.648449242115020752e-01
3.513688743114471436e-01
2.754982709884643555e-01
3.589654862880706787e-01
3.208603858947753906e-01
1.809550672769546509e-01
3.572904765605926514e-01
2.803448736667633057e-01
1.908489018678665161e-01
4.168075621128082275e-01
3.635977506637573242e-01
3.588539361953735352e-01
1.777179688215255737e-01
1.093151867389678955e-01
2.214316427707672119e-01
3.173179626464843750e-01
3.852133750915527344e-01
4.885389804840087891e-01
3.255992829799652100e-01
3.121657371520996094e-01
5.642651319503784180e-01
7.079442143440246582e-01
4.450031816959381104e-01
5.658732652664184570e-01
5.378344058990478516e-01
7.599093317985534668e-01
5.196743011474609375e-01
4.402516782283782959e-01
4.643117487430572510e-01
5.322515368461608887e-01
3.660224080085754395e-01
1.428411960601806641e+00
2.186478614807128906e+00
2.401358127593994141e+00
2.071096420288085938e+00
2.670895099639892578e+00
2.032930612564086914e+00
2.072569608688354492e+00
1.739216208457946777e+00
1.628670930862426758e+00
1.405886054039001465e+00
1.670283675193786621e+00
1.606591820716857910e+00
1.788240909576416016e+00
7.350757718086242676e-01
7.947814464569091797e-01
1.122020363807678223e+00
1.059704542160034180e+00
9.569816589355468750e-01
7.890347242355346680e-01
3.490151762962341309e-01
3.941089510917663574e-01
4.082384407520294189e-01
3.155464529991149902e-01
5.614544749259948730e-01
8.702833652496337891e-01
8.213908672332763672e-01
6.250476837158203125e-01
1.505232810974121094e+00
1.548195242881774902e+00
1.723129987716674805e+00
9.845418930053710938e-01
1.045502901077270508e+00
1.289845824241638184e+00
1.785636901855468750e+00
1.102547645568847656e+00
5.472080111503601074e-01
1.656526088714599609e+00
2.045636892318725586e+00
1.881143093109130859e+00
1.909895896911621094e+00
2.532569408416748047e+00
2.401266098022460938e+00
2.129946231842041016e+00
2.224225044250488281e+00
1.985062599182128906e+00
1.645488739013671875e+00
1.430209755897521973e+00
2.324292421340942383e+00
2.385799169540405273e+00
2.494026184082031250e+00
3.059742450714111328e+00
2.615813493728637695e+00
1.153560876846313477e+00
1.169184446334838867e+00
1.362967848777770996e+00
2.496893882751464844e+00
2.240043401718139648e+00
3.051341295242309570e+00
3.404755115509033203e+00
3.809553146362304688e+00
2.406174182891845703e+00
2.760728597640991211e+00
3.667004823684692383e+00
2.694459915161132812e+00
2.750648498535156250e+00
2.163532733917236328e+00
2.332899808883666992e+00
1.571051955223083496e+00
1.811436653137207031e+00
1.876994371414184570e+00
1.997703433036804199e+00
2.015307426452636719e+00
1.797209382057189941e+00
2.535723924636840820e+00
2.524443387985229492e+00
3.029434442520141602e+00
2.475610256195068359e+00
1.883527755737304688e+00
2.011530399322509766e+00
1.785969972610473633e+00
1.804444670677185059e+00
1.741730332374572754e+00
1.849980354309082031e+00
1.695415735244750977e+00
1.820794343948364258e+00
1.812561631202697754e+00
2.034938335418701172e+00
1.528952717781066895e+00
1.821465969085693359e+00
1.688979625701904297e+00
1.637630343437194824e+00
1.859713792800903320e+00
1.844501614570617676e+00
1.897167921066284180e+00
1.674620151519775391e+00
1.851733446121215820e+00
1.988577961921691895e+00
1.735616564750671387e+00
1.749444484710693359e+00
1.934384346008300781e+00
1.776451587677001953e+00
1.772800922393798828e+00
2.104936361312866211e+00
2.009103775024414062e+00
1.840886831283569336e+00
2.719621181488037109e+00
1.958802461624145508e+00
1.959874987602233887e+00
1.728444218635559082e+00
2.041577577590942383e+00
2.001652479171752930e+00
1.559566736221313477e+00
1.664089083671569824e+00
1.915500402450561523e+00
1.612942337989807129e+00
1.668971300125122070e+00
1.795418977737426758e+00
1.898434281349182129e+00
8.853294253349304199e-01
5.789830684661865234e-01
9.640599489212036133e-01
6.445354819297790527e-01
6.904680132865905762e-01
1.460277795791625977e+00
1.631600975990295410e+00
7.752862572669982910e-01
4.545648097991943359e-01
6.375791430473327637e-01
5.183402895927429199e-01
5.656270980834960938e-01
6.660497188568115234e-01
4.940116107463836670e-01
3.972939848899841309e-01
4.271980524063110352e-01
4.997265636920928955e-01
3.276210129261016846e-01
3.674126267433166504e-01
4.299458861351013184e-01
5.002264976501464844e-01
2.896581888198852539e-01
3.166058361530303955e-01
5.159509778022766113e-01
3.280346393585205078e-01
4.597666561603546143e-01
4.684651494026184082e-01
3.255011439323425293e-01
4.212624728679656982e-01
3.063186705112457275e-01
1.962382197380065918e-01
3.851580023765563965e-01
4.075468778610229492e-01
3.316806852817535400e-01
2.486117482185363770e-01
3.217572569847106934e-01
4.217470586299896240e-01
1.361871957778930664e+00
8.123996257781982422e-01
4.780832231044769287e-01
4.538173377513885498e-01
1.181590318679809570e+00
1.037738323211669922e+00
1.351657152175903320e+00
1.433212518692016602e+00
1.767638802528381348e+00
1.163127660751342773e+00
1.164015769958496094e+00
1.276671051979064941e+00
1.161334753036499023e+00
3.892990946769714355e-01
4.277221262454986572e-01
6.149326562881469727e-01
7.790057659149169922e-01
5.085387825965881348e-01
6.716147065162658691e-01
2.948582649230957031e+00
2.390883684158325195e+00
1.556101799011230469e+00
1.699449896812438965e+00
1.658429741859436035e+00
1.315160751342773438e+00
6.426697373390197754e-01
1.382377505302429199e+00
8.603763580322265625e-01
1.007138252258300781e+00
1.161748409271240234e+00
2.024163007736206055e+00
1.615697026252746582e+00
1.716577410697937012e+00
1.958565592765808105e+00
1.705162882804870605e+00
1.630737066268920898e+00
1.414067625999450684e+00
8.605572581291198730e-01
1.987371683120727539e+00
3.353218078613281250e+00
3.713233470916748047e+00
2.987947702407836914e+00
3.167531013488769531e+00
3.266615629196166992e+00
3.750527858734130859e+00
3.736887216567993164e+00
2.281993389129638672e+00
2.453879833221435547e+00
2.577423334121704102e+00
2.358925104141235352e+00
2.192412137985229492e+00
2.361581802368164062e+00
2.156850576400756836e+00
2.211705207824707031e+00
2.258927106857299805e+00
2.880839109420776367e+00
2.622608900070190430e+00
2.506142139434814453e+00
2.416907787322998047e+00
2.829509973526000977e+00
2.374672889709472656e+00
1.901631832122802734e+00
1.822464227676391602e+00
1.926260352134704590e+00
2.180235862731933594e+00
1.356148004531860352e+00
1.254669189453125000e+00
1.211456060409545898e+00
2.081563234329223633e+00
1.713408350944519043e+00
2.645452737808227539e+00
2.865350961685180664e+00
1.823219060897827148e+00
2.612038135528564453e+00
2.824206590652465820e+00
2.906654357910156250e+00
2.524671077728271484e+00
1.705408215522766113e+00
3.537160396575927734e+00
2.803874731063842773e+00
1.289612054824829102e+00
1.349909186363220215e+00
1.418470978736877441e+00
7.973456382751464844e-01
6.096653342247009277e-01
1.195250630378723145e+00
6.083205938339233398e-01
5.478126406669616699e-01
4.485793411731719971e-01
4.864656925201416016e-01
2.866776287555694580e-01
3.531781733036041260e-01
3.290748298168182373e-01
3.318925499916076660e-01
3.769024610519409180e-01
3.079580664634704590e-01
4.523298144340515137e-01
3.780851960182189941e-01
9.699119627475738525e-02
1.918137222528457642e-01
2.648194432258605957e-01
3.634782433509826660e-01
1.256577223539352417e-01
8.018734306097030640e-02
2.942095696926116943e-01
2.994259297847747803e-01
2.151389122009277344e-01
1.970881968736648560e-01
3.164789378643035889e-01
5.178608894348144531e-01
9.479402750730514526e-02
3.657368123531341553e-01
5.840409994125366211e-01
3.775545358657836914e-01
4.269842505455017090e-01
1.442484140396118164e+00
1.355826973915100098e+00
1.195887804031372070e+00
3.412269651889801025e-01
4.638934731483459473e-01
4.951030611991882324e-01
3.923108577728271484e-01
1.981229037046432495e-01
3.302167356014251709e-01
3.502634167671203613e-01
2.825711071491241455e-01
2.126607894897460938e-01
5.186340808868408203e-01
5.929820537567138672e-01
5.571755766868591309e-01
5.085522532463073730e-01
3.690769672393798828e-01
5.059844851493835449e-01
2.409831523895263672e+00
2.058011293411254883e+00
2.120834112167358398e+00
1.867717742919921875e+00
2.259239196777343750e+00
2.460487842559814453e+00
4.515549659729003906e+00
3.373505115509033203e+00
1.593844294548034668e+00
2.284412860870361328e+00
1.710610628128051758e+00
1.293623805046081543e+00
1.746214509010314941e+00
2.033182382583618164e+00
1.434011220932006836e+00
1.243560552597045898e+00
1.205007076263427734e+00
1.201203703880310059e+00
1.524066329002380371e+00
1.198215723037719727e+00
1.236944675445556641e+00
1.358062863349914551e+00
1.474471092224121094e+00
1.163960337638854980e+00
1.278192639350891113e+00
1.355644226074218750e+00
1.220253229141235352e+00
1.272082924842834473e+00
1.162588834762573242e+00
1.218699693679809570e+00
1.517819166183471680e+00
2.375105142593383789e+00
3.666046142578125000e+00
3.051583766937255859e+00
2.972468614578247070e+00
2.206400871276855469e+00
1.496923804283142090e+00
1.183106660842895508e+00
2.561218023300170898e+00
3.304628133773803711e+00
3.227954149246215820e+00
3.046724557876586914e+00
2.515399694442749023e+00
1.016623735427856445e+00
6.724008321762084961e-01
6.517023444175720215e-01
2.970714271068572998e-01
8.367976546287536621e-01
8.972831368446350098e-01
4.901950657367706299e-01
5.669896602630615234e-01
3.110910058021545410e-01
4.247643351554870605e-01
6.314607858657836914e-01
5.475303530693054199e-01
5.525948405265808105e-01
5.117663145065307617e-01
8.402891159057617188e-01
6.593860983848571777e-01
7.205072045326232910e-01
7.747383117675781250e-01
6.258625984191894531e-01
1.208576679229736328e+00
9.282588958740234375e-01
8.933881521224975586e-01
7.400588989257812500e-01
1.021044135093688965e+00
1.041133761405944824e+00
1.357460856437683105e+00
1.532035470008850098e+00
1.090394139289855957e+00
1.547562003135681152e+00
1.734984159469604492e+00
1.486627340316772461e+00
1.563179612159729004e+00
1.783524513244628906e+00
1.700051784515380859e+00
2.635000228881835938e+00
1.386734008789062500e+00
2.373078346252441406e+00
2.655278682708740234e+00
3.099327802658081055e+00
2.572156906127929688e+00
3.747202634811401367e+00
3.077158689498901367e+00
1.271216034889221191e+00
1.165106654167175293e+00
1.201810240745544434e+00
8.991472721099853516e-01
1.803586840629577637e+00
1.755197286605834961e+00
2.939855813980102539e+00
1.947318792343139648e+00
8.709110617637634277e-01
1.278332352638244629e+00
1.145880937576293945e+00
9.352256655693054199e-01
7.649565935134887695e-01
1.013279676437377930e+00
9.200844764709472656e-01
5.030557513236999512e-01
4.284893274307250977e-01
2.804945409297943115e-01
5.076197385787963867e-01
5.160397887229919434e-01
5.914545059204101562e-01
3.681943714618682861e-01
3.529208004474639893e-01
2.958626747131347656e-01
4.260630011558532715e-01
4.377724826335906982e-01
1.377829909324645996e-01
2.523915469646453857e-01
2.316801697015762329e-01
3.971391022205352783e-01
3.700848221778869629e-01
4.979295730590820312e-01
1.062056779861450195e+00
1.358559727668762207e+00
1.132870793342590332e+00
1.256072402000427246e+00
7.777602672576904297e-01
1.374559998512268066e-01
2.069052755832672119e-01
2.053591012954711914e-01
2.881681919097900391e-01
3.969743847846984863e-01
5.039029717445373535e-01
3.814028799533843994e-01
4.270114004611968994e-01
4.687022268772125244e-01
3.043690323829650879e-01
2.104422450065612793e-01
3.837061226367950439e-01
3.823071122169494629e-01
3.070771098136901855e-01
2.794283032417297363e-01
3.079783320426940918e-01
4.692844152450561523e-01
4.482424557209014893e-01
6.621572375297546387e-01
3.747143447399139404e-01
3.857552707195281982e-01
1.691522359848022461e+00
2.364039182662963867e+00
2.864796876907348633e+00
2.798829793930053711e+00
2.579626083374023438e+00
2.676596403121948242e+00
2.080855369567871094e+00
2.236273288726806641e+00
2.463818550109863281e+00
2.661667346954345703e+00
1.714541673660278320e+00
1.408793449401855469e+00
1.391565799713134766e+00
1.537189364433288574e+00
1.446601390838623047e+00
1.611018419265747070e+00
1.544358968734741211e+00
1.547161102294921875e+00
1.819725394248962402e+00
1.417453289031982422e+00
1.314061641693115234e+00
1.558700799942016602e+00
1.413490891456604004e+00
1.759567975997924805e+00
1.667207479476928711e+00
1.325073242187500000e+00
1.435808539390563965e+00
1.285674095153808594e+00
1.549934148788452148e+00
1.228764295578002930e+00
2.809484601020812988e-01
5.939104557037353516e-01
3.757868707180023193e-01
3.029568791389465332e-01
3.257760703563690186e-01
3.172976672649383545e-01
3.767919838428497314e-01
5.349201560020446777e-01
4.840492606163024902e-01
4.973857700824737549e-01
4.426889717578887939e-01
3.792676329612731934e-01
6.177007555961608887e-01
3.185250759124755859e-01
3.262976706027984619e-01
2.857281565666198730e-01
2.798115015029907227e-01
2.953158318996429443e-01
3.590970635414123535e-01
3.892513811588287354e-01
4.503425955772399902e-01
3.274228572845458984e-01
2.923213243484497070e-01
3.857330679893493652e-01
3.840465545654296875e-01
3.607786595821380615e-01
2.807702720165252686e-01
3.968921303749084473e-01
3.473588228225708008e-01
3.843570947647094727e-01
2.731276154518127441e-01
1.525337100028991699e+00
8.037277460098266602e-01
8.443953990936279297e-01
1.147146344184875488e+00
1.261438608169555664e+00
9.459788203239440918e-01
2.388755798339843750e+00
2.158239126205444336e+00
2.153547525405883789e+00
2.432523488998413086e+00
2.051512956619262695e+00
1.923513412475585938e+00
2.783650398254394531e+00
1.888202786445617676e+00
1.682794332504272461e+00
2.138962745666503906e+00
1.882126212120056152e+00
1.914170265197753906e+00
2.691044569015502930e+00
2.167572259902954102e+00
1.594043016433715820e+00
1.844933629035949707e+00
1.828128099441528320e+00
2.791996479034423828e+00
2.795841455459594727e+00
3.168403625488281250e+00
2.522262811660766602e+00
2.511470317840576172e+00
2.242080926895141602e+00
2.648438215255737305e+00
2.317924737930297852e+00
1.545887827873229980e+00
1.175582408905029297e+00
1.054567098617553711e+00
8.854889273643493652e-01
6.071652770042419434e-01
8.104798793792724609e-01
6.274816989898681641e-01
7.930573821067810059e-01
6.744511127471923828e-01
4.833061695098876953e-01
2.567258775234222412e-01
6.093881726264953613e-01
3.969077765941619873e-01
3.561041653156280518e-01
3.201329410076141357e-01
4.090944230556488037e-01
5.196715593338012695e-01
3.569429218769073486e-01
3.952502906322479248e-01
3.108215630054473877e-01
2.807069718837738037e-01
3.118568360805511475e-01
2.456701248884201050e-01
3.301279246807098389e-01
4.003767371177673340e-01
2.907696366310119629e-01
3.759222924709320068e-01
3.438785970211029053e-01
3.907671570777893066e-01
4.419702887535095215e-01
3.781917989253997803e-01
3.205218911170959473e-01
2.831771373748779297e-01
3.358732759952545166e-01
4.031215608119964600e-01
3.937107026576995850e-01
2.906989455223083496e-01
3.726818859577178955e-01
3.305700421333312988e-01
4.491576850414276123e-01
3.838354945182800293e-01
1.340589046478271484e+00
1.688694000244140625e+00
1.457263231277465820e+00
1.207470178604125977e+00
4.283895492553710938e-01
3.367238044738769531e-01
5.418288111686706543e-01
4.840865135192871094e-01
4.864432215690612793e-01
5.492568612098693848e-01
5.181347131729125977e-01
5.694126486778259277e-01
2.646069526672363281e+00
2.269326686859130859e+00
2.449295520782470703e+00
2.262223482131958008e+00
2.630820989608764648e+00
2.708340883255004883e+00
3.112512826919555664e+00
2.430331707000732422e+00
1.866616368293762207e+00
1.527611017227172852e+00
1.308035850524902344e+00
1.578557848930358887e+00
1.668731212615966797e+00
1.584299921989440918e+00
1.244081616401672363e+00
1.082967400550842285e+00
1.341546177864074707e+00
1.188791155815124512e+00
1.303884387016296387e+00
1.176966309547424316e+00
1.366691708564758301e+00
1.488567471504211426e+00
1.579109668731689453e+00
1.290458202362060547e+00
1.287703514099121094e+00
1.387502074241638184e+00
1.404822826385498047e+00
1.242511868476867676e+00
1.199842572212219238e+00
1.441970467567443848e+00
1.462795853614807129e+00
1.441515445709228516e+00
1.415097713470458984e+00
1.618738770484924316e+00
1.311781406402587891e+00
1.361423850059509277e+00
1.828474640846252441e+00
1.274159312248229980e+00
1.252649426460266113e+00
9.326968193054199219e-01
3.653985559940338135e-01
3.549661338329315186e-01
2.615094184875488281e-01
3.548200428485870361e-01
4.074758887290954590e-01
5.029705166816711426e-01
3.429694175720214844e-01
2.479719966650009155e-01
3.281952440738677979e-01
4.982431232929229736e-01
1.630644202232360840e-01
1.357363015413284302e-01
2.921777069568634033e-01
4.381000101566314697e-01
1.014457821846008301e+00
8.475323915481567383e-01
9.327861666679382324e-01
1.017008543014526367e+00
8.894121050834655762e-01
8.152667284011840820e-01
7.535697221755981445e-01
8.895434141159057617e-01
1.104483604431152344e+00
1.123077630996704102e+00
1.161600708961486816e+00
1.124816179275512695e+00
1.522896289825439453e+00
1.529380559921264648e+00
1.611041784286499023e+00
1.798630237579345703e+00
2.204379320144653320e+00
2.000259160995483398e+00
2.047566175460815430e+00
1.794694542884826660e+00
1.317112922668457031e+00
1.850321531295776367e+00
2.761194944381713867e+00
2.451708793640136719e+00
2.932422399520874023e+00
4.082605838775634766e+00
3.090662002563476562e+00
2.576027154922485352e+00
2.708663940429687500e+00
1.676280617713928223e+00
1.081838965415954590e+00
1.229131579399108887e+00
2.470967292785644531e+00
2.618633508682250977e+00
1.465042471885681152e+00
1.618489861488342285e+00
1.669488549232482910e+00
1.033199787139892578e+00
1.146335840225219727e+00
1.370544910430908203e+00
1.064319491386413574e+00
8.054575920104980469e-01
9.697442054748535156e-01
9.333034157752990723e-01
6.230168938636779785e-01
5.547270178794860840e-01
6.719661355018615723e-01
6.230659484863281250e-01
5.391380190849304199e-01
4.266427457332611084e-01
3.415405452251434326e-01
4.680022001266479492e-01
4.566665887832641602e-01
4.626638591289520264e-01
4.602367281913757324e-01
2.515423893928527832e-01
5.032665133476257324e-01
6.120401024818420410e-01
4.895928800106048584e-01
4.822352826595306396e-01
5.057320594787597656e-01
5.120261311531066895e-01
4.940063953399658203e-01
4.517405033111572266e-01
5.187977552413940430e-01
4.612692594528198242e-01
5.990415215492248535e-01
1.466210603713989258e+00
1.197687029838562012e+00
1.406725645065307617e+00
1.342017412185668945e+00
3.312933743000030518e-01
3.667953610420227051e-01
7.040695548057556152e-01
5.442968010902404785e-01
6.177690029144287109e-01
5.166118144989013672e-01
4.373802542686462402e-01
3.827730715274810791e-01
5.235330462455749512e-01
3.254663348197937012e-01
3.632381260395050049e-01
4.501098990440368652e-01
6.715253591537475586e-01
4.008218944072723389e-01
3.215146660804748535e-01
3.632534742355346680e-01
5.510004162788391113e-01
3.941012918949127197e-01
4.508675038814544678e-01
2.645824909210205078e+00
3.077039957046508789e+00
2.794713973999023438e+00
2.668764591217041016e+00
2.979517221450805664e+00
2.542800426483154297e+00
2.699637889862060547e+00
2.343172073364257812e+00
1.989715456962585449e+00
1.412060618400573730e+00
1.615610957145690918e+00
1.559622883796691895e+00
1.508701801300048828e+00
1.298050999641418457e+00
1.093368887901306152e+00
1.215657472610473633e+00
1.197012424468994141e+00
1.261748075485229492e+00
1.230672478675842285e+00
1.232959628105163574e+00
1.227369070053100586e+00
1.023252248764038086e+00
1.055611371994018555e+00
1.311785817146301270e+00
1.403717160224914551e+00
1.274801731109619141e+00
1.163522124290466309e+00
1.270905733108520508e+00
1.194868445396423340e+00
1.196398496627807617e+00
1.142160773277282715e+00
1.229725003242492676e+00
1.383561372756958008e+00
1.230507254600524902e+00
1.302782535552978516e+00
1.263915419578552246e+00
2.373509168624877930e+00
1.341036081314086914e+00
1.171711921691894531e+00
9.113752841949462891e-01
9.077267646789550781e-01
1.397665858268737793e+00
5.086169242858886719e-01
4.409073293209075928e-01
3.293659389019012451e-01
1.117377400398254395e+00
3.237027823925018311e-01
2.723713815212249756e-01
3.077552318572998047e-01
3.963450491428375244e-01
3.558509051799774170e-01
2.576542496681213379e-01
3.509426414966583252e-01
2.769874632358551025e-01
2.722140550613403320e-01
3.259462714195251465e-01
4.353110790252685547e-01
2.710066437721252441e-01
4.329741299152374268e-01
6.817881464958190918e-01
7.388638257980346680e-01
6.070507168769836426e-01
6.652868986129760742e-01
6.379700303077697754e-01
5.093449354171752930e-01
7.744941115379333496e-01
8.053610920906066895e-01
8.313302397727966309e-01
1.031542301177978516e+00
3.190373420715332031e+00
3.135593652725219727e+00
3.169819116592407227e+00
3.213177919387817383e+00
3.190589189529418945e+00
2.434395074844360352e+00
2.159187555313110352e+00
2.941946029663085938e+00
3.103787422180175781e+00
2.629519462585449219e+00
3.329896450042724609e+00
3.053334712982177734e+00
1.506846189498901367e+00
1.883965969085693359e+00
2.126062631607055664e+00
1.807100415229797363e+00
2.832381010055541992e+00
1.416014552116394043e+00
3.068173646926879883e+00
2.359502553939819336e+00
1.029047727584838867e+00
1.511577129364013672e+00
1.619952201843261719e+00
1.070103168487548828e+00
8.625373840332031250e-01
1.203724861145019531e+00
9.582183957099914551e-01
7.594189643859863281e-01
1.049165487289428711e+00
7.600483298301696777e-01
2.413182705640792847e-01
2.998806536197662354e-01
2.923679053783416748e-01
5.162990689277648926e-01
3.234300613403320312e-01
2.807173728942871094e-01
4.533664584159851074e-01
4.540823996067047119e-01
2.828117609024047852e-01
2.772418260574340820e-01
3.223651945590972900e-01
1.784308999776840210e-01
2.902554571628570557e-01
3.312475979328155518e-01
2.984567284584045410e-01
3.319454491138458252e-01
3.127210438251495361e-01
2.034297138452529907e-01
1.358616471290588379e+00
1.303578734397888184e+00
1.077387332916259766e+00
5.960440039634704590e-01
3.245330452919006348e-01
2.954389154911041260e-01
1.260844916105270386e-01
3.063745796680450439e-01
3.218835890293121338e-01
3.337120115756988525e-01
2.294279038906097412e-01
2.730037271976470947e-01
4.389182031154632568e-01
1.602762937545776367e-01
1.134274750947952271e-01
8.745422959327697754e-02
3.772785067558288574e-01
1.891119480133056641e-01
2.831102609634399414e-01
3.772083520889282227e-01
3.708511888980865479e-01
5.118427872657775879e-01
5.376652479171752930e-01
7.826392054557800293e-01
3.902499377727508545e-01
4.032989144325256348e-01
1.979769229888916016e+00
1.804703235626220703e+00
2.331308603286743164e+00
2.679496288299560547e+00
2.765974521636962891e+00
1.902627706527709961e+00
1.791723251342773438e+00
2.095497846603393555e+00
1.436662077903747559e+00
1.942903041839599609e+00
1.660413980484008789e+00
1.777726173400878906e+00
1.747338294982910156e+00
1.241191029548645020e+00
1.347904801368713379e+00
1.257425546646118164e+00
1.237230539321899414e+00
1.129809379577636719e+00
1.180335044860839844e+00
1.341019153594970703e+00
1.164915919303894043e+00
1.260921716690063477e+00
1.303349256515502930e+00
1.223104357719421387e+00
1.387279748916625977e+00
1.211340069770812988e+00
1.200992345809936523e+00
1.422366738319396973e+00
1.168009042739868164e+00
1.349063038825988770e+00
1.365717530250549316e+00
1.236937522888183594e+00
1.148838162422180176e+00
1.252626657485961914e+00
1.303762674331665039e+00
1.554421067237854004e+00
1.262297153472900391e+00
1.249638676643371582e+00
2.228541135787963867e+00
1.469154477119445801e+00
1.457495927810668945e+00
1.386114597320556641e+00
1.708731889724731445e+00
1.454776048660278320e+00
1.238118886947631836e+00
2.175158977508544922e+00
1.695912122726440430e+00
1.375468850135803223e+00
1.454732179641723633e+00
1.478857994079589844e+00
1.084530353546142578e+00
1.741336941719055176e+00
1.783954501152038574e+00
1.614379405975341797e+00
1.612886667251586914e+00
1.918433785438537598e+00
2.308772087097167969e+00
1.836614727973937988e+00
1.548238277435302734e+00
1.655077219009399414e+00
1.086523652076721191e+00
1.559977889060974121e+00
9.776327013969421387e-01
1.315982222557067871e+00
9.375968575477600098e-01
7.410560846328735352e-01
7.389186620712280273e-01
8.064075708389282227e-01
8.485693335533142090e-01
1.023508787155151367e+00
1.372747063636779785e+00
1.240728616714477539e+00
1.312347650527954102e+00
1.674029469490051270e+00
1.699646949768066406e+00
1.296575784683227539e+00
1.112512469291687012e+00
1.688275694847106934e+00
1.812035083770751953e+00
1.612039208412170410e+00
1.738794922828674316e+00
2.063491582870483398e+00
3.524534463882446289e+00
1.808826446533203125e+00
1.454973697662353516e+00
7.813399434089660645e-01
1.785892128944396973e+00
1.207591056823730469e+00
2.321638345718383789e+00
2.041314125061035156e+00
1.967935681343078613e+00
2.154663801193237305e+00
2.001314640045166016e+00
1.138394713401794434e+00
5.511952638626098633e-01
4.920932054519653320e-01
4.028441905975341797e-01
4.398942589759826660e-01
3.181070685386657715e-01
2.103092968463897705e-01
2.859734892845153809e-01
2.858238220214843750e-01
2.598851323127746582e-01
3.668715655803680420e-01
4.822100400924682617e-01
3.886275291442871094e-01
2.506359517574310303e-01
2.904182672500610352e-01
4.590835869312286377e-01
3.060544431209564209e-01
2.961844503879547119e-01
4.193070530891418457e-01
2.687809765338897705e-01
2.253723591566085815e-01
2.977470755577087402e-01
3.041223287582397461e-01
2.034179270267486572e-01
2.862804830074310303e-01
3.049786090850830078e-01
2.415024638175964355e-01
9.909355044364929199e-01
3.267666697502136230e-01
3.482584059238433838e-01
3.089278042316436768e-01
2.691603302955627441e-01
3.693540692329406738e-01
3.196176290512084961e-01
1.901913434267044067e-01
3.081677556037902832e-01
3.599996566772460938e-01
2.278814464807510376e-01
3.026274144649505615e-01
5.541964173316955566e-01
3.011061549186706543e-01
3.508606851100921631e-01
4.426053762435913086e-01
4.987233579158782959e-01
1.426469683647155762e+00
1.360400319099426270e+00
1.284690618515014648e+00
1.235890030860900879e+00
5.115166306495666504e-01
4.877451956272125244e-01
6.911718845367431641e-01
4.456431865692138672e-01
1.628381252288818359e+00
2.143016576766967773e+00
2.662427425384521484e+00
2.814071178436279297e+00
2.228603363037109375e+00
2.551706314086914062e+00
2.506058692932128906e+00
2.642686605453491211e+00
2.305748939514160156e+00
2.296436309814453125e+00
2.207232475280761719e+00
1.251173138618469238e+00
1.611588835716247559e+00
1.372287631034851074e+00
2.952203512191772461e+00
1.406158804893493652e+00
1.301957726478576660e+00
1.303329348564147949e+00
1.347465157508850098e+00
1.560674667358398438e+00
8.256547451019287109e-01
2.202199459075927734e+00
2.231147527694702148e+00
4.828522801399230957e-01
1.095443010330200195e+00
1.942934870719909668e+00
1.816755771636962891e+00
2.449824810028076172e+00
3.504723072052001953e+00
3.290379524230957031e+00
2.197763919830322266e+00
1.709177374839782715e+00
2.755648851394653320e+00
1.719563722610473633e+00
6.639265418052673340e-01
9.921391010284423828e-01
8.608730435371398926e-01
8.006339669227600098e-01
2.941793918609619141e+00
7.533501982688903809e-01
1.057167172431945801e+00
1.605906248092651367e+00
1.520939707756042480e+00
1.434112668037414551e+00
7.961612343788146973e-01
1.285800457000732422e+00
2.696158647537231445e+00
5.168897509574890137e-01
4.193111658096313477e-01
3.653124868869781494e-01
4.205747544765472412e-01
1.605237960815429688e+00
1.292731523513793945e+00
1.455509305000305176e+00
1.400874733924865723e+00
1.684893369674682617e+00
1.644356131553649902e+00
1.581282734870910645e+00
1.506031513214111328e+00
1.460499763488769531e+00
1.486312150955200195e+00
1.470173239707946777e+00
1.480817556381225586e+00
1.832647442817687988e+00
2.138921499252319336e+00
2.319071769714355469e+00
1.949309349060058594e+00
2.461224555969238281e+00
3.132998704910278320e+00
4.806704044342041016e+00
4.855231761932373047e+00
4.653725624084472656e+00
4.684420585632324219e+00
3.759170770645141602e+00
3.681838989257812500e+00
3.472882747650146484e+00
2.965390205383300781e+00
2.443436622619628906e+00
3.162762641906738281e+00
3.457528114318847656e+00
2.773573160171508789e+00
3.063561201095581055e+00
2.679011344909667969e+00
1.669501900672912598e+00
1.844620943069458008e+00
1.881474733352661133e+00
1.967302203178405762e+00
2.114176511764526367e+00
2.666504621505737305e+00
1.880723714828491211e+00
1.939993500709533691e+00
1.739136457443237305e+00
2.062372207641601562e+00
1.563607215881347656e+00
1.764547348022460938e+00
1.106062650680541992e+00
1.112378716468811035e+00
8.708860874176025391e-01
9.843226075172424316e-01
9.573935866355895996e-01
1.013586640357971191e+00
8.701137304306030273e-01
7.570390105247497559e-01
6.108587384223937988e-01
6.482917666435241699e-01
5.179877877235412598e-01
4.786731004714965820e-01
5.578383207321166992e-01
5.214296579360961914e-01
3.755459487438201904e-01
4.483405947685241699e-01
3.505649268627166748e-01
2.896110415458679199e-01
2.183932662010192871e-01
2.485887259244918823e-01
1.342809796333312988e+00
1.244271874427795410e+00
1.242862462997436523e+00
1.318040132522583008e+00
1.309034079313278198e-01
-4.023757355753332376e-04
2.159877866506576538e-01
2.657680809497833252e-01
2.418768852949142456e-01
4.658116102218627930e-01
5.214934945106506348e-01
4.309967756271362305e-01
9.717511385679244995e-02
4.942728281021118164e-01
6.343245506286621094e-01
5.678897500038146973e-01
2.645815014839172363e-01
-4.795068874955177307e-03
3.621020019054412842e-01
2.714372575283050537e-01
2.310489267110824585e-01
2.513644993305206299e-01
4.267282485961914062e-01
2.834690511226654053e-01
2.724464833736419678e-01
1.360123157501220703e-01
2.375546395778656006e-01
2.981173992156982422e-01
1.450674235820770264e-01
9.466711431741714478e-02
1.149616003036499023e+00
1.416438221931457520e+00
1.457171678543090820e+00
2.306756496429443359e+00
2.634799480438232422e+00
2.715084552764892578e+00
1.875018954277038574e+00
2.253957509994506836e+00
1.587179899215698242e+00
1.519098043441772461e+00
1.645810484886169434e+00
1.543629288673400879e+00
1.312269330024719238e+00
1.251185774803161621e+00
1.302382349967956543e+00
9.867579936981201172e-01
1.444423437118530273e+00
1.245180010795593262e+00
3.633381724357604980e-01
4.130153954029083252e-01
2.925523817539215088e-01
5.218410491943359375e-01
1.947010755538940430e-01
3.119648098945617676e-01
5.464221239089965820e-01
1.698127090930938721e-01
1.969127655029296875e-01
2.622160613536834717e-01
3.328508138656616211e-01
2.008888274431228638e-01
3.516086935997009277e-01
6.466235518455505371e-01
2.967318296432495117e-01
3.476383984088897705e-01
4.966829717159271240e-01
5.238148570060729980e-01
3.914422392845153809e-01
2.592522203922271729e-01
3.121449053287506104e-01
2.281089425086975098e-01
2.667778730392456055e-01
3.391197025775909424e-01
3.776885569095611572e-01
3.488449752330780029e-01
3.722677230834960938e-01
4.065987765789031982e-01
3.768717646598815918e-01
2.486462891101837158e-01
2.660854756832122803e-01
2.082639783620834351e-01
2.163213640451431274e-01
2.601318061351776123e-01
3.749601840972900391e-01
2.220352143049240112e-01
5.733045935630798340e-01
3.785582780838012695e-01
2.000191211700439453e-01
2.302214205265045166e-01
5.133969187736511230e-01
4.139922857284545898e-01
7.098242640495300293e-01
4.710685312747955322e-01
4.017798602581024170e-01
2.749514579772949219e-01
1.826107263565063477e+00
1.367391228675842285e+00
1.288570761680603027e+00
5.852072834968566895e-01
2.088831663131713867e-01
5.774782896041870117e-01
2.278227955102920532e-01
3.605703413486480713e-01
5.031782984733581543e-01
6.800314784049987793e-01
3.214431405067443848e-01
4.856346249580383301e-01
3.599357903003692627e-01
4.694579243659973145e-01
3.764356672763824463e-01
5.022965073585510254e-01
5.355980396270751953e-01
2.946749925613403320e-01
2.711272537708282471e-01
1.408585071563720703e+00
1.729408264160156250e+00
1.379780173301696777e+00
1.215891838073730469e+00
1.491966724395751953e+00
7.149937152862548828e-01
9.160212874412536621e-01
1.442083954811096191e+00
1.890778660774230957e+00
1.733174562454223633e+00
1.450695872306823730e+00
1.176180481910705566e+00
1.002445459365844727e+00
3.743086755275726318e-01
2.830189764499664307e-01
3.452266156673431396e-01
4.608443975448608398e-01
2.926680445671081543e-01
1.735821068286895752e-01
3.927094042301177979e-01
5.117095708847045898e-01
2.018451541662216187e-01
2.206123769283294678e-01
5.176037549972534180e-01
3.628658950328826904e-01
3.032657802104949951e-01
3.441636562347412109e-01
4.944301545619964600e-01
3.531162440776824951e-01
3.792111873626708984e-01
4.169931113719940186e-01
3.859285116195678711e-01
3.010658621788024902e-01
4.176035225391387939e-01
3.565550744533538818e-01
2.085265666246414185e-01
3.098197281360626221e-01
3.752348423004150391e-01
2.862341403961181641e-01
1.989928930997848511e-01
2.899854481220245361e-01
3.898703157901763916e-01
2.918811142444610596e-01
5.161970853805541992e-01
3.991838693618774414e-01
2.038164734840393066e-01
4.129923880100250244e-01
6.375923156738281250e-01
1.911229938268661499e-01
3.124710917472839355e-01
3.965459465980529785e-01
2.827813327312469482e-01
1.156898811459541321e-01
3.191483914852142334e-01
3.802549540996551514e-01
4.350693225860595703e-01
4.061810374259948730e-01
4.511898458003997803e-01
1.189083933830261230e+00
1.015921711921691895e+00
2.111188173294067383e+00
2.481022596359252930e+00
2.012481927871704102e+00
1.986307621002197266e+00
2.154111623764038086e+00
1.838077902793884277e+00
1.922005891799926758e+00
2.554144144058227539e+00
1.868962645530700684e+00
1.750326514244079590e+00
2.256738901138305664e+00
2.831203222274780273e+00
2.504262208938598633e+00
2.661156177520751953e+00
1.223741173744201660e+00
1.747360587120056152e+00
1.609965920448303223e+00
1.410516381263732910e+00
1.528073430061340332e+00
1.634778618812561035e+00
2.969944715499877930e+00
2.592629671096801758e+00
3.507433414459228516e+00
3.086154460906982422e+00
2.792432069778442383e+00
1.609981060028076172e+00
2.709698677062988281e+00
2.985976457595825195e+00
2.632325172424316406e+00
2.876733064651489258e+00
1.870209574699401855e+00
1.823422670364379883e+00
2.061326026916503906e+00
1.603751897811889648e+00
1.687430620193481445e+00
1.785834550857543945e+00
1.895548820495605469e+00
1.873388051986694336e+00
1.983959913253784180e+00
2.139897346496582031e+00
1.806708216667175293e+00
1.720030546188354492e+00
2.292939662933349609e+00
2.179051160812377930e+00
1.243350625038146973e+00
1.608775019645690918e+00
1.390807390213012695e+00
1.482680320739746094e+00
1.686511635780334473e+00
1.880870342254638672e+00
2.505837917327880859e+00
2.482061147689819336e+00
5.428958535194396973e-01
6.900478005409240723e-01
7.038632035255432129e-01
6.654272675514221191e-01
9.277526736259460449e-01
8.298906683921813965e-01
6.767957210540771484e-01
8.455651998519897461e-01
8.434653282165527344e-01
7.701211571693420410e-01
8.732307553291320801e-01
7.858253121376037598e-01
7.711974978446960449e-01
7.124081850051879883e-01
6.416813135147094727e-01
1.092921853065490723e+00
8.282847404479980469e-01
3.693615913391113281e+00
3.683569431304931641e+00
4.336322307586669922e+00
3.357672452926635742e+00
3.195618391036987305e+00
3.406419277191162109e+00
2.007184982299804688e+00
1.227116703987121582e+00
2.028529882431030273e+00
3.558443546295166016e+00
2.580947160720825195e+00
1.824804425239562988e+00
1.441803574562072754e+00
1.627887248992919922e+00
1.456334590911865234e+00
1.966240286827087402e+00
2.192973375320434570e+00
1.986378312110900879e+00
2.201443910598754883e+00
2.394153833389282227e+00
2.769229412078857422e+00
2.419928789138793945e+00
2.454384565353393555e+00
1.892836689949035645e+00
2.084040880203247070e+00
1.338582158088684082e+00
3.674491047859191895e-01
5.177189111709594727e-01
2.952245771884918213e-01
4.234026074409484863e-01
2.499731928110122681e-01
3.643254637718200684e-01
1.124308556318283081e-01
2.896918952465057373e-01
6.115384697914123535e-01
3.735696971416473389e-01
4.079106152057647705e-01
3.342514634132385254e-01
4.106789827346801758e-01
2.687094211578369141e-01
5.154137015342712402e-01
2.461541891098022461e-01
3.643010854721069336e-01
2.433219254016876221e-01
2.340714037418365479e-01
4.006396234035491943e-01
3.942007720470428467e-01
3.043942451477050781e-01
4.611124694347381592e-01
2.954076528549194336e-01
2.763564884662628174e-01
2.517572939395904541e-01
2.961411476135253906e-01
1.701569706201553345e-01
3.632956743240356445e-01
2.857876420021057129e-01
7.071890681982040405e-02
2.059133201837539673e-01
4.560715258121490479e-01
4.487413167953491211e-01
1.086025312542915344e-01
3.895254731178283691e-01
3.504300713539123535e-01
1.589713059365749359e-02
4.805715084075927734e-01
3.993313312530517578e-01
6.296949982643127441e-01
6.856688261032104492e-01
4.384374320507049561e-01
6.402477622032165527e-01
6.240866780281066895e-01
4.076669216156005859e-01
5.855501890182495117e-01
3.021373152732849121e-01
6.608958840370178223e-01
1.608835816383361816e+00
2.247297048568725586e+00
2.452843189239501953e+00
2.329317331314086914e+00
2.376800537109375000e+00
2.278015375137329102e+00
2.509412527084350586e+00
2.750898599624633789e+00
1.670215368270874023e+00
2.294685602188110352e+00
2.065516948699951172e+00
1.171625852584838867e+00
1.263372182846069336e+00
1.362241387367248535e+00
1.456889867782592773e+00
1.331331968307495117e+00
1.079566955566406250e+00
1.398363471031188965e+00
1.368932723999023438e+00
1.671873450279235840e+00
1.317780852317810059e+00
1.304184198379516602e+00
1.700054764747619629e+00
1.427022576332092285e+00
1.577195882797241211e+00
1.738377571105957031e+00
1.432241439819335938e+00
1.372502803802490234e+00
1.820594072341918945e+00
2.358088493347167969e+00
1.762636542320251465e+00
1.403808355331420898e+00
1.562026262283325195e+00
1.858949899673461914e+00
8.585264682769775391e-01
7.630088329315185547e-01
6.644352674484252930e-01
7.424923181533813477e-01
4.117345511913299561e-01
2.480609178543090820e+00
8.752281069755554199e-01
5.851311087608337402e-01
5.143918991088867188e-01
7.683660984039306641e-01
1.663008809089660645e+00
1.655134201049804688e+00
1.855456829071044922e+00
2.797158956527709961e+00
7.171517014503479004e-01
4.814806878566741943e-01
5.057358741760253906e-01
2.679964900016784668e-01
3.573800921440124512e-01
4.683064222335815430e-01
4.403794109821319580e-01
3.173661828041076660e-01
6.768683791160583496e-01
5.433245897293090820e-01
7.014176845550537109e-01
6.336195468902587891e-01
7.739470005035400391e-01
1.149673342704772949e+00
1.196305632591247559e+00
1.256859779357910156e+00
7.768310308456420898e-01
7.413213849067687988e-01
9.696145653724670410e-01
1.482959151268005371e+00
1.375797748565673828e+00
1.891212344169616699e+00
1.932726144790649414e+00
2.016226291656494141e+00
1.857540726661682129e+00
3.920578718185424805e+00
2.580392837524414062e+00
2.148574590682983398e+00
2.478989839553833008e+00
2.332587480545043945e+00
1.540347576141357422e+00
1.192929267883300781e+00
3.041784048080444336e+00
2.904515504837036133e+00
3.270855426788330078e+00
2.649628877639770508e+00
2.946993827819824219e+00
2.224437236785888672e+00
1.924088716506958008e+00
1.680374264717102051e+00
1.763024687767028809e+00
1.468087077140808105e+00
1.135685205459594727e+00
1.488982439041137695e+00
1.218047857284545898e+00
7.408617138862609863e-01
8.647076487541198730e-01
8.564649820327758789e-01
5.124041438102722168e-01
7.068357467651367188e-01
6.003566980361938477e-01
6.183454394340515137e-01
4.827944338321685791e-01
6.747975349426269531e-01
3.175991773605346680e-01
4.385843575000762939e-01
5.910891294479370117e-01
4.987981915473937988e-01
4.158769845962524414e-01
3.599026203155517578e-01
2.625882625579833984e-01
2.397246658802032471e-01
1.717793643474578857e-01
2.077092081308364868e-01
4.137434065341949463e-01
2.179278582334518433e-01
1.418791115283966064e-01
2.537469565868377686e-01
7.957429885864257812e-01
1.906282454729080200e-01
2.429943829774856567e-01
4.371842741966247559e-01
1.426383972167968750e+00
1.356281161308288574e+00
1.154767990112304688e+00
1.046876668930053711e+00
3.486569523811340332e-01
3.411411643028259277e-01
1.949957311153411865e-01
3.900605142116546631e-01
2.418061643838882446e-01
5.136814117431640625e-01
2.841852605342864990e-01
3.029215037822723389e-01
2.622034549713134766e-01
2.239141464233398438e-01
5.614424347877502441e-01
3.589547872543334961e-01
5.305334925651550293e-01
4.897918701171875000e-01
3.345211744308471680e-01
4.946096837520599365e-01
4.499322772026062012e-01
4.452871382236480713e-01
2.945840060710906982e-01
7.249654531478881836e-01
2.208222150802612305e+00
1.778324842453002930e+00
1.862540006637573242e+00
1.640820264816284180e+00
2.837704420089721680e+00
2.066733837127685547e+00
3.910182476043701172e+00
2.825995683670043945e+00
1.252957463264465332e+00
1.577279806137084961e+00
1.679124116897583008e+00
1.356262326240539551e+00
1.528876304626464844e+00
1.651074886322021484e+00
1.139351606369018555e+00
1.106581568717956543e+00
1.559324741363525391e+00
1.395032048225402832e+00
1.502076625823974609e+00
1.457401394844055176e+00
1.064802408218383789e+00
1.431116223335266113e+00
2.091657400131225586e+00
1.345126986503601074e+00
1.164333701133728027e+00
1.251012802124023438e+00
1.286781191825866699e+00
1.003123521804809570e+00
1.305583238601684570e+00
1.532983660697937012e+00
1.587011575698852539e+00
1.142243027687072754e+00
1.384375929832458496e+00
1.406892299652099609e+00
2.249605178833007812e+00
1.235498070716857910e+00
1.309373974800109863e+00
1.844397544860839844e+00
1.215926051139831543e+00
1.956880450248718262e+00
2.743488550186157227e+00
1.379234194755554199e+00
1.690735220909118652e+00
1.608348250389099121e+00
1.518937468528747559e+00
1.503333568572998047e+00
1.709984302520751953e+00
2.578043222427368164e+00
2.452936649322509766e+00
1.836673140525817871e+00
1.632713556289672852e+00
1.541078805923461914e+00
1.218477606773376465e+00
1.514145970344543457e+00
1.884557247161865234e+00
1.606491208076477051e+00
2.649027705192565918e-01
5.476144552230834961e-01
1.373495936393737793e+00
1.076502084732055664e+00
9.895559549331665039e-01
2.525529384613037109e+00
2.195744752883911133e+00
2.252528190612792969e+00
2.385986566543579102e+00
2.298591375350952148e+00
7.947387099266052246e-01
1.039499044418334961e+00
1.969126820564270020e+00
2.539348363876342773e+00
2.541839838027954102e+00
2.383476257324218750e+00
2.376565456390380859e+00
1.976370215415954590e+00
1.699075937271118164e+00
1.804885149002075195e+00
1.830426692962646484e+00
2.072652578353881836e+00
1.775076746940612793e+00
2.202730894088745117e+00
2.849904060363769531e+00
2.698814153671264648e+00
2.527054548263549805e+00
2.157633304595947266e+00
2.168461799621582031e+00
1.981110692024230957e+00
1.976300835609436035e+00
1.925594568252563477e+00
2.093460798263549805e+00
1.334867596626281738e+00
8.233021497726440430e-01
1.058364391326904297e+00
9.627892374992370605e-01
7.404958009719848633e-01
4.110654592514038086e-01
3.889542818069458008e-01
3.306456804275512695e-01
4.421295523643493652e-01
2.498142123222351074e-01
3.472173810005187988e-01
4.829556047916412354e-01
4.159800410270690918e-01
3.276522755622863770e-01
3.719761073589324951e-01
3.549993038177490234e-01
3.576555848121643066e-01
2.975409626960754395e-01
3.139964342117309570e-01
1.940637975931167603e-01
5.444708466529846191e-02
3.695253729820251465e-01
3.000273108482360840e-01
3.164830505847930908e-01
2.945593297481536865e-01
4.100929796695709229e-01
4.271602332592010498e-01
2.026976048946380615e-01
2.956773638725280762e-01
1.867818385362625122e-01
1.560433954000473022e-01
2.333869785070419312e-01
2.291157096624374390e-01
1.802492588758468628e-01
3.194342553615570068e-01
2.638266384601593018e-01
2.516964375972747803e-01
7.332174479961395264e-02
3.973060250282287598e-01
3.838790655136108398e-01
2.506417036056518555e-01
2.263665050268173218e-01
2.342479228973388672e-01
4.508735239505767822e-01
1.470129966735839844e+00
1.473767280578613281e+00
1.730192184448242188e+00
1.231312870979309082e+00
3.653007149696350098e-01
5.457139015197753906e-01
5.211533308029174805e-01
5.439766645431518555e-01
3.557730615139007568e-01
1.513897895812988281e+00
9.156284928321838379e-01
2.470986127853393555e+00
1.631600260734558105e+00
2.078158855438232422e+00
2.966771125793457031e+00
2.154382228851318359e+00
2.316570281982421875e+00
3.445312738418579102e+00
1.886073589324951172e+00
2.001092195510864258e+00
1.586799979209899902e+00
2.209079265594482422e+00
1.616153120994567871e+00
7.270855903625488281e-01
1.703978776931762695e+00
2.431043148040771484e+00
1.245979785919189453e+00
5.652526617050170898e-01
1.152410745620727539e+00
8.581572771072387695e-01
5.619078874588012695e-01
7.856230139732360840e-01
1.004648327827453613e+00
8.315640091896057129e-01
7.053060531616210938e-01
4.521132707595825195e-01
5.440991520881652832e-01
3.051315546035766602e-01
5.861485600471496582e-01
1.643061637878417969e+00
1.388012647628784180e+00
1.355510711669921875e+00
5.693114995956420898e-01
2.458452731370925903e-01
8.574007749557495117e-01
4.957990050315856934e-01
6.398958563804626465e-01
5.263702273368835449e-01
5.834105610847473145e-01
4.398252069950103760e-01
4.641215205192565918e-01
4.255084991455078125e-01
4.203820526599884033e-01
4.546656906604766846e-01
3.617338836193084717e-01
3.889597356319427490e-01
3.947837948799133301e-01
3.098117709159851074e-01
2.983246147632598877e-01
2.539744675159454346e-01
2.900841236114501953e-01
2.096988856792449951e-01
3.376466929912567139e-01
2.835491001605987549e-01
2.787578701972961426e-01
1.779144853353500366e-01
3.621192574501037598e-01
3.235945105552673340e-01
3.301912248134613037e-01
1.048783659934997559e+00
6.826723814010620117e-01
9.213628768920898438e-01
6.878018379211425781e-01
1.309818863868713379e+00
1.489115595817565918e+00
1.970861077308654785e+00
1.368028163909912109e+00
1.784479141235351562e+00
1.684699535369873047e+00
1.784067749977111816e+00
1.997272849082946777e+00
2.171870231628417969e+00
2.635352849960327148e+00
2.875366449356079102e+00
2.949014663696289062e+00
2.908302545547485352e+00
3.022641420364379883e+00
2.220868349075317383e+00
1.786722421646118164e+00
1.264463543891906738e+00
1.321401119232177734e+00
2.424536943435668945e+00
1.617140412330627441e+00
1.810388565063476562e+00
1.961447954177856445e+00
1.667723894119262695e+00
1.395880699157714844e+00
1.570094823837280273e+00
1.380320429801940918e+00
1.594051003456115723e+00
1.189763426780700684e+00
1.325656771659851074e+00
1.421429634094238281e+00
1.421142101287841797e+00
1.139769077301025391e+00
9.733296632766723633e-01
1.181622743606567383e+00
2.014862298965454102e+00
1.510566830635070801e+00
1.501268625259399414e+00
1.729212999343872070e+00
4.814288616180419922e-01
3.457695841789245605e-01
6.289412379264831543e-01
4.745835661888122559e-01
3.545165956020355225e-01
2.402081787586212158e-01
5.892269015312194824e-01
3.258873522281646729e-01
2.792742550373077393e-01
4.238641858100891113e-01
4.346644878387451172e-01
4.234760701656341553e-01
3.722312748432159424e-01
4.072752594947814941e-01
2.220354825258255005e-01
2.544684112071990967e-01
3.623780012130737305e-01
3.513847589492797852e-01
1.633692085742950439e-01
1.553822755813598633e-01
3.336160778999328613e-01
2.956708073616027832e-01
1.960161924362182617e-01
2.699080705642700195e-01
3.761130571365356445e-01
3.303968012332916260e-01
2.718610167503356934e-01
4.144522249698638916e-01
4.270629286766052246e-01
2.025792002677917480e-01
1.865233629941940308e-01
2.621790468692779541e-01
2.439578324556350708e-01
3.715893328189849854e-01
2.988555431365966797e-01
