1.663842916488647461e+00
1.286930322647094727e+00
1.411585330963134766e+00
1.592867732048034668e+00
1.120628476142883301e+00
1.392805576324462891e+00
1.749118328094482422e+00
1.612020015716552734e+00
1.209079623222351074e+00
1.559025883674621582e+00
1.454656839370727539e+00
1.400088906288146973e+00
1.519305825233459473e+00
1.453622698783874512e+00
1.373068332672119141e+00
1.238953351974487305e+00
1.273288488388061523e+00
1.263600945472717285e+00
9.352325201034545898e-01
1.084002971649169922e+00
1.252804875373840332e+00
1.070738911628723145e+00
1.026100635528564453e+00
1.151715278625488281e+00
3.390999734401702881e-01
3.418233990669250488e-01
3.142398297786712646e-01
3.406549096107482910e-01
3.435162305831909180e-01
2.049180716276168823e-01
3.417628407478332520e-01
1.002427577972412109e+00
5.373267531394958496e-01
2.627469897270202637e-01
4.337832629680633545e-01
3.698332011699676514e-01
2.727630734443664551e-01
6.690601110458374023e-01
4.398816525936126709e-01
3.670404255390167236e-01
5.378135442733764648e-01
3.820492029190063477e-01
3.167563378810882568e-01
3.935429453849792480e-01
4.603019654750823975e-01
3.280861675739288330e-01
4.038155674934387207e-01
4.501759707927703857e-01
3.946987986564636230e-01
3.130620419979095459e-01
3.441576361656188965e-01
4.199275970458984375e-01
3.133629858493804932e-01
2.816701531410217285e-01
5.614988803863525391e-01
2.836732566356658936e-01
1.568980932235717773e+00
1.581569910049438477e+00
2.158891439437866211e+00
1.563273906707763672e+00
1.548350095748901367e+00
6.159155964851379395e-01
4.097670614719390869e-01
4.812455177307128906e-01
7.763099670410156250e-01
2.888808548450469971e-01
5.861063003540039062e-01
5.784433484077453613e-01
4.285619556903839111e-01
3.501261174678802490e-01
4.440904259681701660e-01
5.723567605018615723e-01
5.085363388061523438e-01
4.140912294387817383e-01
6.586326360702514648e-01
5.231232643127441406e-01
6.763802170753479004e-01
1.796035170555114746e+00
1.513562679290771484e+00
2.297147035598754883e+00
1.859746932983398438e+00
2.052820682525634766e+00
1.804098248481750488e+00
1.889245152473449707e+00
1.651421070098876953e+00
1.525205850601196289e+00
1.414775013923645020e+00
1.441131472587585449e+00
1.473616719245910645e+00
1.311609506607055664e+00
1.413979649543762207e+00
1.408544301986694336e+00
1.343980431556701660e+00
1.397177100181579590e+00
1.480481743812561035e+00
1.510062456130981445e+00
1.452987074851989746e+00
1.664662718772888184e+00
2.158824920654296875e+00
1.358811974525451660e+00
1.391663432121276855e+00
1.518291473388671875e+00
1.458134651184082031e+00
1.367705821990966797e+00
1.478920578956604004e+00
1.465480923652648926e+00
1.320589780807495117e+00
1.228704214096069336e+00
1.402552247047424316e+00
1.388713002204895020e+00
7.147179841995239258e-01
3.150818645954132080e-01
5.709854364395141602e-01
3.660300970077514648e-01
3.573584556579589844e-01
3.534961342811584473e-01
3.692290782928466797e-01
2.706541419029235840e-01
4.481931328773498535e-01
4.431201219558715820e-01
2.340201437473297119e-01
3.433956205844879150e-01
5.838930010795593262e-01
1.080966591835021973e+00
2.814393639564514160e-01
5.519098639488220215e-01
3.914910554885864258e-01
2.882652282714843750e-01
1.108808636665344238e+00
1.426104903221130371e+00
1.525216221809387207e+00
1.530489563941955566e+00
1.645285964012145996e+00
1.398843884468078613e+00
1.426436305046081543e+00
1.360355973243713379e+00
1.393149018287658691e+00
1.275944948196411133e+00
1.348179101943969727e+00
1.275369405746459961e+00
1.212001204490661621e+00
1.206206560134887695e+00
1.371177911758422852e+00
1.919439435005187988e+00
1.304469823837280273e+00
1.429684042930603027e+00
1.479228138923645020e+00
2.011199951171875000e+00
1.316516995429992676e+00
1.501395225524902344e+00
1.269879817962646484e+00
1.232828021049499512e+00
1.520762443542480469e+00
1.893972754478454590e+00
1.855246067047119141e+00
8.747977614402770996e-01
5.967100858688354492e-01
4.807965457439422607e-01
4.889884889125823975e-01
6.387695670127868652e-01
6.068472862243652344e-01
4.727624356746673584e-01
5.675542950630187988e-01
3.141148388385772705e-01
4.102656543254852295e-01
3.581911623477935791e-01
4.470898807048797607e-01
3.716641664505004883e-01
3.003008663654327393e-01
1.365789055824279785e+00
1.537980198860168457e+00
1.362027883529663086e+00
1.745598673820495605e+00
1.955804824829101562e+00
8.732798099517822266e-01
2.892459332942962646e-01
4.996857047080993652e-01
2.161851376295089722e-01
3.629212677478790283e-01
5.411748290061950684e-01
3.002350628376007080e-01
3.601698875427246094e-01
4.886825978755950928e-01
5.574151277542114258e-01
3.370074927806854248e-01
4.204714298248291016e-01
4.978144466876983643e-01
4.330711364746093750e-01
4.026487469673156738e-01
4.858580231666564941e-01
3.985087871551513672e-01
1.181990027427673340e+00
7.665131688117980957e-01
4.380419254302978516e-01
4.430995583534240723e-01
3.595397174358367920e-01
1.577235579490661621e+00
8.059512376785278320e-01
3.877729177474975586e-01
1.667795658111572266e+00
1.696317434310913086e+00
1.899097084999084473e+00
1.242952346801757812e+00
1.381514668464660645e+00
1.349127769470214844e+00
1.310501575469970703e+00
1.496104001998901367e+00
4.805364012718200684e-01
9.725548028945922852e-01
4.243274331092834473e-01
6.000570654869079590e-01
6.706750988960266113e-01
6.574312448501586914e-01
6.327608227729797363e-01
4.832477867603302002e-01
3.238954842090606689e-01
5.158413052558898926e-01
4.002830088138580322e-01
2.727011144161224365e-01
3.301290273666381836e-01
3.622628748416900635e-01
2.350000441074371338e-01
2.387694418430328369e-01
4.005044698715209961e-01
3.710945844650268555e-01
2.560068964958190918e-01
2.917868196964263916e-01
6.192743778228759766e-01
1.102620840072631836e+00
3.247512280941009521e-01
3.871027231216430664e-01
2.386274486780166626e-01
2.495181858539581299e-01
3.758460879325866699e-01
3.939658701419830322e-01
3.349997401237487793e-01
4.161702692508697510e-01
4.417022168636322021e-01
2.966545224189758301e-01
3.892396092414855957e-01
4.174763560295104980e-01
3.324182927608489990e-01
3.644776046276092529e-01
5.029455423355102539e-01
3.923451304435729980e-01
3.705129623413085938e-01
3.921834230422973633e-01
4.150239825248718262e-01
3.557141423225402832e-01
3.275333046913146973e-01
3.842910528182983398e-01
4.014048874378204346e-01
2.727479934692382812e-01
1.454140663146972656e+00
1.649112343788146973e+00
1.489231824874877930e+00
1.192043066024780273e+00
8.559970855712890625e-01
2.641259729862213135e-01
3.577723503112792969e-01
1.222700715065002441e+00
1.247876882553100586e+00
1.065496444702148438e+00
1.027392148971557617e+00
1.465841412544250488e+00
1.162612915039062500e+00
1.084866166114807129e+00
1.306235313415527344e+00
1.212637186050415039e+00
1.035572409629821777e+00
1.332035899162292480e+00
1.322994947433471680e+00
1.235404849052429199e+00
1.622333526611328125e+00
1.211025476455688477e+00
1.212411880493164062e+00
1.091539859771728516e+00
1.188314557075500488e+00
1.316038131713867188e+00
2.028668642044067383e+00
1.284544825553894043e+00
1.325557827949523926e+00
1.352831363677978516e+00
2.279787778854370117e+00
2.140740871429443359e+00
2.170305967330932617e+00
2.137443542480468750e+00
2.202915906906127930e+00
9.419659972190856934e-01
6.056218147277832031e-01
9.645190834999084473e-01
7.412136793136596680e-01
5.852204561233520508e-01
5.964578986167907715e-01
6.919870376586914062e-01
4.620457589626312256e-01
1.270609378814697266e+00
1.194294214248657227e+00
9.338159561157226562e-01
1.240269184112548828e+00
1.309962987899780273e+00
1.112101078033447266e+00
1.271595835685729980e+00
1.847516775131225586e+00
5.272089838981628418e-01
4.580315947532653809e-01
5.907125473022460938e-01
5.108357667922973633e-01
5.085738897323608398e-01
4.323612451553344727e-01
2.927779555320739746e-01
3.295904099941253662e-01
3.374444246292114258e-01
3.248964846134185791e-01
2.699171006679534912e-01
3.899432122707366943e-01
3.488142788410186768e-01
1.935989260673522949e-01
3.061059713363647461e-01
4.770583808422088623e-01
3.299467265605926514e-01
3.297370672225952148e-01
6.756250858306884766e-01
3.852331042289733887e-01
3.696958720684051514e-01
4.320690333843231201e-01
5.049135684967041016e-01
4.780062139034271240e-01
1.191422820091247559e+00
9.915212392807006836e-01
4.097311496734619141e-01
4.637287259101867676e-01
3.913951218128204346e-01
3.384073078632354736e-01
1.288503289222717285e+00
2.086998462677001953e+00
2.031295299530029297e+00
2.032509326934814453e+00
1.288914203643798828e+00
1.930631756782531738e+00
2.643287897109985352e+00
9.974897503852844238e-01
1.569772720336914062e+00
2.318739652633666992e+00
1.658692598342895508e+00
1.590268135070800781e+00
1.424220442771911621e+00
3.198613166809082031e+00
1.934952855110168457e+00
1.280480504035949707e+00
1.448464751243591309e+00
1.590964913368225098e+00
8.853697180747985840e-01
4.349303543567657471e-01
8.117083907127380371e-01
3.805923759937286377e-01
1.488524377346038818e-01
4.213435947895050049e-01
3.592985272407531738e-01
3.414130806922912598e-01
3.664812445640563965e-01
4.188904166221618652e-01
2.943107187747955322e-01
2.909053266048431396e-01
4.877122938632965088e-01
2.592401802539825439e-01
3.343597054481506348e-01
2.611709237098693848e-01
9.977613687515258789e-01
5.995436906814575195e-01
4.041244983673095703e-01
3.394919335842132568e-01
2.634977400302886963e-01
4.384470283985137939e-01
3.506611287593841553e-01
2.895142734050750732e-01
3.142899870872497559e-01
6.063122749328613281e-01
3.076058328151702881e-01
3.404011130332946777e-01
4.556792974472045898e-01
4.131930172443389893e-01
2.679646909236907959e-01
4.839234352111816406e-01
4.105778634548187256e-01
3.483277559280395508e-01
3.696084320545196533e-01
4.340252876281738281e-01
3.855061233043670654e-01
4.064499437808990479e-01
3.203396201133728027e-01
3.283821940422058105e-01
1.496406316757202148e+00
1.165733575820922852e+00
6.123413443565368652e-01
6.839634180068969727e-01
8.876655697822570801e-01
7.838773131370544434e-01
7.797041535377502441e-01
1.191245436668395996e+00
1.513716459274291992e+00
1.344419002532958984e+00
1.849649190902709961e+00
2.021027326583862305e+00
1.408447265625000000e+00
1.530011534690856934e+00
1.355857968330383301e+00
5.622916221618652344e-01
1.635097146034240723e+00
1.848661661148071289e+00
1.691055893898010254e+00
1.607252597808837891e+00
1.519952416419982910e+00
1.579590439796447754e+00
1.706661939620971680e+00
2.676050901412963867e+00
2.471953630447387695e+00
2.626952886581420898e+00
3.117824316024780273e+00
3.345552682876586914e+00
1.974064946174621582e+00
9.091170430183410645e-01
1.342072725296020508e+00
1.085128664970397949e+00
1.008753299713134766e+00
1.239904999732971191e+00
6.841341257095336914e-01
4.327628016471862793e-01
4.953459203243255615e-01
4.854962229728698730e-01
3.716844618320465088e-01
3.260594904422760010e-01
1.470705270767211914e-01
4.170846641063690186e-01
1.128630280494689941e+00
3.497664928436279297e-01
4.381337463855743408e-01
4.755267202854156494e-01
4.241541922092437744e-01
4.914422333240509033e-01
2.858986556529998779e-01
4.669540524482727051e-01
1.274305343627929688e+00
1.435639142990112305e+00
1.553857326507568359e+00
1.087513685226440430e+00
4.945439100265502930e-01
3.841778337955474854e-01
4.121434986591339111e-01
3.303005993366241455e-01
4.446498751640319824e-01
3.741622865200042725e-01
3.903181850910186768e-01
2.517649829387664795e-01
3.965286910533905029e-01
3.262014687061309814e-01
4.675967991352081299e-01
1.154386401176452637e+00
2.508190572261810303e-01
2.954882383346557617e-01
3.429104685783386230e-01
4.108075499534606934e-01
5.520746111869812012e-01
2.897993326187133789e-01
4.063271284103393555e-01
6.240392923355102539e-01
5.884512066841125488e-01
3.834797143936157227e-01
3.286595642566680908e-01
5.906067490577697754e-01
6.280537247657775879e-01
4.756273329257965088e-01
6.043527722358703613e-01
1.900508880615234375e+00
2.228152751922607422e+00
2.335879564285278320e+00
2.353608608245849609e+00
2.148291826248168945e+00
1.839116692543029785e+00
2.020734548568725586e+00
2.358133316040039062e+00
1.900749802589416504e+00
4.208111763000488281e+00
4.926642417907714844e+00
4.580922126770019531e+00
3.058915615081787109e+00
2.390042304992675781e+00
1.592071413993835449e+00
1.889111042022705078e+00
1.534165263175964355e+00
2.725830793380737305e+00
2.800286293029785156e+00
4.177297115325927734e+00
5.230437278747558594e+00
3.104525566101074219e+00
3.192004680633544922e+00
2.512934207916259766e+00
1.353225231170654297e+00
1.147626280784606934e+00
4.591495037078857422e+00
3.907577753067016602e+00
2.956581592559814453e+00
2.958362340927124023e+00
1.516912698745727539e+00
6.162943840026855469e-01
3.861483335494995117e-01
7.736673951148986816e-01
1.858693599700927734e+00
2.903718233108520508e+00
2.652517318725585938e+00
2.400113821029663086e+00
4.481956064701080322e-01
1.011483311653137207e+00
1.568765759468078613e+00
4.660169601440429688e+00
3.206957817077636719e+00
1.707448005676269531e+00
2.028297424316406250e+00
1.352603077888488770e+00
5.826609209179878235e-02
1.180018901824951172e+00
1.130025148391723633e+00
5.372642874717712402e-01
1.218719363212585449e+00
1.225041985511779785e+00
1.810317039489746094e+00
8.733568191528320312e-01
5.255158543586730957e-01
7.158527374267578125e-01
6.815633773803710938e-01
7.991859316825866699e-01
9.815076589584350586e-01
4.763295650482177734e-01
3.433734178543090820e-01
5.344728231430053711e-01
1.212815284729003906e+00
7.931461930274963379e-01
1.018272638320922852e+00
1.197417616844177246e+00
9.364925622940063477e-01
7.882086038589477539e-01
8.512516617774963379e-01
1.091529130935668945e+00
1.161946058273315430e+00
1.695840239524841309e+00
3.194564580917358398e+00
2.795494079589843750e+00
2.528082370758056641e+00
3.859930276870727539e+00
4.509433269500732422e+00
4.193539142608642578e+00
3.856586456298828125e+00
3.573013782501220703e+00
2.266250848770141602e+00
4.524868011474609375e+00
4.167996883392333984e+00
5.019020080566406250e+00
5.422749996185302734e+00
4.344348430633544922e+00
3.754595994949340820e+00
4.142834186553955078e+00
2.952815532684326172e+00
2.294377565383911133e+00
2.917551517486572266e+00
2.801889896392822266e+00
2.574464082717895508e+00
1.826430082321166992e+00
2.910394668579101562e+00
2.395593404769897461e+00
1.568292617797851562e+00
1.721027135848999023e+00
1.654035091400146484e+00
1.212524250149726868e-01
4.890181124210357666e-02
4.528336226940155029e-01
2.249614745378494263e-01
5.549641251564025879e-01
2.303784787654876709e-01
4.462812840938568115e-01
3.977327942848205566e-01
4.723630845546722412e-01
1.279106974601745605e+00
5.862677693367004395e-01
3.333598077297210693e-01
4.149439632892608643e-01
2.997449934482574463e-01
3.385947942733764648e-01
5.073453783988952637e-01
2.623361051082611084e-01
2.884217202663421631e-01
1.007899194955825806e-01
7.944078445434570312e-01
5.373517274856567383e-01
2.936268448829650879e-01
4.186873137950897217e-01
4.014183282852172852e-01
2.691951394081115723e-01
4.192289412021636963e-01
4.717735052108764648e-01
5.565991401672363281e-01
3.964799046516418457e-01
3.455201685428619385e-01
1.212396502494812012e+00
2.768021821975708008e-01
2.925378680229187012e-01
4.967429935932159424e-01
2.556418180465698242e-01
2.643652558326721191e-01
4.041584730148315430e-01
4.816780388355255127e-01
2.146510183811187744e-01
2.595351040363311768e-01
5.131143331527709961e-01
3.962663710117340088e-01
5.247231721878051758e-01
9.720600247383117676e-01
8.297190666198730469e-01
1.766197681427001953e+00
2.577639341354370117e+00
2.915050506591796875e+00
2.946575164794921875e+00
2.862781763076782227e+00
2.617657661437988281e+00
2.074703454971313477e+00
1.877822041511535645e+00
2.885905742645263672e+00
1.506866693496704102e+00
1.586851000785827637e+00
2.367581129074096680e+00
1.565786242485046387e+00
1.878564953804016113e+00
1.910222649574279785e+00
1.164897561073303223e+00
1.451023101806640625e+00
1.514865159988403320e+00
1.569935560226440430e+00
1.148530006408691406e+00
1.233519315719604492e+00
1.548693776130676270e+00
1.476884484291076660e+00
1.359905600547790527e+00
1.353897571563720703e+00
1.493506669998168945e+00
1.355104207992553711e+00
1.331222891807556152e+00
1.486207723617553711e+00
1.330173611640930176e+00
1.357006669044494629e+00
1.352199554443359375e+00
1.496832013130187988e+00
1.912613391876220703e+00
1.458494186401367188e+00
2.165946722030639648e+00
1.453924775123596191e+00
1.639572858810424805e+00
1.708650469779968262e+00
2.441140651702880859e+00
1.331583619117736816e+00
1.580895900726318359e+00
1.631452441215515137e+00
1.411625385284423828e+00
1.447125434875488281e+00
1.514568090438842773e+00
1.322785854339599609e+00
1.433194756507873535e+00
1.915707945823669434e+00
1.520772576332092285e+00
1.557829737663269043e+00
1.570705771446228027e+00
1.577520728111267090e+00
1.733055591583251953e+00
1.711125373840332031e+00
1.570546269416809082e+00
9.778821468353271484e-01
1.326962351799011230e+00
1.254542589187622070e+00
3.695541620254516602e-01
5.945852398872375488e-01
1.184053421020507812e+00
1.094007253646850586e+00
9.287279248237609863e-01
7.287016510963439941e-01
1.028851151466369629e+00
1.336426615715026855e+00
8.986645936965942383e-01
1.033620238304138184e+00
1.094939470291137695e+00
1.203675270080566406e+00
1.461920142173767090e+00
1.923856616020202637e+00
1.529979228973388672e+00
1.635905981063842773e+00
2.713926792144775391e+00
1.734050035476684570e+00
1.935439348220825195e+00
2.011162519454956055e+00
1.521429300308227539e+00
1.196315169334411621e+00
2.398298978805541992e+00
2.613111257553100586e+00
2.590018033981323242e+00
2.898795843124389648e+00
2.744336366653442383e+00
2.553041219711303711e+00
1.443773508071899414e+00
1.395869135856628418e+00
2.155986070632934570e+00
2.042275905609130859e+00
1.573752164840698242e+00
1.877692222595214844e+00
1.860220670700073242e+00
1.633990049362182617e+00
7.542898058891296387e-01
8.553266525268554688e-01
7.539170384407043457e-01
2.876605689525604248e-01
3.201337754726409912e-01
3.175454437732696533e-01
1.265987008810043335e-01
3.303134739398956299e-01
3.424439728260040283e-01
3.948383331298828125e-01
2.456638216972351074e-01
4.886434078216552734e-01
4.138270020484924316e-01
2.771480679512023926e-01
2.774032652378082275e-01
3.040190041065216064e-01
3.578359186649322510e-01
3.180207312107086182e-01
1.112605094909667969e+00
9.191128015518188477e-01
3.344246745109558105e-01
1.209383368492126465e+00
1.526007294654846191e+00
1.438633084297180176e+00
1.189680933952331543e+00
3.384470641613006592e-01
5.418438911437988281e-01
3.944576084613800049e-01
3.862845599651336670e-01
3.513263761997222900e-01
4.043544530868530273e-01
2.883356511592864990e-01
2.932653129100799561e-01
3.980109989643096924e-01
3.126834928989410400e-01
2.571967542171478271e-01
3.969743847846984863e-01
5.609523653984069824e-01
2.516109347343444824e-01
8.782727718353271484e-01
1.087181210517883301e+00
4.884808659553527832e-01
2.823797762393951416e-01
2.453357279300689697e-01
5.804105401039123535e-01
3.425870537757873535e-01
3.910486400127410889e-01
5.025623440742492676e-01
7.699586153030395508e-01
1.546119451522827148e+00
2.059940099716186523e+00
2.131063699722290039e+00
2.667546987533569336e+00
2.344368219375610352e+00
2.837701559066772461e+00
2.316956281661987305e+00
2.107257127761840820e+00
1.952876091003417969e+00
2.105627775192260742e+00
1.402190089225769043e+00
1.285733819007873535e+00
2.507936716079711914e+00
2.344122171401977539e+00
1.452671289443969727e+00
1.387456536293029785e+00
1.611845970153808594e+00
1.426443457603454590e+00
1.555001854896545410e+00
8.617997765541076660e-01
2.588011264801025391e+00
1.131963849067687988e+00
5.355262160301208496e-01
1.588521361351013184e+00
7.600943446159362793e-01
5.819224715232849121e-01
1.317112922668457031e+00
2.700839757919311523e+00
3.267050743103027344e+00
3.080626726150512695e+00
1.851047635078430176e+00
1.724690675735473633e+00
1.837368249893188477e+00
1.699414491653442383e+00
1.848953604698181152e+00
2.207086801528930664e+00
2.176743984222412109e+00
1.687001943588256836e+00
2.002716064453125000e+00
1.814748048782348633e+00
9.194378852844238281e-01
9.178116917610168457e-01
7.160114645957946777e-01
8.748961687088012695e-01
7.104785442352294922e-01
1.573919892311096191e+00
4.410789310932159424e-01
3.396297991275787354e-01
5.650303959846496582e-01
9.347298145294189453e-01
1.417676687240600586e+00
2.045055627822875977e+00
2.218691349029541016e+00
2.013838291168212891e+00
2.017227411270141602e+00
1.474535226821899414e+00
1.555860400199890137e+00
2.622336387634277344e+00
1.590111136436462402e+00
1.308679699897766113e+00
1.585032105445861816e+00
1.412250638008117676e+00
1.385121464729309082e+00
1.604690670967102051e+00
1.783924102783203125e+00
1.518922686576843262e+00
2.221446275711059570e+00
1.529688119888305664e+00
1.217192649841308594e+00
1.218254566192626953e+00
9.390156269073486328e-01
2.203855991363525391e+00
3.495234012603759766e+00
3.205570220947265625e+00
2.090965270996093750e+00
2.091892480850219727e+00
2.006477117538452148e+00
1.397570967674255371e+00
1.725622415542602539e+00
3.219178199768066406e+00
1.328033447265625000e+00
1.280837059020996094e+00
1.261332511901855469e+00
1.060869455337524414e+00
8.406185507774353027e-01
1.377674221992492676e+00
1.872634291648864746e+00
2.858589410781860352e+00
5.356328487396240234e-01
4.816251397132873535e-01
9.048399925231933594e-01
6.445585489273071289e-01
3.297214210033416748e-01
4.870832264423370361e-01
1.860674858093261719e+00
1.369768142700195312e+00
1.983314394950866699e+00
7.550997734069824219e-01
9.092844724655151367e-01
8.257309198379516602e-01
4.359308183193206787e-01
3.164638578891754150e-01
3.421320319175720215e-01
3.788723945617675781e-01
3.000744581222534180e-01
3.709251880645751953e-01
6.325091719627380371e-01
1.277750492095947266e+00
6.249923110008239746e-01
4.574628472328186035e-01
4.342585504055023193e-01
4.329765737056732178e-01
3.689681291580200195e-01
3.568522036075592041e-01
2.795875668525695801e-01
3.053653538227081299e-01
2.949718534946441650e-01
4.587245285511016846e-01
4.650624990463256836e-01
3.759529888629913330e-01
3.474177420139312744e-01
5.492434501647949219e-01
5.446668267250061035e-01
4.591271579265594482e-01
5.523089766502380371e-01
5.457434654235839844e-01
4.901767075061798096e-01
4.397574961185455322e-01
3.728024959564208984e-01
5.028827786445617676e-01
1.385974764823913574e+00
5.434731245040893555e-01
2.692411839962005615e-01
4.368898868560791016e-01
4.522673189640045166e-01
3.773237466812133789e-01
5.208688378334045410e-01
4.332079291343688965e-01
3.633318543434143066e-01
3.706215023994445801e-01
2.625471651554107666e-01
3.692112565040588379e-01
3.228604793548583984e-01
3.864936828613281250e-01
4.197513759136199951e-01
3.260238468647003174e-01
3.048947453498840332e-01
1.573371171951293945e+00
1.279234766960144043e+00
1.262325406074523926e+00
5.656142234802246094e-01
1.016390204429626465e+00
4.468760788440704346e-01
5.549863576889038086e-01
8.683528900146484375e-01
1.460511803627014160e+00
4.393326342105865479e-01
5.371000766754150391e-01
5.064690709114074707e-01
4.259857237339019775e-01
1.490977525711059570e+00
2.734820127487182617e+00
2.436933279037475586e+00
1.446403503417968750e+00
1.879808187484741211e+00
1.838738203048706055e+00
1.532491087913513184e+00
1.804625034332275391e+00
2.256646633148193359e+00
1.889371752738952637e+00
1.804533243179321289e+00
2.041615247726440430e+00
2.108894109725952148e+00
1.772245287895202637e+00
2.113553524017333984e+00
2.279092073440551758e+00
2.266978979110717773e+00
2.086188316345214844e+00
2.086344003677368164e+00
1.521139860153198242e+00
1.046798348426818848e+00
9.814094901084899902e-01
2.323640823364257812e+00
1.563721776008605957e+00
1.051244497299194336e+00
9.381636977195739746e-01
6.867038011550903320e-01
9.162356257438659668e-01
1.420652747154235840e+00
1.433694601058959961e+00
2.269261360168457031e+00
1.236509442329406738e+00
9.897949695587158203e-01
1.053544402122497559e+00
1.317335963249206543e+00
1.971170544624328613e+00
1.551205396652221680e+00
1.875724434852600098e+00
2.111537218093872070e+00
1.693725824356079102e+00
1.718665242195129395e+00
1.064162969589233398e+00
1.027976870536804199e+00
8.972524404525756836e-01
1.472947120666503906e+00
9.929518103599548340e-01
1.221202135086059570e+00
1.156137108802795410e+00
1.270153880119323730e+00
1.161469340324401855e+00
1.814055681228637695e+00
1.749014735221862793e+00
1.603654503822326660e+00
1.649052619934082031e+00
1.535112857818603516e+00
1.803511977195739746e+00
2.377583265304565430e+00
2.080468654632568359e+00
2.180608749389648438e+00
1.488502740859985352e+00
9.692362546920776367e-01
2.133088350296020508e+00
2.399305105209350586e+00
2.555998563766479492e+00
2.705603361129760742e+00
2.602333784103393555e+00
2.521557331085205078e+00
1.642941236495971680e+00
1.857774019241333008e+00
1.557001113891601562e+00
1.573472499847412109e+00
2.090214490890502930e+00
2.286634445190429688e+00
1.479001402854919434e+00
1.807306051254272461e+00
1.676365017890930176e+00
1.415334463119506836e+00
1.340779900550842285e+00
1.902533173561096191e+00
1.586549162864685059e+00
9.836576581001281738e-01
7.901305556297302246e-01
7.697116136550903320e-01
7.464141249656677246e-01
3.531537950038909912e-01
4.286444783210754395e-01
3.269168734550476074e-01
4.128997325897216797e-01
2.709096074104309082e-01
2.439170032739639282e-01
3.466787636280059814e-01
3.371815681457519531e-01
3.567507863044738770e-01
3.290923833847045898e-01
3.510298132896423340e-01
2.917380332946777344e-01
3.916966021060943604e-01
4.130776226520538330e-01
4.773804545402526855e-01
1.029204249382019043e+00
3.122348189353942871e-01
2.770184278488159180e-01
3.936882019042968750e-01
3.703276813030242920e-01
4.802242219448089600e-01
4.317664504051208496e-01
4.300453960895538330e-01
4.658387303352355957e-01
1.644284367561340332e+00
1.164276719093322754e+00
1.331104516983032227e+00
7.634134292602539062e-01
4.141912758350372314e-01
3.497015237808227539e-01
2.969839870929718018e-01
5.082669258117675781e-01
3.334905505180358887e-01
3.662751317024230957e-01
2.974096834659576416e-01
4.054020643234252930e-01
2.267247587442398071e-01
3.682815134525299072e-01
5.160202980041503906e-01
4.677037000656127930e-01
3.435872197151184082e-01
5.491812229156494141e-01
6.175930500030517578e-01
1.278477907180786133e+00
1.913383007049560547e+00
2.512336015701293945e+00
2.679319858551025391e+00
2.327438354492187500e+00
2.531097650527954102e+00
2.421849250793457031e+00
2.158060312271118164e+00
2.355802059173583984e+00
1.644631385803222656e+00
1.646956324577331543e+00
1.777663946151733398e+00
1.609877347946166992e+00
1.730559945106506348e+00
1.788021802902221680e+00
1.836552023887634277e+00
1.145396828651428223e+00
1.343366265296936035e+00
1.474564313888549805e+00
1.272276520729064941e+00
1.107464432716369629e+00
1.425331115722656250e+00
1.387070894241333008e+00
1.272446393966674805e+00
1.304062247276306152e+00
1.394501447677612305e+00
1.329886317253112793e+00
1.196774005889892578e+00
1.210663676261901855e+00
1.279110789299011230e+00
1.358099222183227539e+00
1.192525982856750488e+00
1.188524723052978516e+00
1.367171645164489746e+00
1.456318378448486328e+00
1.600992202758789062e+00
1.506159067153930664e+00
1.441969990730285645e+00
1.578094124794006348e+00
1.649259567260742188e+00
1.495711207389831543e+00
1.531792163848876953e+00
2.026526689529418945e+00
3.484424829483032227e+00
1.622033953666687012e+00
1.261594295501708984e+00
1.530370593070983887e+00
1.613092899322509766e+00
1.480358242988586426e+00
5.991270542144775391e-01
1.043718576431274414e+00
2.012758016586303711e+00
1.154624581336975098e+00
4.106734991073608398e-01
5.860298275947570801e-01
5.582648515701293945e-01
3.820757865905761719e-01
6.564530134201049805e-01
5.289212465286254883e-01
5.688217282295227051e-01
5.389121174812316895e-01
4.916957616806030273e-01
3.079599738121032715e-01
5.843839049339294434e-01
8.229181766510009766e-01
6.558730006217956543e-01
8.356840014457702637e-01
1.262911915779113770e+00
1.200098037719726562e+00
1.363186240196228027e+00
1.356865286827087402e+00
1.982925176620483398e+00
2.288262844085693359e+00
2.744745254516601562e+00
2.660310506820678711e+00
2.673828125000000000e+00
1.882971882820129395e+00
1.349622249603271484e+00
1.783029437065124512e+00
2.645432949066162109e+00
3.619768381118774414e+00
2.574616909027099609e+00
2.771707534790039062e+00
2.638216018676757812e+00
2.937316179275512695e+00
2.770275354385375977e+00
2.871223688125610352e+00
3.047546863555908203e+00
2.716932535171508789e+00
3.003255844116210938e+00
2.481606245040893555e+00
2.472423076629638672e+00
2.558364629745483398e+00
2.601946353912353516e+00
2.392445087432861328e+00
2.239068031311035156e+00
9.289860725402832031e-01
1.050865650177001953e+00
8.668409585952758789e-01
4.340946376323699951e-01
4.275201261043548584e-01
2.281251251697540283e-01
4.807770848274230957e-01
1.201967835426330566e+00
3.632962405681610107e-01
4.199097752571105957e-01
3.621039092540740967e-01
3.522879183292388916e-01
3.928470015525817871e-01
3.273899555206298828e-01
4.088935256004333496e-01
3.033732175827026367e-01
1.568248569965362549e-01
2.668516039848327637e-01
4.281842708587646484e-01
3.532310724258422852e-01
2.455023825168609619e-01
3.049361407756805420e-01
3.162994086742401123e-01
2.199145108461380005e-01
3.743780255317687988e-01
3.403983712196350098e-01
2.229646742343902588e-01
2.889027595520019531e-01
2.155898064374923706e-01
4.176388978958129883e-01
2.645003795623779297e-01
2.999902963638305664e-01
2.390268146991729736e-01
2.925924062728881836e-01
1.952922940254211426e-01
3.117570579051971436e-01
3.637304008007049561e-01
2.154538482427597046e-01
3.207567930221557617e-01
6.230289340019226074e-01
4.390642940998077393e-01
2.931888401508331299e-01
4.257384836673736572e-01
5.700168013572692871e-01
3.884696662425994873e-01
1.510499119758605957e+00
1.496891736984252930e+00
1.438342213630676270e+00
1.890733718872070312e+00
2.592548131942749023e+00
2.353386402130126953e+00
2.032786607742309570e+00
2.090074300765991211e+00
2.447629213333129883e+00
2.272948980331420898e+00
1.763270854949951172e+00
1.910075187683105469e+00
2.223805665969848633e+00
1.615090250968933105e+00
1.644830107688903809e+00
1.711975097656250000e+00
2.519266366958618164e+00
1.573570609092712402e+00
1.707810163497924805e+00
2.328906297683715820e+00
1.764127373695373535e+00
1.905106663703918457e+00
1.876553535461425781e+00
8.998004198074340820e-01
9.865962862968444824e-01
1.047177672386169434e+00
1.867476820945739746e+00
8.881117701530456543e-01
1.183386206626892090e+00
9.873166084289550781e-01
8.641721010208129883e-01
2.040927410125732422e+00
1.335537195205688477e+00
1.800912976264953613e+00
1.181584000587463379e+00
2.121486663818359375e+00
2.550982236862182617e+00
1.475174427032470703e+00
6.100726127624511719e-01
5.817503333091735840e-01
6.307163238525390625e-01
6.605291366577148438e-01
7.500379681587219238e-01
1.876437306404113770e+00
1.661867499351501465e+00
4.613002240657806396e-01
3.545199036598205566e-01
7.038514018058776855e-01
6.520740389823913574e-01
8.264364600181579590e-01
1.088346600532531738e+00
4.158673882484436035e-01
3.879392743110656738e-01
4.611376821994781494e-01
4.856601357460021973e-01
5.913388729095458984e-01
5.898250341415405273e-01
4.300648570060729980e-01
6.030987501144409180e-01
5.634669065475463867e-01
5.423781275749206543e-01
6.911327242851257324e-01
1.536270856857299805e+00
4.675214290618896484e-01
7.597369551658630371e-01
9.421883225440979004e-01
7.747923135757446289e-01
2.535143613815307617e+00
2.342884063720703125e+00
2.718470811843872070e+00
2.746823310852050781e+00
2.873766422271728516e+00
2.717110157012939453e+00
3.089019298553466797e+00
2.609495401382446289e+00
2.638780593872070312e+00
2.991227865219116211e+00
2.461262702941894531e+00
2.966727256774902344e+00
2.277166604995727539e+00
2.429681777954101562e+00
2.748322248458862305e+00
2.418251752853393555e+00
2.620089292526245117e+00
2.701919794082641602e+00
2.879623889923095703e+00
4.134419918060302734e+00
3.675016164779663086e+00
4.093737125396728516e+00
3.731319189071655273e+00
3.364882707595825195e+00
2.494537115097045898e+00
2.537269830703735352e+00
2.571443557739257812e+00
2.356706619262695312e+00
2.605570077896118164e+00
2.684316635131835938e+00
2.043783187866210938e+00
2.092767477035522461e+00
1.947786092758178711e+00
2.059170007705688477e+00
2.072813749313354492e+00
2.155263900756835938e+00
1.796550989151000977e+00
7.943659424781799316e-01
9.102249145507812500e-01
9.806702733039855957e-01
9.161849021911621094e-01
7.168893814086914062e-01
1.187650442123413086e+00
1.174280762672424316e+00
8.652034997940063477e-01
6.384535431861877441e-01
6.280232667922973633e-01
4.578517973423004150e-01
3.442283272743225098e-01
2.961553931236267090e-01
2.865419685840606689e-01
3.845643103122711182e-01
2.279803901910781860e-01
2.796344161033630371e-01
3.618407845497131348e-01
4.773840010166168213e-01
2.336059808731079102e-01
2.802009880542755127e-01
3.337860405445098877e-01
4.205330908298492432e-01
1.838248670101165771e-01
2.309910953044891357e-01
3.476422429084777832e-01
3.300807774066925049e-01
2.141781896352767944e-01
3.064250349998474121e-01
2.166828960180282593e-01
2.239922732114791870e-01
2.624391615390777588e-01
3.021312952041625977e-01
3.993129730224609375e-01
1.964065134525299072e-01
1.039571166038513184e-01
2.513160109519958496e-01
3.526606857776641846e-01
2.718607187271118164e-01
3.302781283855438232e-01
4.865830242633819580e-01
6.050133109092712402e-01
3.556743860244750977e-01
3.960429728031158447e-01
1.728165507316589355e+00
2.363901853561401367e+00
2.623874187469482422e+00
2.452921390533447266e+00
2.544747829437255859e+00
2.844369411468505859e+00
2.732344627380371094e+00
2.879740238189697266e+00
2.315566062927246094e+00
2.522637367248535156e+00
1.483744382858276367e+00
3.247638702392578125e+00
2.149554729461669922e+00
1.739498615264892578e+00
1.364457488059997559e+00
1.637481212615966797e+00
1.438685417175292969e+00
1.413765549659729004e+00
2.069531202316284180e+00
5.026784896850585938e+00
3.878413200378417969e+00
3.306084632873535156e+00
2.875073194503784180e+00
1.462434411048889160e+00
1.586312651634216309e+00
1.711772799491882324e+00
2.818547010421752930e+00
4.353997707366943359e+00
2.812793731689453125e+00
2.283960819244384766e+00
2.667302846908569336e+00
1.459022998809814453e+00
1.865672707557678223e+00
1.442146420478820801e+00
1.404073715209960938e+00
1.992234706878662109e+00
1.466158866882324219e+00
1.414790153503417969e+00
1.762450695037841797e+00
1.709793448448181152e+00
2.006838798522949219e+00
2.776720762252807617e+00
2.879015445709228516e+00
3.167608737945556641e+00
2.850650787353515625e+00
1.881280064582824707e+00
9.236247539520263672e-01
1.293247699737548828e+00
1.502949833869934082e+00
2.110238313674926758e+00
1.823774099349975586e+00
1.669677853584289551e+00
1.716791510581970215e+00
1.475750923156738281e+00
1.389459967613220215e+00
1.832854151725769043e+00
1.551179885864257812e+00
1.405427455902099609e+00
1.706268906593322754e+00
1.706263065338134766e+00
1.919249773025512695e+00
1.624521136283874512e+00
1.544983386993408203e+00
9.997557401657104492e-01
7.985168695449829102e-01
1.895731329917907715e+00
1.748618602752685547e+00
1.812869668006896973e+00
1.948361158370971680e+00
1.758187651634216309e+00
2.066559553146362305e+00
1.780176043510437012e+00
2.044020175933837891e+00
1.844787001609802246e+00
1.464960217475891113e+00
1.127420902252197266e+00
1.361916065216064453e+00
1.211136221885681152e+00
4.398536980152130127e-01
3.718088865280151367e-01
4.058332145214080811e-01
8.363566398620605469e-01
4.706307947635650635e-01
4.077272415161132812e-01
4.361953139305114746e-01
8.334185481071472168e-01
4.592458605766296387e-01
2.647873759269714355e-01
2.559970319271087646e-01
4.074555933475494385e-01
7.658665776252746582e-01
1.246076583862304688e+00
3.232642412185668945e-01
3.425629138946533203e-01
5.866969823837280273e-01
2.113031893968582153e-01
5.757325291633605957e-01
4.985361397266387939e-01
1.452497720718383789e+00
1.545643687248229980e+00
1.269303083419799805e+00
1.221736073493957520e+00
1.426915884017944336e+00
2.189474999904632568e-01
8.946473598480224609e-01
8.105226159095764160e-01
8.616267889738082886e-02
7.852077484130859375e-01
5.998038053512573242e-01
3.940220773220062256e-01
6.151587963104248047e-01
4.146715104579925537e-01
4.264615476131439209e-01
4.479996263980865479e-01
4.785423576831817627e-01
2.670971751213073730e-01
3.777532577514648438e-01
5.188648700714111328e-01
3.725382685661315918e-01
3.058636784553527832e-01
2.268779724836349487e-01
2.922229170799255371e-01
3.403125703334808350e-01
4.673788845539093018e-01
2.362918704748153687e-01
4.497102499008178711e-01
3.236276805400848389e-01
4.142518639564514160e-01
2.050359398126602173e-01
3.097040653228759766e-01
4.254885017871856689e-01
4.779974520206451416e-01
3.815851509571075439e-01
4.629379510879516602e-01
4.114056229591369629e-01
4.964338243007659912e-01
3.849505186080932617e-01
4.023614823818206787e-01
3.177841901779174805e-01
3.953648805618286133e-01
1.262008190155029297e+00
1.418389797210693359e+00
1.503465414047241211e+00
1.394249558448791504e+00
1.217061400413513184e+00
2.112371176481246948e-01
4.585005939006805420e-01
1.393055200576782227e+00
5.025768876075744629e-01
3.829813897609710693e-01
1.422568440437316895e+00
9.600537419319152832e-01
1.018441557884216309e+00
8.202919960021972656e-01
8.983981609344482422e-01
9.431613683700561523e-01
1.018968582153320312e+00
1.203518748283386230e+00
1.139845848083496094e+00
1.374798417091369629e+00
7.980287075042724609e-01
1.041395902633666992e+00
1.097029209136962891e+00
1.343121409416198730e+00
1.127915620803833008e+00
1.165364623069763184e+00
1.462440967559814453e+00
1.990921735763549805e+00
1.650705933570861816e+00
1.970466375350952148e+00
2.134284019470214844e+00
3.005449771881103516e+00
1.731361985206604004e+00
2.034326314926147461e+00
2.779704332351684570e+00
2.475906848907470703e+00
2.733691215515136719e+00
2.476820707321166992e+00
2.061872243881225586e+00
1.841001152992248535e+00
5.766559839248657227e-01
9.738567471504211426e-01
9.018644094467163086e-01
7.204510569572448730e-01
7.518341541290283203e-01
1.956257104873657227e+00
1.263363957405090332e+00
2.846182346343994141e+00
2.377737998962402344e+00
1.598099708557128906e+00
1.702801823616027832e+00
8.599145412445068359e-01
1.106181859970092773e+00
1.915532469749450684e+00
2.691563129425048828e+00
2.653922319412231445e+00
3.083272695541381836e+00
3.449168682098388672e+00
1.426079392433166504e+00
1.474326968193054199e+00
1.809342622756958008e+00
1.757178187370300293e+00
2.213165044784545898e+00
3.000655651092529297e+00
3.882962942123413086e+00
3.152748107910156250e+00
2.660016059875488281e+00
2.646804094314575195e+00
2.257112741470336914e+00
2.228914737701416016e+00
2.143528938293457031e+00
2.614375591278076172e+00
2.122092962265014648e+00
1.519381999969482422e+00
1.320524573326110840e+00
1.713742733001708984e+00
1.666625857353210449e+00
1.909240603446960449e+00
2.366938114166259766e+00
1.913683176040649414e+00
7.942277789115905762e-01
7.388210892677307129e-01
1.736135125160217285e+00
2.523475646972656250e+00
2.371580600738525391e+00
2.577189683914184570e+00
2.330318927764892578e+00
1.342357516288757324e+00
1.411921381950378418e+00
1.385967850685119629e+00
1.607132911682128906e+00
1.060491204261779785e+00
7.303092479705810547e-01
8.554620742797851562e-01
5.390595793724060059e-01
9.210970401763916016e-01
5.654187798500061035e-01
5.130507349967956543e-01
4.085783064365386963e-01
5.381950736045837402e-01
5.278465151786804199e-01
3.912882208824157715e-01
2.875246107578277588e-01
2.680954635143280029e-01
4.156209826469421387e-01
2.392600774765014648e-01
2.024114429950714111e-01
4.353839755058288574e-01
2.459993213415145874e-01
1.028701782226562500e+00
1.192498326301574707e+00
1.283488750457763672e+00
4.070584475994110107e-01
8.999100327491760254e-02
3.668808937072753906e-01
2.047571688890457153e-01
3.557256460189819336e-01
1.343293637037277222e-01
1.642794907093048096e-01
2.098767757415771484e-01
2.644165158271789551e-01
3.083105385303497314e-01
3.988782465457916260e-01
3.491670489311218262e-01
3.413196206092834473e-01
2.465510815382003784e-01
3.281023502349853516e-01
3.679512441158294678e-01
5.814869403839111328e-01
3.070403635501861572e-01
5.781953334808349609e-01
3.590101599693298340e-01
3.438147306442260742e-01
2.005327790975570679e-01
4.198889434337615967e-01
4.577627182006835938e-01
4.222634732723236084e-01
4.041765630245208740e-01
2.803010344505310059e-01
2.269067615270614624e-01
4.665491878986358643e-01
3.423965573310852051e-01
2.259038239717483521e-01
4.535514712333679199e-01
4.054963588714599609e-01
3.428943157196044922e-01
4.064806401729583740e-01
5.565829873085021973e-01
1.767981767654418945e+00
1.997185707092285156e+00
2.249464273452758789e+00
2.653652191162109375e+00
2.150561809539794922e+00
2.382404565811157227e+00
2.363634586334228516e+00
2.194274425506591797e+00
2.169375181198120117e+00
2.373717069625854492e+00
1.876759171485900879e+00
1.699931740760803223e+00
2.416407823562622070e+00
2.769165277481079102e+00
1.319073200225830078e+00
1.644694924354553223e+00
2.115912675857543945e+00
1.479919672012329102e+00
1.320939540863037109e+00
1.565191268920898438e+00
2.897305727005004883e+00
2.206001520156860352e+00
1.177238464355468750e+00
1.270345687866210938e+00
1.540038108825683594e+00
1.395556092262268066e+00
1.214826941490173340e+00
1.522112607955932617e+00
1.433135271072387695e+00
1.335241198539733887e+00
1.217663526535034180e+00
1.374628782272338867e+00
1.422857403755187988e+00
1.457640409469604492e+00
1.569674611091613770e+00
1.828201889991760254e+00
1.075159549713134766e+00
7.486332058906555176e-01
1.038292527198791504e+00
6.548308730125427246e-01
1.015763282775878906e+00
1.063000798225402832e+00
1.061255097389221191e+00
1.159852743148803711e+00
1.237919926643371582e+00
7.889911532402038574e-01
1.177070736885070801e+00
1.292097330093383789e+00
1.527413129806518555e+00
1.714530229568481445e+00
1.847595095634460449e+00
2.220729112625122070e+00
1.684955000877380371e+00
1.578454852104187012e+00
2.001559257507324219e+00
7.337072491645812988e-01
1.011808872222900391e+00
1.297945976257324219e+00
1.375028371810913086e+00
1.568337321281433105e+00
1.871725082397460938e+00
2.716485738754272461e+00
2.601989507675170898e+00
2.789228200912475586e+00
3.003202199935913086e+00
2.042215347290039062e+00
1.414981126785278320e+00
2.058990955352783203e+00
2.154822349548339844e+00
2.435375928878784180e+00
2.371870279312133789e+00
2.522027969360351562e+00
2.516715526580810547e+00
3.199028730392456055e+00
2.781719446182250977e+00
2.946107387542724609e+00
2.427371501922607422e+00
2.792400836944580078e+00
1.759706735610961914e+00
2.487741708755493164e+00
3.547989368438720703e+00
1.744163751602172852e+00
1.854382395744323730e+00
1.140154480934143066e+00
1.133386969566345215e+00
1.094078302383422852e+00
1.131551265716552734e+00
2.126887559890747070e+00
2.240885257720947266e+00
6.256095767021179199e-01
6.104456782341003418e-01
1.033801436424255371e-01
4.436379075050354004e-01
5.044624209403991699e-01
3.318207561969757080e-01
3.369093835353851318e-01
2.513625919818878174e-01
5.328145623207092285e-01
2.849335670471191406e-01
8.896577358245849609e-01
1.006051778793334961e+00
8.914823532104492188e-01
6.099966764450073242e-01
6.539269089698791504e-01
7.035177946090698242e-01
6.878383159637451172e-01
8.884645700454711914e-01
8.841949105262756348e-01
8.143350481986999512e-01
1.186784505844116211e+00
1.527988672256469727e+00
1.493811726570129395e+00
8.139699697494506836e-01
3.284096121788024902e-01
3.117595314979553223e-01
2.988793849945068359e-01
2.607277035713195801e-01
2.065160572528839111e-01
2.754884064197540283e-01
3.100011944770812988e-01
2.832261919975280762e-01
2.095733433961868286e-01
3.573285639286041260e-01
3.717672228813171387e-01
3.400469720363616943e-01
1.904235035181045532e-01
2.207858711481094360e-01
3.722575902938842773e-01
3.301588892936706543e-01
2.705039381980895996e-01
4.665256142616271973e-01
4.527623355388641357e-01
3.971311450004577637e-01
5.719872713088989258e-01
5.178652405738830566e-01
4.383368492126464844e-01
3.894862830638885498e-01
5.750020742416381836e-01
3.600048720836639404e-01
3.017546832561492920e-01
3.248592019081115723e-01
4.397487342357635498e-01
4.003030061721801758e-01
4.486262202262878418e-01
1.481019258499145508e+00
2.021874904632568359e+00
2.209577322006225586e+00
2.013419628143310547e+00
2.592593431472778320e+00
1.701920270919799805e+00
1.971250891685485840e+00
1.545184850692749023e+00
1.792746543884277344e+00
1.514265179634094238e+00
1.483580708503723145e+00
1.731883287429809570e+00
1.777435660362243652e+00
9.168068170547485352e-01
8.629381060600280762e-01
1.012339830398559570e+00
9.494031071662902832e-01
9.391507506370544434e-01
7.021996974945068359e-01
3.084807693958282471e-01
3.504267930984497070e-01
3.856012225151062012e-01
4.806890785694122314e-01
5.903528928756713867e-01
6.172394752502441406e-01
9.350598454475402832e-01
5.292699337005615234e-01
1.457233071327209473e+00
1.476386785507202148e+00
1.609468460083007812e+00
9.229329228401184082e-01
1.016802191734313965e+00
1.254203557968139648e+00
1.744016528129577637e+00
9.872464537620544434e-01
6.863716244697570801e-01
1.427709698677062988e+00
1.663504600524902344e+00
1.953612327575683594e+00
1.940633773803710938e+00
2.517445325851440430e+00
2.233589887619018555e+00
2.137228012084960938e+00
2.307888031005859375e+00
1.909756422042846680e+00
1.639176011085510254e+00
1.536183118820190430e+00
2.386576890945434570e+00
2.510452508926391602e+00
2.646311759948730469e+00
2.754959344863891602e+00
2.330946207046508789e+00
1.117089867591857910e+00
1.070623159408569336e+00
1.566319704055786133e+00
2.253723621368408203e+00
2.071870803833007812e+00
2.783905982971191406e+00
3.352583646774291992e+00
3.677104711532592773e+00
2.700345516204833984e+00
2.589415073394775391e+00
3.726498842239379883e+00
2.934059143066406250e+00
2.741909980773925781e+00
1.941686868667602539e+00
2.240689992904663086e+00
1.643651485443115234e+00
1.744230628013610840e+00
2.022994518280029297e+00
1.910940289497375488e+00
2.046383619308471680e+00
1.625922799110412598e+00
2.614615678787231445e+00
2.533339977264404297e+00
2.894150972366333008e+00
2.346737146377563477e+00
1.825342535972595215e+00
1.957890987396240234e+00
1.962404608726501465e+00
1.749129891395568848e+00
1.812179207801818848e+00
1.835382699966430664e+00
1.841928124427795410e+00
2.037690162658691406e+00
1.875766634941101074e+00
2.043026447296142578e+00
1.549383759498596191e+00
1.579929471015930176e+00
1.871492385864257812e+00
1.577114701271057129e+00
1.687973618507385254e+00
1.674079656600952148e+00
1.809704065322875977e+00
1.651204824447631836e+00
1.771757721900939941e+00
1.961993217468261719e+00
1.643119215965270996e+00
1.676467537879943848e+00
1.764155030250549316e+00
1.772889137268066406e+00
1.680039286613464355e+00
1.837432980537414551e+00
1.939835429191589355e+00
1.727699160575866699e+00
2.745782375335693359e+00
1.717013239860534668e+00
1.926304817199707031e+00
1.627919077873229980e+00
1.858411073684692383e+00
1.954337358474731445e+00
1.607616066932678223e+00
1.602331995964050293e+00
1.735398292541503906e+00
1.518057346343994141e+00
1.795823812484741211e+00
1.616129875183105469e+00
2.041076898574829102e+00
7.316300868988037109e-01
5.504683852195739746e-01
9.984816908836364746e-01
5.835780501365661621e-01
6.949779987335205078e-01
1.404023051261901855e+00
1.565605401992797852e+00
5.458029508590698242e-01
3.232620358467102051e-01
5.083003640174865723e-01
3.843883574008941650e-01
4.947431683540344238e-01
7.159651517868041992e-01
3.326573073863983154e-01
4.742146134376525879e-01
3.891779184341430664e-01
4.342541694641113281e-01
4.258511364459991455e-01
4.209801554679870605e-01
4.928551912307739258e-01
5.385903716087341309e-01
5.078968405723571777e-01
3.395366072654724121e-01
4.079180061817169189e-01
3.834098279476165771e-01
3.543474972248077393e-01
2.480961680412292480e-01
2.486355900764465332e-01
3.009438812732696533e-01
3.124694228172302246e-01
2.907003164291381836e-01
3.323267400264739990e-01
3.761780261993408203e-01
3.292107880115509033e-01
2.050622403621673584e-01
3.037821650505065918e-01
3.540892899036407471e-01
1.332368850708007812e+00
9.883556962013244629e-01
3.817504346370697021e-01
5.011203289031982422e-01
1.394858598709106445e+00
1.157127141952514648e+00
1.427995085716247559e+00
1.643859267234802246e+00
1.861677408218383789e+00
1.423176169395446777e+00
1.221261382102966309e+00
1.318796157836914062e+00
1.181431889533996582e+00
3.284030258655548096e-01
6.022199988365173340e-01
5.356972217559814453e-01
4.759609103202819824e-01
5.081808567047119141e-01
5.246716737747192383e-01
2.353443622589111328e+00
2.041612863540649414e+00
1.604733943939208984e+00
1.613215923309326172e+00
1.632003664970397949e+00
1.233016014099121094e+00
6.368867754936218262e-01
1.356861472129821777e+00
1.028980851173400879e+00
1.109192371368408203e+00
1.004737973213195801e+00
1.882346391677856445e+00
1.564684391021728516e+00
1.685820341110229492e+00
1.879700779914855957e+00
1.662105679512023926e+00
1.620222687721252441e+00
1.455553412437438965e+00
8.953825235366821289e-01
1.774460077285766602e+00
3.229819774627685547e+00
3.686803102493286133e+00
3.167080879211425781e+00
3.398072957992553711e+00
3.188813447952270508e+00
3.528716325759887695e+00
3.821825027465820312e+00
2.566871881484985352e+00
2.748881340026855469e+00
2.512376070022583008e+00
2.137513875961303711e+00
2.238945722579956055e+00
2.517271518707275391e+00
2.373698472976684570e+00
2.042751312255859375e+00
2.295477628707885742e+00
2.560016632080078125e+00
2.731028318405151367e+00
2.446957111358642578e+00
2.860918998718261719e+00
2.907137393951416016e+00
2.635720968246459961e+00
1.947711825370788574e+00
2.051851749420166016e+00
2.195470333099365234e+00
2.166686773300170898e+00
1.443762779235839844e+00
1.240046977996826172e+00
1.269119739532470703e+00
1.909582376480102539e+00
1.717375278472900391e+00
2.595896720886230469e+00
2.990796089172363281e+00
1.894133090972900391e+00
2.630577564239501953e+00
2.906311511993408203e+00
2.892861127853393555e+00
2.676985263824462891e+00
1.936025381088256836e+00
3.341812849044799805e+00
2.772322893142700195e+00
1.263244390487670898e+00
1.540735960006713867e+00
1.297195792198181152e+00
9.034557938575744629e-01
6.496148109436035156e-01
1.018932700157165527e+00
3.660002052783966064e-01
4.218808412551879883e-01
5.223234891891479492e-01
3.824688494205474854e-01
3.098386526107788086e-01
2.940596342086791992e-01
3.264174461364746094e-01
2.861426174640655518e-01
2.959547638893127441e-01
2.158924043178558350e-01
3.352795839309692383e-01
2.926949262619018555e-01
9.885971993207931519e-02
1.285267025232315063e-01
2.182079851627349854e-01
3.342730998992919922e-01
1.881002485752105713e-01
3.408695459365844727e-01
3.633368015289306641e-01
3.034617602825164795e-01
2.813708484172821045e-01
3.305727839469909668e-01
4.757684767246246338e-01
5.094915628433227539e-01
2.414196878671646118e-01
3.388965725898742676e-01
4.167743921279907227e-01
3.972251713275909424e-01
3.724162876605987549e-01
1.415875792503356934e+00
1.211957693099975586e+00
1.038836002349853516e+00
2.331383675336837769e-01
2.460678368806838989e-01
3.593519628047943115e-01
2.953857481479644775e-01
4.381882846355438232e-01
2.878872454166412354e-01
4.670154452323913574e-01
3.887333571910858154e-01
3.598277866840362549e-01
3.130075037479400635e-01
5.011480450630187988e-01
5.260742306709289551e-01
4.853372275829315186e-01
3.840799927711486816e-01
4.901871383190155029e-01
2.266830921173095703e+00
1.906270503997802734e+00
1.871958374977111816e+00
1.881201148033142090e+00
2.232944011688232422e+00
2.450818538665771484e+00
4.242434024810791016e+00
3.147360324859619141e+00
1.498104691505432129e+00
2.139141082763671875e+00
1.566450119018554688e+00
1.244137048721313477e+00
1.677895665168762207e+00
1.958666443824768066e+00
1.512811660766601562e+00
1.497398018836975098e+00
1.504410028457641602e+00
1.355016827583312988e+00
1.239490747451782227e+00
1.476769924163818359e+00
1.172623515129089355e+00
1.211087107658386230e+00
1.472478747367858887e+00
1.226269364356994629e+00
1.032908678054809570e+00
1.217419028282165527e+00
1.418176293373107910e+00
1.190088748931884766e+00
9.912677407264709473e-01
1.141467571258544922e+00
1.457134366035461426e+00
2.421205043792724609e+00
3.545549869537353516e+00
3.020823955535888672e+00
3.129272222518920898e+00
2.152204990386962891e+00
1.716089487075805664e+00
1.237253308296203613e+00
2.947425365447998047e+00
3.153383016586303711e+00
2.380861759185791016e+00
3.087040901184082031e+00
2.398821592330932617e+00
9.956614971160888672e-01
6.372151970863342285e-01
5.006801486015319824e-01
3.132106065750122070e-01
6.282080411911010742e-01
6.378513574600219727e-01
9.396386146545410156e-01
5.982195138931274414e-01
2.425648719072341919e-01
4.543502032756805420e-01
4.154713153839111328e-01
4.476498663425445557e-01
4.383625984191894531e-01
4.152926206588745117e-01
6.935765743255615234e-01
6.345517635345458984e-01
8.367891311645507812e-01
8.190169334411621094e-01
7.630803585052490234e-01
1.160882234573364258e+00
9.201933145523071289e-01
8.581638336181640625e-01
8.495582938194274902e-01
1.001563668251037598e+00
9.854332804679870605e-01
1.305543184280395508e+00
1.218765735626220703e+00
1.124512434005737305e+00
1.665085077285766602e+00
1.731909632682800293e+00
1.693086385726928711e+00
1.544608950614929199e+00
1.519459128379821777e+00
1.504244208335876465e+00
2.386123180389404297e+00
1.173452973365783691e+00
2.216376543045043945e+00
2.471457004547119141e+00
2.915769577026367188e+00
2.380214691162109375e+00
3.583154439926147461e+00
3.540104627609252930e+00
1.513212919235229492e+00
1.518163442611694336e+00
1.250341534614562988e+00
1.178526759147644043e+00
1.615447044372558594e+00
1.601185441017150879e+00
2.863307952880859375e+00
2.255208015441894531e+00
7.822960019111633301e-01
1.468843579292297363e+00
1.212007880210876465e+00
7.445340752601623535e-01
6.524928212165832520e-01
1.212022304534912109e+00
9.390380978584289551e-01
3.028151690959930420e-01
4.684234857559204102e-01
2.284364998340606689e-01
6.796529293060302734e-01
5.572451949119567871e-01
2.173744440078735352e-01
2.953788936138153076e-01
2.594490349292755127e-01
2.762501239776611328e-01
4.283881783485412598e-01
3.371599018573760986e-01
1.001183763146400452e-01
3.172647655010223389e-01
1.761133968830108643e-01
3.139427006244659424e-01
2.982062101364135742e-01
4.507370293140411377e-01
1.062365174293518066e+00
1.434633970260620117e+00
1.021211504936218262e+00
1.046443939208984375e+00
5.942558050155639648e-01
2.490182369947433472e-01
2.416841983795166016e-01
1.870584040880203247e-01
2.969563007354736328e-01
3.804109096527099609e-01
3.210931122303009033e-01
3.095020651817321777e-01
3.735132217407226562e-01
3.753436505794525146e-01
3.925095796585083008e-01
2.761281728744506836e-01
3.584161996841430664e-01
4.361977875232696533e-01
3.071639835834503174e-01
2.615173757076263428e-01
4.939455687999725342e-01
4.433350265026092529e-01
4.934571087360382080e-01
6.043645143508911133e-01
4.298842251300811768e-01
5.872561335563659668e-01
1.810523986816406250e+00
2.067165136337280273e+00
2.632393598556518555e+00
2.580240011215209961e+00
2.466903209686279297e+00
2.728136301040649414e+00
1.839424252510070801e+00
2.231393575668334961e+00
2.063364744186401367e+00
2.424587488174438477e+00
1.594514489173889160e+00
1.337234377861022949e+00
1.543184757232666016e+00
1.439795255661010742e+00
1.370919704437255859e+00
1.699131608009338379e+00
1.543244242668151855e+00
1.508753895759582520e+00
2.029390573501586914e+00
1.818035006523132324e+00
1.335103869438171387e+00
1.300316095352172852e+00
1.460763454437255859e+00
1.558368086814880371e+00
1.637132287025451660e+00
1.391813874244689941e+00
1.426120519638061523e+00
1.289950013160705566e+00
1.443751335144042969e+00
1.151505112648010254e+00
1.831135749816894531e-01
5.887625813484191895e-01
2.555582225322723389e-01
3.975957632064819336e-01
3.524660766124725342e-01
3.336133360862731934e-01
3.754316568374633789e-01
5.999534726142883301e-01
4.656635820865631104e-01
5.499796867370605469e-01
4.311891794204711914e-01
4.256850183010101318e-01
5.143707990646362305e-01
2.924583554267883301e-01
2.689994275569915771e-01
3.046537935733795166e-01
3.277851939201354980e-01
3.890770673751831055e-01
2.214078009128570557e-01
3.830559551715850830e-01
4.136565327644348145e-01
2.664648294448852539e-01
1.910966783761978149e-01
3.705908060073852539e-01
3.509758114814758301e-01
3.189729452133178711e-01
1.891716867685317993e-01
3.422603011131286621e-01
3.737675845623016357e-01
3.618632555007934570e-01
3.780300915241241455e-01
1.450571656227111816e+00
7.067530155181884766e-01
9.687009453773498535e-01
1.166408061981201172e+00
1.212725400924682617e+00
9.254345893859863281e-01
2.154981136322021484e+00
2.286055326461791992e+00
2.527602910995483398e+00
2.612239122390747070e+00
1.927053093910217285e+00
1.889636754989624023e+00
2.349801063537597656e+00
2.208549261093139648e+00
1.795890331268310547e+00
1.892265677452087402e+00
1.981541275978088379e+00
2.032251596450805664e+00
2.686849832534790039e+00
2.274353027343750000e+00
1.629331469535827637e+00
1.798533201217651367e+00
2.031048297882080078e+00
2.608825683593750000e+00
2.800292015075683594e+00
2.984883546829223633e+00
2.406652688980102539e+00
2.482635974884033203e+00
2.402784109115600586e+00
2.360352516174316406e+00
2.299301147460937500e+00
1.342762708663940430e+00
1.074245095252990723e+00
1.101760149002075195e+00
8.595477938652038574e-01
6.369550228118896484e-01
6.539927124977111816e-01
7.330378890037536621e-01
7.919656634330749512e-01
6.442852616310119629e-01
2.580733299255371094e-01
3.908101916313171387e-01
5.768941640853881836e-01
4.722000062465667725e-01
4.293236732482910156e-01
3.866877555847167969e-01
4.013898074626922607e-01
4.577144682407379150e-01
3.179664611816406250e-01
3.389078378677368164e-01
3.084832429885864258e-01
2.647007405757904053e-01
3.023332953453063965e-01
2.339305132627487183e-01
2.578041553497314453e-01
3.687370717525482178e-01
3.420681655406951904e-01
2.276723086833953857e-01
3.899711668491363525e-01
4.163509011268615723e-01
3.810816407203674316e-01
3.360514640808105469e-01
3.525387048721313477e-01
3.846479058265686035e-01
4.075786769390106201e-01
3.677037358283996582e-01
3.981713652610778809e-01
3.962348699569702148e-01
3.902433514595031738e-01
3.616892099380493164e-01
3.481175005435943604e-01
4.797958135604858398e-01
1.353069901466369629e+00
1.540639996528625488e+00
1.451303005218505859e+00
1.178649306297302246e+00
4.642497897148132324e-01
3.948605358600616455e-01
4.856447875499725342e-01
4.274938106536865234e-01
4.326800107955932617e-01
3.724974393844604492e-01
5.389735698699951172e-01
6.217009425163269043e-01
2.216639280319213867e+00
2.282526493072509766e+00
2.384046792984008789e+00
2.183783292770385742e+00
2.368087053298950195e+00
2.781019449234008789e+00
3.069000959396362305e+00
2.327760457992553711e+00
1.462571740150451660e+00
1.435110092163085938e+00
1.349114894866943359e+00
1.554169178009033203e+00
1.565061569213867188e+00
1.491577267646789551e+00
1.460942983627319336e+00
1.316742777824401855e+00
1.455986499786376953e+00
1.178104639053344727e+00
1.329387187957763672e+00
1.220246672630310059e+00
1.341902017593383789e+00
1.300737380981445312e+00
1.591848611831665039e+00
1.376069903373718262e+00
1.212192893028259277e+00
1.387224078178405762e+00
1.368338704109191895e+00
1.257981419563293457e+00
1.171461582183837891e+00
1.328214406967163086e+00
1.509346246719360352e+00
1.385631322860717773e+00
1.412230014801025391e+00
1.722633361816406250e+00
1.328530907630920410e+00
1.288399696350097656e+00
1.830510616302490234e+00
1.380875468254089355e+00
1.317612290382385254e+00
1.010977029800415039e+00
2.901035845279693604e-01
4.855129420757293701e-01
3.464844524860382080e-01
4.485702812671661377e-01
3.047234416007995605e-01
4.742568433284759521e-01
3.209330439567565918e-01
1.827287524938583374e-01
2.897642552852630615e-01
4.283613264560699463e-01
3.168223798274993896e-01
1.891804635524749756e-01
3.014849722385406494e-01
3.467045426368713379e-01
1.111711502075195312e+00
8.538331389427185059e-01
8.301960229873657227e-01
9.387420415878295898e-01
1.033369421958923340e+00
8.779178261756896973e-01
9.046826362609863281e-01
9.533188939094543457e-01
1.011465191841125488e+00
1.203898668289184570e+00
1.160372734069824219e+00
1.172188758850097656e+00
1.291497588157653809e+00
1.267857789993286133e+00
1.485016226768493652e+00
1.875886678695678711e+00
2.124388456344604492e+00
1.876711964607238770e+00
1.787425398826599121e+00
1.764739155769348145e+00
1.420175075531005859e+00
1.281779170036315918e+00
3.035336256027221680e+00
2.342837810516357422e+00
2.998854160308837891e+00
3.973617553710937500e+00
2.944269418716430664e+00
2.532679080963134766e+00
2.566373348236083984e+00
1.656374573707580566e+00
1.092061161994934082e+00
7.923548817634582520e-01
1.956165909767150879e+00
2.738196849822998047e+00
1.353832721710205078e+00
1.602725863456726074e+00
1.553277492523193359e+00
1.135268092155456543e+00
1.456096172332763672e+00
1.527101993560791016e+00
7.892457842826843262e-01
9.019584059715270996e-01
1.002372503280639648e+00
9.039751887321472168e-01
8.750798106193542480e-01
7.755170464515686035e-01
6.355237364768981934e-01
7.472210526466369629e-01
5.567452311515808105e-01
3.130039274692535400e-01
4.297729432582855225e-01
5.869264006614685059e-01
5.957400202751159668e-01
4.099474251270294189e-01
5.113812088966369629e-01
3.792717456817626953e-01
3.973062932491302490e-01
4.948193728923797607e-01
4.678930938243865967e-01
4.068227112293243408e-01
4.315030276775360107e-01
5.062629580497741699e-01
4.394485950469970703e-01
3.508828878402709961e-01
5.383346080780029297e-01
5.172331929206848145e-01
5.491634011268615723e-01
1.440235972404479980e+00
1.181192636489868164e+00
1.495608687400817871e+00
1.381474852561950684e+00
3.177162110805511475e-01
3.619994819164276123e-01
6.767661571502685547e-01
5.877045989036560059e-01
6.283453702926635742e-01
7.135999798774719238e-01
8.568059802055358887e-01
4.861430823802947998e-01
4.956786632537841797e-01
4.276840388774871826e-01
4.548306763172149658e-01
5.073127746582031250e-01
6.995422840118408203e-01
3.956641852855682373e-01
3.704614341259002686e-01
3.892560601234436035e-01
5.515137910842895508e-01
3.725270330905914307e-01
4.914942979812622070e-01
2.341690301895141602e+00
2.888569593429565430e+00
2.692624807357788086e+00
2.661938667297363281e+00
2.740724802017211914e+00
2.562688350677490234e+00
2.785303592681884766e+00
2.561841964721679688e+00
2.076145410537719727e+00
1.174864768981933594e+00
1.312621474266052246e+00
1.377360463142395020e+00
1.364380240440368652e+00
1.447236776351928711e+00
1.305579066276550293e+00
1.365903973579406738e+00
1.370658397674560547e+00
1.341903090476989746e+00
1.265972256660461426e+00
1.291742086410522461e+00
1.418555140495300293e+00
1.207986235618591309e+00
1.051151037216186523e+00
1.283513069152832031e+00
1.427129507064819336e+00
1.311502933502197266e+00
1.177100062370300293e+00
1.207061171531677246e+00
1.192746400833129883e+00
1.215703725814819336e+00
1.271514177322387695e+00
1.277219295501708984e+00
1.329949378967285156e+00
1.248625636100769043e+00
1.261355876922607422e+00
1.286324501037597656e+00
2.272116661071777344e+00
1.462070941925048828e+00
1.160309076309204102e+00
7.802358865737915039e-01
8.583236336708068848e-01
1.373483061790466309e+00
4.973155856132507324e-01
4.907520413398742676e-01
3.122509717941284180e-01
1.209908485412597656e+00
2.995879352092742920e-01
2.127323299646377563e-01
3.463819324970245361e-01
3.824858367443084717e-01
2.718152403831481934e-01
2.690394520759582520e-01
2.927245199680328369e-01
2.411795854568481445e-01
2.891055941581726074e-01
3.202209174633026123e-01
4.646864235401153564e-01
3.286223113536834717e-01
4.563533067703247070e-01
6.989096999168395996e-01
6.834014654159545898e-01
6.284922957420349121e-01
6.585569977760314941e-01
6.913226246833801270e-01
5.004808902740478516e-01
7.711561322212219238e-01
7.724756598472595215e-01
8.735783100128173828e-01
1.058783769607543945e+00
3.121467590332031250e+00
3.465561389923095703e+00
3.277952671051025391e+00
2.995502471923828125e+00
3.206948757171630859e+00
2.387484312057495117e+00
2.193545341491699219e+00
2.838004350662231445e+00
3.117844104766845703e+00
2.767606258392333984e+00
3.487318277359008789e+00
3.692552566528320312e+00
1.358645319938659668e+00
1.762072443962097168e+00
2.073515176773071289e+00
1.865952014923095703e+00
2.942862749099731445e+00
1.536156058311462402e+00
2.923346519470214844e+00
2.581697702407836914e+00
1.157495260238647461e+00
1.425434470176696777e+00
2.008529186248779297e+00
8.223244547843933105e-01
8.977973461151123047e-01
1.390442252159118652e+00
9.620233774185180664e-01
8.440302610397338867e-01
1.001693606376647949e+00
6.129336357116699219e-01
3.425039947032928467e-01
3.085303604602813721e-01
4.581872820854187012e-01
4.404940009117126465e-01
2.866516113281250000e-01
3.135151267051696777e-01
5.115859508514404297e-01
4.173272252082824707e-01
3.584252297878265381e-01
2.548277378082275391e-01
2.748478651046752930e-01
2.479424029588699341e-01
1.994284391403198242e-01
2.919216752052307129e-01
2.179577350616455078e-01
2.588479220867156982e-01
2.935725748538970947e-01
2.600062787532806396e-01
1.449923753738403320e+00
1.165718674659729004e+00
1.177098751068115234e+00
6.295461654663085938e-01
2.436725050210952759e-01
2.573039531707763672e-01
2.258320152759552002e-01
3.034831285476684570e-01
4.219731986522674561e-01
3.560934960842132568e-01
3.480120003223419189e-01
3.404315412044525146e-01
4.726369082927703857e-01
2.828493118286132812e-01
2.664415538311004639e-01
3.324826955795288086e-01
3.223975300788879395e-01
2.913326621055603027e-01
3.210832476615905762e-01
4.713396131992340088e-01
3.775644004344940186e-01
4.405378401279449463e-01
4.303614199161529541e-01
4.497420489788055420e-01
2.671456933021545410e-01
4.262633919715881348e-01
1.521395802497863770e+00
1.992669701576232910e+00
2.272614002227783203e+00
2.357697010040283203e+00
3.002231836318969727e+00
1.757205843925476074e+00
1.832156062126159668e+00
2.006294488906860352e+00
1.662463307380676270e+00
1.824586510658264160e+00
1.622741937637329102e+00
1.592213153839111328e+00
1.349856376647949219e+00
1.228414773941040039e+00
1.483267784118652344e+00
1.178505897521972656e+00
1.301275730133056641e+00
1.312655210494995117e+00
1.365570068359375000e+00
1.334695100784301758e+00
1.172054529190063477e+00
1.369107007980346680e+00
1.366464495658874512e+00
1.360519528388977051e+00
1.409251689910888672e+00
1.316464304924011230e+00
1.183450102806091309e+00
1.450713396072387695e+00
1.260130643844604492e+00
1.307870507240295410e+00
1.353345632553100586e+00
1.408115863800048828e+00
1.267980813980102539e+00
1.353277921676635742e+00
1.403267621994018555e+00
1.478863000869750977e+00
1.283082485198974609e+00
1.455637574195861816e+00
2.299959421157836914e+00
1.575498938560485840e+00
1.526544809341430664e+00
1.456668972969055176e+00
1.676868796348571777e+00
1.364588856697082520e+00
1.350684046745300293e+00
2.198978424072265625e+00
1.775006890296936035e+00
1.253285646438598633e+00
1.329851269721984863e+00
1.384137511253356934e+00
1.237671017646789551e+00
1.745962619781494141e+00
1.836283683776855469e+00
1.695935606956481934e+00
1.724738717079162598e+00
1.699222326278686523e+00
1.800575852394104004e+00
1.823296666145324707e+00
1.619364976882934570e+00
1.573219537734985352e+00
1.073416233062744141e+00
1.586043715476989746e+00
1.043344378471374512e+00
1.502514362335205078e+00
9.352431893348693848e-01
7.816389799118041992e-01
8.035043478012084961e-01
7.293698787689208984e-01
7.281216382980346680e-01
9.564628005027770996e-01
1.425950884819030762e+00
1.340762615203857422e+00
1.294290423393249512e+00
1.239933729171752930e+00
1.443516731262207031e+00
1.313044667243957520e+00
1.100257039070129395e+00
1.542817950248718262e+00
1.871931195259094238e+00
1.416021108627319336e+00
1.695801377296447754e+00
1.744989275932312012e+00
2.895527839660644531e+00
1.697964787483215332e+00
1.267370104789733887e+00
1.119390130043029785e+00
1.713102936744689941e+00
1.317691802978515625e+00
2.144453287124633789e+00
2.197286605834960938e+00
1.828368782997131348e+00
1.895856618881225586e+00
1.776761054992675781e+00
1.148691773414611816e+00
3.249663710594177246e-01
3.445460200309753418e-01
3.898555040359497070e-01
4.722035527229309082e-01
3.922535777091979980e-01
2.853819727897644043e-01
3.292669653892517090e-01
3.507466614246368408e-01
3.238425850868225098e-01
3.235838413238525391e-01
4.006275534629821777e-01
3.262620568275451660e-01
2.495283335447311401e-01
2.987165749073028564e-01
3.919939994812011719e-01
2.661175727844238281e-01
3.901309669017791748e-01
3.924561440944671631e-01
1.861818283796310425e-01
1.862037628889083862e-01
2.883444428443908691e-01
3.238587379455566406e-01
2.853638827800750732e-01
2.580291926860809326e-01
3.144358098506927490e-01
3.256902694702148438e-01
9.892829656600952148e-01
3.012127876281738281e-01
3.734732270240783691e-01
3.050386309623718262e-01
2.554310262203216553e-01
4.534267485141754150e-01
3.785763680934906006e-01
3.160214722156524658e-01
3.660794198513031006e-01
5.738086700439453125e-01
3.326490819454193115e-01
3.113968968391418457e-01
4.168486595153808594e-01
3.031092584133148193e-01
3.504506349563598633e-01
3.978054225444793701e-01
4.994012117385864258e-01
1.311425328254699707e+00
1.409835577011108398e+00
1.582571983337402344e+00
1.272130966186523438e+00
5.580838918685913086e-01
3.054319620132446289e-01
6.326319575309753418e-01
3.286771178245544434e-01
1.437744736671447754e+00
2.156932115554809570e+00
2.474367380142211914e+00
2.873354673385620117e+00
2.260473012924194336e+00
2.335357666015625000e+00
2.276624679565429688e+00
2.458626270294189453e+00
2.424163818359375000e+00
2.331074237823486328e+00
2.003405570983886719e+00
1.307787537574768066e+00
1.443865299224853516e+00
1.255690574645996094e+00
2.828476905822753906e+00
1.545032978057861328e+00
1.201011061668395996e+00
1.431295752525329590e+00
1.401568770408630371e+00
1.638006687164306641e+00
7.169957756996154785e-01
2.349332809448242188e+00
1.614099860191345215e+00
5.354149341583251953e-01
8.019033670425415039e-01
1.922258257865905762e+00
1.860936284065246582e+00
2.179955482482910156e+00
3.221764326095581055e+00
3.114789247512817383e+00
2.456319808959960938e+00
1.660955309867858887e+00
2.519067287445068359e+00
1.712232112884521484e+00
5.240083336830139160e-01
1.117146134376525879e+00
8.335525989532470703e-01
7.552532553672790527e-01
2.399112462997436523e+00
3.171296417713165283e-01
9.291516542434692383e-01
1.722740530967712402e+00
1.507109284400939941e+00
1.330918669700622559e+00
9.066901803016662598e-01
1.348176360130310059e+00
2.209223031997680664e+00
4.951153993606567383e-01
5.753553509712219238e-01
5.338138937950134277e-01
5.802499651908874512e-01
1.677992939949035645e+00
1.510466217994689941e+00
1.473659515380859375e+00
1.325119853019714355e+00
1.541346073150634766e+00
1.513574957847595215e+00
1.794894337654113770e+00
1.712320685386657715e+00
1.512553453445434570e+00
1.682350277900695801e+00
1.490042328834533691e+00
1.381524205207824707e+00
1.963463187217712402e+00
2.189420461654663086e+00
2.090500354766845703e+00
2.123009920120239258e+00
2.506582498550415039e+00
3.055498600006103516e+00
4.673211574554443359e+00
4.454417705535888672e+00
4.783980846405029297e+00
4.792114257812500000e+00
3.594293594360351562e+00
4.025180339813232422e+00
3.093256950378417969e+00
3.258411407470703125e+00
2.640387773513793945e+00
3.114544391632080078e+00
3.101014375686645508e+00
2.546964406967163086e+00
2.510473728179931641e+00
2.417384147644042969e+00
1.433863759040832520e+00
1.711595416069030762e+00
2.098215579986572266e+00
1.866019487380981445e+00
1.864719390869140625e+00
2.750556707382202148e+00
2.169141054153442383e+00
1.852209329605102539e+00
2.095877408981323242e+00
1.947526574134826660e+00
1.339385509490966797e+00
1.652175903320312500e+00
1.230010628700256348e+00
8.737633228302001953e-01
8.056003451347351074e-01
8.495878577232360840e-01
9.365723133087158203e-01
8.701334595680236816e-01
8.282940387725830078e-01
5.847604870796203613e-01
5.257102251052856445e-01
5.414639711380004883e-01
6.000400781631469727e-01
4.975504875183105469e-01
4.983160495758056641e-01
5.199223756790161133e-01
3.244409263134002686e-01
3.042004406452178955e-01
3.682908415794372559e-01
2.294035106897354126e-01
2.183751761913299561e-01
2.396059781312942505e-01
1.198341608047485352e+00
1.311162233352661133e+00
1.164202690124511719e+00
1.161738038063049316e+00
1.052563451230525970e-02
2.136417925357818604e-01
2.915091812610626221e-01
3.984926044940948486e-01
2.801256179809570312e-01
3.428778648376464844e-01
4.118751585483551025e-01
4.028636515140533447e-01
2.985022366046905518e-01
5.393103957176208496e-01
4.181440472602844238e-01
4.333104491233825684e-01
5.523851513862609863e-01
4.025053977966308594e-01
4.599445462226867676e-01
4.088981747627258301e-01
2.628738880157470703e-01
3.408363759517669678e-01
2.989418804645538330e-01
3.282262384891510010e-01
6.162272095680236816e-01
3.318785727024078369e-01
4.040263593196868896e-01
4.996443390846252441e-01
3.864021301269531250e-01
3.074948191642761230e-01
1.376497864723205566e+00
1.920966744422912598e+00
1.423773646354675293e+00
2.074532032012939453e+00
2.489135265350341797e+00
2.340526580810546875e+00
1.836640477180480957e+00
1.584792733192443848e+00
1.376244783401489258e+00
1.298218965530395508e+00
1.551774382591247559e+00
1.330966830253601074e+00
1.187161445617675781e+00
1.132994174957275391e+00
1.274738430976867676e+00
1.140283226966857910e+00
1.329540729522705078e+00
1.294437527656555176e+00
2.509892582893371582e-01
3.381332159042358398e-01
4.609981775283813477e-01
3.055092692375183105e-01
1.915634721517562866e-01
4.479990601539611816e-01
5.087367296218872070e-01
2.290178537368774414e-01
2.164976149797439575e-01
3.779804706573486328e-01
3.745759129524230957e-01
1.939330548048019409e-01
3.876273632049560547e-01
5.379168987274169922e-01
2.701613306999206543e-01
2.971224188804626465e-01
4.865915179252624512e-01
5.274142622947692871e-01
3.218701779842376709e-01
3.183614313602447510e-01
3.511841297149658203e-01
2.525735497474670410e-01
1.940917521715164185e-01
3.548901975154876709e-01
3.689706027507781982e-01
3.125349581241607666e-01
3.435995578765869141e-01
3.766541182994842529e-01
2.620261013507843018e-01
3.912756145000457764e-01
3.385983705520629883e-01
2.565087676048278809e-01
2.797996997833251953e-01
3.113212287425994873e-01
3.925010859966278076e-01
2.482710480690002441e-01
4.309912919998168945e-01
4.883079230785369873e-01
2.962661385536193848e-01
3.235545158386230469e-01
5.653535723686218262e-01
3.624988794326782227e-01
3.664779663085937500e-01
4.147274196147918701e-01
4.089927375316619873e-01
3.892437219619750977e-01
1.587853312492370605e+00
1.316305875778198242e+00
1.391025543212890625e+00
7.750316262245178223e-01
2.501667141914367676e-01
4.444610178470611572e-01
1.552010923624038696e-01
4.020470976829528809e-01
4.552031755447387695e-01
4.632822275161743164e-01
3.148987591266632080e-01
4.485527575016021729e-01
4.900341928005218506e-01
3.569286763668060303e-01
4.016850292682647705e-01
5.647949576377868652e-01
5.213537216186523438e-01
3.516024053096771240e-01
3.689917027950286865e-01
1.668595433235168457e+00
1.876312971115112305e+00
1.340768575668334961e+00
1.376557826995849609e+00
1.415847897529602051e+00
6.078293919563293457e-01
1.110711336135864258e+00
1.342221617698669434e+00
1.916924595832824707e+00
1.735438942909240723e+00
1.600040793418884277e+00
1.355956077575683594e+00
9.822233319282531738e-01
3.876259922981262207e-01
3.092630505561828613e-01
3.687653243541717529e-01
3.465568125247955322e-01
3.663754463195800781e-01
2.525697350502014160e-01
3.906703889369964600e-01
4.575864672660827637e-01
2.465009242296218872e-01
2.606509625911712646e-01
4.938885569572448730e-01
4.496502280235290527e-01
2.392307519912719727e-01
3.357466459274291992e-01
3.790341019630432129e-01
1.810178309679031372e-01
2.483719140291213989e-01
4.464742541313171387e-01
2.463463246822357178e-01
1.772243082523345947e-01
3.761675953865051270e-01
3.517402708530426025e-01
2.643712759017944336e-01
3.453573584556579590e-01
3.694620728492736816e-01
2.719446122646331787e-01
2.901655435562133789e-01
3.333707749843597412e-01
2.553030252456665039e-01
2.395832389593124390e-01
4.766576588153839111e-01
4.597904980182647705e-01
2.388489246368408203e-01
4.605976939201354980e-01
6.086916923522949219e-01
2.529444098472595215e-01
4.177589416503906250e-01
3.539936244487762451e-01
3.242682516574859619e-01
1.983172446489334106e-01
3.340790271759033203e-01
4.012999236583709717e-01
3.183003067970275879e-01
3.522416055202484131e-01
4.161340892314910889e-01
1.183252811431884766e+00
1.038183093070983887e+00
2.183198213577270508e+00
2.529136419296264648e+00
1.831619620323181152e+00
1.922811985015869141e+00
2.081008195877075195e+00
1.996524095535278320e+00
1.747385740280151367e+00
2.325583696365356445e+00
2.111903667449951172e+00
1.678965449333190918e+00
2.329826831817626953e+00
2.802441835403442383e+00
2.582341670989990234e+00
2.656751632690429688e+00
1.268196582794189453e+00
1.629714727401733398e+00
1.597546815872192383e+00
1.452460527420043945e+00
1.782385349273681641e+00
1.629780530929565430e+00
2.675637722015380859e+00
2.570363998413085938e+00
3.102190971374511719e+00
2.855051517486572266e+00
2.891785621643066406e+00
1.668994307518005371e+00
2.533899307250976562e+00
2.453352451324462891e+00
2.342142820358276367e+00
3.047320365905761719e+00
1.557158231735229492e+00
1.912729859352111816e+00
2.314737558364868164e+00
1.660500764846801758e+00
1.679316043853759766e+00
1.665046215057373047e+00
1.982200264930725098e+00
1.752125501632690430e+00
1.770524501800537109e+00
1.801045894622802734e+00
1.731918454170227051e+00
1.803088426589965820e+00
2.324120759963989258e+00
2.324034690856933594e+00
1.310746073722839355e+00
1.516243100166320801e+00
1.441178321838378906e+00
1.570829153060913086e+00
1.708284020423889160e+00
2.004719018936157227e+00
2.632169961929321289e+00
2.517176628112792969e+00
4.777688384056091309e-01
7.295228242874145508e-01
8.751847743988037109e-01
9.994081854820251465e-01
9.668790698051452637e-01
9.794316291809082031e-01
9.120419025421142578e-01
9.196385145187377930e-01
9.466566443443298340e-01
7.399259805679321289e-01
8.837276101112365723e-01
6.889615654945373535e-01
7.331842780113220215e-01
7.223702669143676758e-01
7.208449244499206543e-01
9.146313071250915527e-01
1.179925799369812012e+00
3.547429800033569336e+00
4.095930576324462891e+00
4.110715389251708984e+00
3.664661407470703125e+00
3.128185272216796875e+00
3.341681957244873047e+00
2.081550359725952148e+00
1.346205353736877441e+00
2.057369947433471680e+00
3.781073093414306641e+00
3.042981624603271484e+00
1.460335373878479004e+00
1.541061878204345703e+00
2.056685447692871094e+00
1.301472306251525879e+00
1.969047904014587402e+00
2.338427543640136719e+00
2.102150201797485352e+00
2.141866683959960938e+00
2.797991275787353516e+00
2.598166704177856445e+00
2.584851980209350586e+00
2.350827217102050781e+00
1.810516476631164551e+00
1.710727930068969727e+00
1.192931652069091797e+00
2.129247486591339111e-01
4.835750758647918701e-01
3.408421277999877930e-01
3.074992299079895020e-01
3.830606043338775635e-01
3.773925304412841797e-01
3.571364283561706543e-01
1.837574392557144165e-01
4.666015505790710449e-01
2.728480398654937744e-01
3.068575561046600342e-01
1.586972177028656006e-01
3.752008676528930664e-01
4.324253797531127930e-01
3.332372903823852539e-01
1.837196052074432373e-01
2.673405706882476807e-01
2.954312264919281006e-01
1.982281655073165894e-01
2.680757045745849609e-01
3.557368814945220947e-01
2.147080302238464355e-01
4.603578746318817139e-01
2.053344249725341797e-01
2.948323190212249756e-01
3.025210499763488770e-01
3.196305036544799805e-01
2.497906386852264404e-01
3.120796680450439453e-01
4.560657739639282227e-01
2.375993132591247559e-01
3.145128488540649414e-01
4.241876304149627686e-01
4.706631302833557129e-01
2.217556387186050415e-01
1.981774568557739258e-01
3.395245373249053955e-01
2.682124972343444824e-01
3.758836388587951660e-01
5.619281530380249023e-01
4.137647747993469238e-01
5.366376638412475586e-01
3.851958215236663818e-01
3.794902265071868896e-01
5.117471218109130859e-01
4.562313258647918701e-01
3.782266080379486084e-01
3.512093424797058105e-01
4.745983481407165527e-01
1.596478700637817383e+00
1.713968276977539062e+00
2.607856512069702148e+00
1.981256008148193359e+00
2.269777297973632812e+00
2.106378555297851562e+00
2.473398208618164062e+00
2.461378574371337891e+00
1.619172096252441406e+00
2.460289001464843750e+00
2.116515159606933594e+00
1.320003509521484375e+00
1.200283050537109375e+00
1.353281974792480469e+00
1.360113859176635742e+00
1.187739491462707520e+00
1.211368680000305176e+00
1.349836587905883789e+00
1.281775832176208496e+00
1.934307336807250977e+00
1.268393278121948242e+00
1.439667224884033203e+00
1.365694284439086914e+00
1.575476408004760742e+00
1.683701038360595703e+00
1.574907660484313965e+00
1.281275391578674316e+00
1.346604108810424805e+00
1.983570933341979980e+00
2.296838521957397461e+00
1.635299444198608398e+00
1.410826683044433594e+00
1.503932237625122070e+00
1.770916461944580078e+00
9.140716195106506348e-01
6.414666771888732910e-01
5.670409202575683594e-01
7.557589411735534668e-01
5.701856017112731934e-01
2.209090232849121094e+00
5.674188733100891113e-01
4.633770585060119629e-01
5.031661987304687500e-01
7.013899683952331543e-01
1.616426110267639160e+00
1.543689846992492676e+00
1.969246864318847656e+00
2.434549808502197266e+00
7.751283645629882812e-01
2.103260308504104614e-01
4.051422178745269775e-01
3.340431451797485352e-01
4.814088642597198486e-01
7.377200126647949219e-01
6.033525466918945312e-01
6.080662012100219727e-01
8.524324893951416016e-01
6.487590670585632324e-01
5.995033979415893555e-01
7.802219390869140625e-01
6.674035191535949707e-01
1.342101573944091797e+00
1.117293596267700195e+00
1.149750828742980957e+00
5.946995615959167480e-01
6.549523472785949707e-01
1.027792334556579590e+00
1.332379341125488281e+00
1.336225390434265137e+00
1.873638033866882324e+00
1.959428668022155762e+00
2.014094829559326172e+00
2.050967216491699219e+00
3.321006059646606445e+00
2.594832897186279297e+00
2.356847524642944336e+00
2.550850152969360352e+00
2.122565507888793945e+00
1.424051403999328613e+00
1.536540031433105469e+00
2.795356273651123047e+00
2.667310714721679688e+00
3.396382331848144531e+00
2.756228446960449219e+00
2.883024930953979492e+00
2.552267789840698242e+00
2.028287887573242188e+00
1.327181816101074219e+00
1.494959354400634766e+00
1.145363688468933105e+00
1.214771866798400879e+00
1.190996289253234863e+00
7.716791033744812012e-01
7.730567455291748047e-01
8.576301932334899902e-01
7.381306290626525879e-01
4.903534948825836182e-01
6.457831859588623047e-01
6.766583919525146484e-01
6.526095867156982422e-01
6.214704513549804688e-01
6.107584238052368164e-01
4.677524864673614502e-01
3.318103253841400146e-01
5.019165873527526855e-01
5.876004099845886230e-01
3.272076845169067383e-01
3.732196688652038574e-01
2.642690539360046387e-01
3.933513462543487549e-01
1.653709560632705688e-01
2.619523704051971436e-01
7.658487558364868164e-02
1.989641189575195312e-01
1.045299842953681946e-01
1.941852122545242310e-01
5.539318919181823730e-01
2.656368017196655273e-01
2.408558726310729980e-01
3.755651414394378662e-01
1.323467493057250977e+00
1.356350541114807129e+00
1.108139753341674805e+00
1.150810480117797852e+00
1.952067762613296509e-01
1.567467302083969116e-01
4.006102681159973145e-01
3.356866240501403809e-01
3.050117790699005127e-01
3.384086787700653076e-01
3.732646405696868896e-01
2.592791020870208740e-01
3.090284168720245361e-01
3.783557116985321045e-01
3.425782620906829834e-01
3.052590191364288330e-01
3.329097330570220947e-01
4.225548207759857178e-01
2.904560863971710205e-01
3.524334728717803955e-01
4.183658063411712646e-01
3.664113581180572510e-01
2.344112843275070190e-01
5.789035558700561523e-01
1.675941348075866699e+00
1.674608945846557617e+00
1.803959608078002930e+00
1.774883747100830078e+00
2.639301300048828125e+00
1.703432202339172363e+00
4.459100246429443359e+00
3.036385536193847656e+00
1.335008502006530762e+00
1.768601179122924805e+00
1.437959313392639160e+00
1.756016492843627930e+00
1.301089048385620117e+00
1.698912620544433594e+00
1.325748920440673828e+00
1.224600672721862793e+00
1.494361519813537598e+00
1.446702241897583008e+00
1.483927249908447266e+00
1.362209320068359375e+00
1.444762706756591797e+00
1.375765681266784668e+00
2.049500942230224609e+00
1.221832871437072754e+00
1.374233007431030273e+00
1.209925174713134766e+00
1.378889322280883789e+00
9.106078147888183594e-01
1.306734204292297363e+00
1.490931272506713867e+00
1.382325649261474609e+00
1.331575036048889160e+00
1.322702288627624512e+00
1.499333739280700684e+00
2.081168651580810547e+00
1.525091290473937988e+00
1.433003664016723633e+00
1.811208128929138184e+00
1.324233889579772949e+00
2.074643373489379883e+00
2.687386989593505859e+00
1.435400605201721191e+00
1.477464795112609863e+00
1.920260071754455566e+00
1.674455165863037109e+00
1.649392962455749512e+00
1.717937231063842773e+00
2.663199901580810547e+00
2.568992614746093750e+00
1.367412567138671875e+00
1.657036542892456055e+00
1.693282604217529297e+00
1.288607239723205566e+00
1.288986325263977051e+00
1.915103197097778320e+00
1.393539547920227051e+00
6.252592802047729492e-01
8.317953348159790039e-01
1.408232569694519043e+00
1.056518435478210449e+00
1.117651820182800293e+00
2.348748922348022461e+00
2.146142244338989258e+00
2.265544891357421875e+00
2.383400440216064453e+00
2.493193387985229492e+00
8.959394693374633789e-01
9.694122672080993652e-01
2.370350122451782227e+00
2.715712547302246094e+00
2.575251340866088867e+00
2.712026119232177734e+00
2.339312791824340820e+00
2.050331115722656250e+00
1.440581917762756348e+00
1.801840782165527344e+00
1.921633601188659668e+00
2.098405361175537109e+00
1.867158293724060059e+00
2.597494363784790039e+00
2.986618995666503906e+00
2.670739412307739258e+00
2.630979299545288086e+00
2.131250381469726562e+00
2.141292095184326172e+00
1.935638070106506348e+00
2.293818473815917969e+00
1.991845130920410156e+00
2.238600969314575195e+00
1.380683302879333496e+00
7.727692127227783203e-01
8.255950212478637695e-01
5.532496571540832520e-01
7.336438894271850586e-01
3.782935142517089844e-01
3.797730803489685059e-01
2.644817531108856201e-01
3.858903944492340088e-01
2.543557286262512207e-01
3.754297196865081787e-01
5.139092206954956055e-01
4.314120411872863770e-01
2.790333330631256104e-01
2.789568603038787842e-01
3.606906533241271973e-01
3.428222239017486572e-01
3.600457012653350830e-01
3.855379223823547363e-01
1.693544089794158936e-01
1.031912863254547119e-01
2.772599160671234131e-01
3.899426758289337158e-01
3.100395500659942627e-01
2.767029404640197754e-01
3.300506174564361572e-01
3.397161364555358887e-01
2.851490080356597900e-01
3.469391763210296631e-01
2.319383770227432251e-01
2.431026548147201538e-01
2.593199312686920166e-01
2.686834037303924561e-01
2.893534004688262939e-01
2.893558442592620850e-01
4.091854393482208252e-01
5.346896648406982422e-01
2.159228324890136719e-01
2.830842137336730957e-01
4.274921715259552002e-01
3.175207972526550293e-01
2.448409795761108398e-01
3.992181420326232910e-01
4.304759800434112549e-01
1.346727490425109863e+00
1.348522067070007324e+00
1.358040094375610352e+00
1.243976116180419922e+00
3.590142726898193359e-01
2.663519084453582764e-01
6.032328009605407715e-01
3.187495768070220947e-01
3.477504849433898926e-01
1.484693050384521484e+00
8.709979653358459473e-01
2.281180143356323242e+00
1.863145470619201660e+00
1.836428642272949219e+00
2.666137218475341797e+00
2.222780942916870117e+00
2.525640010833740234e+00
3.815410137176513672e+00
1.894522666931152344e+00
1.940480828285217285e+00
1.831014633178710938e+00
1.983978867530822754e+00
1.777632474899291992e+00
6.207084655761718750e-01
1.496059298515319824e+00
2.466953754425048828e+00
1.627168536186218262e+00
7.986366152763366699e-01
1.136349916458129883e+00
9.311876296997070312e-01
6.358367204666137695e-01
8.476269841194152832e-01
1.189903140068054199e+00
9.698255658149719238e-01
5.688195228576660156e-01
5.178016424179077148e-01
3.298483490943908691e-01
3.969288766384124756e-01
7.375352978706359863e-01
1.737943291664123535e+00
1.302766799926757812e+00
1.351219415664672852e+00
6.367626190185546875e-01
4.654971957206726074e-01
1.014520287513732910e+00
5.400814414024353027e-01
5.480198860168457031e-01
4.064055383205413818e-01
5.505201816558837891e-01
4.980592131614685059e-01
4.399847090244293213e-01
3.740523755550384521e-01
3.531428277492523193e-01
3.975373804569244385e-01
3.630440533161163330e-01
3.110767304897308350e-01
2.868812978267669678e-01
3.243770599365234375e-01
3.111861050128936768e-01
2.211789339780807495e-01
2.554387152194976807e-01
2.511718273162841797e-01
2.807157337665557861e-01
4.537625312805175781e-01
3.525770902633666992e-01
2.795848250389099121e-01
4.354330599308013916e-01
4.368939995765686035e-01
3.489499390125274658e-01
9.248746037483215332e-01
8.466035127639770508e-01
9.045091271400451660e-01
6.731705069541931152e-01
1.207345366477966309e+00
1.537396073341369629e+00
2.000562429428100586e+00
1.543527841567993164e+00
1.812008738517761230e+00
1.834008693695068359e+00
1.769756555557250977e+00
1.961362242698669434e+00
2.194869041442871094e+00
2.487808465957641602e+00
2.670822620391845703e+00
2.715294361114501953e+00
2.595903873443603516e+00
3.268310070037841797e+00
2.408090591430664062e+00
1.772497773170471191e+00
1.261901021003723145e+00
1.256758689880371094e+00
2.501113414764404297e+00
2.101140260696411133e+00
1.717351198196411133e+00
1.804026722908020020e+00
1.607623815536499023e+00
1.657788872718811035e+00
1.516846656799316406e+00
1.491463541984558105e+00
1.496523141860961914e+00
1.093181490898132324e+00
9.933347105979919434e-01
1.246227025985717773e+00
1.223799228668212891e+00
9.441747069358825684e-01
1.013158559799194336e+00
1.184680223464965820e+00
1.923810482025146484e+00
1.670937895774841309e+00
1.644355893135070801e+00
1.649808287620544434e+00
5.892702341079711914e-01
5.091155171394348145e-01
7.336425185203552246e-01
4.254953563213348389e-01
3.720533847808837891e-01
3.595501482486724854e-01
4.431713819503784180e-01
2.513053119182586670e-01
2.516029775142669678e-01
4.670644998550415039e-01
4.352740645408630371e-01
3.070932924747467041e-01
2.981346547603607178e-01
3.932570517063140869e-01
2.011505961418151855e-01
2.139964699745178223e-01
3.042177259922027588e-01
3.645866811275482178e-01
1.888074129819869995e-01
2.065719813108444214e-01
3.017639815807342529e-01
3.066722750663757324e-01
1.299073398113250732e-01
3.745046555995941162e-01
3.726772367954254150e-01
3.590211272239685059e-01
2.958500683307647705e-01
4.666470587253570557e-01
3.564563989639282227e-01
3.275738656520843506e-01
2.978550791740417480e-01
3.992800712585449219e-01
3.297715783119201660e-01
2.274554967880249023e-01
3.024621307849884033e-01
