1.763687133789062500e+00
1.328048229217529297e+00
1.488430619239807129e+00
1.457682847976684570e+00
1.249158740043640137e+00
1.436400294303894043e+00
1.803228497505187988e+00
1.780588269233703613e+00
1.261339664459228516e+00
1.507683515548706055e+00
1.481286287307739258e+00
1.298232436180114746e+00
1.428422689437866211e+00
1.394851446151733398e+00
1.157366633415222168e+00
1.198424339294433594e+00
1.215516328811645508e+00
1.250426173210144043e+00
9.936756491661071777e-01
9.385178685188293457e-01
1.254752874374389648e+00
1.049446105957031250e+00
1.012173175811767578e+00
1.037721514701843262e+00
4.245675504207611084e-01
3.879447579383850098e-01
3.503582775592803955e-01
4.397909343242645264e-01
3.355569839477539062e-01
2.507118880748748779e-01
3.717310428619384766e-01
1.023092985153198242e+00
4.898763000965118408e-01
3.823786675930023193e-01
4.148716032505035400e-01
2.999765872955322266e-01
3.465384244918823242e-01
4.778327047824859619e-01
4.569949507713317871e-01
3.906802535057067871e-01
5.333646535873413086e-01
4.905947148799896240e-01
3.870775103569030762e-01
4.075674414634704590e-01
4.888402223587036133e-01
3.596331775188446045e-01
3.672185838222503662e-01
4.356476664543151855e-01
3.775811195373535156e-01
3.970102667808532715e-01
4.230964481830596924e-01
4.331736564636230469e-01
3.364510834217071533e-01
4.277912080287933350e-01
5.005748867988586426e-01
3.218194544315338135e-01
1.519588947296142578e+00
1.737848520278930664e+00
1.966744065284729004e+00
1.671744823455810547e+00
1.495205283164978027e+00
5.674517750740051270e-01
5.258409380912780762e-01
4.171992242336273193e-01
5.515908002853393555e-01
4.184387028217315674e-01
5.163741707801818848e-01
6.577695012092590332e-01
5.345520377159118652e-01
4.730283319950103760e-01
5.234587788581848145e-01
6.567761898040771484e-01
5.020599365234375000e-01
5.054124593734741211e-01
5.824416279792785645e-01
5.677559971809387207e-01
6.980169415473937988e-01
1.858057975769042969e+00
1.644521474838256836e+00
2.085419178009033203e+00
1.811598658561706543e+00
1.957584023475646973e+00
1.788892149925231934e+00
1.820659756660461426e+00
1.560435652732849121e+00
1.332963109016418457e+00
1.402245998382568359e+00
1.313758969306945801e+00
1.494607210159301758e+00
1.441743016242980957e+00
1.417971253395080566e+00
1.525190234184265137e+00
1.389725208282470703e+00
1.413119196891784668e+00
1.527501702308654785e+00
1.501297116279602051e+00
1.540977954864501953e+00
1.557704448699951172e+00
2.211225748062133789e+00
1.259523272514343262e+00
1.377616405487060547e+00
1.541671156883239746e+00
1.463344931602478027e+00
1.401887774467468262e+00
1.481662392616271973e+00
1.437147498130798340e+00
1.332936048507690430e+00
1.288434267044067383e+00
1.441557168960571289e+00
1.357406854629516602e+00
6.412326097488403320e-01
4.240064620971679688e-01
3.325331211090087891e-01
2.231472283601760864e-01
3.450566530227661133e-01
3.737201690673828125e-01
3.051770627498626709e-01
3.419453799724578857e-01
4.185061454772949219e-01
3.466598689556121826e-01
2.655120790004730225e-01
3.602471649646759033e-01
5.480569005012512207e-01
1.077592730522155762e+00
3.677714169025421143e-01
5.630884170532226562e-01
4.585491120815277100e-01
4.298770725727081299e-01
8.363165855407714844e-01
1.470899343490600586e+00
1.561187982559204102e+00
1.390227437019348145e+00
1.507901430130004883e+00
1.261688590049743652e+00
1.396543145179748535e+00
1.382490396499633789e+00
1.282255053520202637e+00
1.257360339164733887e+00
1.425326943397521973e+00
1.306145429611206055e+00
1.265464901924133301e+00
1.362386465072631836e+00
1.412145137786865234e+00
1.872753977775573730e+00
1.386998772621154785e+00
1.344116687774658203e+00
1.502536296844482422e+00
2.098855257034301758e+00
1.223063826560974121e+00
1.429498791694641113e+00
1.364419937133789062e+00
1.302178382873535156e+00
1.353028178215026855e+00
1.865657329559326172e+00
1.780753850936889648e+00
7.355390191078186035e-01
6.365973353385925293e-01
4.522588253021240234e-01
4.753033220767974854e-01
5.945334434509277344e-01
5.565802454948425293e-01
4.394981861114501953e-01
5.319892764091491699e-01
3.582983314990997314e-01
4.120166003704071045e-01
2.979293763637542725e-01
4.026594460010528564e-01
3.297905027866363525e-01
2.582701444625854492e-01
1.251301646232604980e+00
1.435010910034179688e+00
1.291702628135681152e+00
1.677985310554504395e+00
1.854212164878845215e+00
8.231220841407775879e-01
3.339822888374328613e-01
4.545009434223175049e-01
3.455977439880371094e-01
3.605190813541412354e-01
5.406669378280639648e-01
4.077839851379394531e-01
4.370178878307342529e-01
5.327000021934509277e-01
5.622671842575073242e-01
4.453899264335632324e-01
3.714649081230163574e-01
4.742757380008697510e-01
4.613777995109558105e-01
3.544365763664245605e-01
4.492166042327880859e-01
4.121517241001129150e-01
1.085547566413879395e+00
6.325245499610900879e-01
5.289700627326965332e-01
3.517912626266479492e-01
3.966566920280456543e-01
1.533840775489807129e+00
6.864522099494934082e-01
4.610812067985534668e-01
1.596853613853454590e+00
1.657770276069641113e+00
1.905513167381286621e+00
1.313268423080444336e+00
1.526154518127441406e+00
1.471432685852050781e+00
1.317553639411926270e+00
1.411841392517089844e+00
5.014479160308837891e-01
8.258030414581298828e-01
5.190573334693908691e-01
5.543106794357299805e-01
6.180834174156188965e-01
6.182552576065063477e-01
5.961374640464782715e-01
4.597734808921813965e-01
4.377176463603973389e-01
4.413664340972900391e-01
5.168319344520568848e-01
3.999656140804290771e-01
3.496044874191284180e-01
4.589473605155944824e-01
3.213367760181427002e-01
3.379712402820587158e-01
3.599730730056762695e-01
3.216758370399475098e-01
3.758562207221984863e-01
3.771455883979797363e-01
4.908430278301239014e-01
1.172408342361450195e+00
3.574338257312774658e-01
3.772713840007781982e-01
2.390380501747131348e-01
3.382971286773681641e-01
3.327036201953887939e-01
3.721243739128112793e-01
3.382973968982696533e-01
4.799912273883819580e-01
4.914416670799255371e-01
3.668378591537475586e-01
4.209105074405670166e-01
4.988974034786224365e-01
4.419513642787933350e-01
4.220529496669769287e-01
5.661725401878356934e-01
5.294193029403686523e-01
4.068476557731628418e-01
4.148576259613037109e-01
4.313303530216217041e-01
3.069962561130523682e-01
3.021861016750335693e-01
4.349986016750335693e-01
3.209034204483032227e-01
3.282769322395324707e-01
1.270648002624511719e+00
1.775296092033386230e+00
1.581357002258300781e+00
1.081294059753417969e+00
9.078429937362670898e-01
3.354728221893310547e-01
3.560167551040649414e-01
7.986791133880615234e-01
1.377477407455444336e+00
1.139884471893310547e+00
1.131634593009948730e+00
1.529528617858886719e+00
1.187532544136047363e+00
1.094479799270629883e+00
1.338958978652954102e+00
1.226859807968139648e+00
1.138608217239379883e+00
1.411167979240417480e+00
1.358544111251831055e+00
1.282253861427307129e+00
1.656738519668579102e+00
1.238585472106933594e+00
1.197642683982849121e+00
1.052610516548156738e+00
1.333812236785888672e+00
1.329921960830688477e+00
1.977795481681823730e+00
1.181369423866271973e+00
1.366035223007202148e+00
1.501329421997070312e+00
2.439321756362915039e+00
2.385030269622802734e+00
2.307259321212768555e+00
2.156767368316650391e+00
2.321625232696533203e+00
1.165407299995422363e+00
4.275963306427001953e-01
8.002302646636962891e-01
7.647740244865417480e-01
6.017745733261108398e-01
6.992293000221252441e-01
6.154307126998901367e-01
4.636278450489044189e-01
1.217137575149536133e+00
1.076799988746643066e+00
1.013195037841796875e+00
1.223819494247436523e+00
1.357485055923461914e+00
1.052341341972351074e+00
1.273906230926513672e+00
1.748794913291931152e+00
6.297547817230224609e-01
4.827623665332794189e-01
5.540771484375000000e-01
5.580269098281860352e-01
4.613243341445922852e-01
4.589309096336364746e-01
3.509248197078704834e-01
3.862374126911163330e-01
3.291378915309906006e-01
3.813557326793670654e-01
3.358488976955413818e-01
3.520456254482269287e-01
3.897390067577362061e-01
2.713018357753753662e-01
3.344759345054626465e-01
4.486955404281616211e-01
3.224589228630065918e-01
3.069987297058105469e-01
5.418562293052673340e-01
4.624788463115692139e-01
4.262858629226684570e-01
4.159342646598815918e-01
5.205398797988891602e-01
4.220008850097656250e-01
1.030995726585388184e+00
8.992571830749511719e-01
5.109766125679016113e-01
4.203957617282867432e-01
4.533840119838714600e-01
3.936624526977539062e-01
1.298625826835632324e+00
2.192533493041992188e+00
2.146318912506103516e+00
1.793107151985168457e+00
1.495654463768005371e+00
1.897307991981506348e+00
2.641091823577880859e+00
1.302449941635131836e+00
1.428224444389343262e+00
2.321037054061889648e+00
1.656890153884887695e+00
1.404071211814880371e+00
1.554451227188110352e+00
3.206378936767578125e+00
1.618639707565307617e+00
1.338254809379577637e+00
1.448799133300781250e+00
1.644395112991333008e+00
6.662873625755310059e-01
4.331223964691162109e-01
7.790907025337219238e-01
4.274913370609283447e-01
2.107558101415634155e-01
4.652063846588134766e-01
4.379021227359771729e-01
3.586974143981933594e-01
3.737925291061401367e-01
4.506679475307464600e-01
3.966013193130493164e-01
3.968490958213806152e-01
4.775786101818084717e-01
2.884765565395355225e-01
3.663392663002014160e-01
3.669823110103607178e-01
9.022536277770996094e-01
6.175113916397094727e-01
4.539267122745513916e-01
4.046085476875305176e-01
3.836995363235473633e-01
4.004417061805725098e-01
3.850184977054595947e-01
3.184297084808349609e-01
3.771740794181823730e-01
4.417238831520080566e-01
2.554332315921783447e-01
3.805564641952514648e-01
4.631558656692504883e-01
3.940409719944000244e-01
3.551555275917053223e-01
5.088403224945068359e-01
3.889652192592620850e-01
3.866389691829681396e-01
4.228631854057312012e-01
4.471235871315002441e-01
4.826168119907379150e-01
4.659064412117004395e-01
3.942580521106719971e-01
3.169876635074615479e-01
1.253959655761718750e+00
1.366990208625793457e+00
5.046446919441223145e-01
4.859643876552581787e-01
9.823375940322875977e-01
7.302760481834411621e-01
6.976274251937866211e-01
1.388447165489196777e+00
1.430137157440185547e+00
1.499721884727478027e+00
1.960823655128479004e+00
2.203047037124633789e+00
1.378730297088623047e+00
1.525985836982727051e+00
1.397376179695129395e+00
4.357109963893890381e-01
1.420593380928039551e+00
1.915273427963256836e+00
1.673710942268371582e+00
1.553209900856018066e+00
1.578594923019409180e+00
1.576305031776428223e+00
1.713245511054992676e+00
2.752480268478393555e+00
2.352339029312133789e+00
2.680565834045410156e+00
3.301674365997314453e+00
3.249565601348876953e+00
1.898411512374877930e+00
9.866491556167602539e-01
1.116777658462524414e+00
1.002704739570617676e+00
8.394045829772949219e-01
1.407561063766479492e+00
6.508945822715759277e-01
2.957990765571594238e-01
4.758720993995666504e-01
2.757016718387603760e-01
3.326559364795684814e-01
4.572065770626068115e-01
2.878436446189880371e-01
3.914671838283538818e-01
1.231120944023132324e+00
3.933880627155303955e-01
4.028929769992828369e-01
4.545242488384246826e-01
4.449231326580047607e-01
4.818718135356903076e-01
4.655599892139434814e-01
4.895580708980560303e-01
1.388950586318969727e+00
1.605005025863647461e+00
1.529475688934326172e+00
1.097663521766662598e+00
3.380150794982910156e-01
3.216591179370880127e-01
4.012535810470581055e-01
2.725843489170074463e-01
3.659832179546356201e-01
4.806723594665527344e-01
3.162122368812561035e-01
3.125703036785125732e-01
3.549979329109191895e-01
4.079851508140563965e-01
3.727863132953643799e-01
1.185805439949035645e+00
4.275250434875488281e-01
4.286916255950927734e-01
3.367361426353454590e-01
3.440123498439788818e-01
4.562666714191436768e-01
4.074586033821105957e-01
4.656246602535247803e-01
5.243570208549499512e-01
5.767935514450073242e-01
4.101365506649017334e-01
3.927645087242126465e-01
6.734045743942260742e-01
5.565245747566223145e-01
4.952823221683502197e-01
8.051982522010803223e-01
2.184782743453979492e+00
2.398010969161987305e+00
2.365070104598999023e+00
2.385324001312255859e+00
1.891050934791564941e+00
1.945845246315002441e+00
1.949240446090698242e+00
2.213009595870971680e+00
1.855575799942016602e+00
3.911784172058105469e+00
4.190200805664062500e+00
4.640775680541992188e+00
3.424468755722045898e+00
2.647595643997192383e+00
1.727233767509460449e+00
1.874375581741333008e+00
1.811449050903320312e+00
3.357774972915649414e+00
2.792806625366210938e+00
3.909854650497436523e+00
5.043248653411865234e+00
3.125064849853515625e+00
3.140525817871093750e+00
2.933665752410888672e+00
1.372370958328247070e+00
1.616918444633483887e+00
5.250126361846923828e+00
4.295489788055419922e+00
2.641623973846435547e+00
3.315452337265014648e+00
1.929666399955749512e+00
4.138760864734649658e-01
5.128621459007263184e-01
9.337866306304931641e-01
2.684563875198364258e+00
2.731091737747192383e+00
3.173881769180297852e+00
2.429192781448364258e+00
1.179661035537719727e+00
1.143229007720947266e+00
1.609667181968688965e+00
5.073970317840576172e+00
2.782039642333984375e+00
2.000138521194458008e+00
1.636200666427612305e+00
1.147792696952819824e+00
4.831104576587677002e-01
1.401586532592773438e+00
6.719825863838195801e-01
6.390491724014282227e-01
6.226904392242431641e-01
6.700850129127502441e-01
2.129389524459838867e+00
1.410219311714172363e+00
7.422037124633789062e-01
4.832486212253570557e-01
4.675348401069641113e-01
5.543898940086364746e-01
8.062601089477539062e-01
4.502488672733306885e-01
5.283574461936950684e-01
7.785222530364990234e-01
5.820332169532775879e-01
5.230287313461303711e-01
1.175570607185363770e+00
1.579700827598571777e+00
1.060780048370361328e+00
8.188233971595764160e-01
9.057878255844116211e-01
1.253274917602539062e+00
1.484904050827026367e+00
1.687794923782348633e+00
3.050976753234863281e+00
2.493403911590576172e+00
2.600340366363525391e+00
3.708631277084350586e+00
4.072148799896240234e+00
3.462636232376098633e+00
3.303514242172241211e+00
2.934450387954711914e+00
2.220454931259155273e+00
4.783171176910400391e+00
4.168545722961425781e+00
4.324341773986816406e+00
4.521187305450439453e+00
4.284514427185058594e+00
3.404550552368164062e+00
3.754752159118652344e+00
2.852128982543945312e+00
2.639879226684570312e+00
2.430195569992065430e+00
2.434277296066284180e+00
2.100223064422607422e+00
1.316360712051391602e+00
2.907963991165161133e+00
2.015211105346679688e+00
1.807469606399536133e+00
1.648336052894592285e+00
1.326967239379882812e+00
2.632688581943511963e-01
1.626930087804794312e-01
5.440684556961059570e-01
3.787961900234222412e-01
5.360229015350341797e-01
3.442554771900177002e-01
3.594849109649658203e-01
3.712338507175445557e-01
3.158545494079589844e-01
1.265221714973449707e+00
5.832452774047851562e-01
2.638820111751556396e-01
3.040305078029632568e-01
4.565586149692535400e-01
3.265572488307952881e-01
4.550137817859649658e-01
6.271856427192687988e-01
2.840421795845031738e-01
3.308457732200622559e-01
4.094639122486114502e-01
3.573028147220611572e-01
3.117765188217163086e-01
4.068320393562316895e-01
4.701393246650695801e-01
4.038978219032287598e-01
3.280609548091888428e-01
5.365507602691650391e-01
4.114925265312194824e-01
4.989429116249084473e-01
4.018206894397735596e-01
1.340485453605651855e+00
4.410918056964874268e-01
3.704537451267242432e-01
5.652735233306884766e-01
2.575941979885101318e-01
3.419319391250610352e-01
4.882903695106506348e-01
4.528497755527496338e-01
3.099628090858459473e-01
2.792087495326995850e-01
6.795200109481811523e-01
5.069707036018371582e-01
4.428970217704772949e-01
7.460405230522155762e-01
8.904783725738525391e-01
1.886034369468688965e+00
2.842191457748413086e+00
2.802396297454833984e+00
2.604582548141479492e+00
2.809476852416992188e+00
2.440582752227783203e+00
2.064478874206542969e+00
1.790487051010131836e+00
2.571850299835205078e+00
1.438955664634704590e+00
1.570090413093566895e+00
2.303110599517822266e+00
1.465545058250427246e+00
1.875341534614562988e+00
2.352210521697998047e+00
1.386679410934448242e+00
1.352518916130065918e+00
1.464650154113769531e+00
1.566567182540893555e+00
1.344545722007751465e+00
1.415751934051513672e+00
1.471974849700927734e+00
1.451165676116943359e+00
1.366294026374816895e+00
1.389812946319580078e+00
1.538327693939208984e+00
1.390078783035278320e+00
1.511285781860351562e+00
1.448334217071533203e+00
1.416388392448425293e+00
1.396260261535644531e+00
1.399120211601257324e+00
1.531700015068054199e+00
1.941175222396850586e+00
1.500762343406677246e+00
2.345641851425170898e+00
1.480268836021423340e+00
1.502840757369995117e+00
1.727107167243957520e+00
2.557472229003906250e+00
1.249574542045593262e+00
1.460875272750854492e+00
1.479113221168518066e+00
1.321779608726501465e+00
1.358265161514282227e+00
1.487996697425842285e+00
1.275773406028747559e+00
1.454831480979919434e+00
1.903267741203308105e+00
1.462216138839721680e+00
1.431486845016479492e+00
1.534436941146850586e+00
1.605672478675842285e+00
1.722719907760620117e+00
1.574132800102233887e+00
1.527787208557128906e+00
7.784425020217895508e-01
1.093731880187988281e+00
1.233756065368652344e+00
5.793991684913635254e-01
5.179156661033630371e-01
1.016698479652404785e+00
8.934906721115112305e-01
8.092332482337951660e-01
6.456702947616577148e-01
9.729776978492736816e-01
1.075998187065124512e+00
1.092062354087829590e+00
1.071743130683898926e+00
1.118322014808654785e+00
9.660602807998657227e-01
1.468250513076782227e+00
1.589127063751220703e+00
1.436843276023864746e+00
1.666170477867126465e+00
2.676785945892333984e+00
1.630748867988586426e+00
1.734061002731323242e+00
2.060074806213378906e+00
1.573430895805358887e+00
1.280191063880920410e+00
2.618602752685546875e+00
2.488329172134399414e+00
2.760708332061767578e+00
2.611795663833618164e+00
2.598321676254272461e+00
2.518974065780639648e+00
1.313510417938232422e+00
1.394844293594360352e+00
1.873228788375854492e+00
1.875185012817382812e+00
1.663343191146850586e+00
1.883603334426879883e+00
1.856540560722351074e+00
1.559905290603637695e+00
7.107811570167541504e-01
8.213565945625305176e-01
7.237306237220764160e-01
3.324267864227294922e-01
3.085396885871887207e-01
3.851730823516845703e-01
2.452315688133239746e-01
3.489891588687896729e-01
3.343920707702636719e-01
3.206276893615722656e-01
2.553054988384246826e-01
3.922036886215209961e-01
4.089708030223846436e-01
2.349898964166641235e-01
2.985858321189880371e-01
3.345208764076232910e-01
3.135529458522796631e-01
3.238000869750976562e-01
7.263693809509277344e-01
1.052181005477905273e+00
3.458896577358245850e-01
1.097007870674133301e+00
1.498599410057067871e+00
1.425400495529174805e+00
1.165133476257324219e+00
3.425220847129821777e-01
5.419683456420898438e-01
3.599821031093597412e-01
3.330533802509307861e-01
3.988617956638336182e-01
3.988157510757446289e-01
2.864827513694763184e-01
3.363935351371765137e-01
4.593546688556671143e-01
3.130880892276763916e-01
3.114632368087768555e-01
4.441227912902832031e-01
4.700686037540435791e-01
2.721543014049530029e-01
6.013963222503662109e-01
1.232474446296691895e+00
5.130077004432678223e-01
4.012480974197387695e-01
4.307843446731567383e-01
5.958833694458007812e-01
3.387365043163299561e-01
4.817887544631958008e-01
6.389718651771545410e-01
7.912705540657043457e-01
1.652832150459289551e+00
2.145231485366821289e+00
2.381408929824829102e+00
2.693252325057983398e+00
2.547315359115600586e+00
2.774492979049682617e+00
2.372234344482421875e+00
2.168124675750732422e+00
1.967725157737731934e+00
2.068221092224121094e+00
1.522354125976562500e+00
1.399116873741149902e+00
2.635749816894531250e+00
1.922443270683288574e+00
1.312812805175781250e+00
1.461021900177001953e+00
1.563316106796264648e+00
1.459590554237365723e+00
1.500404834747314453e+00
7.911485433578491211e-01
2.592632770538330078e+00
9.889965653419494629e-01
5.374695658683776855e-01
1.528473854064941406e+00
7.163209319114685059e-01
5.624566078186035156e-01
1.349454522132873535e+00
2.468978881835937500e+00
3.101638555526733398e+00
3.100159883499145508e+00
2.113511323928833008e+00
1.813879966735839844e+00
2.118869304656982422e+00
1.966532230377197266e+00
1.836785197257995605e+00
2.334893703460693359e+00
2.085153579711914062e+00
1.629791140556335449e+00
2.004034280776977539e+00
1.897324681282043457e+00
9.816389679908752441e-01
7.173208594322204590e-01
7.023849487304687500e-01
6.371543407440185547e-01
6.768480539321899414e-01
1.484752535820007324e+00
5.850814580917358398e-01
3.807085752487182617e-01
5.741115212440490723e-01
7.285563945770263672e-01
1.472532629966735840e+00
2.270184993743896484e+00
2.255235671997070312e+00
2.145694971084594727e+00
2.019640922546386719e+00
1.542670726776123047e+00
1.562471866607666016e+00
2.797809600830078125e+00
1.562958121299743652e+00
1.379890918731689453e+00
1.484664320945739746e+00
1.440149664878845215e+00
1.338125467300415039e+00
1.490336775779724121e+00
1.686537146568298340e+00
1.612285375595092773e+00
2.135201692581176758e+00
1.410233259201049805e+00
1.391847610473632812e+00
1.345910191535949707e+00
1.074247360229492188e+00
2.436446189880371094e+00
3.555978059768676758e+00
2.977099180221557617e+00
2.122503042221069336e+00
2.199101209640502930e+00
2.004566431045532227e+00
1.554009675979614258e+00
1.599465847015380859e+00
3.424515247344970703e+00
1.165098428726196289e+00
8.304432630538940430e-01
1.277403235435485840e+00
1.226454734802246094e+00
8.630754351615905762e-01
1.288036227226257324e+00
1.698966383934020996e+00
2.591143131256103516e+00
5.527266860008239746e-01
5.512616038322448730e-01
5.524065494537353516e-01
5.927904844284057617e-01
3.462160825729370117e-01
7.058427333831787109e-01
1.722307443618774414e+00
1.104899406433105469e+00
1.806991100311279297e+00
7.648009061813354492e-01
8.315733671188354492e-01
7.823522090911865234e-01
4.913468360900878906e-01
3.871482312679290771e-01
4.078629016876220703e-01
3.798528313636779785e-01
3.767566382884979248e-01
3.965366482734680176e-01
4.907498359680175781e-01
1.313071012496948242e+00
5.727111697196960449e-01
4.652669727802276611e-01
3.998173177242279053e-01
4.518720805644989014e-01
3.829317986965179443e-01
3.790121972560882568e-01
4.553037881851196289e-01
3.666081726551055908e-01
2.774980962276458740e-01
2.986373603343963623e-01
4.062328636646270752e-01
4.504311382770538330e-01
4.161332547664642334e-01
5.640153884887695312e-01
4.331670701503753662e-01
4.380134046077728271e-01
5.948336124420166016e-01
4.447186589241027832e-01
4.557064175605773926e-01
4.502258300781250000e-01
5.351613759994506836e-01
5.196189284324645996e-01
1.246111631393432617e+00
7.110338211059570312e-01
3.227042555809020996e-01
4.961501359939575195e-01
5.674344897270202637e-01
4.880392849445343018e-01
4.835777878761291504e-01
4.700680673122406006e-01
4.115643203258514404e-01
3.944713175296783447e-01
3.756174743175506592e-01
4.433728456497192383e-01
4.000155031681060791e-01
4.232244491577148438e-01
3.663178980350494385e-01
3.267107307910919189e-01
3.795154392719268799e-01
1.408159136772155762e+00
1.391352891921997070e+00
1.218742370605468750e+00
4.861071705818176270e-01
1.075871109962463379e+00
5.061933398246765137e-01
6.453248858451843262e-01
7.278434634208679199e-01
1.286922574043273926e+00
5.335252881050109863e-01
5.012456178665161133e-01
5.524632930755615234e-01
5.010208487510681152e-01
1.472313404083251953e+00
2.443264007568359375e+00
2.358448028564453125e+00
1.550454854965209961e+00
1.860765576362609863e+00
1.921879768371582031e+00
1.612694263458251953e+00
1.699812769889831543e+00
2.192113399505615234e+00
1.785124659538269043e+00
1.809699177742004395e+00
2.224319934844970703e+00
2.207511186599731445e+00
1.969840645790100098e+00
2.143416881561279297e+00
2.282204151153564453e+00
2.402680397033691406e+00
2.141481161117553711e+00
2.222679853439331055e+00
1.561983466148376465e+00
1.007116556167602539e+00
1.089991807937622070e+00
2.592551708221435547e+00
1.403049707412719727e+00
9.313405752182006836e-01
6.835659742355346680e-01
7.562969923019409180e-01
8.763395547866821289e-01
1.338809967041015625e+00
1.516254544258117676e+00
2.573703289031982422e+00
1.260955929756164551e+00
7.855339646339416504e-01
9.747719764709472656e-01
1.430332541465759277e+00
2.267950296401977539e+00
1.520517945289611816e+00
1.822884678840637207e+00
2.127332448959350586e+00
1.878839492797851562e+00
1.809521555900573730e+00
1.040967941284179688e+00
1.004739642143249512e+00
8.434222936630249023e-01
1.576570630073547363e+00
9.840778708457946777e-01
1.202283978462219238e+00
1.160901188850402832e+00
1.240596771240234375e+00
1.244718074798583984e+00
1.699125051498413086e+00
1.617422223091125488e+00
1.640354871749877930e+00
1.616471886634826660e+00
1.722169041633605957e+00
1.757755160331726074e+00
2.605432748794555664e+00
2.252048969268798828e+00
2.164682626724243164e+00
1.289194345474243164e+00
1.113977551460266113e+00
2.399390697479248047e+00
2.707567930221557617e+00
2.430542707443237305e+00
2.536775588989257812e+00
2.456519365310668945e+00
2.354485034942626953e+00
1.711766719818115234e+00
1.606451392173767090e+00
1.512099027633666992e+00
1.466298937797546387e+00
2.100759029388427734e+00
2.190899372100830078e+00
1.566233634948730469e+00
1.906754255294799805e+00
1.699318051338195801e+00
1.375423908233642578e+00
1.430218577384948730e+00
1.836541295051574707e+00
1.409482717514038086e+00
9.832037687301635742e-01
7.073971033096313477e-01
7.587543129920959473e-01
6.684327125549316406e-01
3.405801057815551758e-01
3.520562946796417236e-01
3.071642816066741943e-01
3.010875284671783447e-01
2.536165118217468262e-01
3.907509744167327881e-01
3.134858012199401855e-01
3.447370529174804688e-01
3.596362173557281494e-01
3.798435330390930176e-01
3.721147775650024414e-01
3.541142344474792480e-01
3.465861380100250244e-01
3.869741857051849365e-01
3.958820998668670654e-01
1.080887913703918457e+00
4.283352792263031006e-01
3.630659878253936768e-01
3.931926488876342773e-01
4.395741224288940430e-01
4.922573864459991455e-01
4.070047140121459961e-01
4.408497810363769531e-01
4.845919609069824219e-01
1.690452337265014648e+00
1.225868940353393555e+00
1.202422022819519043e+00
6.294883489608764648e-01
3.918966948986053467e-01
3.199931383132934570e-01
3.663222789764404297e-01
5.100775957107543945e-01
3.500016629695892334e-01
3.354445993900299072e-01
4.766891598701477051e-01
5.160883069038391113e-01
3.718968927860260010e-01
4.217303395271301270e-01
4.900917410850524902e-01
6.070394515991210938e-01
4.539571404457092285e-01
4.773113727569580078e-01
5.523827075958251953e-01
1.535171508789062500e+00
2.075311660766601562e+00
2.628100156784057617e+00
2.794596672058105469e+00
2.459424257278442383e+00
2.621601104736328125e+00
2.581396579742431641e+00
2.401955127716064453e+00
2.383383035659790039e+00
1.792344927787780762e+00
1.735772252082824707e+00
1.764894008636474609e+00
1.564836263656616211e+00
1.679438233375549316e+00
1.838908433914184570e+00
1.936475515365600586e+00
1.245263338088989258e+00
1.464024424552917480e+00
1.547566175460815430e+00
1.393482327461242676e+00
1.253348588943481445e+00
1.478451013565063477e+00
1.471738934516906738e+00
1.311974644660949707e+00
1.169375777244567871e+00
1.249386548995971680e+00
1.386610388755798340e+00
1.272833466529846191e+00
1.274535059928894043e+00
1.252936959266662598e+00
1.378517866134643555e+00
1.253010153770446777e+00
1.242642402648925781e+00
1.283899068832397461e+00
1.512117862701416016e+00
1.713149547576904297e+00
1.491265892982482910e+00
1.454233646392822266e+00
1.552808046340942383e+00
1.558265089988708496e+00
1.486905574798583984e+00
1.434506535530090332e+00
1.981136679649353027e+00
3.155660390853881836e+00
1.645623326301574707e+00
1.392240643501281738e+00
1.590129494667053223e+00
1.626176595687866211e+00
1.539375066757202148e+00
7.192918658256530762e-01
8.754441142082214355e-01
1.489565968513488770e+00
1.055815339088439941e+00
4.861584305763244629e-01
4.545968770980834961e-01
5.240393280982971191e-01
5.303668379783630371e-01
6.134703159332275391e-01
5.638029575347900391e-01
3.375828266143798828e-01
5.655816197395324707e-01
5.651553869247436523e-01
3.828355669975280762e-01
6.347165107727050781e-01
7.483193874359130859e-01
6.615397334098815918e-01
7.315396666526794434e-01
1.303096890449523926e+00
1.244949221611022949e+00
1.172214865684509277e+00
1.342511653900146484e+00
1.930635809898376465e+00
2.032402515411376953e+00
2.144472122192382812e+00
2.541645288467407227e+00
2.402713298797607422e+00
1.914297103881835938e+00
1.323061943054199219e+00
1.912048101425170898e+00
2.757060050964355469e+00
3.254211187362670898e+00
2.459681510925292969e+00
2.921403169631958008e+00
2.502240896224975586e+00
2.664436817169189453e+00
2.477259159088134766e+00
2.809162616729736328e+00
2.836366415023803711e+00
2.784168720245361328e+00
2.950647115707397461e+00
2.455569028854370117e+00
2.256630420684814453e+00
2.637458324432373047e+00
2.430071115493774414e+00
2.452713727951049805e+00
2.009215354919433594e+00
9.334714412689208984e-01
9.813590645790100098e-01
7.745771408081054688e-01
4.326830208301544189e-01
3.529175221920013428e-01
2.474761605262756348e-01
3.513543307781219482e-01
1.179446578025817871e+00
3.506773114204406738e-01
3.069337606430053711e-01
4.709703922271728516e-01
4.344378113746643066e-01
3.355490267276763916e-01
2.599920034408569336e-01
4.417614340782165527e-01
3.160968422889709473e-01
2.842272222042083740e-01
2.930835783481597900e-01
4.215935766696929932e-01
2.647240459918975830e-01
2.722025215625762939e-01
3.270401954650878906e-01
3.034321665763854980e-01
2.898887097835540771e-01
3.160691559314727783e-01
3.403981029987335205e-01
2.283243834972381592e-01
3.171726763248443604e-01
2.718821167945861816e-01
3.622549474239349365e-01
2.400089055299758911e-01
2.751219570636749268e-01
3.063978850841522217e-01
2.847866415977478027e-01
2.159773707389831543e-01
3.253298401832580566e-01
4.212002456188201904e-01
2.522320449352264404e-01
3.307172358036041260e-01
4.971705973148345947e-01
4.804854393005371094e-01
3.803541660308837891e-01
4.570780098438262939e-01
6.735482215881347656e-01
5.333438515663146973e-01
1.558474779129028320e+00
1.567496061325073242e+00
1.548700928688049316e+00
1.636362433433532715e+00
2.673357248306274414e+00
2.278392314910888672e+00
2.043094396591186523e+00
2.091346025466918945e+00
2.552602052688598633e+00
2.121983051300048828e+00
1.885895133018493652e+00
1.900783538818359375e+00
2.173011779785156250e+00
1.753391742706298828e+00
1.677421212196350098e+00
1.846429944038391113e+00
2.536633253097534180e+00
1.415708065032958984e+00
1.729038953781127930e+00
2.531935453414916992e+00
1.674077987670898438e+00
1.949333429336547852e+00
1.964849233627319336e+00
9.504731893539428711e-01
9.860889315605163574e-01
1.115790963172912598e+00
1.759459257125854492e+00
8.796224594116210938e-01
1.226383686065673828e+00
9.839953780174255371e-01
9.024471044540405273e-01
2.209810972213745117e+00
1.444552540779113770e+00
2.096054315567016602e+00
1.498508453369140625e+00
2.177978038787841797e+00
2.887648820877075195e+00
1.415679812431335449e+00
5.236687064170837402e-01
5.744431614875793457e-01
5.875453352928161621e-01
5.916387438774108887e-01
7.869871854782104492e-01
1.696782946586608887e+00
1.104124546051025391e+00
3.215034306049346924e-01
3.522733747959136963e-01
4.844497144222259521e-01
5.445462465286254883e-01
6.922307610511779785e-01
9.654647111892700195e-01
5.194070339202880859e-01
4.689867496490478516e-01
5.206152796745300293e-01
4.717869460582733154e-01
5.260259509086608887e-01
5.246253609657287598e-01
5.831597447395324707e-01
5.581653118133544922e-01
5.549918413162231445e-01
5.646916031837463379e-01
5.998778343200683594e-01
1.566302180290222168e+00
5.626978278160095215e-01
8.078562021255493164e-01
8.901732563972473145e-01
7.665507197380065918e-01
2.580890655517578125e+00
2.541060686111450195e+00
2.718413829803466797e+00
2.859462976455688477e+00
3.071222782135009766e+00
2.594759941101074219e+00
2.843592166900634766e+00
2.839329719543457031e+00
3.077018260955810547e+00
3.021694660186767578e+00
2.504141569137573242e+00
2.646687269210815430e+00
2.166778802871704102e+00
2.388524532318115234e+00
2.470031976699829102e+00
2.546909570693969727e+00
2.788867950439453125e+00
2.567364454269409180e+00
2.839980840682983398e+00
3.697279691696166992e+00
4.009241580963134766e+00
4.211320877075195312e+00
3.545765399932861328e+00
2.930398464202880859e+00
2.204346418380737305e+00
2.249836921691894531e+00
2.508202075958251953e+00
2.526849746704101562e+00
2.341880083084106445e+00
2.357757329940795898e+00
2.135466098785400391e+00
2.124184846878051758e+00
2.367546081542968750e+00
2.202082872390747070e+00
2.214074850082397461e+00
2.160021781921386719e+00
1.827491998672485352e+00
6.602997183799743652e-01
6.772987246513366699e-01
8.726935386657714844e-01
8.119122982025146484e-01
6.894519329071044922e-01
1.141376852989196777e+00
9.392186999320983887e-01
6.907604932785034180e-01
5.797316431999206543e-01
5.489581227302551270e-01
4.822097718715667725e-01
3.904245197772979736e-01
3.289550542831420898e-01
2.966819405555725098e-01
4.417893886566162109e-01
3.198040127754211426e-01
2.316275388002395630e-01
3.277684748172760010e-01
4.420782923698425293e-01
2.194008529186248779e-01
3.340138196945190430e-01
2.916730642318725586e-01
4.112422764301300049e-01
2.830702364444732666e-01
3.075233399868011475e-01
4.482854902744293213e-01
3.552029430866241455e-01
2.091693282127380371e-01
3.042667806148529053e-01
3.553323149681091309e-01
3.523950874805450439e-01
3.057115375995635986e-01
3.920214176177978516e-01
4.669702053070068359e-01
3.642363846302032471e-01
2.655723690986633301e-01
3.888248801231384277e-01
5.511344671249389648e-01
5.027761459350585938e-01
4.391553103923797607e-01
5.918226242065429688e-01
8.702060580253601074e-01
5.724392533302307129e-01
4.207449555397033691e-01
1.837686777114868164e+00
2.363948106765747070e+00
2.701385259628295898e+00
2.401801586151123047e+00
2.528616428375244141e+00
2.800622940063476562e+00
2.748139142990112305e+00
2.833672285079956055e+00
2.017685651779174805e+00
2.508399248123168945e+00
1.722950220108032227e+00
2.872086048126220703e+00
1.948892951011657715e+00
1.814390301704406738e+00
1.379116773605346680e+00
1.578098773956298828e+00
1.404751062393188477e+00
1.487965822219848633e+00
1.947341561317443848e+00
5.051698207855224609e+00
4.146932601928710938e+00
3.018268108367919922e+00
2.739399909973144531e+00
1.637222528457641602e+00
1.689528584480285645e+00
1.971045494079589844e+00
3.763169288635253906e+00
5.605791091918945312e+00
3.246525049209594727e+00
2.798130750656127930e+00
2.803097963333129883e+00
1.743656039237976074e+00
1.360914826393127441e+00
1.575234413146972656e+00
2.006334543228149414e+00
1.739003062248229980e+00
1.569159388542175293e+00
1.549061655998229980e+00
1.706892132759094238e+00
1.530520558357238770e+00
1.662301659584045410e+00
2.704259634017944336e+00
2.428149938583374023e+00
2.710847139358520508e+00
2.669216871261596680e+00
1.994604825973510742e+00
1.241254329681396484e+00
1.515694379806518555e+00
1.556938409805297852e+00
2.278009176254272461e+00
1.713684558868408203e+00
1.527762055397033691e+00
1.734114170074462891e+00
1.408831238746643066e+00
1.582051038742065430e+00
1.627517223358154297e+00
1.660966277122497559e+00
1.660566568374633789e+00
1.638097167015075684e+00
1.591369986534118652e+00
1.675825595855712891e+00
1.649410843849182129e+00
1.569356679916381836e+00
1.029297113418579102e+00
7.419295907020568848e-01
1.697309374809265137e+00
1.642606019973754883e+00
1.654550433158874512e+00
2.192312479019165039e+00
1.983673810958862305e+00
2.030828475952148438e+00
1.510132670402526855e+00
1.737887740135192871e+00
1.897883296012878418e+00
1.563555955886840820e+00
1.250054836273193359e+00
1.097830653190612793e+00
1.259363412857055664e+00
5.382740497589111328e-01
3.648742139339447021e-01
4.840171933174133301e-01
7.280487418174743652e-01
4.340239167213439941e-01
4.211281538009643555e-01
3.409819304943084717e-01
5.305337905883789062e-01
4.319029450416564941e-01
4.645611643791198730e-01
3.156089484691619873e-01
4.245702624320983887e-01
5.428605079650878906e-01
9.582200050354003906e-01
3.491363227367401123e-01
4.059560000896453857e-01
5.070619583129882812e-01
3.604689240455627441e-01
3.477230966091156006e-01
3.294160962104797363e-01
1.435237884521484375e+00
1.408866286277770996e+00
1.279529929161071777e+00
1.058419823646545410e+00
1.216324090957641602e+00
1.947490423917770386e-01
7.638610005378723145e-01
8.093963265419006348e-01
4.305223226547241211e-01
9.345239996910095215e-01
7.750461101531982422e-01
4.003981351852416992e-01
3.860252499580383301e-01
5.617003440856933594e-01
3.721117675304412842e-01
3.356690704822540283e-01
3.937175273895263672e-01
5.066795945167541504e-01
2.745800614356994629e-01
4.037369191646575928e-01
3.749434649944305420e-01
4.696155190467834473e-01
3.322793245315551758e-01
4.355854392051696777e-01
4.597222506999969482e-01
4.785031676292419434e-01
3.631570041179656982e-01
5.781180262565612793e-01
4.239283502101898193e-01
4.154365062713623047e-01
3.721570074558258057e-01
4.106154143810272217e-01
4.782805740833282471e-01
5.320016145706176758e-01
4.886521697044372559e-01
4.777702093124389648e-01
4.245694577693939209e-01
5.749436616897583008e-01
4.161308109760284424e-01
4.116482138633728027e-01
4.075222015380859375e-01
4.546824097633361816e-01
1.243200659751892090e+00
1.436983227729797363e+00
1.429316520690917969e+00
1.166748285293579102e+00
1.185230970382690430e+00
1.991247385740280151e-01
4.416010677814483643e-01
1.202798128128051758e+00
4.432632029056549072e-01
4.467480778694152832e-01
1.423451304435729980e+00
7.473480105400085449e-01
8.931351900100708008e-01
8.716039657592773438e-01
7.674212455749511719e-01
9.467476606369018555e-01
1.073886871337890625e+00
1.123865365982055664e+00
1.125187277793884277e+00
1.483070373535156250e+00
9.020428061485290527e-01
1.131803154945373535e+00
1.113704204559326172e+00
1.168197631835937500e+00
1.130280017852783203e+00
1.123325943946838379e+00
1.534604310989379883e+00
1.862694025039672852e+00
1.768945217132568359e+00
1.770860075950622559e+00
2.137490034103393555e+00
2.904635429382324219e+00
1.763774037361145020e+00
1.936844944953918457e+00
3.065436601638793945e+00
2.669326782226562500e+00
2.773333787918090820e+00
2.509876728057861328e+00
2.008338689804077148e+00
1.849024534225463867e+00
5.857557654380798340e-01
8.905994892120361328e-01
7.537624239921569824e-01
5.720807313919067383e-01
5.796579122543334961e-01
1.883382201194763184e+00
1.394108891487121582e+00
2.980081319808959961e+00
2.391752958297729492e+00
1.627582788467407227e+00
1.616610050201416016e+00
9.270213842391967773e-01
1.121022105216979980e+00
1.990621566772460938e+00
3.288984298706054688e+00
2.557286977767944336e+00
2.959026336669921875e+00
3.693282604217529297e+00
1.409338593482971191e+00
1.738269805908203125e+00
1.959065556526184082e+00
1.912250995635986328e+00
2.209543704986572266e+00
3.015204191207885742e+00
4.064562797546386719e+00
3.401810646057128906e+00
2.563116550445556641e+00
2.643589496612548828e+00
2.317541122436523438e+00
2.074110984802246094e+00
2.340850114822387695e+00
2.717375516891479492e+00
1.855811238288879395e+00
1.326611399650573730e+00
1.249904036521911621e+00
1.600585699081420898e+00
1.414904713630676270e+00
1.907258272171020508e+00
2.147162199020385742e+00
1.786310672760009766e+00
6.011564731597900391e-01
6.035488247871398926e-01
1.636401891708374023e+00
3.027586460113525391e+00
1.949695467948913574e+00
2.023360490798950195e+00
2.188956737518310547e+00
1.628340363502502441e+00
1.388408780097961426e+00
1.255132794380187988e+00
1.547219991683959961e+00
8.930104970932006836e-01
8.171911239624023438e-01
7.180542945861816406e-01
5.254175066947937012e-01
7.413518428802490234e-01
6.189314723014831543e-01
5.551214814186096191e-01
5.531296133995056152e-01
6.966536045074462891e-01
6.063649058341979980e-01
5.010690689086914062e-01
3.549151420593261719e-01
3.049122691154479980e-01
3.286889195442199707e-01
2.248639017343521118e-01
2.758274674415588379e-01
3.543258309364318848e-01
2.765373885631561279e-01
9.783297777175903320e-01
1.283102273941040039e+00
1.327010273933410645e+00
4.683656394481658936e-01
2.777681052684783936e-01
3.072941899299621582e-01
3.680230677127838135e-01
3.275311291217803955e-01
2.068658173084259033e-01
1.507796198129653931e-01
2.340250760316848755e-01
3.955858051776885986e-01
3.653604686260223389e-01
4.092742502689361572e-01
4.088529646396636963e-01
3.820140957832336426e-01
4.055188298225402832e-01
3.152175545692443848e-01
3.993647694587707520e-01
5.733122825622558594e-01
4.740660488605499268e-01
4.674487709999084473e-01
3.867787420749664307e-01
3.004074692726135254e-01
3.673460185527801514e-01
3.162103295326232910e-01
3.066579997539520264e-01
3.933535516262054443e-01
5.197444558143615723e-01
3.481531441211700439e-01
3.069359362125396729e-01
5.462588071823120117e-01
3.465378880500793457e-01
3.284005522727966309e-01
3.659530580043792725e-01
4.177701771259307861e-01
4.335105419158935547e-01
4.533387720584869385e-01
5.806742310523986816e-01
1.843922257423400879e+00
2.008335113525390625e+00
2.273365020751953125e+00
2.355792522430419922e+00
2.414016008377075195e+00
2.486983060836791992e+00
2.563004732131958008e+00
2.442138433456420898e+00
2.079957008361816406e+00
2.342812776565551758e+00
2.105779647827148438e+00
1.796082496643066406e+00
2.589838743209838867e+00
2.686108112335205078e+00
1.324756622314453125e+00
1.680698871612548828e+00
1.783013224601745605e+00
1.487483620643615723e+00
1.304074048995971680e+00
1.739878177642822266e+00
2.994118452072143555e+00
2.131225585937500000e+00
1.120063066482543945e+00
1.301250219345092773e+00
1.621346712112426758e+00
1.336235046386718750e+00
1.303076267242431641e+00
1.652090668678283691e+00
1.469658493995666504e+00
1.434703350067138672e+00
1.334187030792236328e+00
1.266160488128662109e+00
1.569597363471984863e+00
1.459684133529663086e+00
1.664497733116149902e+00
1.820616722106933594e+00
1.071022033691406250e+00
7.455161809921264648e-01
1.104234695434570312e+00
5.646825432777404785e-01
8.937198519706726074e-01
9.543927907943725586e-01
1.125393390655517578e+00
1.231174111366271973e+00
1.278832316398620605e+00
8.780630826950073242e-01
1.095793843269348145e+00
1.468674182891845703e+00
1.599046707153320312e+00
1.671034097671508789e+00
1.934291481971740723e+00
2.385151147842407227e+00
1.673573613166809082e+00
1.668280005455017090e+00
1.875384211540222168e+00
6.321898698806762695e-01
1.092220187187194824e+00
1.259208321571350098e+00
1.173833608627319336e+00
1.603866696357727051e+00
1.917982101440429688e+00
2.829463481903076172e+00
2.759678125381469727e+00
3.129685878753662109e+00
3.118467330932617188e+00
1.893748521804809570e+00
1.578399181365966797e+00
1.994880795478820801e+00
2.554005384445190430e+00
2.588325023651123047e+00
2.323557138442993164e+00
2.551426887512207031e+00
2.376485347747802734e+00
3.237241506576538086e+00
2.536429166793823242e+00
2.928112745285034180e+00
2.510210752487182617e+00
2.785398244857788086e+00
1.794242024421691895e+00
2.519873142242431641e+00
3.669224500656127930e+00
1.514186859130859375e+00
1.952934026718139648e+00
9.211584329605102539e-01
9.572220444679260254e-01
9.034681320190429688e-01
1.233502030372619629e+00
2.197232961654663086e+00
1.921624541282653809e+00
6.551715731620788574e-01
6.803666949272155762e-01
2.690196931362152100e-01
3.075104653835296631e-01
4.966256916522979736e-01
3.959903717041015625e-01
2.694196105003356934e-01
2.919765114784240723e-01
4.334589838981628418e-01
2.850059270858764648e-01
6.603128314018249512e-01
8.670709133148193359e-01
7.095189094543457031e-01
6.385697722434997559e-01
6.333690285682678223e-01
6.689074635505676270e-01
6.207983493804931641e-01
8.227306604385375977e-01
8.248409628868103027e-01
8.518946766853332520e-01
1.005903482437133789e+00
1.549158930778503418e+00
1.466656088829040527e+00
7.131288051605224609e-01
3.232971131801605225e-01
4.653102755546569824e-01
3.900024294853210449e-01
2.740014493465423584e-01
2.479473352432250977e-01
2.756040990352630615e-01
3.760538399219512939e-01
3.230383694171905518e-01
2.873697280883789062e-01
3.210709095001220703e-01
3.993960320949554443e-01
3.578943014144897461e-01
2.500263750553131104e-01
2.825790643692016602e-01
4.895742535591125488e-01
3.740493655204772949e-01
4.650808572769165039e-01
4.795027971267700195e-01
4.932965040206909180e-01
4.885025322437286377e-01
6.368319988250732422e-01
4.914255142211914062e-01
5.931659936904907227e-01
6.435177922248840332e-01
7.202633023262023926e-01
6.125425100326538086e-01
4.178189635276794434e-01
4.108842909336090088e-01
3.935528099536895752e-01
4.777008593082427979e-01
4.993022382259368896e-01
1.632943034172058105e+00
1.817148566246032715e+00
2.286302566528320312e+00
2.080689191818237305e+00
2.442153215408325195e+00
1.745586037635803223e+00
2.026060819625854492e+00
1.680595159530639648e+00
1.610866069793701172e+00
1.545126676559448242e+00
1.595616102218627930e+00
1.671527266502380371e+00
1.708749413490295410e+00
8.974280953407287598e-01
7.869085669517517090e-01
1.114194631576538086e+00
1.021584630012512207e+00
9.551416039466857910e-01
7.608322501182556152e-01
4.101518988609313965e-01
3.604812622070312500e-01
4.532233774662017822e-01
4.416649341583251953e-01
5.359902381896972656e-01
5.894569158554077148e-01
6.971181631088256836e-01
5.751953125000000000e-01
1.539590477943420410e+00
1.626782059669494629e+00
1.653325200080871582e+00
7.946679592132568359e-01
8.433488607406616211e-01
1.303772807121276855e+00
1.760746121406555176e+00
8.750957250595092773e-01
6.088016033172607422e-01
1.519718647003173828e+00
1.852677226066589355e+00
1.888530611991882324e+00
1.875423192977905273e+00
2.407323122024536133e+00
2.286191701889038086e+00
2.189991235733032227e+00
2.445559740066528320e+00
1.926080107688903809e+00
1.686965227127075195e+00
1.499427676200866699e+00
2.338160991668701172e+00
2.489381313323974609e+00
2.495760202407836914e+00
3.134453296661376953e+00
2.893814086914062500e+00
1.077248096466064453e+00
1.164975643157958984e+00
1.567790269851684570e+00
2.475951671600341797e+00
2.139108180999755859e+00
2.950087785720825195e+00
3.285085439682006836e+00
4.040923118591308594e+00
2.478440284729003906e+00
2.878768444061279297e+00
3.868322372436523438e+00
3.215570211410522461e+00
2.815619945526123047e+00
2.030307054519653320e+00
2.287713527679443359e+00
1.489272356033325195e+00
1.817486882209777832e+00
1.883826732635498047e+00
1.741798043251037598e+00
1.947979092597961426e+00
1.693266153335571289e+00
2.617847919464111328e+00
2.620473146438598633e+00
2.912100791931152344e+00
2.325387477874755859e+00
1.819960355758666992e+00
2.005617856979370117e+00
1.985102891921997070e+00
1.786453723907470703e+00
1.954205751419067383e+00
1.879298329353332520e+00
1.746938109397888184e+00
1.692076325416564941e+00
1.799188375473022461e+00
1.949077367782592773e+00
1.690814137458801270e+00
1.778311133384704590e+00
1.809238672256469727e+00
1.739027142524719238e+00
1.630855441093444824e+00
1.682379841804504395e+00
1.759709715843200684e+00
1.581710577011108398e+00
1.702353596687316895e+00
1.894446730613708496e+00
1.680933713912963867e+00
1.649574398994445801e+00
1.889725327491760254e+00
1.736069321632385254e+00
1.822626948356628418e+00
1.990064620971679688e+00
2.085343599319458008e+00
1.810057163238525391e+00
2.801443099975585938e+00
1.720097422599792480e+00
1.825387477874755859e+00
1.665117144584655762e+00
1.868367314338684082e+00
1.866075396537780762e+00
1.665821075439453125e+00
1.604452729225158691e+00
1.744186758995056152e+00
1.615465164184570312e+00
1.721490025520324707e+00
1.678458571434020996e+00
1.725046277046203613e+00
7.857833504676818848e-01
5.486357808113098145e-01
7.941038608551025391e-01
5.536863207817077637e-01
5.955673456192016602e-01
1.323830485343933105e+00
1.325813531875610352e+00
4.286159574985504150e-01
3.856711089611053467e-01
4.980669021606445312e-01
3.836981654167175293e-01
3.390944898128509521e-01
5.895867943763732910e-01
4.563017785549163818e-01
3.425423502922058105e-01
4.737050831317901611e-01
5.321816802024841309e-01
3.970692157745361328e-01
3.109218776226043701e-01
4.702854156494140625e-01
4.358093738555908203e-01
4.301604926586151123e-01
4.588829576969146729e-01
4.067048430442810059e-01
3.677985668182373047e-01
2.682555317878723145e-01
3.500696420669555664e-01
3.375861346721649170e-01
4.071666896343231201e-01
3.046255707740783691e-01
2.520818412303924561e-01
2.868824005126953125e-01
3.720621466636657715e-01
3.477795422077178955e-01
3.076126873493194580e-01
2.944825887680053711e-01
4.456517100334167480e-01
1.404013991355895996e+00
1.017588853836059570e+00
4.593395888805389404e-01
6.221787333488464355e-01
1.441168785095214844e+00
1.198045849800109863e+00
1.489580154418945312e+00
1.745800971984863281e+00
1.797317862510681152e+00
1.413243889808654785e+00
1.392410278320312500e+00
1.572827816009521484e+00
1.239584803581237793e+00
3.627017140388488770e-01
6.196490526199340820e-01
5.734474062919616699e-01
5.699858069419860840e-01
5.950824618339538574e-01
6.175201535224914551e-01
2.246598720550537109e+00
1.908988118171691895e+00
1.690472841262817383e+00
1.838120102882385254e+00
1.511378884315490723e+00
1.445832252502441406e+00
5.770136713981628418e-01
1.030113697052001953e+00
9.674850702285766602e-01
1.082027077674865723e+00
1.141183614730834961e+00
1.955363869667053223e+00
1.699173331260681152e+00
1.668053627014160156e+00
1.969781160354614258e+00
1.804464936256408691e+00
1.765881061553955078e+00
1.392072081565856934e+00
8.352191448211669922e-01
1.975349187850952148e+00
3.999435663223266602e+00
3.601673364639282227e+00
3.385950326919555664e+00
3.491276025772094727e+00
3.472016811370849609e+00
3.183140516281127930e+00
3.813850879669189453e+00
2.683526992797851562e+00
2.244082212448120117e+00
2.579009532928466797e+00
2.501206398010253906e+00
2.322418212890625000e+00
2.244336128234863281e+00
2.443037748336791992e+00
2.209503889083862305e+00
2.332817792892456055e+00
2.660059928894042969e+00
2.769995450973510742e+00
2.678658485412597656e+00
2.700513124465942383e+00
2.667521715164184570e+00
2.601487159729003906e+00
1.874748945236206055e+00
1.990287542343139648e+00
1.966058373451232910e+00
2.211632013320922852e+00
1.258232474327087402e+00
1.043530464172363281e+00
1.164022564888000488e+00
2.006226778030395508e+00
1.921916723251342773e+00
2.992512226104736328e+00
3.252051830291748047e+00
2.028916358947753906e+00
2.982412099838256836e+00
2.889033079147338867e+00
3.027330875396728516e+00
2.388818740844726562e+00
1.843970179557800293e+00
3.345828294754028320e+00
2.868842124938964844e+00
1.386951923370361328e+00
1.381357550621032715e+00
1.172537684440612793e+00
9.465686678886413574e-01
7.630987763404846191e-01
9.721348881721496582e-01
5.076090693473815918e-01
3.230000138282775879e-01
4.028924107551574707e-01
3.556933104991912842e-01
3.237548768520355225e-01
3.370494544506072998e-01
3.794619739055633545e-01
3.174963891506195068e-01
3.381491303443908691e-01
2.392030656337738037e-01
2.883784174919128418e-01
3.145062625408172607e-01
2.665895521640777588e-01
1.329876482486724854e-01
2.013717889785766602e-01
3.415915071964263916e-01
3.480550348758697510e-01
3.943128883838653564e-01
3.373961746692657471e-01
4.257601499557495117e-01
3.112675249576568604e-01
2.827114462852478027e-01
3.632370233535766602e-01
3.447584509849548340e-01
2.025402784347534180e-01
3.099633455276489258e-01
3.890707492828369141e-01
3.810684680938720703e-01
3.593067526817321777e-01
1.295073509216308594e+00
1.364008784294128418e+00
1.341998219490051270e+00
2.684753537178039551e-01
2.462122887372970581e-01
3.724431693553924561e-01
3.010110557079315186e-01
3.179028928279876709e-01
2.672413587570190430e-01
5.169497728347778320e-01
3.632948696613311768e-01
4.293401241302490234e-01
4.785072505474090576e-01
5.497828722000122070e-01
5.720121860504150391e-01
5.548833012580871582e-01
5.000850558280944824e-01
6.636351943016052246e-01
2.218844652175903320e+00
1.937368273735046387e+00
1.993894338607788086e+00
1.876409411430358887e+00
2.207503557205200195e+00
2.396806478500366211e+00
3.374389410018920898e+00
2.490509033203125000e+00
1.681541085243225098e+00
2.307174921035766602e+00
1.505516529083251953e+00
1.226331591606140137e+00
1.676629543304443359e+00
2.118898868560791016e+00
1.191523432731628418e+00
1.385866761207580566e+00
1.426360368728637695e+00
1.328694820404052734e+00
1.302122116088867188e+00
1.616142988204956055e+00
1.165759325027465820e+00
1.397780656814575195e+00
1.356573939323425293e+00
1.310650706291198730e+00
1.187155604362487793e+00
1.167677998542785645e+00
1.518507957458496094e+00
1.272990822792053223e+00
1.130767941474914551e+00
1.243409633636474609e+00
1.411425828933715820e+00
2.573363065719604492e+00
4.631241798400878906e+00
3.998714208602905273e+00
3.246946573257446289e+00
2.374878168106079102e+00
1.853566408157348633e+00
1.509678483009338379e+00
3.420315980911254883e+00
3.073125123977661133e+00
2.851395130157470703e+00
3.081225872039794922e+00
2.564481496810913086e+00
7.491295933723449707e-01
4.224627315998077393e-01
4.950367510318756104e-01
4.249575734138488770e-01
4.122868478298187256e-01
7.046977877616882324e-01
5.962572693824768066e-01
4.324196279048919678e-01
3.258215785026550293e-01
3.830666542053222656e-01
3.027718365192413330e-01
3.791645765304565430e-01
4.176737070083618164e-01
4.169720113277435303e-01
5.944964885711669922e-01
4.046650230884552002e-01
6.324044466018676758e-01
7.231396436691284180e-01
7.092310786247253418e-01
1.303963541984558105e+00
8.515496253967285156e-01
8.656135797500610352e-01
8.821915388107299805e-01
9.764130115509033203e-01
1.209442853927612305e+00
1.167046666145324707e+00
1.218968868255615234e+00
1.245300531387329102e+00
1.714465498924255371e+00
1.837444186210632324e+00
1.607089042663574219e+00
1.578080892562866211e+00
1.602448821067810059e+00
1.548552393913269043e+00
2.391035079956054688e+00
1.280045747756958008e+00
2.412819862365722656e+00
2.390000820159912109e+00
2.898488521575927734e+00
2.445144176483154297e+00
3.545663356781005859e+00
3.000391244888305664e+00
1.486749887466430664e+00
1.312352657318115234e+00
1.397841334342956543e+00
1.133905291557312012e+00
1.454690337181091309e+00
1.738057971000671387e+00
2.238882541656494141e+00
1.684683680534362793e+00
9.261206984519958496e-01
1.137380599975585938e+00
9.696013927459716797e-01
6.155844330787658691e-01
6.323296427726745605e-01
1.100962042808532715e+00
7.235521674156188965e-01
3.123619854450225830e-01
2.151783853769302368e-01
2.023944556713104248e-01
5.291547775268554688e-01
4.378782808780670166e-01
3.304075002670288086e-01
2.267675101757049561e-01
3.766283690929412842e-01
3.701947331428527832e-01
1.892690062522888184e-01
1.759947091341018677e-01
2.905846238136291504e-01
3.073512017726898193e-01
2.504416108131408691e-01
2.375179082155227661e-01
2.729804217815399170e-01
3.912158608436584473e-01
7.778690457344055176e-01
1.420141935348510742e+00
1.146818518638610840e+00
1.042279839515686035e+00
4.242487549781799316e-01
3.078903555870056152e-01
3.253958821296691895e-01
2.615050375461578369e-01
2.473007291555404663e-01
2.996907234191894531e-01
3.483033478260040283e-01
2.465381920337677002e-01
3.525888621807098389e-01
4.030881226062774658e-01
3.890713155269622803e-01
2.736703157424926758e-01
3.010614812374114990e-01
3.702103495597839355e-01
4.488720595836639404e-01
3.909828662872314453e-01
3.116915524005889893e-01
5.069950819015502930e-01
5.486354827880859375e-01
6.335973739624023438e-01
4.903121292591094971e-01
5.976872444152832031e-01
2.014404058456420898e+00
2.115060329437255859e+00
2.718950510025024414e+00
2.578774929046630859e+00
2.837749004364013672e+00
2.859707355499267578e+00
2.271250486373901367e+00
2.252446174621582031e+00
1.990102171897888184e+00
2.606884479522705078e+00
1.707039594650268555e+00
1.378860235214233398e+00
1.530173540115356445e+00
1.438451409339904785e+00
1.470645308494567871e+00
1.545663356781005859e+00
1.443985700607299805e+00
1.578221559524536133e+00
1.996118068695068359e+00
1.760535597801208496e+00
1.353422641754150391e+00
1.308035850524902344e+00
1.530914187431335449e+00
1.501533389091491699e+00
1.589113116264343262e+00
1.328055143356323242e+00
1.343042850494384766e+00
1.355739831924438477e+00
1.425235986709594727e+00
9.758845567703247070e-01
4.214748740196228027e-01
5.441830158233642578e-01
3.558923006057739258e-01
4.198922514915466309e-01
3.976508378982543945e-01
4.009515345096588135e-01
3.288569152355194092e-01
5.143776535987854004e-01
4.283344745635986328e-01
4.182882308959960938e-01
4.183427691459655762e-01
4.418329596519470215e-01
4.715627133846282959e-01
3.648854494094848633e-01
3.117090761661529541e-01
3.511860370635986328e-01
3.947270512580871582e-01
3.964332938194274902e-01
3.035226166248321533e-01
3.894969820976257324e-01
4.165608584880828857e-01
3.653325140476226807e-01
2.351061254739761353e-01
3.844645321369171143e-01
3.501674830913543701e-01
3.747965693473815918e-01
2.665160894393920898e-01
3.102996647357940674e-01
3.441716134548187256e-01
3.365516662597656250e-01
4.075106978416442871e-01
1.622092247009277344e+00
6.997931003570556641e-01
1.067683458328247070e+00
1.264652967453002930e+00
1.186193585395812988e+00
1.057324528694152832e+00
2.258527278900146484e+00
2.261383533477783203e+00
2.366801500320434570e+00
2.596830368041992188e+00
2.060728073120117188e+00
1.912710070610046387e+00
2.576499223709106445e+00
1.991912603378295898e+00
1.868218779563903809e+00
2.110852241516113281e+00
2.077747821807861328e+00
2.003102064132690430e+00
2.843177080154418945e+00
2.293300151824951172e+00
1.711984038352966309e+00
1.638922452926635742e+00
1.869662523269653320e+00
2.785162210464477539e+00
2.599122762680053711e+00
2.800599813461303711e+00
2.442226648330688477e+00
2.512019395828247070e+00
2.563402652740478516e+00
2.569224596023559570e+00
2.230918407440185547e+00
1.540433287620544434e+00
1.038367867469787598e+00
9.616007208824157715e-01
7.319521903991699219e-01
6.707436442375183105e-01
7.236039638519287109e-01
5.932471156120300293e-01
7.930398583412170410e-01
6.083537340164184570e-01
4.369967877864837646e-01
3.914101719856262207e-01
5.232918262481689453e-01
4.850658774375915527e-01
4.093581140041351318e-01
3.800795376300811768e-01
4.143636822700500488e-01
4.112340509891510010e-01
3.955896198749542236e-01
3.748187720775604248e-01
3.411960005760192871e-01
3.446145355701446533e-01
2.935081720352172852e-01
2.081285864114761353e-01
3.177389800548553467e-01
3.775295913219451904e-01
3.359771668910980225e-01
2.018037736415863037e-01
3.436195552349090576e-01
3.985263109207153320e-01
4.281129837036132812e-01
2.891886532306671143e-01
3.118719160556793213e-01
3.454716503620147705e-01
4.274820089340209961e-01
3.100773692131042480e-01
3.551160693168640137e-01
4.812153577804565430e-01
5.164446234703063965e-01
5.653220415115356445e-01
4.560364484786987305e-01
4.517953395843505859e-01
1.418881058692932129e+00
1.682035565376281738e+00
1.325033187866210938e+00
1.138384580612182617e+00
3.852131068706512451e-01
4.081022143363952637e-01
5.186330080032348633e-01
3.980334997177124023e-01
5.339633226394653320e-01
4.856168031692504883e-01
6.574748158454895020e-01
7.717331051826477051e-01
2.165708065032958984e+00
2.590652465820312500e+00
2.417865991592407227e+00
2.321220636367797852e+00
2.393705606460571289e+00
2.746222734451293945e+00
2.823044776916503906e+00
2.245102167129516602e+00
1.433797955513000488e+00
1.600378870964050293e+00
1.459092617034912109e+00
1.324434280395507812e+00
1.589099407196044922e+00
1.700647354125976562e+00
1.300747871398925781e+00
1.349850296974182129e+00
1.481227397918701172e+00
1.239480376243591309e+00
1.310823082923889160e+00
1.233983039855957031e+00
1.442634105682373047e+00
1.363147616386413574e+00
1.639736771583557129e+00
1.417745471000671387e+00
1.370815753936767578e+00
1.419640064239501953e+00
1.465726852416992188e+00
1.359043598175048828e+00
1.367439985275268555e+00
1.381170392036437988e+00
1.401684641838073730e+00
1.344087123870849609e+00
1.430485844612121582e+00
1.503886699676513672e+00
1.379201531410217285e+00
1.388179302215576172e+00
1.878309726715087891e+00
1.247763037681579590e+00
1.335189342498779297e+00
8.785422444343566895e-01
3.604576885700225830e-01
3.820067048072814941e-01
3.426563739776611328e-01
2.911961376667022705e-01
3.194372653961181641e-01
3.684194087982177734e-01
2.655723690986633301e-01
2.280294597148895264e-01
2.985134720802307129e-01
3.823945522308349609e-01
2.855390310287475586e-01
2.146967947483062744e-01
2.803846299648284912e-01
4.280499517917633057e-01
1.180338501930236816e+00
8.368214964866638184e-01
8.096101284027099609e-01
8.940213322639465332e-01
1.060770153999328613e+00
8.437356352806091309e-01
8.350710868835449219e-01
8.376492857933044434e-01
9.265499114990234375e-01
1.324349641799926758e+00
1.254289031028747559e+00
1.173432946205139160e+00
1.295939326286315918e+00
1.361528515815734863e+00
1.578897476196289062e+00
1.696980476379394531e+00
2.032022953033447266e+00
1.983222842216491699e+00
2.024026155471801758e+00
1.827137589454650879e+00
1.335771203041076660e+00
1.286800384521484375e+00
2.747538805007934570e+00
2.300240993499755859e+00
3.060339450836181641e+00
4.147780895233154297e+00
2.949656486511230469e+00
2.399488210678100586e+00
2.466836929321289062e+00
1.839084386825561523e+00
1.053174614906311035e+00
1.284073948860168457e+00
2.059864521026611328e+00
2.321192741394042969e+00
1.268291950225830078e+00
1.470883131027221680e+00
1.314275145530700684e+00
1.051404476165771484e+00
1.342518687248229980e+00
1.241880893707275391e+00
9.368935227394104004e-01
6.575441956520080566e-01
7.820981144905090332e-01
7.866163253784179688e-01
6.508989334106445312e-01
5.587483644485473633e-01
5.526156425476074219e-01
5.252272486686706543e-01
5.639353394508361816e-01
3.966257274150848389e-01
4.606952965259552002e-01
5.836616158485412598e-01
5.334367752075195312e-01
4.150522351264953613e-01
4.396692216396331787e-01
4.091481566429138184e-01
4.673629999160766602e-01
4.945729672908782959e-01
4.490987658500671387e-01
3.811150789260864258e-01
4.746718108654022217e-01
4.103517234325408936e-01
3.544694483280181885e-01
3.730003833770751953e-01
4.602797627449035645e-01
4.514510631561279297e-01
5.083115696907043457e-01
1.560515880584716797e+00
1.189196586608886719e+00
1.431193470954895020e+00
1.221243262290954590e+00
3.794789612293243408e-01
3.535416424274444580e-01
5.970264077186584473e-01
5.165463089942932129e-01
5.823695659637451172e-01
5.741693377494812012e-01
6.010032892227172852e-01
6.239079833030700684e-01
5.472559332847595215e-01
5.352411270141601562e-01
5.078683495521545410e-01
5.357742905616760254e-01
5.850080251693725586e-01
5.029639005661010742e-01
4.764720797538757324e-01
4.507989883422851562e-01
5.790003538131713867e-01
6.111997365951538086e-01
6.280871629714965820e-01
2.112539768218994141e+00
2.742001533508300781e+00
2.708707809448242188e+00
2.378417730331420898e+00
2.624877929687500000e+00
2.637454986572265625e+00
2.559574127197265625e+00
2.177098035812377930e+00
2.013737201690673828e+00
1.342818617820739746e+00
1.533728122711181641e+00
1.556921720504760742e+00
1.387396454811096191e+00
1.407115936279296875e+00
1.292174100875854492e+00
1.368872642517089844e+00
1.288670301437377930e+00
1.395883917808532715e+00
1.366608619689941406e+00
1.428608536720275879e+00
1.285659313201904297e+00
1.194264411926269531e+00
1.172468900680541992e+00
1.304261565208435059e+00
1.329882860183715820e+00
1.261997818946838379e+00
1.209889292716979980e+00
1.237359642982482910e+00
1.331187486648559570e+00
1.275730133056640625e+00
1.220558524131774902e+00
1.317167639732360840e+00
1.373120665550231934e+00
1.326030611991882324e+00
1.297586441040039062e+00
1.320002436637878418e+00
2.504873752593994141e+00
1.383431434631347656e+00
1.140434503555297852e+00
8.049066066741943359e-01
7.671425342559814453e-01
1.410685777664184570e+00
3.888808190822601318e-01
4.081128835678100586e-01
4.238694012165069580e-01
9.756214022636413574e-01
3.713456690311431885e-01
3.027663826942443848e-01
3.280631303787231445e-01
3.959445953369140625e-01
2.705927491188049316e-01
3.311870396137237549e-01
3.426868021488189697e-01
3.055029511451721191e-01
3.290918171405792236e-01
3.545585274696350098e-01
4.268324077129364014e-01
3.561622798442840576e-01
4.859147667884826660e-01
6.006713509559631348e-01
6.463925242424011230e-01
5.783501863479614258e-01
6.123120188713073730e-01
6.946405768394470215e-01
6.461378931999206543e-01
6.254876255989074707e-01
5.979574918746948242e-01
7.248604297637939453e-01
1.011940240859985352e+00
2.969452857971191406e+00
3.447717666625976562e+00
2.804991483688354492e+00
2.968718290328979492e+00
3.152832746505737305e+00
2.214816093444824219e+00
2.392871856689453125e+00
3.034531593322753906e+00
2.738618135452270508e+00
2.508173227310180664e+00
3.386892080307006836e+00
3.038225173950195312e+00
1.421133041381835938e+00
1.733280062675476074e+00
1.860857844352722168e+00
1.777000665664672852e+00
2.858315229415893555e+00
1.466345787048339844e+00
2.541804790496826172e+00
2.506790399551391602e+00
9.378584027290344238e-01
1.269390821456909180e+00
1.593545556068420410e+00
8.039245605468750000e-01
6.715798974037170410e-01
1.297676801681518555e+00
8.395060300827026367e-01
6.407790184020996094e-01
9.541671872138977051e-01
6.198614835739135742e-01
3.385904133319854736e-01
3.498933911323547363e-01
4.526373445987701416e-01
4.263069629669189453e-01
3.141345679759979248e-01
5.132691860198974609e-01
4.106809198856353760e-01
3.806869387626647949e-01
3.251678347587585449e-01
3.026455044746398926e-01
3.392438590526580811e-01
3.034239411354064941e-01
3.323851227760314941e-01
3.071201443672180176e-01
3.098523616790771484e-01
2.703362107276916504e-01
3.080762028694152832e-01
2.693639695644378662e-01
1.300833582878112793e+00
1.184176206588745117e+00
1.044161200523376465e+00
4.087339937686920166e-01
1.880703717470169067e-01
2.926757335662841797e-01
3.176350891590118408e-01
2.503898143768310547e-01
3.623505830764770508e-01
2.946906089782714844e-01
2.445263117551803589e-01
3.705450296401977539e-01
5.331557989120483398e-01
3.508532941341400146e-01
3.261652886867523193e-01
3.232362866401672363e-01
4.107217490673065186e-01
3.274628520011901855e-01
3.811485171318054199e-01
5.059611797332763672e-01
3.960901200771331787e-01
4.616510570049285889e-01
5.895317196846008301e-01
4.959500432014465332e-01
4.433355629444122314e-01
5.952609181404113770e-01
1.636977434158325195e+00
1.935130476951599121e+00
2.131028890609741211e+00
2.495664358139038086e+00
2.618242025375366211e+00
1.961435914039611816e+00
1.918865799903869629e+00
2.227637052536010742e+00
1.988218069076538086e+00
1.729501724243164062e+00
1.710064053535461426e+00
1.598907232284545898e+00
1.458833813667297363e+00
1.416353821754455566e+00
1.470166444778442383e+00
1.369533300399780273e+00
1.471722483634948730e+00
1.392106890678405762e+00
1.344227671623229980e+00
1.361267566680908203e+00
1.377835988998413086e+00
1.364747524261474609e+00
1.364278316497802734e+00
1.212828993797302246e+00
1.300233364105224609e+00
1.268601417541503906e+00
1.238909125328063965e+00
1.382935881614685059e+00
1.369106531143188477e+00
1.134883761405944824e+00
1.445523023605346680e+00
1.404846668243408203e+00
1.321371793746948242e+00
1.440274953842163086e+00
1.392865061759948730e+00
1.603919029235839844e+00
1.343961596488952637e+00
1.379694581031799316e+00
2.366042375564575195e+00
1.520675778388977051e+00
1.521300435066223145e+00
1.521041154861450195e+00
1.694798469543457031e+00
1.320050120353698730e+00
1.323096752166748047e+00
2.189492464065551758e+00
1.739704132080078125e+00
1.339114665985107422e+00
1.279195785522460938e+00
1.499627232551574707e+00
1.281196713447570801e+00
1.804294824600219727e+00
1.730167984962463379e+00
1.701390147209167480e+00
1.657229423522949219e+00
1.695832610130310059e+00
1.801905989646911621e+00
1.811720967292785645e+00
1.556382775306701660e+00
1.603679776191711426e+00
1.136622428894042969e+00
1.646382331848144531e+00
9.907885789871215820e-01
1.501032829284667969e+00
9.519319534301757812e-01
7.325258851051330566e-01
6.678453087806701660e-01
6.639405488967895508e-01
6.129454374313354492e-01
9.785838723182678223e-01
1.259470939636230469e+00
1.227907419204711914e+00
1.173634886741638184e+00
1.353612899780273438e+00
1.387712836265563965e+00
1.275008678436279297e+00
1.020996332168579102e+00
1.592499375343322754e+00
1.770166277885437012e+00
1.499824881553649902e+00
1.623824834823608398e+00
1.838146924972534180e+00
2.867767095565795898e+00
1.675691604614257812e+00
1.280766606330871582e+00
1.112920045852661133e+00
1.626421689987182617e+00
1.108376383781433105e+00
2.353237628936767578e+00
2.163617610931396484e+00
1.936273694038391113e+00
1.867021799087524414e+00
1.858668684959411621e+00
9.543341398239135742e-01
4.774448573589324951e-01
3.650397658348083496e-01
4.017357230186462402e-01
4.537880122661590576e-01
4.479044973850250244e-01
3.098222017288208008e-01
3.138292431831359863e-01
4.003370106220245361e-01
2.827824354171752930e-01
3.001799881458282471e-01
3.793090283870697021e-01
4.334587156772613525e-01
3.051329255104064941e-01
3.653648495674133301e-01
3.566658198833465576e-01
2.864852249622344971e-01
3.528816103935241699e-01
3.541482090950012207e-01
3.282136321067810059e-01
2.630443871021270752e-01
3.489864170551300049e-01
3.395091891288757324e-01
2.744868695735931396e-01
2.787087857723236084e-01
3.067215979099273682e-01
2.472179532051086426e-01
7.293307185173034668e-01
2.785144448280334473e-01
3.557363450527191162e-01
3.473190665245056152e-01
3.102544546127319336e-01
4.622680544853210449e-01
3.962482810020446777e-01
3.435145914554595947e-01
4.526444673538208008e-01
4.933729767799377441e-01
3.591088354587554932e-01
3.509267568588256836e-01
3.948276340961456299e-01
3.631136715412139893e-01
4.294585287570953369e-01
4.982916414737701416e-01
5.044396519660949707e-01
1.366346597671508789e+00
1.417943120002746582e+00
1.382884860038757324e+00
1.237649440765380859e+00
6.279618740081787109e-01
4.770789444446563721e-01
5.563508272171020508e-01
4.740120470523834229e-01
1.560080409049987793e+00
2.114812850952148438e+00
2.486917734146118164e+00
2.700330495834350586e+00
2.110885858535766602e+00
2.448411941528320312e+00
2.512789011001586914e+00
2.704190492630004883e+00
2.176295280456542969e+00
2.537067890167236328e+00
2.166779756546020508e+00
1.344861745834350586e+00
1.577295064926147461e+00
1.469062566757202148e+00
2.703486680984497070e+00
1.510640263557434082e+00
1.278251767158508301e+00
1.546926736831665039e+00
1.537407875061035156e+00
1.574236989021301270e+00
7.804277539253234863e-01
2.488277196884155273e+00
1.550017118453979492e+00
4.613325595855712891e-01
8.595697283744812012e-01
1.829757928848266602e+00
1.960282206535339355e+00
2.594538927078247070e+00
3.173407077789306641e+00
3.063332557678222656e+00
2.518932580947875977e+00
1.456507563591003418e+00
2.506134271621704102e+00
1.786968469619750977e+00
7.294740676879882812e-01
1.192187786102294922e+00
6.367958188056945801e-01
6.144521832466125488e-01
2.341151952743530273e+00
5.892291069030761719e-01
9.635213613510131836e-01
1.822710275650024414e+00
1.575284361839294434e+00
1.446459412574768066e+00
9.537933468818664551e-01
1.245414376258850098e+00
2.070267915725708008e+00
4.672295153141021729e-01
5.609964728355407715e-01
5.416767001152038574e-01
5.512054562568664551e-01
1.625391840934753418e+00
1.656700491905212402e+00
1.418723106384277344e+00
1.277618050575256348e+00
1.476137876510620117e+00
1.605310082435607910e+00
1.608757734298706055e+00
1.541897535324096680e+00
1.396191477775573730e+00
1.635794997215270996e+00
1.447482109069824219e+00
1.351380348205566406e+00
1.705623626708984375e+00
2.068357229232788086e+00
2.027411699295043945e+00
2.040502071380615234e+00
2.252998352050781250e+00
3.148261308670043945e+00
5.011624813079833984e+00
4.874894618988037109e+00
4.438915252685546875e+00
4.516658306121826172e+00
4.191111087799072266e+00
4.105340957641601562e+00
3.789706945419311523e+00
3.319344282150268555e+00
2.722629547119140625e+00
2.903295040130615234e+00
2.806044578552246094e+00
2.272029399871826172e+00
2.487010002136230469e+00
1.997034430503845215e+00
1.585228085517883301e+00
1.730997681617736816e+00
1.801500082015991211e+00
1.752399325370788574e+00
1.515487432479858398e+00
2.422022104263305664e+00
1.589198350906372070e+00
1.701154232025146484e+00
1.765181303024291992e+00
1.821507811546325684e+00
1.343846678733825684e+00
1.729073762893676758e+00
1.307077050209045410e+00
7.963380813598632812e-01
8.224691748619079590e-01
7.767526507377624512e-01
6.682855486869812012e-01
7.830111384391784668e-01
8.642480373382568359e-01
6.236953139305114746e-01
4.694074988365173340e-01
6.484441161155700684e-01
6.172676682472229004e-01
4.832623302936553955e-01
5.881798863410949707e-01
5.486322045326232910e-01
3.101606965065002441e-01
2.926211953163146973e-01
3.999803960323333740e-01
2.482781708240509033e-01
2.243280410766601562e-01
2.935095429420471191e-01
9.824982285499572754e-01
1.254025340080261230e+00
1.115678906440734863e+00
1.023209214210510254e+00
1.485141962766647339e-01
1.885914355516433716e-01
3.477768003940582275e-01
3.973386585712432861e-01
3.696999847888946533e-01
3.567365109920501709e-01
4.396599233150482178e-01
3.743259310722351074e-01
3.230386376380920410e-01
4.865257143974304199e-01
4.484381675720214844e-01
4.034685790538787842e-01
5.701428651809692383e-01
4.115347266197204590e-01
3.494134545326232910e-01
4.166058003902435303e-01
3.966065347194671631e-01
3.805558979511260986e-01
2.984608411788940430e-01
3.844481110572814941e-01
2.925847172737121582e-01
2.572417259216308594e-01
3.851226568222045898e-01
5.968550443649291992e-01
4.054763317108154297e-01
4.076885879039764404e-01
1.675176024436950684e+00
1.747632145881652832e+00
1.571433782577514648e+00
2.166687488555908203e+00
2.731164216995239258e+00
2.314059257507324219e+00
1.667902588844299316e+00
1.678898572921752930e+00
1.611462831497192383e+00
1.493704557418823242e+00
1.462384223937988281e+00
1.378325462341308594e+00
1.303070783615112305e+00
1.461186170578002930e+00
1.506368994712829590e+00
1.228933334350585938e+00
1.255086660385131836e+00
1.468947529792785645e+00
3.448584973812103271e-01
3.350855410099029541e-01
3.794597983360290527e-01
3.390385806560516357e-01
2.594410777091979980e-01
3.074358999729156494e-01
5.473757386207580566e-01
2.825486361980438232e-01
2.231940925121307373e-01
4.303172826766967773e-01
4.549745917320251465e-01
2.827914953231811523e-01
3.667654991149902344e-01
4.397583305835723877e-01
3.948068022727966309e-01
3.201214373111724854e-01
4.606404602527618408e-01
4.848197400569915771e-01
3.679545223712921143e-01
3.746381402015686035e-01
4.545365869998931885e-01
3.864791691303253174e-01
2.237157076597213745e-01
3.850376904010772705e-01
3.486053943634033203e-01
3.335960805416107178e-01
2.992666959762573242e-01
3.732687532901763916e-01
2.936816811561584473e-01
2.592793703079223633e-01
2.791629731655120850e-01
2.708213627338409424e-01
2.429458647966384888e-01
3.509782850742340088e-01
2.446606308221817017e-01
2.463235706090927124e-01
3.883389234542846680e-01
4.564369022846221924e-01
3.688713908195495605e-01
3.802905678749084473e-01
5.221982002258300781e-01
4.633798003196716309e-01
4.406009018421173096e-01
4.304990172386169434e-01
4.241363704204559326e-01
4.385805130004882812e-01
1.685698628425598145e+00
1.337771892547607422e+00
1.254579901695251465e+00
7.290020585060119629e-01
3.386065959930419922e-01
4.573918581008911133e-01
2.688977420330047607e-01
4.152775406837463379e-01
4.277207553386688232e-01
4.888437688350677490e-01
3.370516300201416016e-01
3.644641637802124023e-01
4.132582545280456543e-01
4.700044691562652588e-01
4.358992874622344971e-01
5.638056993484497070e-01
5.070576071739196777e-01
3.334483504295349121e-01
3.630895614624023438e-01
1.588030099868774414e+00
1.800772309303283691e+00
1.308115601539611816e+00
1.375969409942626953e+00
1.431530714035034180e+00
5.889133810997009277e-01
1.116880536079406738e+00
1.420452952384948730e+00
1.964166522026062012e+00
1.806504011154174805e+00
1.828169226646423340e+00
1.270011305809020996e+00
8.233062624931335449e-01
4.485604166984558105e-01
2.870295941829681396e-01
3.218915462493896484e-01
4.855132102966308594e-01
3.249208927154541016e-01
2.231647670269012451e-01
4.119094312191009521e-01
4.804838001728057861e-01
3.287922441959381104e-01
3.236556351184844971e-01
4.554950892925262451e-01
4.072371423244476318e-01
2.471697181463241577e-01
3.320386707782745361e-01
4.357159137725830078e-01
2.643485367298126221e-01
2.806318700313568115e-01
4.345430433750152588e-01
3.246037364006042480e-01
3.068200051784515381e-01
3.347736001014709473e-01
3.660188615322113037e-01
2.891283631324768066e-01
2.680159509181976318e-01
3.595252037048339844e-01
2.358261793851852417e-01
3.126626610755920410e-01
3.552772402763366699e-01
2.925723791122436523e-01
2.523868978023529053e-01
4.038605391979217529e-01
4.493906795978546143e-01
2.798413634300231934e-01
3.925652205944061279e-01
4.873485565185546875e-01
4.210971891880035400e-01
3.580760359764099121e-01
3.084684312343597412e-01
3.633614778518676758e-01
2.548192441463470459e-01
2.883532047271728516e-01
4.165170192718505859e-01
3.735255599021911621e-01
3.142968416213989258e-01
4.285542964935302734e-01
8.830440044403076172e-01
1.210304021835327148e+00
2.040491819381713867e+00
2.584396839141845703e+00
1.984961271286010742e+00
2.023167133331298828e+00
2.100902080535888672e+00
1.954190731048583984e+00
2.072735786437988281e+00
2.184519529342651367e+00
2.104814052581787109e+00
1.606107950210571289e+00
2.285169363021850586e+00
2.357553958892822266e+00
2.376729488372802734e+00
2.604069948196411133e+00
1.374420762062072754e+00
1.717640399932861328e+00
1.484723210334777832e+00
1.502498149871826172e+00
1.621475338935852051e+00
1.522970318794250488e+00
2.729115962982177734e+00
2.416422128677368164e+00
3.209901094436645508e+00
3.197226047515869141e+00
2.746984243392944336e+00
1.672590136528015137e+00
2.592777013778686523e+00
2.813670396804809570e+00
2.342939615249633789e+00
2.949114561080932617e+00
1.809017777442932129e+00
2.155551195144653320e+00
2.041486978530883789e+00
1.949843764305114746e+00
1.872702240943908691e+00
1.736504912376403809e+00
2.116307258605957031e+00
1.785702228546142578e+00
1.852844595909118652e+00
1.859136819839477539e+00
1.756576299667358398e+00
1.680209875106811523e+00
2.394222497940063477e+00
2.486588478088378906e+00
1.335071206092834473e+00
1.520575761795043945e+00
1.451099634170532227e+00
1.698210716247558594e+00
1.939432978630065918e+00
1.957942605018615723e+00
2.897580623626708984e+00
2.687375783920288086e+00
5.839357376098632812e-01
4.543433487415313721e-01
7.290308475494384766e-01
7.956297993659973145e-01
9.114496111869812012e-01
1.105109095573425293e+00
8.080535531044006348e-01
7.859390377998352051e-01
7.631179094314575195e-01
7.658487558364868164e-01
6.971466541290283203e-01
6.575041413307189941e-01
6.469667553901672363e-01
7.057980298995971680e-01
7.132806181907653809e-01
9.726386666297912598e-01
1.004401683807373047e+00
3.413237810134887695e+00
3.961205244064331055e+00
4.228384494781494141e+00
3.532940626144409180e+00
3.071664571762084961e+00
3.147462606430053711e+00
1.710991263389587402e+00
1.346947312355041504e+00
1.762024760246276855e+00
3.912779331207275391e+00
3.093130826950073242e+00
1.455855727195739746e+00
1.512119054794311523e+00
1.708249449729919434e+00
1.602984070777893066e+00
1.603294610977172852e+00
1.816498756408691406e+00
2.070708036422729492e+00
2.063916206359863281e+00
2.510334491729736328e+00
2.456630468368530273e+00
2.556147336959838867e+00
2.010269165039062500e+00
1.613360881805419922e+00
1.815954327583312988e+00
1.310289978981018066e+00
2.555530071258544922e-01
5.127328038215637207e-01
2.452820092439651489e-01
3.155736029148101807e-01
2.310541272163391113e-01
3.632441461086273193e-01
2.832190692424774170e-01
4.694549143314361572e-01
5.398597121238708496e-01
5.007854104042053223e-01
2.874464988708496094e-01
3.469619154930114746e-01
3.446071445941925049e-01
3.862667381763458252e-01
3.124436736106872559e-01
3.022231161594390869e-01
2.881580591201782227e-01
2.541751265525817871e-01
3.806118369102478027e-01
3.260753750801086426e-01
3.068008124828338623e-01
2.528153061866760254e-01
4.082688391208648682e-01
2.784653902053833008e-01
1.579105556011199951e-01
2.864945530891418457e-01
3.408848941326141357e-01
2.714123129844665527e-01
2.587317228317260742e-01
3.563991189002990723e-01
2.214878350496292114e-01
2.384830117225646973e-01
3.282656967639923096e-01
3.771743476390838623e-01
2.561348974704742432e-01
2.317089438438415527e-01
4.944202899932861328e-01
3.364771306514739990e-01
3.005371391773223877e-01
4.749749600887298584e-01
4.319596886634826660e-01
4.729699492454528809e-01
4.933828413486480713e-01
4.509088993072509766e-01
5.192554593086242676e-01
6.360362768173217773e-01
5.562825202941894531e-01
5.900344252586364746e-01
6.113057732582092285e-01
1.661928057670593262e+00
1.913576245307922363e+00
2.451497793197631836e+00
2.052085399627685547e+00
2.289893150329589844e+00
2.194818973541259766e+00
2.473501443862915039e+00
2.492393016815185547e+00
1.799989223480224609e+00
2.267985582351684570e+00
2.066479206085205078e+00
1.441993474960327148e+00
1.309783816337585449e+00
1.293971061706542969e+00
1.313313603401184082e+00
1.209451913833618164e+00
1.297508239746093750e+00
1.302307724952697754e+00
1.451407432556152344e+00
1.838224291801452637e+00
1.482931733131408691e+00
1.512176275253295898e+00
1.475775003433227539e+00
1.501139998435974121e+00
1.532050371170043945e+00
1.630469560623168945e+00
1.305378437042236328e+00
1.384132862091064453e+00
1.865861058235168457e+00
2.398110628128051758e+00
1.642823100090026855e+00
1.486365556716918945e+00
1.559323310852050781e+00
1.822889566421508789e+00
9.438251852989196777e-01
6.365929841995239258e-01
5.763761401176452637e-01
6.116311550140380859e-01
5.294995903968811035e-01
2.343729019165039062e+00
7.348672151565551758e-01
4.845218062400817871e-01
5.313936471939086914e-01
6.589264869689941406e-01
1.633196830749511719e+00
1.672893881797790527e+00
1.750284075736999512e+00
2.799560308456420898e+00
5.779979825019836426e-01
3.587678670883178711e-01
4.444034397602081299e-01
4.531142711639404297e-01
5.289281010627746582e-01
8.286569118499755859e-01
6.264030933380126953e-01
4.509373903274536133e-01
6.744492053985595703e-01
7.512021064758300781e-01
5.518498420715332031e-01
5.999805927276611328e-01
7.505143880844116211e-01
1.314177870750427246e+00
1.091918349266052246e+00
1.365505099296569824e+00
7.622342705726623535e-01
6.701384186744689941e-01
7.767913341522216797e-01
1.417175889015197754e+00
1.458625555038452148e+00
1.857612013816833496e+00
1.949412345886230469e+00
2.007305383682250977e+00
1.974602222442626953e+00
3.240479946136474609e+00
2.859834194183349609e+00
2.329381942749023438e+00
2.596618652343750000e+00
2.317804098129272461e+00
1.618365168571472168e+00
1.719842791557312012e+00
3.115210533142089844e+00
2.462900876998901367e+00
3.195335626602172852e+00
2.587593793869018555e+00
2.648553848266601562e+00
2.338641166687011719e+00
2.194718599319458008e+00
1.195709705352783203e+00
1.376092672348022461e+00
1.186137676239013672e+00
1.101022839546203613e+00
1.157536625862121582e+00
8.580175042152404785e-01
7.155984044075012207e-01
7.315903902053833008e-01
7.800571918487548828e-01
5.777098536491394043e-01
6.842813491821289062e-01
6.015689969062805176e-01
5.996270179748535156e-01
5.199119448661804199e-01
6.226496100425720215e-01
4.933589994907379150e-01
2.379339933395385742e-01
4.505259692668914795e-01
4.649879336357116699e-01
3.964895009994506836e-01
2.707018554210662842e-01
2.711642384529113770e-01
3.397978246212005615e-01
2.444407939910888672e-01
2.960983812808990479e-01
3.251804411411285400e-01
3.289144933223724365e-01
1.684265881776809692e-01
3.003685474395751953e-01
4.037698209285736084e-01
2.142176628112792969e-01
2.430360466241836548e-01
3.317387998104095459e-01
1.319945335388183594e+00
1.280046105384826660e+00
1.061340332031250000e+00
9.132813811302185059e-01
1.854006499052047729e-01
7.126874476671218872e-02
2.252605259418487549e-01
3.536515533924102783e-01
2.584365010261535645e-01
3.768692910671234131e-01
4.120042622089385986e-01
2.717132568359375000e-01
2.697222232818603516e-01
3.532820641994476318e-01
3.032230138778686523e-01
3.285395205020904541e-01
3.809012770652770996e-01
4.219222068786621094e-01
3.588906526565551758e-01
4.841207861900329590e-01
4.811123013496398926e-01
5.588127374649047852e-01
3.796894848346710205e-01
5.365307927131652832e-01
1.845479965209960938e+00
1.744088292121887207e+00
1.959968090057373047e+00
1.894690394401550293e+00
2.596993446350097656e+00
1.946499466896057129e+00
3.630524635314941406e+00
2.731878280639648438e+00
1.599518656730651855e+00
1.935815691947937012e+00
1.683309555053710938e+00
1.791305065155029297e+00
1.299131751060485840e+00
2.042024850845336914e+00
1.394843220710754395e+00
1.255683183670043945e+00
1.396369338035583496e+00
1.408011674880981445e+00
1.424198031425476074e+00
1.470230817794799805e+00
1.293597459793090820e+00
1.351631164550781250e+00
1.690871715545654297e+00
1.298848628997802734e+00
1.352431178092956543e+00
1.367339372634887695e+00
1.406508207321166992e+00
1.147527098655700684e+00
1.284644365310668945e+00
1.519955992698669434e+00
1.420068979263305664e+00
1.375176072120666504e+00
1.317307472229003906e+00
1.471937656402587891e+00
2.232017993927001953e+00
1.477866649627685547e+00
1.488463044166564941e+00
1.777100443840026855e+00
1.264991521835327148e+00
2.174514532089233398e+00
2.714932680130004883e+00
1.461072087287902832e+00
1.630496144294738770e+00
1.736585736274719238e+00
1.721045732498168945e+00
1.416152358055114746e+00
1.743156433105468750e+00
3.062944412231445312e+00
2.301263093948364258e+00
1.308059096336364746e+00
1.603748559951782227e+00
1.491445422172546387e+00
1.417119383811950684e+00
1.586060166358947754e+00
1.883282184600830078e+00
1.442979693412780762e+00
4.093359112739562988e-01
6.191411614418029785e-01
1.191824674606323242e+00
8.781352043151855469e-01
8.215819001197814941e-01
2.531783342361450195e+00
2.280616760253906250e+00
2.330338478088378906e+00
2.146453380584716797e+00
2.328700304031372070e+00
8.826608061790466309e-01
8.996820449829101562e-01
2.226210594177246094e+00
2.389309883117675781e+00
2.487895250320434570e+00
2.476002216339111328e+00
2.232471466064453125e+00
1.839145183563232422e+00
1.421899437904357910e+00
1.865503072738647461e+00
1.627084970474243164e+00
1.933388352394104004e+00
1.667672038078308105e+00
2.302627086639404297e+00
2.786460161209106445e+00
2.681630373001098633e+00
2.650151729583740234e+00
1.941083669662475586e+00
1.963489770889282227e+00
1.888366937637329102e+00
2.145724058151245117e+00
1.996149897575378418e+00
2.168357610702514648e+00
1.325373888015747070e+00
7.390277385711669922e-01
7.545263171195983887e-01
6.239145398139953613e-01
7.501802444458007812e-01
3.785747289657592773e-01
3.579488694667816162e-01
4.103265106678009033e-01
4.509154856204986572e-01
3.666377663612365723e-01
3.608923852443695068e-01
4.528854191303253174e-01
3.860575854778289795e-01
2.809953093528747559e-01
3.344351053237915039e-01
4.119623303413391113e-01
3.391449153423309326e-01
2.896795570850372314e-01
3.526702821254730225e-01
2.529060244560241699e-01
2.783417701721191406e-01
2.918668687343597412e-01
3.496699929237365723e-01
2.804723381996154785e-01
2.930125892162322998e-01
2.879839837551116943e-01
3.232102394104003906e-01
1.940695494413375854e-01
3.083763420581817627e-01
2.567661702632904053e-01
2.580590844154357910e-01
2.619320750236511230e-01
3.327507674694061279e-01
2.810133993625640869e-01
3.096983134746551514e-01
3.822002112865447998e-01
4.965535998344421387e-01
2.478579729795455933e-01
3.501929938793182373e-01
3.776326477527618408e-01
4.313530921936035156e-01
2.775263488292694092e-01
4.503617882728576660e-01
4.635031521320343018e-01
1.490927934646606445e+00
1.277241468429565430e+00
1.350528359413146973e+00
1.139835953712463379e+00
3.926461040973663330e-01
5.128673315048217773e-01
5.373012423515319824e-01
5.318442583084106445e-01
5.008492469787597656e-01
1.689492464065551758e+00
1.032003045082092285e+00
2.412712574005126953e+00
1.816694140434265137e+00
2.045296669006347656e+00
2.700874328613281250e+00
2.021014928817749023e+00
2.375932216644287109e+00
3.149370670318603516e+00
1.966686010360717773e+00
2.167938947677612305e+00
1.964733362197875977e+00
2.063313961029052734e+00
1.886709690093994141e+00
9.180071353912353516e-01
1.663380265235900879e+00
1.749199509620666504e+00
1.542674660682678223e+00
7.151425480842590332e-01
1.064245462417602539e+00
8.835146427154541016e-01
5.761412382125854492e-01
9.958171844482421875e-01
1.170779705047607422e+00
8.049907684326171875e-01
5.978212952613830566e-01
6.748945713043212891e-01
4.537460803985595703e-01
5.354842543601989746e-01
5.158555507659912109e-01
1.766092896461486816e+00
1.387574911117553711e+00
1.274066567420959473e+00
5.505706071853637695e-01
4.775290191173553467e-01
8.116727471351623535e-01
5.640203356742858887e-01
4.208650290966033936e-01
5.164552927017211914e-01
5.210960507392883301e-01
4.738643169403076172e-01
5.008221268653869629e-01
3.259454667568206787e-01
3.328143656253814697e-01
4.844754636287689209e-01
4.366865158081054688e-01
2.897985279560089111e-01
3.566704690456390381e-01
3.993206620216369629e-01
2.957036793231964111e-01
3.202771246433258057e-01
3.716255128383636475e-01
2.350817322731018066e-01
2.946412861347198486e-01
4.517267942428588867e-01
3.356222212314605713e-01
3.824490904808044434e-01
4.235207438468933105e-01
4.807817339897155762e-01
4.241174757480621338e-01
7.413161993026733398e-01
7.515183687210083008e-01
9.089547395706176758e-01
6.592243909835815430e-01
1.366320013999938965e+00
1.610534667968750000e+00
1.971754074096679688e+00
1.643118619918823242e+00
1.894404768943786621e+00
1.751542687416076660e+00
1.766041159629821777e+00
1.910594344139099121e+00
2.023297071456909180e+00
2.604374170303344727e+00
2.685491323471069336e+00
2.826668262481689453e+00
2.767375469207763672e+00
2.960640192031860352e+00
2.497632503509521484e+00
1.929171323776245117e+00
1.482057571411132812e+00
1.433426260948181152e+00
2.382641553878784180e+00
1.721448183059692383e+00
1.628771781921386719e+00
1.555277943611145020e+00
1.647936940193176270e+00
1.584352850914001465e+00
1.415920734405517578e+00
1.488996624946594238e+00
1.633985161781311035e+00
1.117594242095947266e+00
9.883425235748291016e-01
1.284473776817321777e+00
1.238971710205078125e+00
9.738463163375854492e-01
9.890922307968139648e-01
1.121741294860839844e+00
1.898015141487121582e+00
1.496494889259338379e+00
1.512171626091003418e+00
1.588718652725219727e+00
5.175821185111999512e-01
4.799284636974334717e-01
6.126384735107421875e-01
4.721213281154632568e-01
3.868834674358367920e-01
4.296238124370574951e-01
4.844579398632049561e-01
3.208266794681549072e-01
2.771305441856384277e-01
3.896850049495697021e-01
3.782482743263244629e-01
2.305596619844436646e-01
2.709567546844482422e-01
3.655928969383239746e-01
2.588876783847808838e-01
2.091232836246490479e-01
3.009622693061828613e-01
3.811975717544555664e-01
2.198015898466110229e-01
2.078687399625778198e-01
3.154688775539398193e-01
3.104317784309387207e-01
2.005103081464767456e-01
2.629900872707366943e-01
3.399178683757781982e-01
3.031498193740844727e-01
2.260995358228683472e-01
3.602416813373565674e-01
4.045641422271728516e-01
3.246136307716369629e-01
3.324925601482391357e-01
4.227420389652252197e-01
3.358299732208251953e-01
3.070299625396728516e-01
4.382883310317993164e-01
