1.786200523376464844e+00
1.257562875747680664e+00
1.376118779182434082e+00
1.470461845397949219e+00
1.306999802589416504e+00
1.354797482490539551e+00
1.838474273681640625e+00
1.782868862152099609e+00
1.158176422119140625e+00
1.393113136291503906e+00
1.512021183967590332e+00
1.350449204444885254e+00
1.424997806549072266e+00
1.438537955284118652e+00
1.165946722030639648e+00
1.231871485710144043e+00
1.179703474044799805e+00
1.190681576728820801e+00
1.022700428962707520e+00
1.077028632164001465e+00
1.244882583618164062e+00
1.213715195655822754e+00
1.005210041999816895e+00
1.054600477218627930e+00
3.582435250282287598e-01
3.431174159049987793e-01
3.500762283802032471e-01
3.949274122714996338e-01
3.561102151870727539e-01
2.673896551132202148e-01
3.610478043556213379e-01
1.195086121559143066e+00
5.370186567306518555e-01
4.003542661666870117e-01
3.668899238109588623e-01
3.265292942523956299e-01
3.184521794319152832e-01
6.225026845932006836e-01
4.908140003681182861e-01
3.709471225738525391e-01
5.306107997894287109e-01
4.733199477195739746e-01
3.013322949409484863e-01
4.015641510486602783e-01
4.454450309276580811e-01
3.549208939075469971e-01
3.371922373771667480e-01
4.527494609355926514e-01
3.683870434761047363e-01
4.284588992595672607e-01
3.828270733356475830e-01
3.851231932640075684e-01
3.345510363578796387e-01
3.854189515113830566e-01
4.546612799167633057e-01
3.129529356956481934e-01
1.654390096664428711e+00
1.747835516929626465e+00
1.994655251502990723e+00
1.577622652053833008e+00
1.439890384674072266e+00
5.384001135826110840e-01
4.597140252590179443e-01
5.371244549751281738e-01
6.958642005920410156e-01
5.141314864158630371e-01
5.758868455886840820e-01
6.335669159889221191e-01
5.346016883850097656e-01
4.189405739307403564e-01
4.480193555355072021e-01
5.835223793983459473e-01
4.750730991363525391e-01
4.716098606586456299e-01
5.021920800209045410e-01
4.687011241912841797e-01
6.300006508827209473e-01
1.809977054595947266e+00
1.761780858039855957e+00
2.120660305023193359e+00
1.854317069053649902e+00
1.875649094581604004e+00
1.751614809036254883e+00
1.774167895317077637e+00
1.630388736724853516e+00
1.348508358001708984e+00
1.413885354995727539e+00
1.441948294639587402e+00
1.492999076843261719e+00
1.396313428878784180e+00
1.487679839134216309e+00
1.457509636878967285e+00
1.420023798942565918e+00
1.446365356445312500e+00
1.498664617538452148e+00
1.518199086189270020e+00
1.606286764144897461e+00
1.597330331802368164e+00
2.135520219802856445e+00
1.233573079109191895e+00
1.295203685760498047e+00
1.508306264877319336e+00
1.520230054855346680e+00
1.459539890289306641e+00
1.459268808364868164e+00
1.459955930709838867e+00
1.378401994705200195e+00
1.307039737701416016e+00
1.413364768028259277e+00
1.377428054809570312e+00
7.351884841918945312e-01
4.027583897113800049e-01
3.992902338504791260e-01
2.712127566337585449e-01
3.524150848388671875e-01
3.122117817401885986e-01
3.476912975311279297e-01
4.140882194042205811e-01
4.016003310680389404e-01
3.667013645172119141e-01
2.425958514213562012e-01
3.033222258090972900e-01
5.577215552330017090e-01
1.194250941276550293e+00
3.831219971179962158e-01
6.138929724693298340e-01
3.848617076873779297e-01
3.268247544765472412e-01
1.034100174903869629e+00
1.578679084777832031e+00
1.613430500030517578e+00
1.342872619628906250e+00
1.558193445205688477e+00
1.294022560119628906e+00
1.369293451309204102e+00
1.364647507667541504e+00
1.276672124862670898e+00
1.220446228981018066e+00
1.396221041679382324e+00
1.276639819145202637e+00
1.310455322265625000e+00
1.287030577659606934e+00
1.338924765586853027e+00
1.961237192153930664e+00
1.319555878639221191e+00
1.396923065185546875e+00
1.486766576766967773e+00
2.019339084625244141e+00
1.176318049430847168e+00
1.481757164001464844e+00
1.374948382377624512e+00
1.340008854866027832e+00
1.326781153678894043e+00
1.994044780731201172e+00
1.812578320503234863e+00
8.167402744293212891e-01
5.320215821266174316e-01
4.889882206916809082e-01
4.794027507305145264e-01
6.184586286544799805e-01
5.147128701210021973e-01
3.742480874061584473e-01
6.351690292358398438e-01
4.693773388862609863e-01
3.029017746448516846e-01
3.941051065921783447e-01
3.691567182540893555e-01
3.169177770614624023e-01
2.755322754383087158e-01
1.416174292564392090e+00
1.445238351821899414e+00
1.272163271903991699e+00
1.732262611389160156e+00
1.853276610374450684e+00
8.553406596183776855e-01
2.931685447692871094e-01
5.090392827987670898e-01
2.606567144393920898e-01
3.422249555587768555e-01
5.008330941200256348e-01
4.478614628314971924e-01
3.752186596393585205e-01
5.352364778518676758e-01
6.053386926651000977e-01
4.060229063034057617e-01
4.256433844566345215e-01
5.187815427780151367e-01
4.613487422466278076e-01
3.985803127288818359e-01
4.286302030086517334e-01
4.477260708808898926e-01
1.190294027328491211e+00
6.659461259841918945e-01
4.857475757598876953e-01
3.877359032630920410e-01
3.834756016731262207e-01
1.609410881996154785e+00
6.633896231651306152e-01
4.776364564895629883e-01
1.695621252059936523e+00
1.630555033683776855e+00
1.962803125381469727e+00
1.138862848281860352e+00
1.455344796180725098e+00
1.490842103958129883e+00
1.322442412376403809e+00
1.320547342300415039e+00
5.108335614204406738e-01
8.945851922035217285e-01
4.262770712375640869e-01
6.007842421531677246e-01
6.122319698333740234e-01
5.885063409805297852e-01
6.429948210716247559e-01
4.649194180965423584e-01
3.137439787387847900e-01
4.433684647083282471e-01
4.949145019054412842e-01
3.904469907283782959e-01
3.660300970077514648e-01
3.732484579086303711e-01
4.012034237384796143e-01
2.517482638359069824e-01
3.121204972267150879e-01
3.579294085502624512e-01
2.615340948104858398e-01
3.629426360130310059e-01
6.293290853500366211e-01
1.182035803794860840e+00
3.494562208652496338e-01
3.807102143764495850e-01
3.330053985118865967e-01
3.731785714626312256e-01
3.198539018630981445e-01
3.455952703952789307e-01
4.346058368682861328e-01
5.222162604331970215e-01
4.797152280807495117e-01
3.269064426422119141e-01
4.209650754928588867e-01
4.615452587604522705e-01
4.065234065055847168e-01
3.897247612476348877e-01
5.694699287414550781e-01
5.066132545471191406e-01
4.420506060123443604e-01
4.274883270263671875e-01
4.529199600219726562e-01
3.235635459423065186e-01
2.709729373455047607e-01
4.426297545433044434e-01
3.595049083232879639e-01
3.127388656139373779e-01
1.386223673820495605e+00
1.666072130203247070e+00
1.709696769714355469e+00
1.085317611694335938e+00
8.294444084167480469e-01
3.575223684310913086e-01
3.369905054569244385e-01
1.163947224617004395e+00
1.353529214859008789e+00
1.180616497993469238e+00
9.152168035507202148e-01
1.434441566467285156e+00
1.141404032707214355e+00
9.996197819709777832e-01
1.286982655525207520e+00
1.293681859970092773e+00
1.170673608779907227e+00
1.395069360733032227e+00
1.262027382850646973e+00
1.304261803627014160e+00
1.639331936836242676e+00
1.280905604362487793e+00
1.220155119895935059e+00
1.057603478431701660e+00
1.285227298736572266e+00
1.301686644554138184e+00
1.952953696250915527e+00
1.210466623306274414e+00
1.368342041969299316e+00
1.434352993965148926e+00
2.571678876876831055e+00
2.226861238479614258e+00
2.302623271942138672e+00
2.066850185394287109e+00
2.358528614044189453e+00
1.231448531150817871e+00
4.721273481845855713e-01
8.176562786102294922e-01
7.887543439865112305e-01
5.800051689147949219e-01
6.041501760482788086e-01
6.300203800201416016e-01
3.914754092693328857e-01
1.334789991378784180e+00
1.166710376739501953e+00
9.972836375236511230e-01
1.251900076866149902e+00
1.358126401901245117e+00
1.141162037849426270e+00
1.259206056594848633e+00
1.861276984214782715e+00
5.193415284156799316e-01
4.159915745258331299e-01
6.562657952308654785e-01
5.487465262413024902e-01
4.613204896450042725e-01
4.215431511402130127e-01
2.908880710601806641e-01
3.110490739345550537e-01
3.702846467494964600e-01
3.775356113910675049e-01
3.323020637035369873e-01
3.331660330295562744e-01
4.255729317665100098e-01
2.666753530502319336e-01
3.052620291709899902e-01
4.617533087730407715e-01
3.742494583129882812e-01
3.062158823013305664e-01
6.391681432723999023e-01
3.762884736061096191e-01
4.010660946369171143e-01
4.956748485565185547e-01
5.362578034400939941e-01
4.316474795341491699e-01
1.152464985847473145e+00
9.480219483375549316e-01
4.275565743446350098e-01
4.095664322376251221e-01
4.383645355701446533e-01
3.878285586833953857e-01
1.403891682624816895e+00
2.286846876144409180e+00
2.185426473617553711e+00
1.834263324737548828e+00
1.421741843223571777e+00
1.946973681449890137e+00
2.578175544738769531e+00
1.218545913696289062e+00
1.482550978660583496e+00
2.410638093948364258e+00
1.674330711364746094e+00
1.526389122009277344e+00
1.422248840332031250e+00
3.181700706481933594e+00
1.850701451301574707e+00
1.294165611267089844e+00
1.461661458015441895e+00
1.819208741188049316e+00
7.046613693237304688e-01
4.396018087863922119e-01
7.601716518402099609e-01
4.092111885547637939e-01
1.639234423637390137e-01
3.976933360099792480e-01
4.785346686840057373e-01
3.535123169422149658e-01
3.623198866844177246e-01
4.120648205280303955e-01
3.838700354099273682e-01
3.849069476127624512e-01
5.147317647933959961e-01
3.202557265758514404e-01
4.068953394889831543e-01
4.114229083061218262e-01
1.040198564529418945e+00
6.604647040367126465e-01
4.690432250499725342e-01
3.680255115032196045e-01
3.080762028694152832e-01
2.937134504318237305e-01
3.445775508880615234e-01
3.259347677230834961e-01
3.953947424888610840e-01
5.255512595176696777e-01
2.843272686004638672e-01
4.086013436317443848e-01
5.377801060676574707e-01
4.005952179431915283e-01
3.600903749465942383e-01
5.040759444236755371e-01
4.019870758056640625e-01
4.092276394367218018e-01
3.760966062545776367e-01
4.547840952873229980e-01
4.360620975494384766e-01
3.663631081581115723e-01
3.423263728618621826e-01
3.895830512046813965e-01
1.324912309646606445e+00
1.289254665374755859e+00
5.049440264701843262e-01
5.895032286643981934e-01
9.459968805313110352e-01
6.401546001434326172e-01
7.985335588455200195e-01
1.280865073204040527e+00
1.374930858612060547e+00
1.404607892036437988e+00
2.025037288665771484e+00
2.092800140380859375e+00
1.272233128547668457e+00
1.443562746047973633e+00
1.378511071205139160e+00
5.521529912948608398e-01
1.739669084548950195e+00
1.826307535171508789e+00
1.627180695533752441e+00
1.508115291595458984e+00
1.483170151710510254e+00
1.563163757324218750e+00
1.799867510795593262e+00
2.738103866577148438e+00
2.250612020492553711e+00
2.576424837112426758e+00
3.549921751022338867e+00
2.906646728515625000e+00
1.953418850898742676e+00
8.797065615653991699e-01
1.183198809623718262e+00
9.716801643371582031e-01
9.380239248275756836e-01
1.365445375442504883e+00
6.044371724128723145e-01
2.573582231998443604e-01
4.850061237812042236e-01
3.452616930007934570e-01
2.855362892150878906e-01
4.362525939941406250e-01
3.741801083087921143e-01
5.228223204612731934e-01
1.274206995964050293e+00
3.773007094860076904e-01
4.691539406776428223e-01
4.598296880722045898e-01
4.442718923091888428e-01
4.048722386360168457e-01
4.301604926586151123e-01
5.263250470161437988e-01
1.452794671058654785e+00
1.537208795547485352e+00
1.561684727668762207e+00
1.167963624000549316e+00
3.218353688716888428e-01
3.570665419101715088e-01
3.890000283718109131e-01
3.030111491680145264e-01
4.159995019435882568e-01
4.654352664947509766e-01
3.136475086212158203e-01
3.134169876575469971e-01
3.287025988101959229e-01
3.245993554592132568e-01
3.983722627162933350e-01
1.297006726264953613e+00
3.582473397254943848e-01
4.530701637268066406e-01
3.096599280834197998e-01
3.685389161109924316e-01
5.007889866828918457e-01
3.889405727386474609e-01
4.423079788684844971e-01
5.927057862281799316e-01
6.063599586486816406e-01
3.338838815689086914e-01
3.625167012214660645e-01
5.920937061309814453e-01
5.354582071304321289e-01
3.159633576869964600e-01
7.087637782096862793e-01
2.157632827758789062e+00
2.418524980545043945e+00
2.464411735534667969e+00
2.475592136383056641e+00
1.974557280540466309e+00
1.843465805053710938e+00
1.949427962303161621e+00
2.193596601486206055e+00
1.892217755317687988e+00
3.846099138259887695e+00
4.365419387817382812e+00
4.883156776428222656e+00
3.488384485244750977e+00
2.377280950546264648e+00
1.711768388748168945e+00
2.009887933731079102e+00
1.875775098800659180e+00
3.167366743087768555e+00
2.667145967483520508e+00
3.564614772796630859e+00
4.840591907501220703e+00
2.917820692062377930e+00
3.397490739822387695e+00
3.030355930328369141e+00
1.165607213973999023e+00
1.425856232643127441e+00
4.580577373504638672e+00
3.823655128479003906e+00
3.377750396728515625e+00
2.887413740158081055e+00
2.152729749679565430e+00
4.956298768520355225e-01
4.246429204940795898e-01
1.221619367599487305e+00
2.123280286788940430e+00
2.637697458267211914e+00
2.495086431503295898e+00
2.978554725646972656e+00
8.761249184608459473e-01
1.025404453277587891e+00
1.815854072570800781e+00
4.115785598754882812e+00
2.768365383148193359e+00
1.618429780006408691e+00
1.737856507301330566e+00
1.189372301101684570e+00
5.033333897590637207e-01
1.295391678810119629e+00
9.536340832710266113e-01
3.313235342502593994e-01
1.094272136688232422e+00
9.098888635635375977e-01
2.004614353179931641e+00
1.090382337570190430e+00
4.504264891147613525e-01
5.632361173629760742e-01
2.988486886024475098e-01
5.792311429977416992e-01
9.979036450386047363e-01
5.847032070159912109e-01
3.877888023853302002e-01
6.664279699325561523e-01
4.589237868785858154e-01
4.250378906726837158e-01
9.151375889778137207e-01
1.542645335197448730e+00
1.318024277687072754e+00
7.032132744789123535e-01
1.022501707077026367e+00
1.214082479476928711e+00
1.209393739700317383e+00
1.544872283935546875e+00
2.836914300918579102e+00
2.657829046249389648e+00
2.908082485198974609e+00
4.576757907867431641e+00
4.235680103302001953e+00
4.133233070373535156e+00
3.307736158370971680e+00
2.792744874954223633e+00
2.721208572387695312e+00
5.025098323822021484e+00
4.269554615020751953e+00
3.988091945648193359e+00
3.926842451095581055e+00
4.043248176574707031e+00
3.468969821929931641e+00
3.746386051177978516e+00
2.438924312591552734e+00
2.728301525115966797e+00
2.733808040618896484e+00
2.906210660934448242e+00
2.272073030471801758e+00
1.806483507156372070e+00
2.270549535751342773e+00
1.716286063194274902e+00
1.512854099273681641e+00
1.551346540451049805e+00
1.707194209098815918e+00
4.080717861652374268e-01
2.503955662250518799e-01
4.560671448707580566e-01
4.260981082916259766e-01
4.232929944992065430e-01
2.888756394386291504e-01
3.146753609180450439e-01
4.160567820072174072e-01
5.661810636520385742e-01
1.154069304466247559e+00
4.601999819278717041e-01
2.599155306816101074e-01
4.180333018302917480e-01
5.282582044601440430e-01
1.170118525624275208e-01
6.929053068161010742e-01
8.037853240966796875e-01
2.758559882640838623e-01
3.527837693691253662e-01
5.478743314743041992e-01
3.958779871463775635e-01
2.527591288089752197e-01
4.227944016456604004e-01
4.350251853466033936e-01
3.194403052330017090e-01
3.921724557876586914e-01
6.161403059959411621e-01
5.088507533073425293e-01
3.180802166461944580e-01
5.382477045059204102e-01
1.488062024116516113e+00
4.419499933719635010e-01
4.863198697566986084e-01
5.925542116165161133e-01
3.030064702033996582e-01
2.031791955232620239e-01
4.249115288257598877e-01
4.246815741062164307e-01
3.135438859462738037e-01
3.666490018367767334e-01
6.372135281562805176e-01
5.399098396301269531e-01
3.895394802093505859e-01
6.716399192810058594e-01
6.847522258758544922e-01
1.568642616271972656e+00
2.747681379318237305e+00
3.021233081817626953e+00
2.827793836593627930e+00
2.581005811691284180e+00
2.566108465194702148e+00
1.943743228912353516e+00
1.868619203567504883e+00
2.692175626754760742e+00
1.396760225296020508e+00
1.292472600936889648e+00
2.445911884307861328e+00
1.298521637916564941e+00
1.807734489440917969e+00
2.144489765167236328e+00
1.215635180473327637e+00
1.415584683418273926e+00
1.554726958274841309e+00
1.491383790969848633e+00
1.292886137962341309e+00
1.456866383552551270e+00
1.541839957237243652e+00
1.440718173980712891e+00
1.312852263450622559e+00
1.349154114723205566e+00
1.491674542427062988e+00
1.509616494178771973e+00
1.424015760421752930e+00
1.424884915351867676e+00
1.463073611259460449e+00
1.382358074188232422e+00
1.337523579597473145e+00
1.472455143928527832e+00
1.895948767662048340e+00
1.605386257171630859e+00
2.350245475769042969e+00
1.398475527763366699e+00
1.561085820198059082e+00
1.771267056465148926e+00
2.634395122528076172e+00
1.232091307640075684e+00
1.559246301651000977e+00
1.515345096588134766e+00
1.388350367546081543e+00
1.398894906044006348e+00
1.577599883079528809e+00
1.195951223373413086e+00
1.386794328689575195e+00
1.933514714241027832e+00
1.437219858169555664e+00
1.475553750991821289e+00
1.541146278381347656e+00
1.639211893081665039e+00
1.772260427474975586e+00
1.611037373542785645e+00
1.515671610832214355e+00
8.452346324920654297e-01
1.135262370109558105e+00
1.182442307472229004e+00
5.707639455795288086e-01
5.246993303298950195e-01
1.089251160621643066e+00
9.234816431999206543e-01
8.560302853584289551e-01
7.063130736351013184e-01
9.010903239250183105e-01
1.115209817886352539e+00
1.056950330734252930e+00
1.136294245719909668e+00
1.115644574165344238e+00
1.027218699455261230e+00
1.374052643775939941e+00
1.570342898368835449e+00
1.445550441741943359e+00
1.731501221656799316e+00
2.742352962493896484e+00
1.435786247253417969e+00
1.826048016548156738e+00
2.028344392776489258e+00
1.524463772773742676e+00
1.234334468841552734e+00
2.778702497482299805e+00
2.432444095611572266e+00
2.688143253326416016e+00
2.706093549728393555e+00
2.742332935333251953e+00
2.742896080017089844e+00
1.446762323379516602e+00
1.492051720619201660e+00
2.068567752838134766e+00
1.936813712120056152e+00
1.717369794845581055e+00
1.860254287719726562e+00
1.960013389587402344e+00
1.655372500419616699e+00
8.393645882606506348e-01
8.811842203140258789e-01
8.145461082458496094e-01
3.623273074626922607e-01
3.333973586559295654e-01
4.046647250652313232e-01
2.883074283599853516e-01
3.809051215648651123e-01
3.515366017818450928e-01
2.757296264171600342e-01
2.448620945215225220e-01
3.946198821067810059e-01
3.678495585918426514e-01
2.322423458099365234e-01
2.885247766971588135e-01
3.593516945838928223e-01
2.459645122289657593e-01
3.123351335525512695e-01
1.188785195350646973e+00
1.112198948860168457e+00
3.836729526519775391e-01
1.319499492645263672e+00
1.546225309371948242e+00
1.353740811347961426e+00
1.162587642669677734e+00
3.415668606758117676e-01
5.332013368606567383e-01
3.625871539115905762e-01
3.732936680316925049e-01
4.373876452445983887e-01
4.464561641216278076e-01
2.236543148756027222e-01
3.252514302730560303e-01
4.619059860706329346e-01
3.855628669261932373e-01
3.195688426494598389e-01
3.717129528522491455e-01
5.424293875694274902e-01
2.985400557518005371e-01
8.027461767196655273e-01
1.351524472236633301e+00
5.571689605712890625e-01
3.742941319942474365e-01
3.833210170269012451e-01
6.371877789497375488e-01
2.935736775398254395e-01
4.352348744869232178e-01
5.325782895088195801e-01
6.927202939987182617e-01
1.581979393959045410e+00
2.244720458984375000e+00
2.258460760116577148e+00
2.657679796218872070e+00
2.540915012359619141e+00
2.667795896530151367e+00
2.293152570724487305e+00
2.303238868713378906e+00
1.936851024627685547e+00
2.086157083511352539e+00
1.469911217689514160e+00
1.316726088523864746e+00
2.654912233352661133e+00
2.038437128067016602e+00
1.290839791297912598e+00
1.424120664596557617e+00
1.506313562393188477e+00
1.358354449272155762e+00
1.367544412612915039e+00
7.330929636955261230e-01
2.829424619674682617e+00
1.013503909111022949e+00
4.824172854423522949e-01
1.542368173599243164e+00
5.711455345153808594e-01
6.350037455558776855e-01
1.408476591110229492e+00
2.521141767501831055e+00
3.342858791351318359e+00
3.220132827758789062e+00
2.423689365386962891e+00
1.939857840538024902e+00
2.183068752288818359e+00
2.040991783142089844e+00
2.142149686813354492e+00
2.298351287841796875e+00
2.197076082229614258e+00
1.728648662567138672e+00
1.929028272628784180e+00
1.886787891387939453e+00
1.013998150825500488e+00
5.895224213600158691e-01
6.077902317047119141e-01
6.136923432350158691e-01
5.596314668655395508e-01
1.477816224098205566e+00
6.149926781654357910e-01
3.691753745079040527e-01
4.972824156284332275e-01
8.609859943389892578e-01
1.437867522239685059e+00
2.202018260955810547e+00
2.391092538833618164e+00
2.179229021072387695e+00
1.996062755584716797e+00
1.520606160163879395e+00
1.687186717987060547e+00
2.911770105361938477e+00
1.463666677474975586e+00
1.328626632690429688e+00
1.512713789939880371e+00
1.448261857032775879e+00
1.386330008506774902e+00
1.581361651420593262e+00
1.518144726753234863e+00
1.622518777847290039e+00
2.159233808517456055e+00
1.438616037368774414e+00
1.502874732017517090e+00
1.341420173645019531e+00
1.217898964881896973e+00
2.482033967971801758e+00
3.476015567779541016e+00
3.047976016998291016e+00
2.160017967224121094e+00
2.223669767379760742e+00
2.030523300170898438e+00
1.681670546531677246e+00
1.696570515632629395e+00
3.292185783386230469e+00
1.324076056480407715e+00
1.042148232460021973e+00
1.290326595306396484e+00
1.119183421134948730e+00
8.624433279037475586e-01
1.268242835998535156e+00
1.674013257026672363e+00
2.689142227172851562e+00
5.210689306259155273e-01
4.513077139854431152e-01
6.298797726631164551e-01
5.076441764831542969e-01
3.491346836090087891e-01
5.074638128280639648e-01
1.761242985725402832e+00
1.229215979576110840e+00
1.778943181037902832e+00
8.120394945144653320e-01
8.497224450111389160e-01
7.983000278472900391e-01
4.577794373035430908e-01
3.916028738021850586e-01
4.244787395000457764e-01
3.134575486183166504e-01
4.528190791606903076e-01
4.214798212051391602e-01
5.671765804290771484e-01
1.381824970245361328e+00
5.307083725929260254e-01
4.896797835826873779e-01
4.493887424468994141e-01
4.389746785163879395e-01
3.559090197086334229e-01
3.224904537200927734e-01
4.439158439636230469e-01
3.414232134819030762e-01
3.358184695243835449e-01
3.516925871372222900e-01
4.188123047351837158e-01
4.713582396507263184e-01
4.553262591361999512e-01
4.718897044658660889e-01
4.283733963966369629e-01
4.531967937946319580e-01
5.089614391326904297e-01
4.639567732810974121e-01
4.292809367179870605e-01
4.977763593196868896e-01
4.800427556037902832e-01
5.052693486213684082e-01
1.295841217041015625e+00
6.584541797637939453e-01
3.607183396816253662e-01
4.781251847743988037e-01
4.742746353149414062e-01
4.550647735595703125e-01
4.252141416072845459e-01
4.154502153396606445e-01
3.822503685951232910e-01
3.984594345092773438e-01
3.808272778987884521e-01
4.368298649787902832e-01
4.075093269348144531e-01
3.747474849224090576e-01
4.165537357330322266e-01
3.805824816226959229e-01
3.538384735584259033e-01
1.431503772735595703e+00
1.338977694511413574e+00
1.158175587654113770e+00
4.695878326892852783e-01
1.071168661117553711e+00
4.866268634796142578e-01
5.863401293754577637e-01
7.887480258941650391e-01
1.314584851264953613e+00
4.209170937538146973e-01
4.900171756744384766e-01
5.056262612342834473e-01
4.209894537925720215e-01
1.468375682830810547e+00
2.312257051467895508e+00
2.457935333251953125e+00
1.453766822814941406e+00
1.839744448661804199e+00
1.848121166229248047e+00
1.603126049041748047e+00
1.667152047157287598e+00
2.244456291198730469e+00
1.889243245124816895e+00
1.798791170120239258e+00
2.196706533432006836e+00
2.088682651519775391e+00
1.759814977645874023e+00
2.200973510742187500e+00
2.254837989807128906e+00
2.483556270599365234e+00
2.132752656936645508e+00
2.267503023147583008e+00
1.525658369064331055e+00
9.793666601181030273e-01
1.030773162841796875e+00
2.642740011215209961e+00
1.360752224922180176e+00
8.592676520347595215e-01
7.468315958976745605e-01
7.401345372200012207e-01
9.497089982032775879e-01
1.279652476310729980e+00
1.475775003433227539e+00
2.657776832580566406e+00
1.265736818313598633e+00
8.183053731918334961e-01
1.045719742774963379e+00
1.361392617225646973e+00
2.270185232162475586e+00
1.555342316627502441e+00
1.913681745529174805e+00
2.098348855972290039e+00
1.868723988533020020e+00
1.849721550941467285e+00
1.171435832977294922e+00
1.005378246307373047e+00
9.441793560981750488e-01
1.541620731353759766e+00
9.457345604896545410e-01
1.163699746131896973e+00
1.043440937995910645e+00
1.193204998970031738e+00
1.276859164237976074e+00
1.749348282814025879e+00
1.679948091506958008e+00
1.742370605468750000e+00
1.758479595184326172e+00
1.676752090454101562e+00
1.800078034400939941e+00
2.634429454803466797e+00
2.271183252334594727e+00
2.161579847335815430e+00
1.315912842750549316e+00
1.109634757041931152e+00
2.515999317169189453e+00
2.552486419677734375e+00
2.516078472137451172e+00
2.565891027450561523e+00
2.468157529830932617e+00
2.351001501083374023e+00
1.751376390457153320e+00
1.733328342437744141e+00
1.535739064216613770e+00
1.479284286499023438e+00
2.169102191925048828e+00
2.206592321395874023e+00
1.626943588256835938e+00
1.935530662536621094e+00
1.771738767623901367e+00
1.309758305549621582e+00
1.410357952117919922e+00
1.899077296257019043e+00
1.511267423629760742e+00
1.057505965232849121e+00
7.196942567825317383e-01
8.500744104385375977e-01
7.115085721015930176e-01
2.657966017723083496e-01
4.099657833576202393e-01
2.665695548057556152e-01
3.958374261856079102e-01
2.878105044364929199e-01
4.124792814254760742e-01
3.148318827152252197e-01
3.517213463783264160e-01
3.513453006744384766e-01
3.788619935512542725e-01
3.803637623786926270e-01
3.367216289043426514e-01
2.805808782577514648e-01
3.750393986701965332e-01
4.280724227428436279e-01
1.161290407180786133e+00
3.763964772224426270e-01
3.050372600555419922e-01
3.337153196334838867e-01
4.453765153884887695e-01
5.335400700569152832e-01
4.391783177852630615e-01
4.513416886329650879e-01
5.358400344848632812e-01
1.696087002754211426e+00
1.146599054336547852e+00
1.171427845954895020e+00
6.640408635139465332e-01
4.218111932277679443e-01
3.720553219318389893e-01
2.919063270092010498e-01
5.287247300148010254e-01
4.390870630741119385e-01
3.937559127807617188e-01
4.707056283950805664e-01
5.259437561035156250e-01
3.632033169269561768e-01
3.846207857131958008e-01
4.946519136428833008e-01
5.267232656478881836e-01
4.447729289531707764e-01
5.308254361152648926e-01
5.223870277404785156e-01
1.450292706489562988e+00
2.016195535659790039e+00
2.659758567810058594e+00
2.774220705032348633e+00
2.476395130157470703e+00
2.559439659118652344e+00
2.520958662033081055e+00
2.124208927154541016e+00
2.245229005813598633e+00
1.707594633102416992e+00
1.697845816612243652e+00
1.756104826927185059e+00
1.705332040786743164e+00
1.745743393898010254e+00
1.880957245826721191e+00
1.888109207153320312e+00
1.139842748641967773e+00
1.435926675796508789e+00
1.663895845413208008e+00
1.361327052116394043e+00
1.300009727478027344e+00
1.443387627601623535e+00
1.489946365356445312e+00
1.308640003204345703e+00
1.247535586357116699e+00
1.359025120735168457e+00
1.367735981941223145e+00
1.270362973213195801e+00
1.321705102920532227e+00
1.326557159423828125e+00
1.307622194290161133e+00
1.227882742881774902e+00
1.302614212036132812e+00
1.300754189491271973e+00
1.569049119949340820e+00
1.747430920600891113e+00
1.514197707176208496e+00
1.504294872283935547e+00
1.594854950904846191e+00
1.635553240776062012e+00
1.476438283920288086e+00
1.515393614768981934e+00
2.117602586746215820e+00
3.512588977813720703e+00
1.821892738342285156e+00
1.462224960327148438e+00
1.515983819961547852e+00
1.681190013885498047e+00
1.387349963188171387e+00
5.559687018394470215e-01
9.251660108566284180e-01
2.209115266799926758e+00
9.535320997238159180e-01
4.331481754779815674e-01
6.518983244895935059e-01
3.990191519260406494e-01
5.450733304023742676e-01
6.547692418098449707e-01
4.950698912143707275e-01
4.601180255413055420e-01
4.727618992328643799e-01
6.348502635955810547e-01
3.992408812046051025e-01
5.845056176185607910e-01
6.583700180053710938e-01
6.679127812385559082e-01
7.184194326400756836e-01
1.317676663398742676e+00
1.228461384773254395e+00
1.207570195198059082e+00
1.374478578567504883e+00
1.992071866989135742e+00
2.092291355133056641e+00
2.144372940063476562e+00
2.660501956939697266e+00
2.312429904937744141e+00
1.915809869766235352e+00
1.362576127052307129e+00
2.010265588760375977e+00
2.747178792953491211e+00
3.186640262603759766e+00
2.798545598983764648e+00
2.892327785491943359e+00
2.640377521514892578e+00
2.760717630386352539e+00
2.576992988586425781e+00
2.896842241287231445e+00
2.975159168243408203e+00
3.019646167755126953e+00
3.035077810287475586e+00
2.664475202560424805e+00
2.295509815216064453e+00
2.581966161727905273e+00
2.460205316543579102e+00
2.496107339859008789e+00
1.989497780799865723e+00
8.294773101806640625e-01
9.388273358345031738e-01
7.770823836326599121e-01
4.473541080951690674e-01
3.393885791301727295e-01
3.156782984733581543e-01
4.522426426410675049e-01
1.223797917366027832e+00
2.946442961692810059e-01
3.164446651935577393e-01
4.823131263256072998e-01
4.183767735958099365e-01
3.544184863567352295e-01
1.625540405511856079e-01
5.022164583206176758e-01
3.301931619644165039e-01
2.535649836063385010e-01
2.896400988101959229e-01
4.118946194648742676e-01
3.442417681217193604e-01
2.493709921836853027e-01
2.751134634017944336e-01
3.342829644680023193e-01
2.989662885665893555e-01
2.967290878295898438e-01
3.481240868568420410e-01
2.039247453212738037e-01
3.009238839149475098e-01
3.252278566360473633e-01
3.515577316284179688e-01
2.316313832998275757e-01
2.646897733211517334e-01
3.436179161071777344e-01
2.702531516551971436e-01
2.114259749650955200e-01
3.445761799812316895e-01
3.545330464839935303e-01
2.020293474197387695e-01
3.216755688190460205e-01
6.032840609550476074e-01
5.019845962524414062e-01
3.990709483623504639e-01
4.188131093978881836e-01
6.060389876365661621e-01
4.990122616291046143e-01
1.579443812370300293e+00
1.550675511360168457e+00
1.498490571975708008e+00
1.655522346496582031e+00
2.736978530883789062e+00
2.363701820373535156e+00
2.041502475738525391e+00
2.115143299102783203e+00
2.553939104080200195e+00
2.172397613525390625e+00
1.846234560012817383e+00
1.990973234176635742e+00
2.249248027801513672e+00
1.673294901847839355e+00
1.621681094169616699e+00
1.801199078559875488e+00
2.707715272903442383e+00
1.446266174316406250e+00
1.698635816574096680e+00
2.552569150924682617e+00
1.607394337654113770e+00
1.896581649780273438e+00
1.903247475624084473e+00
9.084904193878173828e-01
9.935643672943115234e-01
1.128992557525634766e+00
1.902630448341369629e+00
7.404884099960327148e-01
1.214253187179565430e+00
1.015816450119018555e+00
9.358012676239013672e-01
2.215934753417968750e+00
1.399564027786254883e+00
2.137142896652221680e+00
1.435861706733703613e+00
2.286478042602539062e+00
2.635005712509155273e+00
1.577266573905944824e+00
5.164577960968017578e-01
6.658595204353332520e-01
5.628768205642700195e-01
6.498036384582519531e-01
6.286514997482299805e-01
1.728018522262573242e+00
1.729762315750122070e+00
3.255858421325683594e-01
3.870728611946105957e-01
4.929195940494537354e-01
5.394307374954223633e-01
8.280341625213623047e-01
1.182032465934753418e+00
5.400477051734924316e-01
4.348963797092437744e-01
5.198546648025512695e-01
4.820519089698791504e-01
6.564982533454895020e-01
5.744056105613708496e-01
5.492774248123168945e-01
6.184551119804382324e-01
5.623491406440734863e-01
4.932298958301544189e-01
6.555624604225158691e-01
1.563176035881042480e+00
5.178570151329040527e-01
7.678773999214172363e-01
8.358454108238220215e-01
7.631056308746337891e-01
2.698008537292480469e+00
2.387839555740356445e+00
2.664771318435668945e+00
2.847250699996948242e+00
2.892362356185913086e+00
2.562450170516967773e+00
2.916355848312377930e+00
2.746661186218261719e+00
2.953578233718872070e+00
2.972103595733642578e+00
2.332041501998901367e+00
3.050481796264648438e+00
2.331608295440673828e+00
2.352713346481323242e+00
2.502583026885986328e+00
2.375896692276000977e+00
2.776802062988281250e+00
2.641806125640869141e+00
2.710519313812255859e+00
4.054392337799072266e+00
3.755282878875732422e+00
4.119593143463134766e+00
3.550848722457885742e+00
3.080023050308227539e+00
2.215387821197509766e+00
2.416098594665527344e+00
2.365983724594116211e+00
2.464483022689819336e+00
2.345169782638549805e+00
2.470131635665893555e+00
2.419375658035278320e+00
2.176767349243164062e+00
2.382277727127075195e+00
2.184199094772338867e+00
2.196818113327026367e+00
2.216104507446289062e+00
1.727361559867858887e+00
6.470558047294616699e-01
7.385705709457397461e-01
8.104913830757141113e-01
8.817330002784729004e-01
7.071493268013000488e-01
1.099147200584411621e+00
9.768255352973937988e-01
6.686876416206359863e-01
5.253601670265197754e-01
5.461458563804626465e-01
4.977429211139678955e-01
3.115262687206268311e-01
2.546778023242950439e-01
2.672452032566070557e-01
4.007662534713745117e-01
3.095006942749023438e-01
2.797594070434570312e-01
3.770682811737060547e-01
4.471438825130462646e-01
2.431613057851791382e-01
3.355906903743743896e-01
2.679877281188964844e-01
4.427363872528076172e-01
2.312799841165542603e-01
3.157457411289215088e-01
4.117734730243682861e-01
3.765513300895690918e-01
2.256875634193420410e-01
2.880313992500305176e-01
3.682261705398559570e-01
3.102711737155914307e-01
3.184812366962432861e-01
3.626477122306823730e-01
4.863508641719818115e-01
3.840585947036743164e-01
2.149834930896759033e-01
3.776074349880218506e-01
5.668202638626098633e-01
4.981145858764648438e-01
4.120722413063049316e-01
5.321103930473327637e-01
7.052668333053588867e-01
4.721111953258514404e-01
4.518737196922302246e-01
1.748459935188293457e+00
2.495076179504394531e+00
2.683117628097534180e+00
2.448006391525268555e+00
2.503385066986083984e+00
2.735009431838989258e+00
2.631199598312377930e+00
2.761956453323364258e+00
2.125656604766845703e+00
2.319727420806884766e+00
1.590127229690551758e+00
3.054890871047973633e+00
1.985541701316833496e+00
1.765301346778869629e+00
1.375271797180175781e+00
1.638064503669738770e+00
1.520752787590026855e+00
1.453980088233947754e+00
1.999393820762634277e+00
5.238845825195312500e+00
4.043340682983398438e+00
3.069874286651611328e+00
2.567150115966796875e+00
1.882543683052062988e+00
1.811340212821960449e+00
1.933971285820007324e+00
4.091133117675781250e+00
4.171396255493164062e+00
2.860789537429809570e+00
2.740767240524291992e+00
2.748262405395507812e+00
1.527613162994384766e+00
1.363833665847778320e+00
1.623906254768371582e+00
1.627850294113159180e+00
1.449755668640136719e+00
1.545107007026672363e+00
1.544493794441223145e+00
1.728355407714843750e+00
1.583148717880249023e+00
1.676122426986694336e+00
2.754247665405273438e+00
2.647742509841918945e+00
3.050812244415283203e+00
2.706608295440673828e+00
1.828626990318298340e+00
1.323785543441772461e+00
1.611049413681030273e+00
1.542143702507019043e+00
2.171237230300903320e+00
1.695240020751953125e+00
1.473829746246337891e+00
1.726208925247192383e+00
1.397656559944152832e+00
1.644455909729003906e+00
1.699210286140441895e+00
1.640334606170654297e+00
1.498923897743225098e+00
1.651294469833374023e+00
1.692201614379882812e+00
1.773336291313171387e+00
1.626288175582885742e+00
1.663714051246643066e+00
1.028444409370422363e+00
7.046149969100952148e-01
1.640040516853332520e+00
1.597032070159912109e+00
1.645149469375610352e+00
2.061314582824707031e+00
1.985352039337158203e+00
2.046052932739257812e+00
1.489310503005981445e+00
2.020884513854980469e+00
2.003835439682006836e+00
1.540163874626159668e+00
1.297492384910583496e+00
1.224881410598754883e+00
1.112259745597839355e+00
4.879449903964996338e-01
2.654695808887481689e-01
3.971717357635498047e-01
5.748088359832763672e-01
3.478560149669647217e-01
4.036291837692260742e-01
4.047480523586273193e-01
6.265922188758850098e-01
4.929563403129577637e-01
4.477192163467407227e-01
3.894092738628387451e-01
5.378461480140686035e-01
5.802302360534667969e-01
1.037357807159423828e+00
2.768950760364532471e-01
4.194550514221191406e-01
5.958359837532043457e-01
3.458636105060577393e-01
2.915003895759582520e-01
3.425700366497039795e-01
1.504306912422180176e+00
1.364878296852111816e+00
1.273012161254882812e+00
9.830683469772338867e-01
1.222326278686523438e+00
1.481512933969497681e-01
8.355244398117065430e-01
8.146302700042724609e-01
4.390390813350677490e-01
1.020219326019287109e+00
5.959870219230651855e-01
3.732180297374725342e-01
4.223717451095581055e-01
4.919736981391906738e-01
3.945883512496948242e-01
2.757255136966705322e-01
3.794885575771331787e-01
3.422611355781555176e-01
2.931290864944458008e-01
3.360224068164825439e-01
3.942279219627380371e-01
4.805734157562255859e-01
3.179955184459686279e-01
3.360415697097778320e-01
3.788589537143707275e-01
4.035965800285339355e-01
2.845339179039001465e-01
5.351181030273437500e-01
3.083316385746002197e-01
4.478211700916290283e-01
3.521083891391754150e-01
2.797758579254150391e-01
4.069611430168151855e-01
4.926013946533203125e-01
3.899286985397338867e-01
4.797993600368499756e-01
4.627504646778106689e-01
5.575137734413146973e-01
4.351145625114440918e-01
3.937545418739318848e-01
3.845448493957519531e-01
4.708900749683380127e-01
1.452521085739135742e+00
1.454140186309814453e+00
1.461225032806396484e+00
1.308220863342285156e+00
1.222144484519958496e+00
2.074334621429443359e-01
4.590123295783996582e-01
1.469771146774291992e+00
4.307640790939331055e-01
4.751479327678680420e-01
1.483711004257202148e+00
8.597621321678161621e-01
8.342605829238891602e-01
8.377863168716430664e-01
9.464157223701477051e-01
8.985527157783508301e-01
9.659054279327392578e-01
1.174671888351440430e+00
1.139758348464965820e+00
1.326037764549255371e+00
8.596976995468139648e-01
1.142849326133728027e+00
1.084243893623352051e+00
1.178652286529541016e+00
1.045683622360229492e+00
1.037740230560302734e+00
1.522473096847534180e+00
1.954080581665039062e+00
1.701229810714721680e+00
1.738011360168457031e+00
2.216525077819824219e+00
2.674798250198364258e+00
1.882007598876953125e+00
1.881318211555480957e+00
2.942268133163452148e+00
2.543419361114501953e+00
2.687728643417358398e+00
2.384604692459106445e+00
1.869010448455810547e+00
2.089657783508300781e+00
5.378593206405639648e-01
1.019779920578002930e+00
7.837281823158264160e-01
6.686586141586303711e-01
5.970540642738342285e-01
2.014585256576538086e+00
1.389524340629577637e+00
3.040100097656250000e+00
2.594769239425659180e+00
1.555071234703063965e+00
1.689896702766418457e+00
1.003948807716369629e+00
1.242140531539916992e+00
2.124307870864868164e+00
3.286180496215820312e+00
2.793541908264160156e+00
3.011870145797729492e+00
3.396290540695190430e+00
1.587540626525878906e+00
1.715793251991271973e+00
2.089712142944335938e+00
1.918818354606628418e+00
2.278123855590820312e+00
3.093800067901611328e+00
4.144087314605712891e+00
3.367338418960571289e+00
2.561558008193969727e+00
2.513729333877563477e+00
2.402973175048828125e+00
2.139526128768920898e+00
2.258780717849731445e+00
2.561269044876098633e+00
1.988650798797607422e+00
1.326053619384765625e+00
1.324233651161193848e+00
1.722670555114746094e+00
1.511905193328857422e+00
1.846749305725097656e+00
2.218041181564331055e+00
1.790882110595703125e+00
7.341287732124328613e-01
6.156759858131408691e-01
1.820124983787536621e+00
2.545768260955810547e+00
2.294190645217895508e+00
2.195431709289550781e+00
2.218830823898315430e+00
1.456375479698181152e+00
1.603145837783813477e+00
1.443632602691650391e+00
1.595938444137573242e+00
9.761471152305603027e-01
7.596730589866638184e-01
8.381467461585998535e-01
5.753616690635681152e-01
7.670353651046752930e-01
5.368728637695312500e-01
5.532099008560180664e-01
4.317119121551513672e-01
6.122124791145324707e-01
6.121872663497924805e-01
5.174453258514404297e-01
3.624991476535797119e-01
3.041908442974090576e-01
3.100477755069732666e-01
1.217852681875228882e-01
2.060676366090774536e-01
3.696473538875579834e-01
2.521536350250244141e-01
1.055440068244934082e+00
1.284837603569030762e+00
1.364932775497436523e+00
5.073714256286621094e-01
1.803723275661468506e-01
3.188959360122680664e-01
2.939557731151580811e-01
3.280170857906341553e-01
1.318282186985015869e-01
1.531727761030197144e-01
3.469068109989166260e-01
4.013273119926452637e-01
3.139238059520721436e-01
3.997887969017028809e-01
4.329105317592620850e-01
3.209056258201599121e-01
4.048519432544708252e-01
3.520796000957489014e-01
4.322839379310607910e-01
4.135838747024536133e-01
3.540402352809906006e-01
4.042749702930450439e-01
5.002204775810241699e-01
3.914918601512908936e-01
3.857582807540893555e-01
3.949257731437683105e-01
3.769109547138214111e-01
4.329820573329925537e-01
4.942640662193298340e-01
3.564654290676116943e-01
3.318338990211486816e-01
4.548076689243316650e-01
3.841663300991058350e-01
2.549160122871398926e-01
3.209886848926544189e-01
5.005452632904052734e-01
3.919422030448913574e-01
5.222190022468566895e-01
5.478690862655639648e-01
1.715600490570068359e+00
1.912104368209838867e+00
2.488553047180175781e+00
2.588142156600952148e+00
2.333994865417480469e+00
2.543347358703613281e+00
2.473315954208374023e+00
2.373346567153930664e+00
2.191617250442504883e+00
2.431395769119262695e+00
2.127871036529541016e+00
1.805715680122375488e+00
2.748156547546386719e+00
2.742152929306030273e+00
1.225491762161254883e+00
1.672047495841979980e+00
1.763272762298583984e+00
1.447443366050720215e+00
1.366336703300476074e+00
1.440211653709411621e+00
3.016716241836547852e+00
2.247928619384765625e+00
1.206823229789733887e+00
1.360039114952087402e+00
1.753695726394653320e+00
1.374646067619323730e+00
1.446484327316284180e+00
1.573967814445495605e+00
1.334843397140502930e+00
1.418746948242187500e+00
1.321984171867370605e+00
1.338923692703247070e+00
1.398645758628845215e+00
1.437047123908996582e+00
1.773725748062133789e+00
1.834684014320373535e+00
1.089598655700683594e+00
7.993959188461303711e-01
1.132572650909423828e+00
6.449795365333557129e-01
9.472886919975280762e-01
9.991406202316284180e-01
1.149045944213867188e+00
1.195901513099670410e+00
1.181834578514099121e+00
8.945953249931335449e-01
1.131499528884887695e+00
1.445208668708801270e+00
1.663553953170776367e+00
1.650747299194335938e+00
1.945262193679809570e+00
2.356067419052124023e+00
1.604746341705322266e+00
1.748795986175537109e+00
2.045326232910156250e+00
8.761323690414428711e-01
1.121587872505187988e+00
1.253379106521606445e+00
1.236847162246704102e+00
1.551751136779785156e+00
1.887452483177185059e+00
2.986636638641357422e+00
2.764265537261962891e+00
3.033217906951904297e+00
2.929601430892944336e+00
1.939052581787109375e+00
1.462046265602111816e+00
2.078578710556030273e+00
2.654201984405517578e+00
2.627566576004028320e+00
2.193009376525878906e+00
2.527509450912475586e+00
2.526101112365722656e+00
3.317313194274902344e+00
2.647841930389404297e+00
2.936599016189575195e+00
2.480176687240600586e+00
2.833407640457153320e+00
1.847430706024169922e+00
2.403834819793701172e+00
3.427185535430908203e+00
1.649631738662719727e+00
1.834005594253540039e+00
1.163956761360168457e+00
1.166109561920166016e+00
1.052737236022949219e+00
1.173337578773498535e+00
2.288769483566284180e+00
2.263077020645141602e+00
6.983264088630676270e-01
6.031129956245422363e-01
3.567970991134643555e-01
3.060404658317565918e-01
5.540105700492858887e-01
4.141153693199157715e-01
2.497108727693557739e-01
3.169670999050140381e-01
3.661879599094390869e-01
1.973052769899368286e-01
8.497885465621948242e-01
9.236466884613037109e-01
8.735492229461669922e-01
7.180019617080688477e-01
6.080319881439208984e-01
6.353493928909301758e-01
7.233455181121826172e-01
8.096433281898498535e-01
7.897210717201232910e-01
8.019790053367614746e-01
1.012449502944946289e+00
1.500975012779235840e+00
1.483414649963378906e+00
6.999644041061401367e-01
2.539794147014617920e-01
3.519236445426940918e-01
4.074882268905639648e-01
3.462273478507995605e-01
2.748135924339294434e-01
3.382138013839721680e-01
4.206981062889099121e-01
3.717378973960876465e-01
2.494304776191711426e-01
3.566778600215911865e-01
3.461401760578155518e-01
4.726848900318145752e-01
2.730045318603515625e-01
2.476471960544586182e-01
5.179096460342407227e-01
4.076477587223052979e-01
4.369419515132904053e-01
4.256943464279174805e-01
4.734915494918823242e-01
3.410633206367492676e-01
5.082337260246276855e-01
4.453899264335632324e-01
7.938550114631652832e-01
5.000919103622436523e-01
6.795715093612670898e-01
6.018400788307189941e-01
4.996026754379272461e-01
4.082820117473602295e-01
4.302660226821899414e-01
4.947513937950134277e-01
5.290775299072265625e-01
1.629245996475219727e+00
1.966369986534118652e+00
2.408418416976928711e+00
1.967628955841064453e+00
2.490837097167968750e+00
1.687738418579101562e+00
2.008142948150634766e+00
1.697428107261657715e+00
1.608177185058593750e+00
1.572469592094421387e+00
1.622859001159667969e+00
1.610772609710693359e+00
1.744516491889953613e+00
8.842357993125915527e-01
8.211778998374938965e-01
1.223575353622436523e+00
9.892221093177795410e-01
1.111674547195434570e+00
8.019019961357116699e-01
3.398441374301910400e-01
2.343597561120986938e-01
4.235859811305999756e-01
3.911119699478149414e-01
5.709996819496154785e-01
6.806977987289428711e-01
7.314990758895874023e-01
5.772214531898498535e-01
1.415808916091918945e+00
1.619570612907409668e+00
1.673149585723876953e+00
9.574328064918518066e-01
9.179547429084777832e-01
1.252853631973266602e+00
1.844433426856994629e+00
9.824368357658386230e-01
6.264984607696533203e-01
1.506153821945190430e+00
1.911028504371643066e+00
1.965477466583251953e+00
1.951652884483337402e+00
2.532017707824707031e+00
2.342072486877441406e+00
2.251013040542602539e+00
2.440249681472778320e+00
2.015414237976074219e+00
1.633771061897277832e+00
1.474616885185241699e+00
2.495595693588256836e+00
2.515127897262573242e+00
2.589780807495117188e+00
2.865356922149658203e+00
2.679591178894042969e+00
1.233372688293457031e+00
1.208876013755798340e+00
1.613981485366821289e+00
2.496830701828002930e+00
2.184956312179565430e+00
2.846017122268676758e+00
3.288592338562011719e+00
3.996793031692504883e+00
2.751173973083496094e+00
2.942883491516113281e+00
3.585289001464843750e+00
3.265281915664672852e+00
2.536340951919555664e+00
1.869632601737976074e+00
2.151939153671264648e+00
1.392075061798095703e+00
1.839127659797668457e+00
1.923049330711364746e+00
1.840960860252380371e+00
1.841627240180969238e+00
1.714104175567626953e+00
2.644001483917236328e+00
2.480086326599121094e+00
2.640607357025146484e+00
2.152896881103515625e+00
1.751082777976989746e+00
1.989067792892456055e+00
1.889661431312561035e+00
1.773716092109680176e+00
1.846007585525512695e+00
1.860217928886413574e+00
1.802002787590026855e+00
1.683570861816406250e+00
1.917066931724548340e+00
2.003714084625244141e+00
1.681534290313720703e+00
1.756217718124389648e+00
1.869076132774353027e+00
1.729427695274353027e+00
1.670394659042358398e+00
1.697206616401672363e+00
1.784489274024963379e+00
1.600615620613098145e+00
1.815245270729064941e+00
1.935037612915039062e+00
1.687713503837585449e+00
1.704329609870910645e+00
1.922911763191223145e+00
1.765158295631408691e+00
1.833311915397644043e+00
1.903134822845458984e+00
2.037219047546386719e+00
1.842024087905883789e+00
2.968440532684326172e+00
1.658832669258117676e+00
1.757450580596923828e+00
1.682907462120056152e+00
1.937685608863830566e+00
1.858614683151245117e+00
1.686615228652954102e+00
1.592481255531311035e+00
1.717803478240966797e+00
1.575476765632629395e+00
1.668887615203857422e+00
1.750612735748291016e+00
1.782778620719909668e+00
7.530470490455627441e-01
4.744212925434112549e-01
7.465459704399108887e-01
5.594001412391662598e-01
6.856433153152465820e-01
1.481163263320922852e+00
1.359585762023925781e+00
4.327233135700225830e-01
3.656781315803527832e-01
5.008456707000732422e-01
4.234141409397125244e-01
3.244181871414184570e-01
8.292681574821472168e-01
4.343136250972747803e-01
2.725898325443267822e-01
4.084768891334533691e-01
3.874009549617767334e-01
4.107409417629241943e-01
4.023782014846801758e-01
4.822108745574951172e-01
4.701733291149139404e-01
3.900202214717864990e-01
4.553317427635192871e-01
3.770978748798370361e-01
3.536151051521301270e-01
3.417899608612060547e-01
3.518896400928497314e-01
2.782154083251953125e-01
4.190992712974548340e-01
3.382960259914398193e-01
2.977882027626037598e-01
3.587585389614105225e-01
4.025654196739196777e-01
3.272784054279327393e-01
2.890647649765014648e-01
3.580434322357177734e-01
3.904549479484558105e-01
1.387361168861389160e+00
9.155533909797668457e-01
3.520401418209075928e-01
5.288927555084228516e-01
1.408324122428894043e+00
1.120106339454650879e+00
1.400626659393310547e+00
1.665997266769409180e+00
1.839650392532348633e+00
1.333725333213806152e+00
1.299839258193969727e+00
1.470961809158325195e+00
1.126176238059997559e+00
3.890143036842346191e-01
6.185452342033386230e-01
5.953576564788818359e-01
6.289519667625427246e-01
5.970740914344787598e-01
6.416221261024475098e-01
2.432781219482421875e+00
1.832583546638488770e+00
1.573407292366027832e+00
1.789168119430541992e+00
1.481652498245239258e+00
1.317417621612548828e+00
5.192176699638366699e-01
1.087515830993652344e+00
9.118848443031311035e-01
1.084566235542297363e+00
1.122903823852539062e+00
1.988300323486328125e+00
1.691716790199279785e+00
1.753841280937194824e+00
2.034549713134765625e+00
1.781984806060791016e+00
1.859702348709106445e+00
1.467760324478149414e+00
9.231319427490234375e-01
1.952692508697509766e+00
4.003955841064453125e+00
3.915163993835449219e+00
3.468302965164184570e+00
3.505168676376342773e+00
3.576789617538452148e+00
3.712562561035156250e+00
3.642086982727050781e+00
2.390144824981689453e+00
2.083659410476684570e+00
2.534640312194824219e+00
2.370752573013305664e+00
2.281251192092895508e+00
2.447018861770629883e+00
2.489334821701049805e+00
2.318574666976928711e+00
2.290163993835449219e+00
2.808573961257934570e+00
2.867162466049194336e+00
2.561910390853881836e+00
2.548381805419921875e+00
2.582525968551635742e+00
2.502765178680419922e+00
1.958472371101379395e+00
1.957941174507141113e+00
2.036926507949829102e+00
2.257723569869995117e+00
1.355143070220947266e+00
1.052858591079711914e+00
1.124289631843566895e+00
1.925320744514465332e+00
2.047434091567993164e+00
2.988015413284301758e+00
3.241831541061401367e+00
2.126038074493408203e+00
2.755108356475830078e+00
2.898315191268920898e+00
3.002171039581298828e+00
2.446575641632080078e+00
1.913674950599670410e+00
3.209517478942871094e+00
2.859025478363037109e+00
1.462371826171875000e+00
1.372595548629760742e+00
1.347921967506408691e+00
9.353539347648620605e-01
7.656165957450866699e-01
9.441733360290527344e-01
5.591803193092346191e-01
4.244340360164642334e-01
4.429181218147277832e-01
3.295265436172485352e-01
3.507099449634552002e-01
1.848730146884918213e-01
3.743930757045745850e-01
2.817175686359405518e-01
3.387310206890106201e-01
2.786457538604736328e-01
2.455018311738967896e-01
2.846929132938385010e-01
2.030394077301025391e-01
1.014787256717681885e-01
2.674137651920318604e-01
3.022762835025787354e-01
2.752469480037689209e-01
5.013226270675659180e-01
3.871186375617980957e-01
3.918769657611846924e-01
3.513477444648742676e-01
3.006522655487060547e-01
4.426086544990539551e-01
4.368364214897155762e-01
1.868725568056106567e-01
2.938855886459350586e-01
5.136888027191162109e-01
4.780443012714385986e-01
3.196754753589630127e-01
1.366648435592651367e+00
1.360835909843444824e+00
1.226011991500854492e+00
3.338416814804077148e-01
2.246695607900619507e-01
3.464449644088745117e-01
3.525266647338867188e-01
3.513384461402893066e-01
2.052886486053466797e-01
5.395008921623229980e-01
3.613210916519165039e-01
4.209042191505432129e-01
4.089971184730529785e-01
5.364128947257995605e-01
4.002594351768493652e-01
4.596051871776580811e-01
4.953289330005645752e-01
6.270560026168823242e-01
2.216743707656860352e+00
1.937431573867797852e+00
1.908667206764221191e+00
1.994540929794311523e+00
2.458683490753173828e+00
2.275458097457885742e+00
3.268056392669677734e+00
2.897703170776367188e+00
1.673946738243103027e+00
2.544546842575073242e+00
1.749385237693786621e+00
1.546733498573303223e+00
1.699794650077819824e+00
2.242915868759155273e+00
1.378626227378845215e+00
1.476181149482727051e+00
1.504230499267578125e+00
1.343757390975952148e+00
1.426813960075378418e+00
1.418519496917724609e+00
1.241568684577941895e+00
1.328342676162719727e+00
1.373265981674194336e+00
1.123925685882568359e+00
1.114394664764404297e+00
1.282068610191345215e+00
1.573289752006530762e+00
1.335030913352966309e+00
1.124653339385986328e+00
1.166593313217163086e+00
1.436152815818786621e+00
2.559851884841918945e+00
3.482603311538696289e+00
3.257458448410034180e+00
3.303650617599487305e+00
2.351521730422973633e+00
2.017014265060424805e+00
1.760318756103515625e+00
3.433300733566284180e+00
2.690762758255004883e+00
2.851439476013183594e+00
3.055449485778808594e+00
2.459944963455200195e+00
9.004804491996765137e-01
5.884377956390380859e-01
4.055930972099304199e-01
2.805233299732208252e-01
3.214837014675140381e-01
5.927781462669372559e-01
5.943588614463806152e-01
4.074950814247131348e-01
1.838720142841339111e-01
3.201219737529754639e-01
3.643391728401184082e-01
4.573512971401214600e-01
5.317318439483642578e-01
4.801748692989349365e-01
6.527828574180603027e-01
5.429345369338989258e-01
7.441676259040832520e-01
7.915942668914794922e-01
7.604879736900329590e-01
1.268379330635070801e+00
8.504576086997985840e-01
8.234087824821472168e-01
8.982999920845031738e-01
9.114359021186828613e-01
1.147686958312988281e+00
1.042022705078125000e+00
1.125585317611694336e+00
1.208659768104553223e+00
1.765154719352722168e+00
1.913378953933715820e+00
1.627072930335998535e+00
1.612931966781616211e+00
1.450622677803039551e+00
1.543272972106933594e+00
2.409787416458129883e+00
1.021688461303710938e+00
2.372071266174316406e+00
2.308023929595947266e+00
2.807907819747924805e+00
2.526125669479370117e+00
3.870255470275878906e+00
3.169932365417480469e+00
1.445762634277343750e+00
1.520384430885314941e+00
1.631372690200805664e+00
1.179537415504455566e+00
1.583364129066467285e+00
1.670242547988891602e+00
2.668673753738403320e+00
1.643213510513305664e+00
1.028284668922424316e+00
1.250270485877990723e+00
1.294441938400268555e+00
5.799473524093627930e-01
7.272955179214477539e-01
1.001525521278381348e+00
7.751623392105102539e-01
4.549830853939056396e-01
3.477707803249359131e-01
1.979425549507141113e-01
4.630199074745178223e-01
4.025593996047973633e-01
2.925499081611633301e-01
2.321036458015441895e-01
4.174741506576538086e-01
2.708668410778045654e-01
2.734984755516052246e-01
1.739987283945083618e-01
1.488409191370010376e-01
3.215341269969940186e-01
2.390725910663604736e-01
1.982319951057434082e-01
2.992033660411834717e-01
2.874969244003295898e-01
9.804446697235107422e-01
1.505701780319213867e+00
1.206924915313720703e+00
1.037679910659790039e+00
3.471214473247528076e-01
1.790385693311691284e-01
2.158830910921096802e-01
2.320636361837387085e-01
1.461399644613265991e-01
2.804490327835083008e-01
2.820971906185150146e-01
2.609746456146240234e-01
3.703624904155731201e-01
4.025103151798248291e-01
3.773072957992553711e-01
3.020221889019012451e-01
2.751060426235198975e-01
4.949147701263427734e-01
4.196864068508148193e-01
3.566702008247375488e-01
3.635114133358001709e-01
5.218796730041503906e-01
5.039164423942565918e-01
5.542525649070739746e-01
4.053272306919097900e-01
5.511084198951721191e-01
1.834632754325866699e+00
2.102851390838623047e+00
2.579492807388305664e+00
2.564279317855834961e+00
2.806037664413452148e+00
2.708785295486450195e+00
2.208393335342407227e+00
2.249791145324707031e+00
2.028166294097900391e+00
2.580307483673095703e+00
1.563102364540100098e+00
1.294064283370971680e+00
1.376703143119812012e+00
1.591766119003295898e+00
1.577496886253356934e+00
1.581424117088317871e+00
1.486553907394409180e+00
1.561280965805053711e+00
2.061829328536987305e+00
1.634722709655761719e+00
1.293157815933227539e+00
1.425353050231933594e+00
1.597412228584289551e+00
1.575441360473632812e+00
1.527067542076110840e+00
1.307475805282592773e+00
1.480388879776000977e+00
1.426489472389221191e+00
1.409291148185729980e+00
1.036939859390258789e+00
3.455637395381927490e-01
7.145653367042541504e-01
2.742793858051300049e-01
4.056679308414459229e-01
3.967068493366241455e-01
3.336070477962493896e-01
3.184228539466857910e-01
6.358866095542907715e-01
5.278130769729614258e-01
5.075230002403259277e-01
3.828232586383819580e-01
5.085056424140930176e-01
4.715887606143951416e-01
2.811756730079650879e-01
2.978874146938323975e-01
3.218498826026916504e-01
4.015531837940216064e-01
3.084152638912200928e-01
2.967255115509033203e-01
3.503541648387908936e-01
4.091964066028594971e-01
3.509404361248016357e-01
2.302343100309371948e-01
4.006511270999908447e-01
3.549781739711761475e-01
4.047414958477020264e-01
2.688210010528564453e-01
3.672048747539520264e-01
3.618594110012054443e-01
3.074904382228851318e-01
3.601580858230590820e-01
1.460514903068542480e+00
7.081769108772277832e-01
9.933242797851562500e-01
1.254371523857116699e+00
1.171720147132873535e+00
9.450284838676452637e-01
2.300805330276489258e+00
2.275931119918823242e+00
2.379931449890136719e+00
2.620968818664550781e+00
2.038820028305053711e+00
2.055657625198364258e+00
2.562281847000122070e+00
2.065859794616699219e+00
1.907592177391052246e+00
2.056139945983886719e+00
2.034116029739379883e+00
1.800433874130249023e+00
2.665663003921508789e+00
2.109673738479614258e+00
1.694436311721801758e+00
1.621595621109008789e+00
1.866850733757019043e+00
2.657218933105468750e+00
2.630803823471069336e+00
2.968017816543579102e+00
2.465408325195312500e+00
2.386762142181396484e+00
2.520440101623535156e+00
2.610972881317138672e+00
2.275328874588012695e+00
1.360588669776916504e+00
8.632141351699829102e-01
9.436147212982177734e-01
7.884572148323059082e-01
7.004604935646057129e-01
6.351558566093444824e-01
5.195052027702331543e-01
8.304851651191711426e-01
5.777043700218200684e-01
3.417548835277557373e-01
3.035113811492919922e-01
5.378017425537109375e-01
4.229991436004638672e-01
3.892900347709655762e-01
3.803100287914276123e-01
4.317220449447631836e-01
4.432393610477447510e-01
3.609954714775085449e-01
3.559704124927520752e-01
3.540158271789550781e-01
2.711573839187622070e-01
2.952944636344909668e-01
2.246720343828201294e-01
2.855590581893920898e-01
4.137327075004577637e-01
3.015691041946411133e-01
1.897100210189819336e-01
3.352181911468505859e-01
3.699118494987487793e-01
3.849971294403076172e-01
3.032482266426086426e-01
3.061175048351287842e-01
3.767574429512023926e-01
3.928034305572509766e-01
3.582476377487182617e-01
3.801107704639434814e-01
4.170311987400054932e-01
4.404435753822326660e-01
4.787506759166717529e-01
4.226186871528625488e-01
4.716611206531524658e-01
1.494522213935852051e+00
1.723471522331237793e+00
1.370424389839172363e+00
1.173921942710876465e+00
4.427235126495361328e-01
4.336004257202148438e-01
5.675024986267089844e-01
3.476814329624176025e-01
5.295768976211547852e-01
5.499895215034484863e-01
5.769116878509521484e-01
6.890500783920288086e-01
2.273568391799926758e+00
2.487208127975463867e+00
2.343881130218505859e+00
2.176227807998657227e+00
2.393915414810180664e+00
2.821534872055053711e+00
3.037377357482910156e+00
2.211703777313232422e+00
1.471171259880065918e+00
1.558735966682434082e+00
1.460988998413085938e+00
1.426011443138122559e+00
1.558545112609863281e+00
1.650469422340393066e+00
1.396244883537292480e+00
1.332972168922424316e+00
1.511193394660949707e+00
1.276374459266662598e+00
1.340270042419433594e+00
1.205129861831665039e+00
1.439342737197875977e+00
1.373078465461730957e+00
1.605958342552185059e+00
1.442152261734008789e+00
1.356962323188781738e+00
1.419453859329223633e+00
1.497808575630187988e+00
1.282679080963134766e+00
1.317689299583435059e+00
1.321100115776062012e+00
1.447524785995483398e+00
1.365410566329956055e+00
1.375681877136230469e+00
1.450835347175598145e+00
1.290151715278625488e+00
1.345309376716613770e+00
1.957994103431701660e+00
1.318467140197753906e+00
1.317229866981506348e+00
9.926335811614990234e-01
3.681677877902984619e-01
3.339461088180541992e-01
3.625838458538055420e-01
2.004500031471252441e-01
2.904651165008544922e-01
4.197680950164794922e-01
3.389790952205657959e-01
2.431585639715194702e-01
3.288128077983856201e-01
3.271473646163940430e-01
2.576032578945159912e-01
1.739249974489212036e-01
2.827522754669189453e-01
4.248219132423400879e-01
1.185282707214355469e+00
8.544446229934692383e-01
9.065577387809753418e-01
8.982440829277038574e-01
1.067875623703002930e+00
8.715348839759826660e-01
8.212823271751403809e-01
8.556511998176574707e-01
9.275243282318115234e-01
1.321470499038696289e+00
1.256599664688110352e+00
1.143077373504638672e+00
1.240960240364074707e+00
1.396251201629638672e+00
1.561498880386352539e+00
1.791621804237365723e+00
2.072358369827270508e+00
2.028863191604614258e+00
1.980238795280456543e+00
1.795069217681884766e+00
1.361903190612792969e+00
1.399775266647338867e+00
2.933965444564819336e+00
2.311581611633300781e+00
2.826536655426025391e+00
4.307850837707519531e+00
3.029675483703613281e+00
2.340999603271484375e+00
2.655532360076904297e+00
1.892696619033813477e+00
1.116852283477783203e+00
1.087866425514221191e+00
1.995598077774047852e+00
2.518533945083618164e+00
1.656939983367919922e+00
1.336643457412719727e+00
1.554201245307922363e+00
1.068064212799072266e+00
1.281571984291076660e+00
1.259712100028991699e+00
9.197698235511779785e-01
7.374009490013122559e-01
9.803295731544494629e-01
8.219711184501647949e-01
7.608508467674255371e-01
5.736148357391357422e-01
6.495366692543029785e-01
6.278221011161804199e-01
5.387427210807800293e-01
3.946963548660278320e-01
3.860449790954589844e-01
5.307177305221557617e-01
5.296840667724609375e-01
4.124406278133392334e-01
5.091234445571899414e-01
3.643073737621307373e-01
5.080286860466003418e-01
4.274716079235076904e-01
4.755990803241729736e-01
3.965519964694976807e-01
4.233842492103576660e-01
4.726295173168182373e-01
4.340598285198211670e-01
4.168494939804077148e-01
4.224057197570800781e-01
5.225158929824829102e-01
4.883849322795867920e-01
1.522570610046386719e+00
1.284492254257202148e+00
1.521481394767761230e+00
1.315204620361328125e+00
2.999749481678009033e-01
3.767388164997100830e-01
6.446878910064697266e-01
5.287850499153137207e-01
6.307916641235351562e-01
6.954675316810607910e-01
5.888289213180541992e-01
4.818940162658691406e-01
5.309084653854370117e-01
4.796847999095916748e-01
5.051978230476379395e-01
5.292680263519287109e-01
6.072537899017333984e-01
5.236270427703857422e-01
4.090294837951660156e-01
4.361914694309234619e-01
6.059458255767822266e-01
5.699520707130432129e-01
6.342844963073730469e-01
2.291047573089599609e+00
2.812443017959594727e+00
2.628490447998046875e+00
2.509101629257202148e+00
2.558981895446777344e+00
2.672807693481445312e+00
2.593617200851440430e+00
2.219969272613525391e+00
2.050499200820922852e+00
1.247366786003112793e+00
1.604800820350646973e+00
1.564455866813659668e+00
1.467581391334533691e+00
1.338716149330139160e+00
1.357824087142944336e+00
1.356945872306823730e+00
1.307680368423461914e+00
1.279268383979797363e+00
1.389239788055419922e+00
1.460458159446716309e+00
1.304652333259582520e+00
1.226234555244445801e+00
1.156491994857788086e+00
1.293985843658447266e+00
1.315909862518310547e+00
1.237963199615478516e+00
1.225433468818664551e+00
1.263073086738586426e+00
1.292094588279724121e+00
1.295101761817932129e+00
1.267972350120544434e+00
1.311879277229309082e+00
1.348441720008850098e+00
1.314407467842102051e+00
1.314738869667053223e+00
1.284176111221313477e+00
2.549533367156982422e+00
1.258574604988098145e+00
1.135487675666809082e+00
8.357667922973632812e-01
8.590239882469177246e-01
1.413582444190979004e+00
4.010946154594421387e-01
4.265868067741394043e-01
3.781786561012268066e-01
1.063550114631652832e+00
3.598604202270507812e-01
3.364516198635101318e-01
3.589783608913421631e-01
3.883230090141296387e-01
2.614631056785583496e-01
2.661910057067871094e-01
3.966207802295684814e-01
2.981393337249755859e-01
3.238995969295501709e-01
3.876684606075286865e-01
4.602723419666290283e-01
3.545623719692230225e-01
4.412433803081512451e-01
6.745823621749877930e-01
7.188697457313537598e-01
6.162036657333374023e-01
6.026538610458374023e-01
6.666828989982604980e-01
5.922206044197082520e-01
7.511154413223266602e-01
5.988329648971557617e-01
7.418611049652099609e-01
9.852589368820190430e-01
2.844946146011352539e+00
3.993409156799316406e+00
3.158747673034667969e+00
3.126111507415771484e+00
3.278096437454223633e+00
2.437111854553222656e+00
2.296556711196899414e+00
3.063965320587158203e+00
3.084100008010864258e+00
2.524721860885620117e+00
3.431614875793457031e+00
2.988763093948364258e+00
1.496881961822509766e+00
1.866069912910461426e+00
1.931990981101989746e+00
1.946470499038696289e+00
2.757214069366455078e+00
1.312183737754821777e+00
2.660959482192993164e+00
2.547260999679565430e+00
1.041546106338500977e+00
1.220874071121215820e+00
1.710534930229187012e+00
8.135851025581359863e-01
7.662034630775451660e-01
1.210376143455505371e+00
7.264770865440368652e-01
6.942763328552246094e-01
1.072043061256408691e+00
5.643339157104492188e-01
2.172867357730865479e-01
2.930600047111511230e-01
4.720517098903656006e-01
3.802086114883422852e-01
3.461695015430450439e-01
4.285726547241210938e-01
4.309268891811370850e-01
3.230964839458465576e-01
3.055377602577209473e-01
3.353905975818634033e-01
3.559605479240417480e-01
2.778500318527221680e-01
3.182161748409271240e-01
3.244431316852569580e-01
2.878702580928802490e-01
2.337720841169357300e-01
3.717540800571441650e-01
2.137210071086883545e-01
1.447720289230346680e+00
1.175680279731750488e+00
9.958980679512023926e-01
4.714848697185516357e-01
1.592635065317153931e-01
2.808689475059509277e-01
2.291365414857864380e-01
2.643424868583679199e-01
3.175040781497955322e-01
2.979214191436767578e-01
2.465571016073226929e-01
3.847715258598327637e-01
4.451665282249450684e-01
3.352401256561279297e-01
2.828164398670196533e-01
3.310655951499938965e-01
3.672747611999511719e-01
2.596296668052673340e-01
4.035354554653167725e-01
5.304276943206787109e-01
3.887917399406433105e-01
4.037089645862579346e-01
5.860465764999389648e-01
4.479417800903320312e-01
2.502111196517944336e-01
5.345249176025390625e-01
1.648998618125915527e+00
1.856316328048706055e+00
2.101083278656005859e+00
2.487113475799560547e+00
2.630054235458374023e+00
1.927767992019653320e+00
1.878706932067871094e+00
2.330283403396606445e+00
1.883231401443481445e+00
1.641221642494201660e+00
1.667834043502807617e+00
1.522892951965332031e+00
1.396318078041076660e+00
1.340480804443359375e+00
1.460387706756591797e+00
1.321715831756591797e+00
1.415545225143432617e+00
1.347301721572875977e+00
1.365891337394714355e+00
1.199834346771240234e+00
1.388760447502136230e+00
1.364751338958740234e+00
1.369777202606201172e+00
1.254217505455017090e+00
1.405618309974670410e+00
1.289063572883605957e+00
1.286243438720703125e+00
1.478016018867492676e+00
1.257861137390136719e+00
1.234368443489074707e+00
1.467601060867309570e+00
1.477896213531494141e+00
1.262314438819885254e+00
1.345926880836486816e+00
1.434196829795837402e+00
1.572565793991088867e+00
1.399366140365600586e+00
1.426540970802307129e+00
2.482690811157226562e+00
1.465604066848754883e+00
1.529914498329162598e+00
1.588407278060913086e+00
1.776681303977966309e+00
1.295911669731140137e+00
1.330406069755554199e+00
2.260422229766845703e+00
1.674468517303466797e+00
1.237028598785400391e+00
1.397772431373596191e+00
1.537957072257995605e+00
1.289953827857971191e+00
1.918221116065979004e+00
1.797050118446350098e+00
1.646537423133850098e+00
1.733263969421386719e+00
1.798545598983764648e+00
1.799430131912231445e+00
1.874800205230712891e+00
1.542634010314941406e+00
1.744340300559997559e+00
1.028902411460876465e+00
1.658680558204650879e+00
1.122072219848632812e+00
1.508954286575317383e+00
8.990192413330078125e-01
6.558743715286254883e-01
7.303193807601928711e-01
6.576025485992431641e-01
6.540129780769348145e-01
1.075351357460021973e+00
1.346393346786499023e+00
1.179898858070373535e+00
1.248708128929138184e+00
1.256433010101318359e+00
1.322982907295227051e+00
1.213572382926940918e+00
1.049935340881347656e+00
1.513128519058227539e+00
1.794553041458129883e+00
1.434259891510009766e+00
1.685296535491943359e+00
1.889398574829101562e+00
3.093415498733520508e+00
1.635368466377258301e+00
1.249562501907348633e+00
1.095702886581420898e+00
1.676158666610717773e+00
1.079037666320800781e+00
2.475251197814941406e+00
2.167879581451416016e+00
1.925093889236450195e+00
1.957548737525939941e+00
1.920185565948486328e+00
1.094121813774108887e+00
4.492250978946685791e-01
4.966720044612884521e-01
4.633011221885681152e-01
3.859156072139739990e-01
4.605903029441833496e-01
3.460499942302703857e-01
3.263209760189056396e-01
3.318903744220733643e-01
3.560915589332580566e-01
3.499676883220672607e-01
4.213318228721618652e-01
4.813137650489807129e-01
3.073961436748504639e-01
4.129090607166290283e-01
2.753212153911590576e-01
2.720811069011688232e-01
3.573910593986511230e-01
3.755793869495391846e-01
2.458493858575820923e-01
2.276972532272338867e-01
3.103950619697570801e-01
2.932623028755187988e-01
2.777390480041503906e-01
2.519842386245727539e-01
3.668161928653717041e-01
2.830844819545745850e-01
1.015855073928833008e+00
2.389837801456451416e-01
3.657576441764831543e-01
3.104123175144195557e-01
2.479925602674484253e-01
4.223161041736602783e-01
3.553035259246826172e-01
3.244039416313171387e-01
3.559882342815399170e-01
4.969244599342346191e-01
3.079194128513336182e-01
3.178351819515228271e-01
4.500800073146820068e-01
3.590356707572937012e-01
4.014512002468109131e-01
4.534212648868560791e-01
5.097621083259582520e-01
1.432618498802185059e+00
1.388959407806396484e+00
1.517005324363708496e+00
1.201398372650146484e+00
4.448623061180114746e-01
4.083165526390075684e-01
5.440906882286071777e-01
3.942950665950775146e-01
1.616098284721374512e+00
2.008403539657592773e+00
2.351443767547607422e+00
2.670070648193359375e+00
2.212663650512695312e+00
2.407380580902099609e+00
2.363643407821655273e+00
2.557512760162353516e+00
2.287596464157104492e+00
2.316001415252685547e+00
2.116761445999145508e+00
1.178804993629455566e+00
1.574361681938171387e+00
1.377561092376708984e+00
2.987591505050659180e+00
1.498244404792785645e+00
1.196643233299255371e+00
1.604605436325073242e+00
1.556625366210937500e+00
1.702975869178771973e+00
7.223889231681823730e-01
2.473201036453247070e+00
1.704170703887939453e+00
3.906733989715576172e-01
8.037461042404174805e-01
1.918921470642089844e+00
2.007371664047241211e+00
2.619934797286987305e+00
3.187827348709106445e+00
3.288687229156494141e+00
2.586790800094604492e+00
1.688107728958129883e+00
2.666088581085205078e+00
1.821631431579589844e+00
7.445461750030517578e-01
1.142664074897766113e+00
5.030878186225891113e-01
5.643267631530761719e-01
2.701646804809570312e+00
4.353036880493164062e-01
7.355105280876159668e-01
1.773615002632141113e+00
1.520115017890930176e+00
1.517540335655212402e+00
8.450899124145507812e-01
1.257616400718688965e+00
2.293195486068725586e+00
2.956743538379669189e-01
4.752041101455688477e-01
6.246877908706665039e-01
4.524117708206176758e-01
1.676380395889282227e+00
1.489809393882751465e+00
1.381031990051269531e+00
1.316589355468750000e+00
1.530855298042297363e+00
1.397168874740600586e+00
1.703673124313354492e+00
1.548157930374145508e+00
1.444260358810424805e+00
1.689787864685058594e+00
1.429057478904724121e+00
1.434763312339782715e+00
1.831111431121826172e+00
2.070930719375610352e+00
2.162754297256469727e+00
2.075968503952026367e+00
2.330981016159057617e+00
3.126435995101928711e+00
5.123547077178955078e+00
4.716004848480224609e+00
4.729050159454345703e+00
5.499563217163085938e+00
4.006959438323974609e+00
4.341067790985107422e+00
3.778491020202636719e+00
3.427580833435058594e+00
2.526948213577270508e+00
3.056340456008911133e+00
3.175207376480102539e+00
2.475086927413940430e+00
2.774670839309692383e+00
1.952569127082824707e+00
1.530354142189025879e+00
1.583950519561767578e+00
1.827211856842041016e+00
1.699355006217956543e+00
1.488834619522094727e+00
2.511593818664550781e+00
1.740758061408996582e+00
1.881602406501770020e+00
1.892581462860107422e+00
1.912176728248596191e+00
1.429290771484375000e+00
1.670463681221008301e+00
1.180081963539123535e+00
8.899103999137878418e-01
8.812640309333801270e-01
8.118199110031127930e-01
8.340975046157836914e-01
8.406676650047302246e-01
7.955533266067504883e-01
6.295535564422607422e-01
5.094430446624755859e-01
6.667168736457824707e-01
7.004479169845581055e-01
5.122572183609008789e-01
4.893464744091033936e-01
5.368898510932922363e-01
3.173859417438507080e-01
3.329017758369445801e-01
3.338468670845031738e-01
2.430168539285659790e-01
2.705847918987274170e-01
2.951225936412811279e-01
1.188212513923645020e+00
1.361580014228820801e+00
1.197925806045532227e+00
1.127901434898376465e+00
6.957262754440307617e-02
1.717157661914825439e-01
3.653434813022613525e-01
3.850253522396087646e-01
2.618547976016998291e-01
4.554136991500854492e-01
4.847978055477142334e-01
2.670982778072357178e-01
3.326797783374786377e-01
4.119667112827301025e-01
4.062438011169433594e-01
4.397627115249633789e-01
4.942550063133239746e-01
4.248309433460235596e-01
2.996383607387542725e-01
3.949885368347167969e-01
4.217344522476196289e-01
2.450210601091384888e-01
2.839500904083251953e-01
3.626183867454528809e-01
2.664398849010467529e-01
2.828041017055511475e-01
5.061204433441162109e-01
4.389206767082214355e-01
3.445059955120086670e-01
3.799452185630798340e-01
1.576492309570312500e+00
1.781496167182922363e+00
1.748260617256164551e+00
2.066112041473388672e+00
2.560766935348510742e+00
2.389817714691162109e+00
1.597487092018127441e+00
1.770992398262023926e+00
1.491379141807556152e+00
1.509509086608886719e+00
1.388967633247375488e+00
1.277193784713745117e+00
1.148461461067199707e+00
1.300956130027770996e+00
1.449888944625854492e+00
1.034341335296630859e+00
1.320288538932800293e+00
1.429936766624450684e+00
2.903058826923370361e-01
3.725360631942749023e-01
4.355092644691467285e-01
3.674224913120269775e-01
3.361344933509826660e-01
3.406272530555725098e-01
5.451462268829345703e-01
2.621529996395111084e-01
2.248625308275222778e-01
4.538488686084747314e-01
3.548386693000793457e-01
2.929182946681976318e-01
3.789921700954437256e-01
5.068911910057067871e-01
2.998447716236114502e-01
3.081156611442565918e-01
5.243846774101257324e-01
5.457478761672973633e-01
3.806222379207611084e-01
3.916248083114624023e-01
4.184861183166503906e-01
3.016792833805084229e-01
2.644252777099609375e-01
3.723505139350891113e-01
3.740649819374084473e-01
3.470307290554046631e-01
2.963173985481262207e-01
3.685172498226165771e-01
3.357019722461700439e-01
2.035048156976699829e-01
2.505512535572052002e-01
2.658497691154479980e-01
2.755750417709350586e-01
3.265693187713623047e-01
2.910473048686981201e-01
2.816230058670043945e-01
4.169580340385437012e-01
4.620635807514190674e-01
3.733367025852203369e-01
3.637484908103942871e-01
4.683006703853607178e-01
4.265075922012329102e-01
3.867242038249969482e-01
4.093953967094421387e-01
5.083499550819396973e-01
3.611012697219848633e-01
1.657320737838745117e+00
1.258355021476745605e+00
1.272201061248779297e+00
7.053468823432922363e-01
3.702912032604217529e-01
4.746633172035217285e-01
2.523227632045745850e-01
4.977566003799438477e-01
4.326838552951812744e-01
5.166690945625305176e-01
4.298474788665771484e-01
4.319610595703125000e-01
4.532370865345001221e-01
3.468857109546661377e-01
3.973625004291534424e-01
5.657896399497985840e-01
5.059611797332763672e-01
2.962231040000915527e-01
3.917854130268096924e-01
1.830712080001831055e+00
1.718417167663574219e+00
1.324078202247619629e+00
1.391536712646484375e+00
1.460306048393249512e+00
5.226740241050720215e-01
1.119278907775878906e+00
1.337448477745056152e+00
2.074430704116821289e+00
1.886355280876159668e+00
1.715130686759948730e+00
1.306042909622192383e+00
9.541724324226379395e-01
4.242939949035644531e-01
2.518362402915954590e-01
4.079429507255554199e-01
4.560030102729797363e-01
3.721441030502319336e-01
1.604371815919876099e-01
3.958483636379241943e-01
5.684818029403686523e-01
3.292168080806732178e-01
2.657212018966674805e-01
4.272696077823638916e-01
3.558547496795654297e-01
2.799710035324096680e-01
3.159192204475402832e-01
4.087216556072235107e-01
2.520618140697479248e-01
2.815876305103302002e-01
3.675790131092071533e-01
3.184636831283569336e-01
2.641095221042633057e-01
2.807058691978454590e-01
3.386391997337341309e-01
3.302833437919616699e-01
3.180503547191619873e-01
3.812277317047119141e-01
2.561817765235900879e-01
3.135554194450378418e-01
3.760807216167449951e-01
2.713862657546997070e-01
2.395196408033370972e-01
4.058526754379272461e-01
5.116517543792724609e-01
2.709707319736480713e-01
4.288053512573242188e-01
5.077208876609802246e-01
3.269352316856384277e-01
3.760412335395812988e-01
3.381266593933105469e-01
3.713821172714233398e-01
2.147987484931945801e-01
2.815385758876800537e-01
4.413900077342987061e-01
3.756728470325469971e-01
3.289788961410522461e-01
4.444952905178070068e-01
1.214553117752075195e+00
1.141497015953063965e+00
2.081501960754394531e+00
2.673228263854980469e+00
1.989619731903076172e+00
2.048819541931152344e+00
2.161423206329345703e+00
1.926768302917480469e+00
1.948513031005859375e+00
2.276998043060302734e+00
2.061172008514404297e+00
1.645098924636840820e+00
2.473488569259643555e+00
2.566786766052246094e+00
2.443446397781372070e+00
2.376560449600219727e+00
1.235420703887939453e+00
1.729058504104614258e+00
1.517416000366210938e+00
1.429780483245849609e+00
1.550394296646118164e+00
1.554167270660400391e+00
2.787421703338623047e+00
2.585280656814575195e+00
2.810852289199829102e+00
2.895444631576538086e+00
2.723937988281250000e+00
1.661900401115417480e+00
2.471589088439941406e+00
2.839000463485717773e+00
2.582002639770507812e+00
3.116323709487915039e+00
1.729305982589721680e+00
2.038120031356811523e+00
2.052189588546752930e+00
2.072835922241210938e+00
1.785533308982849121e+00
1.744246721267700195e+00
1.992250084877014160e+00
1.886834740638732910e+00
1.798398137092590332e+00
1.771954298019409180e+00
1.726915240287780762e+00
1.634483456611633301e+00
2.517999649047851562e+00
2.301000595092773438e+00
1.240299701690673828e+00
1.462364196777343750e+00
1.430332541465759277e+00
1.596926808357238770e+00
1.795163750648498535e+00
2.002273082733154297e+00
2.753487348556518555e+00
2.430235147476196289e+00
4.837145805358886719e-01
5.775412917137145996e-01
8.247162103652954102e-01
7.886172533035278320e-01
9.638642668724060059e-01
8.285686969757080078e-01
8.129382729530334473e-01
7.554062008857727051e-01
7.871045470237731934e-01
7.602042555809020996e-01
7.185329198837280273e-01
8.118522763252258301e-01
5.916891694068908691e-01
7.138030529022216797e-01
5.775086879730224609e-01
1.007868409156799316e+00
1.070536851882934570e+00
3.409747362136840820e+00
3.986854076385498047e+00
4.519752025604248047e+00
3.387515783309936523e+00
2.884947776794433594e+00
3.178751945495605469e+00
1.660965681076049805e+00
1.338952660560607910e+00
2.017970323562622070e+00
3.497943401336669922e+00
2.860196352005004883e+00
1.205382585525512695e+00
1.568818688392639160e+00
1.867076396942138672e+00
1.598966717720031738e+00
1.543820023536682129e+00
1.710736632347106934e+00
1.840738296508789062e+00
2.254865407943725586e+00
2.622435092926025391e+00
2.744221210479736328e+00
2.574794292449951172e+00
2.070492267608642578e+00
1.540392518043518066e+00
1.749631166458129883e+00
1.227327108383178711e+00
3.082940876483917236e-01
3.810646235942840576e-01
1.562752872705459595e-01
3.336796760559082031e-01
3.321855664253234863e-01
2.632154226303100586e-01
2.512746155261993408e-01
2.620096504688262939e-01
3.548175692558288574e-01
3.867444992065429688e-01
2.750671207904815674e-01
3.718626201152801514e-01
5.047628283500671387e-01
4.284594655036926270e-01
3.642953336238861084e-01
3.336837887763977051e-01
3.020750880241394043e-01
1.874155551195144653e-01
2.699617743492126465e-01
3.157865703105926514e-01
2.885946929454803467e-01
2.577030360698699951e-01
4.222587943077087402e-01
2.144037783145904541e-01
1.665054410696029663e-01
2.088935822248458862e-01
2.596603631973266602e-01
2.459891736507415771e-01
2.628941535949707031e-01
4.344693124294281006e-01
2.123324275016784668e-01
2.567096948623657227e-01
3.897847831249237061e-01
5.224917531013488770e-01
2.494126558303833008e-01
3.895657658576965332e-01
4.151955842971801758e-01
3.738111853599548340e-01
2.798397243022918701e-01
5.049872994422912598e-01
4.337185621261596680e-01
5.154846906661987305e-01
5.739802122116088867e-01
4.457506537437438965e-01
4.819192290306091309e-01
4.901868402957916260e-01
4.846215546131134033e-01
5.183808207511901855e-01
4.903899729251861572e-01
1.655195116996765137e+00
1.889533162117004395e+00
2.403795719146728516e+00
2.095852851867675781e+00
2.347462892532348633e+00
2.009177446365356445e+00
2.545526742935180664e+00
2.500368833541870117e+00
1.607670903205871582e+00
2.072687149047851562e+00
2.160596847534179688e+00
1.297352075576782227e+00
1.137077093124389648e+00
1.199135422706604004e+00
1.255384087562561035e+00
1.159023642539978027e+00
1.209181308746337891e+00
1.385547995567321777e+00
1.333477854728698730e+00
1.829105257987976074e+00
1.311838388442993164e+00
1.583343029022216797e+00
1.529297828674316406e+00
1.567486763000488281e+00
1.565294861793518066e+00
1.546181440353393555e+00
1.365084886550903320e+00
1.466399192810058594e+00
2.005842924118041992e+00
2.395964860916137695e+00
1.591034531593322754e+00
1.666524648666381836e+00
1.536504387855529785e+00
1.860637545585632324e+00
9.954831004142761230e-01
6.140552759170532227e-01
5.512462854385375977e-01
7.076928615570068359e-01
5.463141798973083496e-01
2.205396413803100586e+00
5.286071300506591797e-01
3.911665081977844238e-01
5.579405426979064941e-01
7.001233696937561035e-01
1.484195828437805176e+00
1.679593682289123535e+00
1.841612339019775391e+00
2.626286268234252930e+00
6.514753699302673340e-01
3.204689919948577881e-01
4.855628311634063721e-01
3.676987886428833008e-01
5.995431542396545410e-01
8.193801045417785645e-01
6.913473010063171387e-01
5.745492577552795410e-01
7.739883661270141602e-01
7.908053994178771973e-01
5.347968339920043945e-01
6.218528151512145996e-01
7.827543020248413086e-01
1.316267251968383789e+00
1.151772022247314453e+00
1.301473975181579590e+00
6.951010823249816895e-01
7.216299176216125488e-01
7.698300480842590332e-01
1.334742546081542969e+00
1.351443052291870117e+00
1.998766422271728516e+00
1.984283685684204102e+00
1.976920247077941895e+00
2.135974884033203125e+00
3.143673896789550781e+00
2.919520854949951172e+00
2.589590549468994141e+00
2.603764295578002930e+00
2.163581848144531250e+00
1.609695076942443848e+00
1.585378766059875488e+00
3.156298875808715820e+00
2.321166276931762695e+00
3.093851804733276367e+00
2.691271066665649414e+00
2.662985086441040039e+00
2.416609525680541992e+00
2.231776237487792969e+00
1.288423895835876465e+00
1.341857552528381348e+00
1.067568063735961914e+00
1.150474786758422852e+00
1.133424520492553711e+00
8.125942349433898926e-01
6.349700093269348145e-01
7.665677070617675781e-01
6.906113624572753906e-01
6.550729274749755859e-01
7.986799478530883789e-01
5.504675507545471191e-01
5.698810815811157227e-01
5.384798645973205566e-01
6.411284804344177246e-01
4.660634994506835938e-01
2.782858610153198242e-01
4.477458000183105469e-01
6.132790446281433105e-01
4.170205295085906982e-01
2.552772462368011475e-01
2.724075615406036377e-01
3.247690200805664062e-01
2.763973176479339600e-01
2.363669723272323608e-01
3.854751288890838623e-01
3.432542085647583008e-01
1.790517270565032959e-01
2.308866530656814575e-01
4.279216825962066650e-01
2.738457620143890381e-01
2.163674086332321167e-01
3.093825578689575195e-01
1.579182267189025879e+00
1.269743800163269043e+00
1.100074410438537598e+00
1.080443263053894043e+00
1.207201257348060608e-01
1.951577216386795044e-01
3.011963367462158203e-01
3.481542468070983887e-01
2.552125751972198486e-01
3.563670516014099121e-01
3.609540760517120361e-01
2.407873421907424927e-01
2.454977184534072876e-01
3.358349204063415527e-01
3.597168028354644775e-01
3.353053629398345947e-01
4.609046876430511475e-01
4.322156906127929688e-01
3.965108692646026611e-01
4.663055241107940674e-01
5.321948528289794922e-01
5.854106545448303223e-01
3.667717874050140381e-01
6.401548981666564941e-01
1.942666530609130859e+00
1.704485058784484863e+00
1.818891882896423340e+00
1.936259508132934570e+00
2.830812931060791016e+00
1.827135920524597168e+00
3.450482368469238281e+00
2.781110048294067383e+00
1.646868586540222168e+00
1.987741947174072266e+00
1.675823211669921875e+00
1.932571291923522949e+00
1.346668004989624023e+00
1.986253261566162109e+00
1.621043086051940918e+00
1.315762639045715332e+00
1.424042344093322754e+00
1.524619460105895996e+00
1.439415097236633301e+00
1.546317696571350098e+00
1.428515553474426270e+00
1.331157088279724121e+00
1.830734252929687500e+00
1.203530550003051758e+00
1.331147789955139160e+00
1.491641998291015625e+00
1.390335083007812500e+00
1.159145593643188477e+00
1.408086776733398438e+00
1.452570080757141113e+00
1.380810499191284180e+00
1.257377386093139648e+00
1.292567133903503418e+00
1.488210558891296387e+00
2.254224061965942383e+00
1.354713559150695801e+00
1.409170031547546387e+00
1.821593642234802246e+00
1.253515839576721191e+00
2.188419103622436523e+00
2.546175718307495117e+00
1.568529725074768066e+00
1.553130865097045898e+00
1.899025440216064453e+00
1.733722209930419922e+00
1.518996715545654297e+00
1.640289068222045898e+00
2.963783979415893555e+00
2.314177989959716797e+00
1.325561404228210449e+00
1.566025257110595703e+00
1.614177703857421875e+00
1.370444059371948242e+00
1.474205017089843750e+00
1.855475664138793945e+00
1.641748189926147461e+00
2.742736041545867920e-01
6.774483323097229004e-01
1.311912655830383301e+00
8.623249530792236328e-01
8.948214650154113770e-01
2.438844680786132812e+00
2.354980468750000000e+00
2.416756153106689453e+00
2.149281263351440430e+00
2.415494441986083984e+00
9.701153039932250977e-01
1.054260611534118652e+00
2.249407529830932617e+00
2.569314956665039062e+00
2.541647672653198242e+00
2.568701267242431641e+00
2.265202999114990234e+00
2.073958158493041992e+00
1.504793524742126465e+00
1.820369482040405273e+00
1.627458810806274414e+00
1.922899127006530762e+00
1.640702724456787109e+00
2.387942075729370117e+00
2.902779817581176758e+00
2.595092296600341797e+00
2.647575139999389648e+00
2.006993293762207031e+00
2.100583314895629883e+00
1.947234869003295898e+00
2.290221691131591797e+00
2.160933494567871094e+00
2.218217372894287109e+00
1.315721511840820312e+00
6.375177502632141113e-01
7.282178997993469238e-01
6.525989174842834473e-01
7.245616912841796875e-01
4.472310543060302734e-01
4.149513542652130127e-01
2.952903509140014648e-01
3.752663731575012207e-01
3.299483954906463623e-01
3.551215529441833496e-01
4.568464159965515137e-01
4.315471649169921875e-01
2.428718656301498413e-01
3.799860477447509766e-01
3.656523823738098145e-01
2.901340126991271973e-01
2.533687055110931396e-01
3.445682227611541748e-01
2.171962857246398926e-01
1.888087838888168335e-01
2.781436145305633545e-01
3.359464704990386963e-01
2.702978253364562988e-01
2.512787282466888428e-01
2.832330465316772461e-01
3.613572716712951660e-01
1.841269284486770630e-01
3.350167274475097656e-01
3.171060681343078613e-01
2.043197154998779297e-01
3.262461423873901367e-01
3.588649034500122070e-01
2.387052923440933228e-01
3.114081323146820068e-01
3.368227481842041016e-01
5.699532032012939453e-01
2.503983080387115479e-01
4.100951552391052246e-01
4.794427752494812012e-01
4.331827163696289062e-01
2.810235619544982910e-01
3.996375203132629395e-01
4.468297660350799561e-01
1.529265999794006348e+00
1.388510107994079590e+00
1.355802655220031738e+00
1.204067468643188477e+00
3.098444044589996338e-01
4.367292523384094238e-01
4.797919690608978271e-01
4.912911951541900635e-01
4.753907620906829834e-01
1.755091190338134766e+00
9.421693682670593262e-01
2.138605594635009766e+00
1.856154322624206543e+00
1.944203734397888184e+00
2.785705327987670898e+00
1.982500314712524414e+00
2.561865806579589844e+00
3.373812198638916016e+00
2.101406812667846680e+00
1.994684576988220215e+00
1.971895217895507812e+00
2.090751409530639648e+00
1.921853780746459961e+00
9.604517221450805664e-01
1.467494487762451172e+00
2.213475227355957031e+00
1.435250997543334961e+00
7.536768913269042969e-01
1.150686383247375488e+00
9.396567344665527344e-01
7.113293409347534180e-01
9.427195191383361816e-01
1.079352378845214844e+00
8.796156048774719238e-01
5.486659407615661621e-01
6.933518052101135254e-01
4.419670104980468750e-01
3.736804425716400146e-01
5.997933745384216309e-01
1.817828059196472168e+00
1.440069913864135742e+00
1.316242098808288574e+00
5.982671976089477539e-01
4.292425513267517090e-01
1.002915740013122559e+00
6.155038475990295410e-01
6.584210395812988281e-01
5.433369278907775879e-01
5.649670958518981934e-01
4.732064902782440186e-01
4.673613607883453369e-01
3.145465552806854248e-01
4.340433776378631592e-01
3.862681090831756592e-01
3.138621151447296143e-01
2.247835993766784668e-01
3.945220112800598145e-01
4.274376034736633301e-01
2.964758276939392090e-01
2.694949805736541748e-01
3.321395218372344971e-01
2.835880219936370850e-01
2.248652726411819458e-01
3.897113204002380371e-01
3.784335553646087646e-01
3.628650903701782227e-01
4.308572709560394287e-01
3.992614448070526123e-01
3.986197710037231445e-01
9.002129435539245605e-01
8.059731721878051758e-01
9.283674359321594238e-01
7.093086838722229004e-01
1.376484155654907227e+00
1.588176012039184570e+00
2.089029312133789062e+00
1.716915369033813477e+00
1.975063562393188477e+00
1.795217990875244141e+00
1.805295825004577637e+00
2.007848501205444336e+00
2.131370306015014648e+00
2.722564220428466797e+00
2.453770160675048828e+00
2.929491758346557617e+00
2.707100629806518555e+00
2.794615030288696289e+00
2.557578563690185547e+00
2.004741191864013672e+00
1.372753620147705078e+00
1.280795216560363770e+00
2.303203344345092773e+00
1.579138159751892090e+00
1.774320840835571289e+00
1.653110623359680176e+00
1.631975769996643066e+00
1.604236483573913574e+00
1.330164074897766113e+00
1.552155375480651855e+00
1.649350762367248535e+00
1.140401959419250488e+00
9.997338056564331055e-01
1.311732053756713867e+00
1.313472867012023926e+00
9.120679497718811035e-01
9.462208151817321777e-01
1.149599075317382812e+00
1.966251015663146973e+00
1.574986696243286133e+00
1.638251185417175293e+00
1.670893788337707520e+00
5.588689446449279785e-01
4.677946865558624268e-01
5.857996344566345215e-01
4.359532892704010010e-01
3.424390256404876709e-01
3.371782600879669189e-01
4.364759922027587891e-01
2.793304622173309326e-01
2.743256986141204834e-01
3.856933116912841797e-01
3.728713095188140869e-01
3.167516589164733887e-01
3.076409399509429932e-01
3.808957934379577637e-01
2.426158487796783447e-01
1.853784471750259399e-01
3.058365285396575928e-01
3.962461054325103760e-01
2.262818068265914917e-01
1.521668285131454468e-01
2.580785453319549561e-01
2.988100349903106689e-01
2.023494988679885864e-01
3.540777862071990967e-01
3.099984526634216309e-01
3.680987060070037842e-01
2.734425365924835205e-01
3.109657466411590576e-01
3.967926502227783203e-01
3.170931935310363770e-01
2.982188165187835693e-01
4.045287966728210449e-01
3.571029901504516602e-01
2.910519838333129883e-01
4.514672458171844482e-01
