1.700011491775512695e+00
1.277836799621582031e+00
1.455837607383728027e+00
1.418513417243957520e+00
1.375543355941772461e+00
1.379941821098327637e+00
1.659036278724670410e+00
1.677134990692138672e+00
1.280004978179931641e+00
1.421174645423889160e+00
1.490156888961791992e+00
1.288889288902282715e+00
1.377420425415039062e+00
1.463660120964050293e+00
1.139020800590515137e+00
1.269427180290222168e+00
1.193541288375854492e+00
1.232276320457458496e+00
9.689522981643676758e-01
1.103922247886657715e+00
1.327424407005310059e+00
1.060755372047424316e+00
9.845492839813232422e-01
1.040444135665893555e+00
4.371530115604400635e-01
3.807579278945922852e-01
3.528736531734466553e-01
3.996569812297821045e-01
3.608932197093963623e-01
2.725100815296173096e-01
3.778691887855529785e-01
1.043045043945312500e+00
4.346562623977661133e-01
3.802782595157623291e-01
3.885195553302764893e-01
3.429617285728454590e-01
3.290419578552246094e-01
4.315022230148315430e-01
4.284515082836151123e-01
4.005296826362609863e-01
5.061579942703247070e-01
5.033189058303833008e-01
4.043056666851043701e-01
4.406842291355133057e-01
5.063999891281127930e-01
4.113371074199676514e-01
3.828424215316772461e-01
4.456108510494232178e-01
3.960317373275756836e-01
3.734140098094940186e-01
3.871476948261260986e-01
4.651449918746948242e-01
3.598977029323577881e-01
4.189117848873138428e-01
4.954635202884674072e-01
3.506013751029968262e-01
1.363154411315917969e+00
1.683582901954650879e+00
1.877784848213195801e+00
1.661139965057373047e+00
1.337154030799865723e+00
6.520863771438598633e-01
4.705112874507904053e-01
4.736951887607574463e-01
6.891586184501647949e-01
4.309989809989929199e-01
5.892195105552673340e-01
6.533027887344360352e-01
5.309430360794067383e-01
5.189391970634460449e-01
5.577062368392944336e-01
6.630475521087646484e-01
5.236065387725830078e-01
5.333994626998901367e-01
6.162474751472473145e-01
5.343004465103149414e-01
6.785025596618652344e-01
1.899500727653503418e+00
1.724744677543640137e+00
2.096665143966674805e+00
1.863578557968139648e+00
1.863778471946716309e+00
1.724024057388305664e+00
1.793514728546142578e+00
1.631610035896301270e+00
1.448549628257751465e+00
1.480749845504760742e+00
1.380289435386657715e+00
1.435632824897766113e+00
1.445928454399108887e+00
1.444116353988647461e+00
1.500187516212463379e+00
1.413617491722106934e+00
1.421203732490539551e+00
1.462095260620117188e+00
1.564291119575500488e+00
1.561943411827087402e+00
1.596685647964477539e+00
2.095305681228637695e+00
1.367881298065185547e+00
1.360276460647583008e+00
1.526217818260192871e+00
1.423611640930175781e+00
1.389554977416992188e+00
1.491235494613647461e+00
1.426161885261535645e+00
1.385321021080017090e+00
1.335334897041320801e+00
1.395541548728942871e+00
1.405799984931945801e+00
6.616285443305969238e-01
4.208672046661376953e-01
3.948920369148254395e-01
3.865049183368682861e-01
3.775164484977722168e-01
3.653001785278320312e-01
3.242153525352478027e-01
3.497017920017242432e-01
4.104747772216796875e-01
3.759496808052062988e-01
3.207085430622100830e-01
3.758000433444976807e-01
4.946225881576538086e-01
9.990729093551635742e-01
3.509659469127655029e-01
4.818164408206939697e-01
4.666404724121093750e-01
3.791686892509460449e-01
7.641592621803283691e-01
1.453362584114074707e+00
1.450817584991455078e+00
1.349931716918945312e+00
1.551532387733459473e+00
1.296021819114685059e+00
1.384739995002746582e+00
1.364566922187805176e+00
1.254674434661865234e+00
1.226714849472045898e+00
1.407723069190979004e+00
1.338027954101562500e+00
1.234726428985595703e+00
1.357309818267822266e+00
1.439303517341613770e+00
1.772952795028686523e+00
1.400887846946716309e+00
1.311045408248901367e+00
1.504790425300598145e+00
2.016600847244262695e+00
1.218380928039550781e+00
1.429098844528198242e+00
1.336539268493652344e+00
1.342945456504821777e+00
1.356697797775268555e+00
1.855641245841979980e+00
1.801817178726196289e+00
8.123341202735900879e-01
6.992027163505554199e-01
4.650808572769165039e-01
4.751257300376892090e-01
5.678138732910156250e-01
4.477773308753967285e-01
4.255701899528503418e-01
5.909186601638793945e-01
3.690747618675231934e-01
3.863221108913421631e-01
3.537984788417816162e-01
3.865813910961151123e-01
3.176334500312805176e-01
3.572937548160552979e-01
1.199779510498046875e+00
1.444529771804809570e+00
1.343510985374450684e+00
1.537230253219604492e+00
1.721199750900268555e+00
8.276658058166503906e-01
4.141383767127990723e-01
4.302761852741241455e-01
3.408826887607574463e-01
3.582923114299774170e-01
5.426132678985595703e-01
3.721298575401306152e-01
4.311349093914031982e-01
4.525951445102691650e-01
5.140884518623352051e-01
4.183156490325927734e-01
4.158240854740142822e-01
4.735529422760009766e-01
4.524874091148376465e-01
4.256395399570465088e-01
4.575722217559814453e-01
4.413319230079650879e-01
1.053951740264892578e+00
5.774130225181579590e-01
5.362007617950439453e-01
3.818745911121368408e-01
3.904755115509033203e-01
1.565258860588073730e+00
6.852574348449707031e-01
4.823103845119476318e-01
1.647233128547668457e+00
1.746528625488281250e+00
1.975193977355957031e+00
1.281322240829467773e+00
1.498357057571411133e+00
1.428291082382202148e+00
1.267031908035278320e+00
1.500846147537231445e+00
6.046079397201538086e-01
8.102580904960632324e-01
4.890359044075012207e-01
6.261914968490600586e-01
5.492283701896667480e-01
5.474047660827636719e-01
6.013867259025573730e-01
4.772017300128936768e-01
4.203919172286987305e-01
4.998498857021331787e-01
4.643336534500122070e-01
3.843768239021301270e-01
4.041751921176910400e-01
4.460044503211975098e-01
3.445024490356445312e-01
3.557514250278472900e-01
4.467480778694152832e-01
3.954004943370819092e-01
3.162837922573089600e-01
3.187923133373260498e-01
4.996248781681060791e-01
1.042976021766662598e+00
3.420752882957458496e-01
3.634554743766784668e-01
3.342969417572021484e-01
3.424428701400756836e-01
3.321205973625183105e-01
3.764822781085968018e-01
2.940867841243743896e-01
4.205539226531982422e-01
4.338251948356628418e-01
3.914943337440490723e-01
4.734624922275543213e-01
4.424965679645538330e-01
4.288448393344879150e-01
4.536397457122802734e-01
5.221965312957763672e-01
5.202529430389404297e-01
4.083985090255737305e-01
4.038416147232055664e-01
4.127933979034423828e-01
3.526141047477722168e-01
3.595868647098541260e-01
4.394444823265075684e-01
3.329809904098510742e-01
3.227826356887817383e-01
1.133069038391113281e+00
1.663717031478881836e+00
1.588215708732604980e+00
1.171534299850463867e+00
9.574401974678039551e-01
3.738753199577331543e-01
3.649263083934783936e-01
6.810598969459533691e-01
1.331149101257324219e+00
1.149011135101318359e+00
1.146074652671813965e+00
1.517607212066650391e+00
1.149575471878051758e+00
1.038996100425720215e+00
1.311364531517028809e+00
1.238662481307983398e+00
1.104907631874084473e+00
1.357046961784362793e+00
1.382321000099182129e+00
1.245648145675659180e+00
1.630064129829406738e+00
1.252518415451049805e+00
1.221784353256225586e+00
1.028153896331787109e+00
1.353485941886901855e+00
1.393959999084472656e+00
1.868316054344177246e+00
1.212469100952148438e+00
1.416829943656921387e+00
1.405308246612548828e+00
2.314881801605224609e+00
2.301760196685791016e+00
2.237956047058105469e+00
2.108958482742309570e+00
2.255834817886352539e+00
1.146112799644470215e+00
6.166948080062866211e-01
8.034928441047668457e-01
6.373018026351928711e-01
6.548262238502502441e-01
6.770911812782287598e-01
6.154712438583374023e-01
4.836161732673645020e-01
1.174638628959655762e+00
1.084757566452026367e+00
1.039321780204772949e+00
1.299324989318847656e+00
1.372606754302978516e+00
1.078006863594055176e+00
1.270304322242736816e+00
1.751960992813110352e+00
5.063128471374511719e-01
4.678248465061187744e-01
5.636804699897766113e-01
6.058602929115295410e-01
4.811723232269287109e-01
5.082986950874328613e-01
3.814472854137420654e-01
3.944145739078521729e-01
3.525743484497070312e-01
4.141433238983154297e-01
3.798906803131103516e-01
4.041576683521270752e-01
4.165871739387512207e-01
3.260888159275054932e-01
3.916368782520294189e-01
4.297427833080291748e-01
3.543211817741394043e-01
3.636015653610229492e-01
5.049796700477600098e-01
4.139624238014221191e-01
4.337868094444274902e-01
4.181824326515197754e-01
4.881744384765625000e-01
4.323823451995849609e-01
9.674116373062133789e-01
9.014611840248107910e-01
4.530926346778869629e-01
4.339874684810638428e-01
5.268625020980834961e-01
4.245319068431854248e-01
1.282867312431335449e+00
2.299785137176513672e+00
2.219436168670654297e+00
1.890244722366333008e+00
1.430013775825500488e+00
1.955979466438293457e+00
2.630039691925048828e+00
1.230439543724060059e+00
1.468644022941589355e+00
2.142717361450195312e+00
1.671797752380371094e+00
1.475610494613647461e+00
1.516790509223937988e+00
3.194924354553222656e+00
1.461300730705261230e+00
1.339285492897033691e+00
1.371770501136779785e+00
1.554367065429687500e+00
7.078817486763000488e-01
3.897535502910614014e-01
7.733532786369323730e-01
4.535810649394989014e-01
3.477480411529541016e-01
4.762199223041534424e-01
4.359837174415588379e-01
3.503231704235076904e-01
3.618736565113067627e-01
4.578918218612670898e-01
3.965415656566619873e-01
4.091648757457733154e-01
4.359965920448303223e-01
2.993343770503997803e-01
3.356783986091613770e-01
4.454047381877899170e-01
8.098869919776916504e-01
5.620512366294860840e-01
4.273115396499633789e-01
3.821648657321929932e-01
4.009282290935516357e-01
4.318215250968933105e-01
4.168017804622650146e-01
3.505564332008361816e-01
4.141718149185180664e-01
4.397687315940856934e-01
3.051496446132659912e-01
4.014698565006256104e-01
4.492747187614440918e-01
3.540418744087219238e-01
3.743993937969207764e-01
4.892612099647521973e-01
4.115656912326812744e-01
4.007857143878936768e-01
4.322488605976104736e-01
4.356180727481842041e-01
4.214513301849365234e-01
4.573770463466644287e-01
3.950214385986328125e-01
3.577624857425689697e-01
1.088507533073425293e+00
1.314870238304138184e+00
5.627158880233764648e-01
6.073420643806457520e-01
9.481107592582702637e-01
8.075275421142578125e-01
7.734624147415161133e-01
1.402519345283508301e+00
1.501186013221740723e+00
1.492250204086303711e+00
1.922490239143371582e+00
2.093374252319335938e+00
1.370383024215698242e+00
1.503470897674560547e+00
1.336853384971618652e+00
4.792196452617645264e-01
1.351309061050415039e+00
1.826255559921264648e+00
1.724861145019531250e+00
1.638460040092468262e+00
1.567394971847534180e+00
1.548031806945800781e+00
1.687335014343261719e+00
2.469753742218017578e+00
2.274235010147094727e+00
2.630326986312866211e+00
3.084254503250122070e+00
3.165565729141235352e+00
1.997259497642517090e+00
8.433107733726501465e-01
1.011703133583068848e+00
9.604026675224304199e-01
9.091603159904479980e-01
1.465359568595886230e+00
7.081434726715087891e-01
3.494814336299896240e-01
4.143316149711608887e-01
3.733144998550415039e-01
3.629155158996582031e-01
3.592223227024078369e-01
3.626397848129272461e-01
3.938271701335906982e-01
1.156797885894775391e+00
4.081131517887115479e-01
4.160850346088409424e-01
4.177350997924804688e-01
4.321493506431579590e-01
4.296890497207641602e-01
4.483392238616943359e-01
5.085958242416381836e-01
1.299512982368469238e+00
1.523872852325439453e+00
1.526296734809875488e+00
1.104198575019836426e+00
3.929401934146881104e-01
4.172082841396331787e-01
4.011406600475311279e-01
3.526294529438018799e-01
3.827421069145202637e-01
4.288300275802612305e-01
3.264410197734832764e-01
3.101785182952880859e-01
3.795970976352691650e-01
4.280537962913513184e-01
4.673298299312591553e-01
1.029128074645996094e+00
3.723077476024627686e-01
4.449859261512756348e-01
2.847323715686798096e-01
4.047001004219055176e-01
4.403500854969024658e-01
4.250310361385345459e-01
4.683969020843505859e-01
5.271171331405639648e-01
5.410736799240112305e-01
4.396892488002777100e-01
3.985430300235748291e-01
5.283086895942687988e-01
5.518786311149597168e-01
5.530879497528076172e-01
7.324376106262207031e-01
1.959548830986022949e+00
2.341319322586059570e+00
2.553888559341430664e+00
2.309402227401733398e+00
2.045947551727294922e+00
2.076631546020507812e+00
1.960931062698364258e+00
2.269748926162719727e+00
2.038007974624633789e+00
3.943799257278442383e+00
4.046216011047363281e+00
4.473124980926513672e+00
3.095376729965209961e+00
2.642477273941040039e+00
1.748923659324645996e+00
1.822559833526611328e+00
1.983324885368347168e+00
3.090530157089233398e+00
2.884523391723632812e+00
3.551271200180053711e+00
4.866675376892089844e+00
3.444606065750122070e+00
3.157765865325927734e+00
3.068593025207519531e+00
1.241130709648132324e+00
1.480601549148559570e+00
5.593263149261474609e+00
4.492797374725341797e+00
3.010031223297119141e+00
2.915211677551269531e+00
1.909714818000793457e+00
5.932736992835998535e-01
6.120992898941040039e-01
9.547861218452453613e-01
2.826706171035766602e+00
2.957597017288208008e+00
2.782703399658203125e+00
2.370915651321411133e+00
8.569487929344177246e-01
9.291881322860717773e-01
1.754671573638916016e+00
6.500236988067626953e+00
2.777591466903686523e+00
1.528706312179565430e+00
1.584264278411865234e+00
8.030921220779418945e-01
5.982009172439575195e-01
1.022853136062622070e+00
1.024710178375244141e+00
5.562726855278015137e-01
6.041545867919921875e-01
5.329135060310363770e-01
1.640520215034484863e+00
1.517421126365661621e+00
7.058514952659606934e-01
5.106970667839050293e-01
8.466898202896118164e-01
7.071564793586730957e-01
9.185577630996704102e-01
6.631938815116882324e-01
6.094353199005126953e-01
6.253820657730102539e-01
5.781618952751159668e-01
6.428684592247009277e-01
1.019198894500732422e+00
1.246614098548889160e+00
1.130124330520629883e+00
6.153539419174194336e-01
1.141009092330932617e+00
1.302797317504882812e+00
1.149213314056396484e+00
1.681813836097717285e+00
2.969131231307983398e+00
2.400918245315551758e+00
2.632093191146850586e+00
4.367434978485107422e+00
3.773891210556030273e+00
3.489093303680419922e+00
2.984097480773925781e+00
2.448125839233398438e+00
2.677416086196899414e+00
4.752313137054443359e+00
4.035504341125488281e+00
5.254514217376708984e+00
4.912873744964599609e+00
3.684875488281250000e+00
3.127346277236938477e+00
3.871799230575561523e+00
2.985138416290283203e+00
2.218694925308227539e+00
2.360837697982788086e+00
3.021257400512695312e+00
2.555284976959228516e+00
1.600405931472778320e+00
3.058185338973999023e+00
1.694501519203186035e+00
1.362115383148193359e+00
1.560259342193603516e+00
1.320474982261657715e+00
2.325512468814849854e-01
2.844944596290588379e-01
6.129854321479797363e-01
1.975634694099426270e-01
1.981478482484817505e-01
1.730059534311294556e-01
4.982612133026123047e-01
3.746603429317474365e-01
3.854164779186248779e-01
1.117850542068481445e+00
4.383957684040069580e-01
2.707802355289459229e-01
3.224518001079559326e-01
4.037604928016662598e-01
3.210226595401763916e-01
2.527900934219360352e-01
3.844620883464813232e-01
2.097685039043426514e-01
3.438185751438140869e-01
4.508935511112213135e-01
5.351082086563110352e-01
3.861064016819000244e-01
3.897716403007507324e-01
4.851472973823547363e-01
3.818137347698211670e-01
3.411910533905029297e-01
6.254602074623107910e-01
6.470689773559570312e-01
4.699293673038482666e-01
4.725623428821563721e-01
1.379504919052124023e+00
8.274207711219787598e-01
3.289342224597930908e-01
5.180346369743347168e-01
3.335256278514862061e-01
4.696026444435119629e-01
4.443949460983276367e-01
4.688584804534912109e-01
3.313322961330413818e-01
3.894824683666229248e-01
7.199423313140869141e-01
5.138179063796997070e-01
4.269088804721832275e-01
7.490575313568115234e-01
7.794039845466613770e-01
2.063072919845581055e+00
2.712991237640380859e+00
2.814472436904907227e+00
2.793814420700073242e+00
2.862668514251708984e+00
2.277963638305664062e+00
1.966801404953002930e+00
1.794278383255004883e+00
2.462291717529296875e+00
1.428672909736633301e+00
1.600376605987548828e+00
2.222021102905273438e+00
1.374736189842224121e+00
1.806833982467651367e+00
2.080001115798950195e+00
1.441539287567138672e+00
1.624782562255859375e+00
1.476942658424377441e+00
1.441031932830810547e+00
1.365195989608764648e+00
1.423871278762817383e+00
1.521665811538696289e+00
1.436113595962524414e+00
1.415942192077636719e+00
1.406426548957824707e+00
1.478432893753051758e+00
1.442113518714904785e+00
1.483872175216674805e+00
1.485030174255371094e+00
1.500818729400634766e+00
1.432098627090454102e+00
1.420001506805419922e+00
1.546396613121032715e+00
1.842818379402160645e+00
1.555223345756530762e+00
2.333295345306396484e+00
1.508671164512634277e+00
1.541571378707885742e+00
1.681849241256713867e+00
2.364057779312133789e+00
1.211038947105407715e+00
1.462563753128051758e+00
1.489009261131286621e+00
1.299944996833801270e+00
1.398870825767517090e+00
1.470824480056762695e+00
1.304944038391113281e+00
1.440815210342407227e+00
1.864216685295104980e+00
1.453474879264831543e+00
1.414657473564147949e+00
1.494671344757080078e+00
1.521967649459838867e+00
1.687803149223327637e+00
1.509502410888671875e+00
1.489838957786560059e+00
8.086220026016235352e-01
1.071072459220886230e+00
1.169923663139343262e+00
5.834692120552062988e-01
4.236602783203125000e-01
8.669095039367675781e-01
8.829642534255981445e-01
8.323295712471008301e-01
7.003385424613952637e-01
8.577116131782531738e-01
1.069237112998962402e+00
1.078540444374084473e+00
1.125381946563720703e+00
1.136472225189208984e+00
1.010347723960876465e+00
1.498795628547668457e+00
1.615375518798828125e+00
1.494887828826904297e+00
1.727088212966918945e+00
2.581540107727050781e+00
1.627309799194335938e+00
1.724818468093872070e+00
2.032400369644165039e+00
1.638889074325561523e+00
1.300393939018249512e+00
2.614466667175292969e+00
2.515318155288696289e+00
2.709235906600952148e+00
2.637588977813720703e+00
2.518595218658447266e+00
2.616969347000122070e+00
1.350759506225585938e+00
1.415238261222839355e+00
1.897944688796997070e+00
1.916756033897399902e+00
1.711328148841857910e+00
1.799359321594238281e+00
1.733015060424804688e+00
1.557300448417663574e+00
7.580202817916870117e-01
7.924970984458923340e-01
7.215227484703063965e-01
3.248060345649719238e-01
2.917884588241577148e-01
3.257028758525848389e-01
2.421054840087890625e-01
3.750988841056823730e-01
3.314167261123657227e-01
2.882309556007385254e-01
2.696408033370971680e-01
4.034403562545776367e-01
3.985309600830078125e-01
3.134038448333740234e-01
3.418949544429779053e-01
3.547383546829223633e-01
3.350000083446502686e-01
3.081617057323455811e-01
6.320432424545288086e-01
9.876677393913269043e-01
3.377431929111480713e-01
1.002650499343872070e+00
1.552195668220520020e+00
1.451735258102416992e+00
1.141217350959777832e+00
2.992631196975708008e-01
4.978410303592681885e-01
4.106828272342681885e-01
3.648813366889953613e-01
4.156955480575561523e-01
3.606574833393096924e-01
3.462084233760833740e-01
3.730883896350860596e-01
4.133237600326538086e-01
3.162879049777984619e-01
3.031624257564544678e-01
3.585710525512695312e-01
4.481013119220733643e-01
3.576835393905639648e-01
5.313681364059448242e-01
1.147591471672058105e+00
4.634104967117309570e-01
3.686093389987945557e-01
4.413853585720062256e-01
5.932611227035522461e-01
4.167313575744628906e-01
5.479211807250976562e-01
6.733801960945129395e-01
8.435508608818054199e-01
1.698373198509216309e+00
2.193741559982299805e+00
2.304888248443603516e+00
2.586302995681762695e+00
2.542203426361083984e+00
2.699571132659912109e+00
2.271816730499267578e+00
2.127357721328735352e+00
2.025990486145019531e+00
2.011524438858032227e+00
1.544696688652038574e+00
1.341590881347656250e+00
2.520380735397338867e+00
1.985988855361938477e+00
1.395100593566894531e+00
1.587210893630981445e+00
1.510509252548217773e+00
1.377180337905883789e+00
1.461799263954162598e+00
9.247438907623291016e-01
2.466125965118408203e+00
1.034093022346496582e+00
6.085439920425415039e-01
1.589028120040893555e+00
6.595187783241271973e-01
6.040608286857604980e-01
1.300437569618225098e+00
2.470365524291992188e+00
2.877617120742797852e+00
3.123848438262939453e+00
1.978395462036132812e+00
1.826892495155334473e+00
2.137896299362182617e+00
1.968953371047973633e+00
1.943117737770080566e+00
2.327223062515258789e+00
2.117424249649047852e+00
1.628883123397827148e+00
1.878026604652404785e+00
1.775692105293273926e+00
9.513500332832336426e-01
8.445072174072265625e-01
6.809445023536682129e-01
5.829966664314270020e-01
6.316479444503784180e-01
1.338325262069702148e+00
5.071252584457397461e-01
3.656770586967468262e-01
5.507953763008117676e-01
7.120411396026611328e-01
1.388673543930053711e+00
2.065036296844482422e+00
2.307082653045654297e+00
2.132376194000244141e+00
2.088010549545288086e+00
1.528806924819946289e+00
1.524566650390625000e+00
2.709016084671020508e+00
1.425044417381286621e+00
1.447390198707580566e+00
1.403893351554870605e+00
1.416006565093994141e+00
1.430555701255798340e+00
1.390851020812988281e+00
1.706826686859130859e+00
1.535294771194458008e+00
2.097777128219604492e+00
1.441049575805664062e+00
1.423233151435852051e+00
1.360242128372192383e+00
1.162153244018554688e+00
2.285991430282592773e+00
3.308996200561523438e+00
3.089962005615234375e+00
2.072912216186523438e+00
2.014633893966674805e+00
2.126255512237548828e+00
1.652337312698364258e+00
1.702322363853454590e+00
3.179182291030883789e+00
1.281993031501770020e+00
1.001143217086791992e+00
1.153371691703796387e+00
1.119256377220153809e+00
8.060578703880310059e-01
1.339728951454162598e+00
1.770491600036621094e+00
2.504187583923339844e+00
6.526169776916503906e-01
5.383515954017639160e-01
4.553920328617095947e-01
4.597145617008209229e-01
3.526132702827453613e-01
6.524369120597839355e-01
1.790252685546875000e+00
1.272193431854248047e+00
1.774683952331542969e+00
8.140919208526611328e-01
8.466750383377075195e-01
7.931640148162841797e-01
5.391034483909606934e-01
3.876780569553375244e-01
4.171466231346130371e-01
4.181012809276580811e-01
4.519151151180267334e-01
4.072045385837554932e-01
4.611069858074188232e-01
1.249520301818847656e+00
5.397873520851135254e-01
4.213866293430328369e-01
4.590073823928833008e-01
5.193763375282287598e-01
4.069520831108093262e-01
4.067245721817016602e-01
4.418444633483886719e-01
3.584748506546020508e-01
3.926293849945068359e-01
3.438610434532165527e-01
3.911366462707519531e-01
4.562253057956695557e-01
4.319150149822235107e-01
5.094074010848999023e-01
4.755042493343353271e-01
4.198637306690216064e-01
5.338827371597290039e-01
4.915510416030883789e-01
4.200070798397064209e-01
4.662430286407470703e-01
5.588848590850830078e-01
5.541758537292480469e-01
1.263208985328674316e+00
7.897586226463317871e-01
4.208428263664245605e-01
4.745566844940185547e-01
5.524747967720031738e-01
4.646603763103485107e-01
4.828873574733734131e-01
5.222516655921936035e-01
5.599165558815002441e-01
3.841879665851593018e-01
4.625939726829528809e-01
4.717524051666259766e-01
3.719253838062286377e-01
4.762931168079376221e-01
4.356082081794738770e-01
3.972366750240325928e-01
4.274107515811920166e-01
1.431845903396606445e+00
1.363405823707580566e+00
1.240108013153076172e+00
5.136616826057434082e-01
1.032963991165161133e+00
6.503121256828308105e-01
6.142082214355468750e-01
7.261750102043151855e-01
1.298669934272766113e+00
5.779256224632263184e-01
5.598299503326416016e-01
6.177988648414611816e-01
4.949136674404144287e-01
1.389590144157409668e+00
2.518147468566894531e+00
2.378236293792724609e+00
1.545126676559448242e+00
1.929744243621826172e+00
1.787918806076049805e+00
1.691041588783264160e+00
1.717070460319519043e+00
2.258151769638061523e+00
1.715436100959777832e+00
1.748209714889526367e+00
2.118911981582641602e+00
2.131681680679321289e+00
1.968176245689392090e+00
2.059134483337402344e+00
2.437858104705810547e+00
2.365707874298095703e+00
2.012803316116333008e+00
2.130439281463623047e+00
1.595674514770507812e+00
1.000301122665405273e+00
9.953367114067077637e-01
2.406973600387573242e+00
1.482990860939025879e+00
9.160670638084411621e-01
6.575260758399963379e-01
8.147571682929992676e-01
8.097504973411560059e-01
1.328990101814270020e+00
1.604568123817443848e+00
2.409031867980957031e+00
1.247906684875488281e+00
8.582885861396789551e-01
1.103829622268676758e+00
1.403652191162109375e+00
2.266248941421508789e+00
1.616648435592651367e+00
1.792097926139831543e+00
1.957698583602905273e+00
1.945988893508911133e+00
1.826812148094177246e+00
1.029537320137023926e+00
9.813221096992492676e-01
7.969624400138854980e-01
1.567160367965698242e+00
9.743509292602539062e-01
1.158490777015686035e+00
1.071998596191406250e+00
1.261916160583496094e+00
1.275416493415832520e+00
1.680039644241333008e+00
1.625259518623352051e+00
1.668315887451171875e+00
1.604340314865112305e+00
1.674071907997131348e+00
1.777057886123657227e+00
2.618427276611328125e+00
2.176987171173095703e+00
2.120972394943237305e+00
1.338572859764099121e+00
1.061643719673156738e+00
2.297746181488037109e+00
2.587745189666748047e+00
2.479599475860595703e+00
2.524189233779907227e+00
2.417969703674316406e+00
2.204170703887939453e+00
1.599864006042480469e+00
1.601133346557617188e+00
1.529817461967468262e+00
1.537546753883361816e+00
2.105411052703857422e+00
2.120058774948120117e+00
1.654894113540649414e+00
1.787882566452026367e+00
1.616270780563354492e+00
1.250513911247253418e+00
1.353798627853393555e+00
1.777017951011657715e+00
1.482099771499633789e+00
9.364272952079772949e-01
7.472221851348876953e-01
7.213643193244934082e-01
6.647779345512390137e-01
3.986348509788513184e-01
3.526338338851928711e-01
2.985883057117462158e-01
3.172031044960021973e-01
2.713344693183898926e-01
4.498618543148040771e-01
3.122353553771972656e-01
3.136513531208038330e-01
3.021452724933624268e-01
3.816366791725158691e-01
3.391068279743194580e-01
3.773385584354400635e-01
3.495666682720184326e-01
3.512098789215087891e-01
4.062027037143707275e-01
9.195234179496765137e-01
3.535188734531402588e-01
3.536644279956817627e-01
3.900257050991058350e-01
4.590728878974914551e-01
4.824276864528656006e-01
4.175728261470794678e-01
4.291219413280487061e-01
4.660308659076690674e-01
1.674389958381652832e+00
1.236377596855163574e+00
1.108298182487487793e+00
5.772063732147216797e-01
3.770523965358734131e-01
3.920715749263763428e-01
4.153882563114166260e-01
4.725160300731658936e-01
3.173418045043945312e-01
2.839325666427612305e-01
3.832409679889678955e-01
4.585104584693908691e-01
3.909549117088317871e-01
4.396514296531677246e-01
5.440871119499206543e-01
5.587439537048339844e-01
4.945696890354156494e-01
4.967090189456939697e-01
5.779439806938171387e-01
1.531500697135925293e+00
2.186294317245483398e+00
2.543280601501464844e+00
2.702746391296386719e+00
2.600125551223754883e+00
2.643985748291015625e+00
2.465912103652954102e+00
2.149976968765258789e+00
2.329612970352172852e+00
1.761745452880859375e+00
1.758559346199035645e+00
1.694197654724121094e+00
1.645875215530395508e+00
1.643177270889282227e+00
1.786983847618103027e+00
2.017724752426147461e+00
1.237331986427307129e+00
1.490672469139099121e+00
1.502706170082092285e+00
1.390413761138916016e+00
1.245162963867187500e+00
1.456759214401245117e+00
1.435790657997131348e+00
1.408119678497314453e+00
1.231726169586181641e+00
1.336652755737304688e+00
1.342980861663818359e+00
1.280702471733093262e+00
1.290697813034057617e+00
1.284501791000366211e+00
1.375794172286987305e+00
1.283529043197631836e+00
1.212014079093933105e+00
1.380873799324035645e+00
1.524934172630310059e+00
1.644801616668701172e+00
1.505585312843322754e+00
1.471560716629028320e+00
1.561090946197509766e+00
1.526490211486816406e+00
1.502986073493957520e+00
1.448856115341186523e+00
1.960823893547058105e+00
3.044709682464599609e+00
1.524291157722473145e+00
1.364401102066040039e+00
1.611656785011291504e+00
1.467064976692199707e+00
1.538085103034973145e+00
9.113076329231262207e-01
9.437306523323059082e-01
1.270207643508911133e+00
1.201394796371459961e+00
5.233625769615173340e-01
5.167099237442016602e-01
4.877026975154876709e-01
5.241944789886474609e-01
5.390681028366088867e-01
4.375844597816467285e-01
4.489869177341461182e-01
5.623853206634521484e-01
5.878583788871765137e-01
4.607676565647125244e-01
6.196890473365783691e-01
6.332404613494873047e-01
6.596484184265136719e-01
8.534331917762756348e-01
1.305695056915283203e+00
1.233202695846557617e+00
1.248215913772583008e+00
1.460064530372619629e+00
1.831065654754638672e+00
2.084192276000976562e+00
2.171646356582641602e+00
2.459057092666625977e+00
2.395335197448730469e+00
1.899621963500976562e+00
1.249662876129150391e+00
1.985087871551513672e+00
2.738759517669677734e+00
3.288380861282348633e+00
2.543504238128662109e+00
2.648575305938720703e+00
2.454228162765502930e+00
2.797000885009765625e+00
2.496875286102294922e+00
2.821723222732543945e+00
2.913102388381958008e+00
2.716513872146606445e+00
2.967238903045654297e+00
2.461916923522949219e+00
2.254888296127319336e+00
2.562985420227050781e+00
2.510874509811401367e+00
2.477885007858276367e+00
1.916112780570983887e+00
8.172128200531005859e-01
9.474104046821594238e-01
7.027218341827392578e-01
3.637282252311706543e-01
2.741352021694183350e-01
2.944809496402740479e-01
3.980312943458557129e-01
1.085292100906372070e+00
2.893320024013519287e-01
2.871578633785247803e-01
3.832398653030395508e-01
4.025648832321166992e-01
3.392989635467529297e-01
2.594380676746368408e-01
4.139495193958282471e-01
3.182498812675476074e-01
2.878252863883972168e-01
2.962357103824615479e-01
4.259133636951446533e-01
2.703658044338226318e-01
2.163463085889816284e-01
3.377533257007598877e-01
2.923492789268493652e-01
3.096942007541656494e-01
2.978457510471343994e-01
3.172587454319000244e-01
2.169583737850189209e-01
3.372626900672912598e-01
2.479506283998489380e-01
3.420462310314178467e-01
2.681231200695037842e-01
2.726800143718719482e-01
2.989191412925720215e-01
2.585760354995727539e-01
2.303491532802581787e-01
3.449966311454772949e-01
3.983344435691833496e-01
2.453050315380096436e-01
2.705938518047332764e-01
4.418157041072845459e-01
5.035847425460815430e-01
4.099537432193756104e-01
4.803694784641265869e-01
6.554149985313415527e-01
5.529744625091552734e-01
1.574502587318420410e+00
1.626647830009460449e+00
1.597691059112548828e+00
1.596049189567565918e+00
2.622635126113891602e+00
2.340323448181152344e+00
2.077537059783935547e+00
2.056865215301513672e+00
2.585820198059082031e+00
2.105212688446044922e+00
1.919516444206237793e+00
1.914462685585021973e+00
2.120116949081420898e+00
1.723098516464233398e+00
1.669596195220947266e+00
1.818916559219360352e+00
2.465867757797241211e+00
1.437646031379699707e+00
1.713810920715332031e+00
2.465200424194335938e+00
1.665381669998168945e+00
1.871749758720397949e+00
1.895822644233703613e+00
1.045492529869079590e+00
1.093382954597473145e+00
1.230910658836364746e+00
1.878674507141113281e+00
9.115038514137268066e-01
1.238726615905761719e+00
9.859746098518371582e-01
9.106081128120422363e-01
2.188378572463989258e+00
1.502540111541748047e+00
2.101289987564086914e+00
1.485549092292785645e+00
2.229915380477905273e+00
2.759388685226440430e+00
1.426192283630371094e+00
4.787240624427795410e-01
5.838518738746643066e-01
6.398270726203918457e-01
5.072782039642333984e-01
6.887699961662292480e-01
1.620280742645263672e+00
9.521670937538146973e-01
4.500830471515655518e-01
3.815073072910308838e-01
5.285630226135253906e-01
5.441666245460510254e-01
6.727070212364196777e-01
9.373806118965148926e-01
5.227247476577758789e-01
5.162776708602905273e-01
5.306206941604614258e-01
4.989363253116607666e-01
5.595100522041320801e-01
5.430203080177307129e-01
5.425313115119934082e-01
5.630264282226562500e-01
6.023600697517395020e-01
5.296125411987304688e-01
5.956493020057678223e-01
1.438736915588378906e+00
5.497502684593200684e-01
7.134467363357543945e-01
8.510592579841613770e-01
8.382322788238525391e-01
2.608729362487792969e+00
2.548777818679809570e+00
2.869139432907104492e+00
2.898228645324707031e+00
2.956409692764282227e+00
2.609957695007324219e+00
2.871783494949340820e+00
2.733455657958984375e+00
2.873873949050903320e+00
2.967753648757934570e+00
2.496042490005493164e+00
2.949832439422607422e+00
2.034158229827880859e+00
2.303666830062866211e+00
2.450876474380493164e+00
2.395155668258666992e+00
2.765838146209716797e+00
2.612690687179565430e+00
2.956063270568847656e+00
3.831601858139038086e+00
3.865246534347534180e+00
3.883900403976440430e+00
3.460520029067993164e+00
2.986346721649169922e+00
2.204116582870483398e+00
2.429298162460327148e+00
2.540334224700927734e+00
2.523990154266357422e+00
2.457235813140869141e+00
2.590729713439941406e+00
2.142241239547729492e+00
2.116646289825439453e+00
2.145594596862792969e+00
2.077767133712768555e+00
2.114017724990844727e+00
2.162592649459838867e+00
1.859101176261901855e+00
5.665264129638671875e-01
6.630878448486328125e-01
7.772597670555114746e-01
7.964882850646972656e-01
6.540330052375793457e-01
1.076803565025329590e+00
1.032606363296508789e+00
7.292873859405517578e-01
6.310570240020751953e-01
5.217659473419189453e-01
5.617691874504089355e-01
4.238932430744171143e-01
3.759036362171173096e-01
3.130751848220825195e-01
3.595290184020996094e-01
3.735806643962860107e-01
3.190275132656097412e-01
3.838705718517303467e-01
4.534791111946105957e-01
2.319822311401367188e-01
3.055668175220489502e-01
2.905783355236053467e-01
3.536534607410430908e-01
3.080367147922515869e-01
3.073818981647491455e-01
4.048779904842376709e-01
3.909099698066711426e-01
2.839654386043548584e-01
3.074474036693572998e-01
3.835836052894592285e-01
4.151152670383453369e-01
3.481912612915039062e-01
3.984350264072418213e-01
4.267627894878387451e-01
3.575072884559631348e-01
3.586618006229400635e-01
3.861376345157623291e-01
5.160792469978332520e-01
4.295372068881988525e-01
4.209415018558502197e-01
4.778738319873809814e-01
6.615449190139770508e-01
4.900319874286651611e-01
4.805758893489837646e-01
1.794344425201416016e+00
2.305048465728759766e+00
2.757704734802246094e+00
2.543406486511230469e+00
2.735498905181884766e+00
2.780711412429809570e+00
2.942848682403564453e+00
3.076781034469604492e+00
1.842424511909484863e+00
2.514051675796508789e+00
1.491189122200012207e+00
2.897918462753295898e+00
1.805667757987976074e+00
1.625938177108764648e+00
1.318473458290100098e+00
1.491820454597473145e+00
1.381819963455200195e+00
1.372925519943237305e+00
1.780600666999816895e+00
4.299763202667236328e+00
3.603398084640502930e+00
3.467671394348144531e+00
2.638056039810180664e+00
1.863826155662536621e+00
1.771449089050292969e+00
2.041298866271972656e+00
4.170532226562500000e+00
5.021686077117919922e+00
3.414917707443237305e+00
2.604911565780639648e+00
2.694052219390869141e+00
1.815587043762207031e+00
1.474144697189331055e+00
1.912625908851623535e+00
2.127660751342773438e+00
1.512755155563354492e+00
1.260396242141723633e+00
1.838297128677368164e+00
1.925831675529479980e+00
1.651477813720703125e+00
1.680190682411193848e+00
2.867899179458618164e+00
2.686993360519409180e+00
2.916898012161254883e+00
2.708595514297485352e+00
1.898280739784240723e+00
1.222510695457458496e+00
1.493554115295410156e+00
1.503626346588134766e+00
2.078777074813842773e+00
1.745284199714660645e+00
1.479869484901428223e+00
1.658672809600830078e+00
1.523764848709106445e+00
1.612819790840148926e+00
1.489831328392028809e+00
1.573112368583679199e+00
1.731505036354064941e+00
1.835006117820739746e+00
1.567830204963684082e+00
1.651928901672363281e+00
1.641698002815246582e+00
1.614986538887023926e+00
8.377383351325988770e-01
6.992229819297790527e-01
1.788047313690185547e+00
1.620135784149169922e+00
1.608031392097473145e+00
2.160617113113403320e+00
2.015711069107055664e+00
2.000226497650146484e+00
1.426538825035095215e+00
1.966513872146606445e+00
1.734091162681579590e+00
1.499172568321228027e+00
1.298505425453186035e+00
1.140295028686523438e+00
1.093174815177917480e+00
5.188613533973693848e-01
3.798616230487823486e-01
5.003772377967834473e-01
6.866607666015625000e-01
4.291874468326568604e-01
3.949773013591766357e-01
4.068473875522613525e-01
4.726824164390563965e-01
4.142049849033355713e-01
4.304052591323852539e-01
4.411866366863250732e-01
4.154929816722869873e-01
5.545886158943176270e-01
9.619548916816711426e-01
3.815053701400756836e-01
3.695031702518463135e-01
5.616685748100280762e-01
2.659325301647186279e-01
3.443478345870971680e-01
4.187928438186645508e-01
1.279494524002075195e+00
1.446846365928649902e+00
1.274914145469665527e+00
1.004533529281616211e+00
1.222767233848571777e+00
2.566820085048675537e-01
8.942137360572814941e-01
6.931607723236083984e-01
4.958603978157043457e-01
9.783546924591064453e-01
6.632254123687744141e-01
3.677752614021301270e-01
4.395269751548767090e-01
5.598809123039245605e-01
4.193498194217681885e-01
3.843398392200469971e-01
3.759291470050811768e-01
3.946598768234252930e-01
3.198437690734863281e-01
3.979644179344177246e-01
4.751958847045898438e-01
5.693824887275695801e-01
3.391446471214294434e-01
4.084535837173461914e-01
4.955424368381500244e-01
5.069262981414794922e-01
4.449308216571807861e-01
5.523571968078613281e-01
4.117186367511749268e-01
4.583714902400970459e-01
3.452202975749969482e-01
3.650586903095245361e-01
4.329003989696502686e-01
5.644547939300537109e-01
4.632471501827239990e-01
5.286063551902770996e-01
4.317705631256103516e-01
5.709029436111450195e-01
4.480316936969757080e-01
4.026712179183959961e-01
4.110273718833923340e-01
4.565654397010803223e-01
1.226658344268798828e+00
1.478778243064880371e+00
1.438587069511413574e+00
1.152875542640686035e+00
1.204354166984558105e+00
3.059889376163482666e-01
4.999894201755523682e-01
1.187229871749877930e+00
4.684415757656097412e-01
4.242501258850097656e-01
1.415672421455383301e+00
8.105922341346740723e-01
8.518220782279968262e-01
8.062209486961364746e-01
8.316977620124816895e-01
8.834378719329833984e-01
1.022279381752014160e+00
1.163846850395202637e+00
1.218107342720031738e+00
1.530454754829406738e+00
8.963654041290283203e-01
1.105152368545532227e+00
1.168725013732910156e+00
1.205888032913208008e+00
1.141858458518981934e+00
1.100725173950195312e+00
1.575707554817199707e+00
1.875585198402404785e+00
1.797396540641784668e+00
1.798460006713867188e+00
2.032616138458251953e+00
2.789215326309204102e+00
1.611456990242004395e+00
1.928018689155578613e+00
2.832732439041137695e+00
2.532579183578491211e+00
2.826012372970581055e+00
2.469535589218139648e+00
2.030847787857055664e+00
1.722990989685058594e+00
6.123794317245483398e-01
8.523740768432617188e-01
7.974275946617126465e-01
6.254980564117431641e-01
5.135158896446228027e-01
1.759684562683105469e+00
1.591345667839050293e+00
2.754952192306518555e+00
2.364141702651977539e+00
1.667803287506103516e+00
1.521300196647644043e+00
9.132778048515319824e-01
1.136835932731628418e+00
2.009597778320312500e+00
3.235317468643188477e+00
2.337368965148925781e+00
2.838840723037719727e+00
3.590090036392211914e+00
1.513220548629760742e+00
1.731881976127624512e+00
2.009454250335693359e+00
1.890041947364807129e+00
2.448692321777343750e+00
3.070013999938964844e+00
3.812502622604370117e+00
3.252001762390136719e+00
2.462960243225097656e+00
2.566251754760742188e+00
2.330575942993164062e+00
2.321971893310546875e+00
2.160473346710205078e+00
2.779176473617553711e+00
1.888725996017456055e+00
1.201173305511474609e+00
1.265597581863403320e+00
1.640250444412231445e+00
1.477465867996215820e+00
1.808926463127136230e+00
2.100044727325439453e+00
1.874124288558959961e+00
6.768050789833068848e-01
5.946971178054809570e-01
1.699227809906005859e+00
2.727285861968994141e+00
2.004890918731689453e+00
2.164250373840332031e+00
2.170433044433593750e+00
1.498610377311706543e+00
1.352894425392150879e+00
1.369437932968139648e+00
1.528243660926818848e+00
8.813207745552062988e-01
7.181779146194458008e-01
7.099542021751403809e-01
5.730664134025573730e-01
7.245312333106994629e-01
6.086900830268859863e-01
5.870122313499450684e-01
4.927033483982086182e-01
7.491877079010009766e-01
5.378612279891967773e-01
3.905163407325744629e-01
3.268173635005950928e-01
4.228684008121490479e-01
3.552043139934539795e-01
2.498438209295272827e-01
2.615412175655364990e-01
3.261249959468841553e-01
2.693039476871490479e-01
1.012206315994262695e+00
1.258631825447082520e+00
1.373148679733276367e+00
5.061393380165100098e-01
2.506134808063507080e-01
2.738424539566040039e-01
3.017272651195526123e-01
3.956924080848693848e-01
2.287072986364364624e-01
2.267499715089797974e-01
3.159063458442687988e-01
3.849590122699737549e-01
3.132086694240570068e-01
3.371993601322174072e-01
3.786473572254180908e-01
4.520578980445861816e-01
3.758575916290283203e-01
3.524087965488433838e-01
4.125324487686157227e-01
4.390703439712524414e-01
3.878510296344757080e-01
3.740674555301666260e-01
4.237685501575469971e-01
3.423913419246673584e-01
4.279246926307678223e-01
2.858282029628753662e-01
3.076732754707336426e-01
4.078749716281890869e-01
5.545625686645507812e-01
3.855902552604675293e-01
3.365903198719024658e-01
5.076011419296264648e-01
5.148926973342895508e-01
3.382066786289215088e-01
3.822676539421081543e-01
5.686789155006408691e-01
5.095527172088623047e-01
5.280427932739257812e-01
5.337163209915161133e-01
1.854578852653503418e+00
2.003053426742553711e+00
2.318934679031372070e+00
2.456255674362182617e+00
2.302302360534667969e+00
2.532938241958618164e+00
2.601792335510253906e+00
2.438630104064941406e+00
1.986587762832641602e+00
2.446083784103393555e+00
2.077640771865844727e+00
1.769038438796997070e+00
2.478377103805541992e+00
2.714914560317993164e+00
1.496756672859191895e+00
1.659606456756591797e+00
1.608600616455078125e+00
1.457667827606201172e+00
1.321241617202758789e+00
1.710064530372619629e+00
2.868211507797241211e+00
1.890469789505004883e+00
1.183984875679016113e+00
1.392594814300537109e+00
1.588603854179382324e+00
1.294923305511474609e+00
1.293982028961181641e+00
1.663629055023193359e+00
1.506198167800903320e+00
1.456466436386108398e+00
1.431796550750732422e+00
1.351054191589355469e+00
1.485571503639221191e+00
1.426354289054870605e+00
1.710521817207336426e+00
1.728934526443481445e+00
1.038737893104553223e+00
7.892852425575256348e-01
1.031347990036010742e+00
6.578251123428344727e-01
8.485199809074401855e-01
9.913329482078552246e-01
1.132658958435058594e+00
1.284127950668334961e+00
1.229655027389526367e+00
9.362839460372924805e-01
1.052754998207092285e+00
1.515757083892822266e+00
1.646141648292541504e+00
1.656817793846130371e+00
1.848829627037048340e+00
2.358677387237548828e+00
1.636093735694885254e+00
1.586324930191040039e+00
1.867296695709228516e+00
7.596355080604553223e-01
1.156308054924011230e+00
1.187643289566040039e+00
1.140866756439208984e+00
1.471268296241760254e+00
1.822021245956420898e+00
2.765572786331176758e+00
2.749595642089843750e+00
3.056531429290771484e+00
3.135401487350463867e+00
1.918669223785400391e+00
1.695504188537597656e+00
1.992638707160949707e+00
2.524847030639648438e+00
2.662037611007690430e+00
2.287744760513305664e+00
2.456498384475708008e+00
2.410687446594238281e+00
3.151106357574462891e+00
2.561262607574462891e+00
2.918074369430541992e+00
2.529927730560302734e+00
2.644231319427490234e+00
1.723464965820312500e+00
2.410950660705566406e+00
3.336635112762451172e+00
1.585812687873840332e+00
1.848589777946472168e+00
8.700799942016601562e-01
8.715143203735351562e-01
9.771100282669067383e-01
1.274951100349426270e+00
2.194576740264892578e+00
1.796924233436584473e+00
6.842325329780578613e-01
6.446865200996398926e-01
3.583887815475463867e-01
3.770367503166198730e-01
5.071337819099426270e-01
4.246785342693328857e-01
3.816353082656860352e-01
2.886289358139038086e-01
4.246656596660614014e-01
2.344167679548263550e-01
5.370383858680725098e-01
8.961464166641235352e-01
7.138658165931701660e-01
6.611738204956054688e-01
5.885666012763977051e-01
6.862381100654602051e-01
6.742074489593505859e-01
7.660655975341796875e-01
7.731128931045532227e-01
7.732680439949035645e-01
1.012436628341674805e+00
1.565286278724670410e+00
1.476384878158569336e+00
7.309385538101196289e-01
3.379301130771636963e-01
3.800178468227386475e-01
3.966585993766784668e-01
2.602398097515106201e-01
2.453820556402206421e-01
2.681916654109954834e-01
3.782271742820739746e-01
3.395475745201110840e-01
2.919008433818817139e-01
3.920935094356536865e-01
3.799871504306793213e-01
3.570821583271026611e-01
3.145684897899627686e-01
3.171507418155670166e-01
4.488767385482788086e-01
3.744955956935882568e-01
4.311387538909912109e-01
4.662679731845855713e-01
5.103516578674316406e-01
5.233661532402038574e-01
6.293077468872070312e-01
4.706223011016845703e-01
5.803045034408569336e-01
5.841097831726074219e-01
6.691684126853942871e-01
5.716232657432556152e-01
5.635330080986022949e-01
3.980247080326080322e-01
4.209982454776763916e-01
4.854424893856048584e-01
5.385615825653076172e-01
1.542341351509094238e+00
2.071165561676025391e+00
2.185566425323486328e+00
2.028659820556640625e+00
2.490962505340576172e+00
1.587824344635009766e+00
2.047056436538696289e+00
1.713274478912353516e+00
1.530614256858825684e+00
1.582472801208496094e+00
1.617606639862060547e+00
1.738558173179626465e+00
1.636002182960510254e+00
8.115992546081542969e-01
8.332532644271850586e-01
1.074888110160827637e+00
9.760777950286865234e-01
9.088650941848754883e-01
7.197260260581970215e-01
4.396982789039611816e-01
3.788162171840667725e-01
4.470696151256561279e-01
4.052965342998504639e-01
5.218421220779418945e-01
6.126590371131896973e-01
6.466504335403442383e-01
5.158602595329284668e-01
1.498860836029052734e+00
1.607556343078613281e+00
1.640630364418029785e+00
7.491924166679382324e-01
8.336896300315856934e-01
1.210005044937133789e+00
1.730107188224792480e+00
9.001753926277160645e-01
5.972900390625000000e-01
1.418743968009948730e+00
1.815206885337829590e+00
1.878858447074890137e+00
1.796589851379394531e+00
2.292319297790527344e+00
2.235611677169799805e+00
2.131660938262939453e+00
2.381409883499145508e+00
1.824425101280212402e+00
1.662260532379150391e+00
1.465263843536376953e+00
2.375072956085205078e+00
2.334398746490478516e+00
2.474476099014282227e+00
3.200523614883422852e+00
2.858787536621093750e+00
1.142989635467529297e+00
1.100865006446838379e+00
1.572049975395202637e+00
2.351861238479614258e+00
2.305758476257324219e+00
3.117847442626953125e+00
3.314334392547607422e+00
3.790644645690917969e+00
2.770737171173095703e+00
2.814379930496215820e+00
3.567846059799194336e+00
3.424655675888061523e+00
2.981906890869140625e+00
2.046743631362915039e+00
2.289874792098999023e+00
1.361582279205322266e+00
1.781772971153259277e+00
1.925681471824645996e+00
1.884122490882873535e+00
1.893294930458068848e+00
1.807783484458923340e+00
2.444970607757568359e+00
2.595134496688842773e+00
2.817514419555664062e+00
2.284862279891967773e+00
1.805953025817871094e+00
1.841144204139709473e+00
1.882377862930297852e+00
1.740631461143493652e+00
1.845371603965759277e+00
1.851876020431518555e+00
1.730459094047546387e+00
1.735923767089843750e+00
1.869956612586975098e+00
1.899823904037475586e+00
1.646358132362365723e+00
1.766473650932312012e+00
1.886246800422668457e+00
1.711813926696777344e+00
1.662690877914428711e+00
1.748312234878540039e+00
1.784823417663574219e+00
1.561493873596191406e+00
1.658732056617736816e+00
1.806830763816833496e+00
1.656433463096618652e+00
1.608122587203979492e+00
1.838522195816040039e+00
1.773669838905334473e+00
1.787646889686584473e+00
1.927585363388061523e+00
1.966861963272094727e+00
1.806416869163513184e+00
2.803168773651123047e+00
1.726160645484924316e+00
1.670098900794982910e+00
1.543774604797363281e+00
1.773017764091491699e+00
1.813086986541748047e+00
1.644350171089172363e+00
1.643564820289611816e+00
1.714708566665649414e+00
1.587200164794921875e+00
1.683274030685424805e+00
1.671289086341857910e+00
1.745832204818725586e+00
7.788336277008056641e-01
5.341943502426147461e-01
6.660711169242858887e-01
5.456138253211975098e-01
5.153896212577819824e-01
1.317088246345520020e+00
1.342339515686035156e+00
3.521157801151275635e-01
3.459718823432922363e-01
4.387274384498596191e-01
3.707867860794067383e-01
3.394146263599395752e-01
6.003382802009582520e-01
4.587930440902709961e-01
3.085166811943054199e-01
3.907951116561889648e-01
4.387507438659667969e-01
3.938691020011901855e-01
3.985276818275451660e-01
4.262230992317199707e-01
3.910113573074340820e-01
3.721120357513427734e-01
3.951483368873596191e-01
3.481950759887695312e-01
3.815073072910308838e-01
2.894926369190216064e-01
3.775317966938018799e-01
3.537280261516571045e-01
3.937858045101165771e-01
3.165348470211029053e-01
2.287007272243499756e-01
3.256661593914031982e-01
3.743692338466644287e-01
3.345863819122314453e-01
2.786649465560913086e-01
3.609176278114318848e-01
3.583887815475463867e-01
1.378824949264526367e+00
9.629248976707458496e-01
4.459427893161773682e-01
5.615778565406799316e-01
1.349575400352478027e+00
1.163192033767700195e+00
1.486032605171203613e+00
1.635299682617187500e+00
1.707147598266601562e+00
1.423457980155944824e+00
1.355813264846801758e+00
1.507959246635437012e+00
1.157743334770202637e+00
4.733780622482299805e-01
5.666568875312805176e-01
5.837405920028686523e-01
5.295914411544799805e-01
6.129314899444580078e-01
6.072822809219360352e-01
2.200091838836669922e+00
1.801308512687683105e+00
1.720537543296813965e+00
1.698513269424438477e+00
1.557824015617370605e+00
1.453036069869995117e+00
6.468527317047119141e-01
1.043439269065856934e+00
9.632537961006164551e-01
1.037606477737426758e+00
1.109439253807067871e+00
1.965785026550292969e+00
1.688409686088562012e+00
1.710121631622314453e+00
1.980202555656433105e+00
1.792227387428283691e+00
1.800195932388305664e+00
1.421600103378295898e+00
8.504534959793090820e-01
1.990839838981628418e+00
3.786908864974975586e+00
3.857747077941894531e+00
3.091677665710449219e+00
3.538407564163208008e+00
3.567713022232055664e+00
3.544350147247314453e+00
3.842910766601562500e+00
2.516459465026855469e+00
2.350879192352294922e+00
2.523061513900756836e+00
2.452022790908813477e+00
2.221952915191650391e+00
2.274467468261718750e+00
2.327072381973266602e+00
2.487109661102294922e+00
2.244792699813842773e+00
2.643506050109863281e+00
2.784588098526000977e+00
2.738127946853637695e+00
2.667702913284301758e+00
2.789435625076293945e+00
2.595367431640625000e+00
2.014813184738159180e+00
1.980774402618408203e+00
1.968354463577270508e+00
2.197318315505981445e+00
1.278654694557189941e+00
1.210722565650939941e+00
1.255897998809814453e+00
2.098978281021118164e+00
1.874262690544128418e+00
2.994774341583251953e+00
3.263414859771728516e+00
2.087699174880981445e+00
2.919346332550048828e+00
2.913561582565307617e+00
2.955855131149291992e+00
2.433944225311279297e+00
1.898794412612915039e+00
3.351854085922241211e+00
2.993858575820922852e+00
1.371527314186096191e+00
1.370352268218994141e+00
1.179738521575927734e+00
9.304018020629882812e-01
8.152406811714172363e-01
1.123993039131164551e+00
5.359880924224853516e-01
4.228420853614807129e-01
3.463802933692932129e-01
4.044333994388580322e-01
3.928360342979431152e-01
3.504561185836791992e-01
3.194364607334136963e-01
3.135959804058074951e-01
3.189721405506134033e-01
2.394486516714096069e-01
2.506685853004455566e-01
2.424867600202560425e-01
2.331474125385284424e-01
1.691784411668777466e-01
1.913877725601196289e-01
3.457520604133605957e-01
2.727033197879791260e-01
3.478201329708099365e-01
3.202905356884002686e-01
3.654026687145233154e-01
3.592135608196258545e-01
3.694587647914886475e-01
4.431527554988861084e-01
3.865852355957031250e-01
2.529430389404296875e-01
3.197916746139526367e-01
4.212863147258758545e-01
4.981940686702728271e-01
3.818734884262084961e-01
1.265121936798095703e+00
1.284474611282348633e+00
1.164626479148864746e+00
2.924016416072845459e-01
2.987733185291290283e-01
2.404754310846328735e-01
3.655098378658294678e-01
3.639954626560211182e-01
2.690007984638214111e-01
4.960530996322631836e-01
2.873944044113159180e-01
4.035894572734832764e-01
5.097675919532775879e-01
6.108433604240417480e-01
5.935437083244323730e-01
6.365134716033935547e-01
7.084548473358154297e-01
7.534337639808654785e-01
2.285244226455688477e+00
1.973191738128662109e+00
2.011687755584716797e+00
2.013507366180419922e+00
2.188180685043334961e+00
2.335995197296142578e+00
3.542433500289916992e+00
2.542674541473388672e+00
1.558769702911376953e+00
2.186039924621582031e+00
1.680961966514587402e+00
1.190039753913879395e+00
1.603687763214111328e+00
2.314925670623779297e+00
1.383094549179077148e+00
1.419108271598815918e+00
1.601613879203796387e+00
1.433333992958068848e+00
1.235023856163024902e+00
1.468825459480285645e+00
1.244795203208923340e+00
1.372582077980041504e+00
1.403944373130798340e+00
1.309400081634521484e+00
1.186683058738708496e+00
1.190047979354858398e+00
1.539521932601928711e+00
1.302587866783142090e+00
1.145610570907592773e+00
1.236691117286682129e+00
1.462735056877136230e+00
2.460507869720458984e+00
4.344167709350585938e+00
3.764347791671752930e+00
3.118450641632080078e+00
2.178797721862792969e+00
1.681947588920593262e+00
1.784297466278076172e+00
3.097127676010131836e+00
3.155190229415893555e+00
3.161306619644165039e+00
3.205469608306884766e+00
2.442832708358764648e+00
8.024109601974487305e-01
5.722380876541137695e-01
5.755998492240905762e-01
6.259097456932067871e-01
4.773840010166168213e-01
6.366754770278930664e-01
5.240919589996337891e-01
5.300604104995727539e-01
3.942605257034301758e-01
3.610354661941528320e-01
4.180020689964294434e-01
4.622743725776672363e-01
4.704427421092987061e-01
3.724237084388732910e-01
6.151754856109619141e-01
4.724003672599792480e-01
6.009626984596252441e-01
6.346043944358825684e-01
6.819369792938232422e-01
1.267693281173706055e+00
8.607403635978698730e-01
8.433008790016174316e-01
9.050044417381286621e-01
1.009279012680053711e+00
1.126131296157836914e+00
1.107100963592529297e+00
1.264466643333435059e+00
1.256923437118530273e+00
1.610292434692382812e+00
1.816230893135070801e+00
1.617952585220336914e+00
1.692923903465270996e+00
1.592141389846801758e+00
1.522376537322998047e+00
2.375220775604248047e+00
1.118734478950500488e+00
2.363013982772827148e+00
2.392417907714843750e+00
3.002860546112060547e+00
2.372461557388305664e+00
3.517363309860229492e+00
2.818303346633911133e+00
1.277477264404296875e+00
1.253154039382934570e+00
1.356634497642517090e+00
1.115727663040161133e+00
1.450048685073852539e+00
1.955295085906982422e+00
1.949756026268005371e+00
1.518042564392089844e+00
6.623362302780151367e-01
1.066345930099487305e+00
1.005005240440368652e+00
5.796663761138916016e-01
5.050067901611328125e-01
1.041618704795837402e+00
7.417207360267639160e-01
3.695538938045501709e-01
3.593569099903106689e-01
2.695212960243225098e-01
4.537998139858245850e-01
3.749530613422393799e-01
3.095618188381195068e-01
2.469109743833541870e-01
2.750728726387023926e-01
3.077157437801361084e-01
2.707500755786895752e-01
2.241983860731124878e-01
3.020665943622589111e-01
2.787748575210571289e-01
2.331175357103347778e-01
2.969705760478973389e-01
3.487753570079803467e-01
3.776606023311614990e-01
7.307850718498229980e-01
1.387255311012268066e+00
1.190935969352722168e+00
1.063217043876647949e+00
3.525008857250213623e-01
3.217906951904296875e-01
3.014970123767852783e-01
3.262017369270324707e-01
2.744701504707336426e-01
3.237019777297973633e-01
3.652080595493316650e-01
3.135482966899871826e-01
3.505819141864776611e-01
3.441071808338165283e-01
3.553789258003234863e-01
2.401136159896850586e-01
3.097248971462249756e-01
4.107483327388763428e-01
4.375027716159820557e-01
3.745616674423217773e-01
3.891058564186096191e-01
4.905179738998413086e-01
5.543583631515502930e-01
6.399602293968200684e-01
5.031708478927612305e-01
5.447646975517272949e-01
1.935296297073364258e+00
2.187993288040161133e+00
2.571814775466918945e+00
2.634822130203247070e+00
2.772078037261962891e+00
2.615618944168090820e+00
2.281670093536376953e+00
2.256155967712402344e+00
2.044563055038452148e+00
2.370960712432861328e+00
1.616196990013122559e+00
1.435711979866027832e+00
1.431002497673034668e+00
1.501962304115295410e+00
1.521196365356445312e+00
1.594454765319824219e+00
1.506718993186950684e+00
1.502093553543090820e+00
1.811774969100952148e+00
1.770365595817565918e+00
1.411906838417053223e+00
1.318180799484252930e+00
1.631273746490478516e+00
1.539663910865783691e+00
1.593344926834106445e+00
1.380671262741088867e+00
1.387250661849975586e+00
1.394899964332580566e+00
1.472100973129272461e+00
9.295192360877990723e-01
3.943594694137573242e-01
4.763723313808441162e-01
3.117227852344512939e-01
3.974090814590454102e-01
3.788022398948669434e-01
3.887275755405426025e-01
3.677555322647094727e-01
4.947730600833892822e-01
4.589388668537139893e-01
4.483345746994018555e-01
4.632309675216674805e-01
4.560992121696472168e-01
4.141666293144226074e-01
3.256258666515350342e-01
2.938118577003479004e-01
3.613432943820953369e-01
3.977292478084564209e-01
3.717902600765228271e-01
3.612495362758636475e-01
3.648901283740997314e-01
4.120947122573852539e-01
3.511901497840881348e-01
2.773972451686859131e-01
3.657115995883941650e-01
3.332885503768920898e-01
3.198517262935638428e-01
2.727485299110412598e-01
2.928278446197509766e-01
3.547008037567138672e-01
3.499270975589752197e-01
3.539760708808898926e-01
1.566037416458129883e+00
7.808202505111694336e-01
1.022025346755981445e+00
1.243548870086669922e+00
1.180910587310791016e+00
1.015279293060302734e+00
2.159772396087646484e+00
2.351432561874389648e+00
2.277908563613891602e+00
2.634402275085449219e+00
1.863057255744934082e+00
1.891548156738281250e+00
2.494801521301269531e+00
1.896860122680664062e+00
1.957561612129211426e+00
2.000347614288330078e+00
1.967195868492126465e+00
1.955789804458618164e+00
2.698299169540405273e+00
2.090241909027099609e+00
1.747624158859252930e+00
1.696841001510620117e+00
1.826058745384216309e+00
2.659420251846313477e+00
2.584929227828979492e+00
2.836348295211791992e+00
2.491916894912719727e+00
2.489124059677124023e+00
2.554672718048095703e+00
2.556108474731445312e+00
2.203244686126708984e+00
1.530671596527099609e+00
9.412999749183654785e-01
9.474328756332397461e-01
7.462477684020996094e-01
6.574353575706481934e-01
5.670178532600402832e-01
5.011880397796630859e-01
8.280465006828308105e-01
6.027457118034362793e-01
4.527985155582427979e-01
4.208899736404418945e-01
5.002657175064086914e-01
5.072903037071228027e-01
4.256778955459594727e-01
4.828736484050750732e-01
4.597685635089874268e-01
4.199163615703582764e-01
3.655805587768554688e-01
3.443248271942138672e-01
3.696141839027404785e-01
4.164769947528839111e-01
3.545327782630920410e-01
2.884992957115173340e-01
3.199821710586547852e-01
3.758515715599060059e-01
3.814606964588165283e-01
2.308005839586257935e-01
3.262875378131866455e-01
3.680595159530639648e-01
3.986255526542663574e-01
2.830976545810699463e-01
2.596984505653381348e-01
3.059053421020507812e-01
4.473382234573364258e-01
3.548825383186340332e-01
3.537159562110900879e-01
4.314660429954528809e-01
4.811421632766723633e-01
5.153978466987609863e-01
4.278410971164703369e-01
4.251231253147125244e-01
1.369462609291076660e+00
1.610585689544677734e+00
1.281862258911132812e+00
1.153854131698608398e+00
3.816405236721038818e-01
4.292584359645843506e-01
5.602526068687438965e-01
4.650380909442901611e-01
5.354497432708740234e-01
5.042064189910888672e-01
6.193442344665527344e-01
7.938037514686584473e-01
2.322012186050415039e+00
2.538210153579711914e+00
2.480686426162719727e+00
2.379573345184326172e+00
2.461960554122924805e+00
2.834664583206176758e+00
2.652745962142944336e+00
2.227072238922119141e+00
1.599002242088317871e+00
1.599498391151428223e+00
1.458798408508300781e+00
1.337239027023315430e+00
1.488403558731079102e+00
1.552864432334899902e+00
1.319635152816772461e+00
1.347288012504577637e+00
1.499398112297058105e+00
1.260336756706237793e+00
1.364642858505249023e+00
1.266182780265808105e+00
1.396751761436462402e+00
1.376078486442565918e+00
1.613653659820556641e+00
1.455355763435363770e+00
1.424584150314331055e+00
1.479959607124328613e+00
1.447191834449768066e+00
1.334461927413940430e+00
1.359890818595886230e+00
1.422053217887878418e+00
1.398982048034667969e+00
1.358477830886840820e+00
1.478398680686950684e+00
1.529067277908325195e+00
1.376307606697082520e+00
1.401897668838500977e+00
1.800933480262756348e+00
1.294574856758117676e+00
1.383774876594543457e+00
8.172193765640258789e-01
3.741359710693359375e-01
4.106217026710510254e-01
3.090158104896545410e-01
2.678709626197814941e-01
3.360791206359863281e-01
3.978427052497863770e-01
3.066141605377197266e-01
2.689188420772552490e-01
3.081622719764709473e-01
4.388644695281982422e-01
3.297403454780578613e-01
2.370552271604537964e-01
3.087077140808105469e-01
4.147797822952270508e-01
1.068922996520996094e+00
7.587476968765258789e-01
8.971915841102600098e-01
8.314313888549804688e-01
9.950790405273437500e-01
9.060594439506530762e-01
8.581528663635253906e-01
8.279522061347961426e-01
9.610070586204528809e-01
1.241005778312683105e+00
1.212830901145935059e+00
1.182947635650634766e+00
1.328009128570556641e+00
1.367719292640686035e+00
1.616869091987609863e+00
1.763533711433410645e+00
2.004015207290649414e+00
1.919479727745056152e+00
1.929348707199096680e+00
1.842637777328491211e+00
1.415923833847045898e+00
1.375360369682312012e+00
2.757614135742187500e+00
2.321215391159057617e+00
3.131780385971069336e+00
4.263928413391113281e+00
2.730534315109252930e+00
2.423145055770874023e+00
2.443509101867675781e+00
1.756968975067138672e+00
1.044832229614257812e+00
1.487281680107116699e+00
2.229028940200805664e+00
1.957187175750732422e+00
1.298377752304077148e+00
1.373563051223754883e+00
1.340409517288208008e+00
1.044443845748901367e+00
1.301769733428955078e+00
1.202432155609130859e+00
9.886739253997802734e-01
6.908306479454040527e-01
8.610410690307617188e-01
7.361020445823669434e-01
6.383562088012695312e-01
5.454595088958740234e-01
5.539749264717102051e-01
5.243158936500549316e-01
5.386303663253784180e-01
4.349056780338287354e-01
4.754751920700073242e-01
5.405085086822509766e-01
4.781569540500640869e-01
4.024193286895751953e-01
5.189997553825378418e-01
4.449047744274139404e-01
5.068964362144470215e-01
4.390122294425964355e-01
4.504629373550415039e-01
3.962578773498535156e-01
4.584586322307586670e-01
4.523470997810363770e-01
4.539738595485687256e-01
3.904587924480438232e-01
4.165444076061248779e-01
4.565879404544830322e-01
4.991484880447387695e-01
1.495457172393798828e+00
1.200502514839172363e+00
1.323635578155517578e+00
1.166258692741394043e+00
3.754404187202453613e-01
3.886365890502929688e-01
5.405608415603637695e-01
4.996339082717895508e-01
5.412151217460632324e-01
5.599647760391235352e-01
5.559900999069213867e-01
6.009681820869445801e-01
5.190693736076354980e-01
5.013999342918395996e-01
5.524391531944274902e-01
5.128859877586364746e-01
5.719387531280517578e-01
5.628252625465393066e-01
5.108497142791748047e-01
3.600893020629882812e-01
6.608514785766601562e-01
6.453596949577331543e-01
6.807002425193786621e-01
2.149165630340576172e+00
2.496423482894897461e+00
2.593166112899780273e+00
2.442641735076904297e+00
2.541070222854614258e+00
2.629917144775390625e+00
2.598350763320922852e+00
2.017163515090942383e+00
1.970651388168334961e+00
1.327403068542480469e+00
1.526959776878356934e+00
1.519984245300292969e+00
1.368143558502197266e+00
1.419746637344360352e+00
1.286710977554321289e+00
1.408694744110107422e+00
1.275084853172302246e+00
1.306149482727050781e+00
1.341982603073120117e+00
1.388267278671264648e+00
1.323352932929992676e+00
1.252184867858886719e+00
1.147253513336181641e+00
1.320374846458435059e+00
1.313986778259277344e+00
1.236862421035766602e+00
1.201140165328979492e+00
1.285879373550415039e+00
1.346392035484313965e+00
1.324378132820129395e+00
1.217446208000183105e+00
1.306947350502014160e+00
1.351107835769653320e+00
1.302758574485778809e+00
1.290409922599792480e+00
1.301974415779113770e+00
2.353622436523437500e+00
1.334980249404907227e+00
1.208025455474853516e+00
8.037483096122741699e-01
7.642291188240051270e-01
1.393485546112060547e+00
4.603079855442047119e-01
4.477088153362274170e-01
3.630835413932800293e-01
9.494239091873168945e-01
4.107954800128936768e-01
3.400179147720336914e-01
3.695966601371765137e-01
3.644247055053710938e-01
2.921171188354492188e-01
2.961918711662292480e-01
3.846703767776489258e-01
3.143968880176544189e-01
4.305486381053924561e-01
3.584690988063812256e-01
4.029541015625000000e-01
3.265021443367004395e-01
4.488484859466552734e-01
4.941439926624298096e-01
6.102145910263061523e-01
5.534070134162902832e-01
6.565914154052734375e-01
6.811369061470031738e-01
6.821381449699401855e-01
7.211793065071105957e-01
6.749389767646789551e-01
6.704835295677185059e-01
9.130100011825561523e-01
3.038530349731445312e+00
3.595701217651367188e+00
3.056965351104736328e+00
2.943950653076171875e+00
3.344468355178833008e+00
2.221937417984008789e+00
2.319579839706420898e+00
2.908844947814941406e+00
2.895637273788452148e+00
2.553588151931762695e+00
3.419644117355346680e+00
2.837419986724853516e+00
1.467695116996765137e+00
1.675700664520263672e+00
1.899996638298034668e+00
1.817708611488342285e+00
2.755247592926025391e+00
1.490269899368286133e+00
2.748849153518676758e+00
2.215277910232543945e+00
9.390885233879089355e-01
1.223950862884521484e+00
1.570335745811462402e+00
7.151864171028137207e-01
7.137874364852905273e-01
1.340249180793762207e+00
8.320987820625305176e-01
7.059391736984252930e-01
1.000652313232421875e+00
5.908460021018981934e-01
2.822953760623931885e-01
3.560633361339569092e-01
4.800750911235809326e-01
4.541468024253845215e-01
2.647171914577484131e-01
3.873058557510375977e-01
4.446120560169219971e-01
3.180958330631256104e-01
3.636319935321807861e-01
3.135225176811218262e-01
3.019923269748687744e-01
3.451673984527587891e-01
2.956776618957519531e-01
3.551906049251556396e-01
2.861667275428771973e-01
2.621288895606994629e-01
3.401240110397338867e-01
2.518800795078277588e-01
1.192035913467407227e+00
1.173008918762207031e+00
9.733272194862365723e-01
3.749484121799468994e-01
1.701027005910873413e-01
3.243592679500579834e-01
2.612819373607635498e-01
2.991976141929626465e-01
3.668183982372283936e-01
3.043736815452575684e-01
2.727778553962707520e-01
4.326399862766265869e-01
4.730913639068603516e-01
3.657195270061492920e-01
3.531491160392761230e-01
3.666191101074218750e-01
4.043270349502563477e-01
3.315737843513488770e-01
3.515470325946807861e-01
4.787405133247375488e-01
4.384900629520416260e-01
4.207175672054290771e-01
5.079160332679748535e-01
5.303213596343994141e-01
4.072681069374084473e-01
4.665242433547973633e-01
1.509023070335388184e+00
1.982188940048217773e+00
2.224548101425170898e+00
2.464548349380493164e+00
2.590429782867431641e+00
1.981379270553588867e+00
1.993650674819946289e+00
2.188791036605834961e+00
1.923998236656188965e+00
1.717819571495056152e+00
1.535884380340576172e+00
1.648294687271118164e+00
1.508451342582702637e+00
1.456376314163208008e+00
1.554376721382141113e+00
1.443684935569763184e+00
1.511820554733276367e+00
1.381251215934753418e+00
1.403431773185729980e+00
1.246177434921264648e+00
1.444950819015502930e+00
1.336568832397460938e+00
1.261850118637084961e+00
1.258534908294677734e+00
1.321105360984802246e+00
1.246595978736877441e+00
1.262153267860412598e+00
1.382324576377868652e+00
1.396437406539916992e+00
1.157212615013122559e+00
1.419692397117614746e+00
1.442722320556640625e+00
1.355762004852294922e+00
1.390164017677307129e+00
1.435554146766662598e+00
1.493966579437255859e+00
1.348198890686035156e+00
1.384751439094543457e+00
2.100208759307861328e+00
1.473808288574218750e+00
1.448453426361083984e+00
1.437620878219604492e+00
1.603288054466247559e+00
1.293593883514404297e+00
1.324337482452392578e+00
2.087463617324829102e+00
1.651340723037719727e+00
1.258471012115478516e+00
1.297463655471801758e+00
1.441893696784973145e+00
1.260352373123168945e+00
1.729305148124694824e+00
1.615162253379821777e+00
1.653876662254333496e+00
1.730848073959350586e+00
1.636879920959472656e+00
1.693642854690551758e+00
1.766401052474975586e+00
1.508378148078918457e+00
1.632744789123535156e+00
9.975031614303588867e-01
1.629170060157775879e+00
9.904659986495971680e-01
1.471588969230651855e+00
8.553096652030944824e-01
6.687257289886474609e-01
6.094657778739929199e-01
6.563510298728942871e-01
6.541574597358703613e-01
9.419868588447570801e-01
1.246288418769836426e+00
1.230429887771606445e+00
1.269078612327575684e+00
1.427040100097656250e+00
1.416466832160949707e+00
1.365260124206542969e+00
1.135134577751159668e+00
1.601425647735595703e+00
1.733732342720031738e+00
1.573248624801635742e+00
1.671700477600097656e+00
1.814323782920837402e+00
2.905517816543579102e+00
1.686205506324768066e+00
1.262627124786376953e+00
1.020603895187377930e+00
1.650510191917419434e+00
1.035074591636657715e+00
2.381955862045288086e+00
2.082410335540771484e+00
1.904326558113098145e+00
1.916382431983947754e+00
1.807394266128540039e+00
8.724709749221801758e-01
5.165690779685974121e-01
4.065488874912261963e-01
3.724719285964965820e-01
4.255076944828033447e-01
4.365837275981903076e-01
2.755037546157836914e-01
3.592357337474822998e-01
3.710932135581970215e-01
3.229323029518127441e-01
3.226168155670166016e-01
4.092046320438385010e-01
4.100688397884368896e-01
3.325591683387756348e-01
3.731007277965545654e-01
3.135521113872528076e-01
2.999990880489349365e-01
3.316447734832763672e-01
3.690429627895355225e-01
2.959542274475097656e-01
2.996610999107360840e-01
3.489743471145629883e-01
3.177606165409088135e-01
2.752461135387420654e-01
2.666969895362854004e-01
3.157884776592254639e-01
2.739403247833251953e-01
6.252014636993408203e-01
2.553687989711761475e-01
3.511624634265899658e-01
3.117356896400451660e-01
3.525883257389068604e-01
4.576012790203094482e-01
3.387565314769744873e-01
3.034362494945526123e-01
4.232159554958343506e-01
4.865745007991790771e-01
3.541457355022430420e-01
3.977870643138885498e-01
4.558001756668090820e-01
3.654566705226898193e-01
3.899621367454528809e-01
4.056386053562164307e-01
4.629670083522796631e-01
1.356278419494628906e+00
1.451152205467224121e+00
1.481990456581115723e+00
1.312968254089355469e+00
5.395022630691528320e-01
4.636824131011962891e-01
5.822437405586242676e-01
4.697103798389434814e-01
1.654421925544738770e+00
2.102737426757812500e+00
2.351615428924560547e+00
2.785484552383422852e+00
2.162778854370117188e+00
2.444964885711669922e+00
2.407017230987548828e+00
2.498771905899047852e+00
2.360972642898559570e+00
2.407762289047241211e+00
2.148782491683959961e+00
1.359738945960998535e+00
1.696350097656250000e+00
1.486556887626647949e+00
2.425413608551025391e+00
1.498024940490722656e+00
1.382484078407287598e+00
1.555312752723693848e+00
1.510694503784179688e+00
1.569278001785278320e+00
8.171144127845764160e-01
2.513060569763183594e+00
1.445710778236389160e+00
6.415928006172180176e-01
7.841960787773132324e-01
1.893275976181030273e+00
1.914158105850219727e+00
2.525727748870849609e+00
3.018176794052124023e+00
3.217211484909057617e+00
2.426142215728759766e+00
1.446998596191406250e+00
2.530632495880126953e+00
1.713493585586547852e+00
8.813750147819519043e-01
1.120659232139587402e+00
7.377419471740722656e-01
5.468771457672119141e-01
1.802023887634277344e+00
5.663312673568725586e-01
8.369401693344116211e-01
1.838502526283264160e+00
1.613424539566040039e+00
1.425405144691467285e+00
9.359490275382995605e-01
1.316264748573303223e+00
2.192324399948120117e+00
5.734046101570129395e-01
5.424792766571044922e-01
5.645321011543273926e-01
5.271834731101989746e-01
1.674731731414794922e+00
1.672852277755737305e+00
1.457636594772338867e+00
1.285276412963867188e+00
1.449193477630615234e+00
1.460439443588256836e+00
1.630565166473388672e+00
1.463325977325439453e+00
1.462380886077880859e+00
1.574097752571105957e+00
1.402608394622802734e+00
1.429946064949035645e+00
1.793472528457641602e+00
1.979751706123352051e+00
2.137450218200683594e+00
1.941683650016784668e+00
2.255728960037231445e+00
3.044083833694458008e+00
4.803807258605957031e+00
4.599754333496093750e+00
5.185647010803222656e+00
4.412991046905517578e+00
3.844172239303588867e+00
3.934847831726074219e+00
3.953089237213134766e+00
3.020546436309814453e+00
2.695692300796508789e+00
3.196505784988403320e+00
2.920718908309936523e+00
2.391270875930786133e+00
2.624443769454956055e+00
2.127258062362670898e+00
1.405854821205139160e+00
1.600648760795593262e+00
1.700411677360534668e+00
1.680506706237792969e+00
1.703540205955505371e+00
2.502048015594482422e+00
1.799808382987976074e+00
1.740695595741271973e+00
1.748894095420837402e+00
1.829132199287414551e+00
1.391138792037963867e+00
1.847787261009216309e+00
1.171732187271118164e+00
7.598060369491577148e-01
8.704305887222290039e-01
8.098847866058349609e-01
7.322980761528015137e-01
6.906478404998779297e-01
7.797394990921020508e-01
6.548906564712524414e-01
5.235659480094909668e-01
7.213895320892333984e-01
6.529459357261657715e-01
5.475487112998962402e-01
5.524100661277770996e-01
5.634219646453857422e-01
3.184664249420166016e-01
3.318308889865875244e-01
4.421931207180023193e-01
3.299218118190765381e-01
2.767476141452789307e-01
3.318338990211486816e-01
8.470091819763183594e-01
1.236010909080505371e+00
1.158453464508056641e+00
1.045159816741943359e+00
1.958528310060501099e-01
2.670906186103820801e-01
3.552931249141693115e-01
3.426432311534881592e-01
2.890850603580474854e-01
3.133764266967773438e-01
3.612574934959411621e-01
3.705483078956604004e-01
3.139347732067108154e-01
4.300020635128021240e-01
4.449225962162017822e-01
3.823855221271514893e-01
5.430436134338378906e-01
5.902040600776672363e-01
3.509256541728973389e-01
3.560375869274139404e-01
4.084990918636322021e-01
3.536038696765899658e-01
2.930063009262084961e-01
3.877750933170318604e-01
4.054971635341644287e-01
3.194222152233123779e-01
4.318234622478485107e-01
3.671270310878753662e-01
3.502280712127685547e-01
4.789178669452667236e-01
1.498774051666259766e+00
1.810964465141296387e+00
1.549150466918945312e+00
2.194086074829101562e+00
2.433540821075439453e+00
2.524245023727416992e+00
1.793234109878540039e+00
1.597737312316894531e+00
1.658560991287231445e+00
1.494066119194030762e+00
1.483739495277404785e+00
1.484492421150207520e+00
1.365625977516174316e+00
1.509795784950256348e+00
1.470080375671386719e+00
1.203494906425476074e+00
1.286996364593505859e+00
1.500107526779174805e+00
3.326260447502136230e-01
3.047807216644287109e-01
3.480300903320312500e-01
4.037350118160247803e-01
2.642257213592529297e-01
2.682256400585174561e-01
4.635264575481414795e-01
3.074079453945159912e-01
2.323815822601318359e-01
3.544538319110870361e-01
4.698559045791625977e-01
2.889573276042938232e-01
3.102171719074249268e-01
4.866529107093811035e-01
4.467675387859344482e-01
3.419925272464752197e-01
4.172255396842956543e-01
4.915537834167480469e-01
3.799435794353485107e-01
4.537060558795928955e-01
4.477510154247283936e-01
3.717576265335083008e-01
3.015422523021697998e-01
3.979929089546203613e-01
3.677569031715393066e-01
3.591195344924926758e-01
3.041447997093200684e-01
3.575643002986907959e-01
3.096083998680114746e-01
2.423779368400573730e-01
3.087962567806243896e-01
3.061199486255645752e-01
3.283783495426177979e-01
3.514806926250457764e-01
3.034982085227966309e-01
2.642975449562072754e-01
4.145393967628479004e-01
4.223659932613372803e-01
4.139415919780731201e-01
3.669697046279907227e-01
5.002914667129516602e-01
4.585798084735870361e-01
4.093830585479736328e-01
4.266613721847534180e-01
4.853177666664123535e-01
4.044616222381591797e-01
1.553718328475952148e+00
1.259287476539611816e+00
1.271253228187561035e+00
7.940928936004638672e-01
2.241748273372650146e-01
5.511624217033386230e-01
3.116189241409301758e-01
3.789263963699340820e-01
4.123019278049468994e-01
4.894522726535797119e-01
4.477600455284118652e-01
4.513570368289947510e-01
4.068969786167144775e-01
4.275521934032440186e-01
4.504810273647308350e-01
5.418927073478698730e-01
5.109363198280334473e-01
4.064762592315673828e-01
3.926718533039093018e-01
1.512566924095153809e+00
1.884306430816650391e+00
1.412366032600402832e+00
1.354280233383178711e+00
1.411935448646545410e+00
7.057100534439086914e-01
1.109939813613891602e+00
1.468210220336914062e+00
1.983788609504699707e+00
1.905228853225708008e+00
1.772464394569396973e+00
1.376564979553222656e+00
9.748854637145996094e-01
4.657825529575347900e-01
3.165066242218017578e-01
3.469800055027008057e-01
4.235199391841888428e-01
4.416087567806243896e-01
2.139501422643661499e-01
3.280661404132843018e-01
4.382461309432983398e-01
3.628574013710021973e-01
3.045869171619415283e-01
4.532099366188049316e-01
4.261288046836853027e-01
2.612994611263275146e-01
2.936062812805175781e-01
4.065247774124145508e-01
2.717617750167846680e-01
3.097728490829467773e-01
3.912065327167510986e-01
2.948940098285675049e-01
2.913504540920257568e-01
3.006264865398406982e-01
3.351378738880157471e-01
3.099759519100189209e-01
3.178845047950744629e-01
3.848268985748291016e-01
2.869876623153686523e-01
3.148297071456909180e-01
3.816139101982116699e-01
3.236359059810638428e-01
2.754588127136230469e-01
4.383256137371063232e-01
4.524276852607727051e-01
3.248021900653839111e-01
4.021811485290527344e-01
4.775155782699584961e-01
3.613534271717071533e-01
3.997748196125030518e-01
3.350783884525299072e-01
4.039731919765472412e-01
3.141011297702789307e-01
3.358650505542755127e-01
3.745805621147155762e-01
3.749544322490692139e-01
3.437598943710327148e-01
4.249534606933593750e-01
6.984245181083679199e-01
1.151297092437744141e+00
2.035956382751464844e+00
2.541921615600585938e+00
1.977445960044860840e+00
2.182835578918457031e+00
2.191636323928833008e+00
2.026170253753662109e+00
2.051662921905517578e+00
2.119588613510131836e+00
2.134499073028564453e+00
1.681217432022094727e+00
2.408710241317749023e+00
2.299702405929565430e+00
2.474143266677856445e+00
2.569023370742797852e+00
1.403572916984558105e+00
1.707908272743225098e+00
1.537108182907104492e+00
1.431364297866821289e+00
1.541384220123291016e+00
1.666557788848876953e+00
2.481492996215820312e+00
2.414409160614013672e+00
3.192412376403808594e+00
3.042763948440551758e+00
2.600954532623291016e+00
1.595422625541687012e+00
2.699578523635864258e+00
2.710501432418823242e+00
2.451740741729736328e+00
3.078448772430419922e+00
1.838615655899047852e+00
2.067396879196166992e+00
2.095560550689697266e+00
2.053565263748168945e+00
1.926675081253051758e+00
1.689173698425292969e+00
2.194352865219116211e+00
1.813669800758361816e+00
1.828850150108337402e+00
1.762878060340881348e+00
1.718792438507080078e+00
1.642524123191833496e+00
2.459431409835815430e+00
2.448354959487915039e+00
1.408803820610046387e+00
1.660813808441162109e+00
1.371186614036560059e+00
1.683883786201477051e+00
1.813106536865234375e+00
1.919640898704528809e+00
2.826797246932983398e+00
2.593443632125854492e+00
5.965703129768371582e-01
6.101293563842773438e-01
7.302100062370300293e-01
7.629460692405700684e-01
8.171768784523010254e-01
1.205842494964599609e+00
9.284033775329589844e-01
8.354513049125671387e-01
8.990729451179504395e-01
7.708850502967834473e-01
7.444102168083190918e-01
7.092006802558898926e-01
6.541675925254821777e-01
7.599098682403564453e-01
7.599888443946838379e-01
9.573110938072204590e-01
1.035965681076049805e+00
3.404337167739868164e+00
3.866151094436645508e+00
4.740023612976074219e+00
3.278987407684326172e+00
3.002148389816284180e+00
3.343624830245971680e+00
1.643645405769348145e+00
1.359021902084350586e+00
1.984912395477294922e+00
3.432432889938354492e+00
2.941926717758178711e+00
1.448052167892456055e+00
1.436672210693359375e+00
1.751804471015930176e+00
1.799114108085632324e+00
1.668456196784973145e+00
2.067199707031250000e+00
1.994834184646606445e+00
1.825427412986755371e+00
2.594638347625732422e+00
2.617872714996337891e+00
2.610805749893188477e+00
1.974744796752929688e+00
1.733008742332458496e+00
1.882287383079528809e+00
1.237043380737304688e+00
4.297167360782623291e-01
5.100479722023010254e-01
3.107154965400695801e-01
3.344433307647705078e-01
2.445213794708251953e-01
2.988094985485076904e-01
2.252383232116699219e-01
3.814530372619628906e-01
3.945236504077911377e-01
4.080958962440490723e-01
3.132199048995971680e-01
3.076540827751159668e-01
3.793709874153137207e-01
4.472146034240722656e-01
3.428076803684234619e-01
3.180708885192871094e-01
3.703263103961944580e-01
4.506115019321441650e-01
3.318062126636505127e-01
3.462243080139160156e-01
3.105754256248474121e-01
2.861340939998626709e-01
3.921606540679931641e-01
2.723190188407897949e-01
2.153823077678680420e-01
2.984918057918548584e-01
3.709358870983123779e-01
2.755928635597229004e-01
2.350702136754989624e-01
3.527119457721710205e-01
1.810342818498611450e-01
2.425637692213058472e-01
3.511931598186492920e-01
3.896929621696472168e-01
1.703362315893173218e-01
3.109449148178100586e-01
4.595673680305480957e-01
3.344293236732482910e-01
3.516355752944946289e-01
4.533143639564514160e-01
5.020338892936706543e-01
4.505536556243896484e-01
4.580093920230865479e-01
5.145089030265808105e-01
4.997210800647735596e-01
6.017625331878662109e-01
5.951181054115295410e-01
5.057920813560485840e-01
6.456190347671508789e-01
1.768179416656494141e+00
1.632658243179321289e+00
2.456290721893310547e+00
2.152616739273071289e+00
2.329807758331298828e+00
2.297884941101074219e+00
2.436862945556640625e+00
2.508520841598510742e+00
1.711265683174133301e+00
2.255180120468139648e+00
1.867734432220458984e+00
1.485053539276123047e+00
1.294439196586608887e+00
1.249661803245544434e+00
1.394123673439025879e+00
1.318649411201477051e+00
1.265502929687500000e+00
1.408009767532348633e+00
1.364678502082824707e+00
1.770201921463012695e+00
1.407180070877075195e+00
1.507427215576171875e+00
1.528253197669982910e+00
1.552690982818603516e+00
1.527032732963562012e+00
1.587223172187805176e+00
1.424985527992248535e+00
1.441143512725830078e+00
1.842602133750915527e+00
2.347850322723388672e+00
1.696340799331665039e+00
1.385820388793945312e+00
1.631809949874877930e+00
1.774825692176818848e+00
9.494644999504089355e-01
7.238045930862426758e-01
5.387222170829772949e-01
5.641368031501770020e-01
5.336464643478393555e-01
2.125116825103759766e+00
5.855680108070373535e-01
5.200487375259399414e-01
5.884789228439331055e-01
5.680772662162780762e-01
1.544486641883850098e+00
1.680756688117980957e+00
1.738474011421203613e+00
2.413411378860473633e+00
4.789345860481262207e-01
3.871701657772064209e-01
4.647914171218872070e-01
4.129071235656738281e-01
5.129076242446899414e-01
8.456997871398925781e-01
7.218919396400451660e-01
4.148532450199127197e-01
7.878407239913940430e-01
7.301371097564697266e-01
5.371935367584228516e-01
5.334057807922363281e-01
6.651679277420043945e-01
1.284463167190551758e+00
1.178898930549621582e+00
1.509453654289245605e+00
6.738675236701965332e-01
6.964890956878662109e-01
8.540970683097839355e-01
1.413446784019470215e+00
1.505026221275329590e+00
1.844638705253601074e+00
1.893133521080017090e+00
2.119529962539672852e+00
2.027670383453369141e+00
3.328215122222900391e+00
2.787497997283935547e+00
2.365345001220703125e+00
2.566338539123535156e+00
2.175985336303710938e+00
1.698307991027832031e+00
1.681349039077758789e+00
3.159316778182983398e+00
2.403461694717407227e+00
2.779258251190185547e+00
2.460322380065917969e+00
2.641233682632446289e+00
2.399959802627563477e+00
2.116346597671508789e+00
1.208561897277832031e+00
1.374312996864318848e+00
1.138447046279907227e+00
1.118180036544799805e+00
1.180668234825134277e+00
7.925053238868713379e-01
7.171182632446289062e-01
6.385217905044555664e-01
7.362119555473327637e-01
5.935686230659484863e-01
6.445615291595458984e-01
6.156458258628845215e-01
6.198294162750244141e-01
5.316219329833984375e-01
6.149625182151794434e-01
5.585161447525024414e-01
2.918835878372192383e-01
3.928396105766296387e-01
5.615507364273071289e-01
3.468815982341766357e-01
3.382357358932495117e-01
3.169906735420227051e-01
3.481062650680541992e-01
2.396479249000549316e-01
2.604078352451324463e-01
3.585450351238250732e-01
3.160669803619384766e-01
2.893756031990051270e-01
2.873434126377105713e-01
3.178436756134033203e-01
2.925033271312713623e-01
2.681382000446319580e-01
2.982476055622100830e-01
1.245823502540588379e+00
1.229930520057678223e+00
1.120071768760681152e+00
9.493455290794372559e-01
2.357666939496994019e-01
1.383054256439208984e-01
3.292900025844573975e-01
3.555598258972167969e-01
2.662886083126068115e-01
3.733010888099670410e-01
3.737166225910186768e-01
3.160858750343322754e-01
3.497533202171325684e-01
3.868190348148345947e-01
3.178705275058746338e-01
2.992576360702514648e-01
3.709019124507904053e-01
4.972207546234130859e-01
3.444363772869110107e-01
4.466855823993682861e-01
4.843787252902984619e-01
6.122922897338867188e-01
4.533768594264984131e-01
6.291410923004150391e-01
2.093650341033935547e+00
1.820756554603576660e+00
1.964244127273559570e+00
1.875440478324890137e+00
2.676041126251220703e+00
2.012894630432128906e+00
3.513217210769653320e+00
2.670609712600708008e+00
1.726899981498718262e+00
1.790244817733764648e+00
1.845591783523559570e+00
1.684576511383056641e+00
1.387684822082519531e+00
2.278218746185302734e+00
1.531663537025451660e+00
1.309360265731811523e+00
1.583736658096313477e+00
1.503348469734191895e+00
1.451389312744140625e+00
1.484262466430664062e+00
1.347676992416381836e+00
1.324595451354980469e+00
1.682624936103820801e+00
1.269727945327758789e+00
1.376523017883300781e+00
1.450177788734436035e+00
1.401098370552062988e+00
1.243654370307922363e+00
1.256414651870727539e+00
1.504738926887512207e+00
1.357787132263183594e+00
1.336224913597106934e+00
1.335884451866149902e+00
1.423998951911926270e+00
2.190022706985473633e+00
1.422437191009521484e+00
1.453690886497497559e+00
1.761153697967529297e+00
1.325448513031005859e+00
2.143661975860595703e+00
2.719372034072875977e+00
1.535542845726013184e+00
1.517340064048767090e+00
1.739652395248413086e+00
1.606983423233032227e+00
1.283547401428222656e+00
1.687255501747131348e+00
2.915810346603393555e+00
2.133249998092651367e+00
1.190855979919433594e+00
1.525125741958618164e+00
1.517103195190429688e+00
1.392045259475708008e+00
1.428976893424987793e+00
1.892695784568786621e+00
1.556142926216125488e+00
4.188185930252075195e-01
5.954456329345703125e-01
1.075796484947204590e+00
8.087568879127502441e-01
7.908215522766113281e-01
2.398831844329833984e+00
2.364495277404785156e+00
2.510936021804809570e+00
2.149468660354614258e+00
2.412502527236938477e+00
8.386269807815551758e-01
8.446091413497924805e-01
2.114276885986328125e+00
2.526406049728393555e+00
2.437993049621582031e+00
2.532733917236328125e+00
2.416071176528930664e+00
1.842971682548522949e+00
1.452153205871582031e+00
1.841372609138488770e+00
1.682952404022216797e+00
1.819649457931518555e+00
1.690450429916381836e+00
2.208289384841918945e+00
2.760824441909790039e+00
2.639709949493408203e+00
2.571422338485717773e+00
1.834839105606079102e+00
1.876127362251281738e+00
1.916148662567138672e+00
2.154624223709106445e+00
1.990004301071166992e+00
2.164375782012939453e+00
1.308181643486022949e+00
7.170933485031127930e-01
7.406517863273620605e-01
5.381970405578613281e-01
6.179770827293395996e-01
3.338370025157928467e-01
3.969022929668426514e-01
3.221360445022583008e-01
3.844908475875854492e-01
3.403471112251281738e-01
3.545779883861541748e-01
3.679144978523254395e-01
3.798577785491943359e-01
3.199660181999206543e-01
3.825384676456451416e-01
3.727098405361175537e-01
3.527914285659790039e-01
3.156602084636688232e-01
3.775611221790313721e-01
2.319208234548568726e-01
2.588882148265838623e-01
2.440619915723800659e-01
3.127512037754058838e-01
2.976053655147552490e-01
3.147170245647430420e-01
3.167982697486877441e-01
3.226579427719116211e-01
2.115021795034408569e-01
3.062937259674072266e-01
2.826144099235534668e-01
2.283572852611541748e-01
2.893824279308319092e-01
3.980414271354675293e-01
2.994741797447204590e-01
2.678243517875671387e-01
3.042127788066864014e-01
4.550743699073791504e-01
2.717686295509338379e-01
3.889871537685394287e-01
3.536657989025115967e-01
4.014980792999267578e-01
3.677264750003814697e-01
3.909995853900909424e-01
4.217859804630279541e-01
1.420236468315124512e+00
1.333123207092285156e+00
1.399718523025512695e+00
1.224275588989257812e+00
3.842721283435821533e-01
4.352855980396270752e-01
6.054620146751403809e-01
5.397731065750122070e-01
5.357027053833007812e-01
1.884740352630615234e+00
1.030292153358459473e+00
2.304420232772827148e+00
1.827625393867492676e+00
2.004960536956787109e+00
2.665226221084594727e+00
1.905410885810852051e+00
2.442379713058471680e+00
3.082500219345092773e+00
1.804077148437500000e+00
2.194482326507568359e+00
2.089948654174804688e+00
2.099795579910278320e+00
1.772275209426879883e+00
1.074683904647827148e+00
1.654376387596130371e+00
1.628618836402893066e+00
1.441096425056457520e+00
7.920330762863159180e-01
9.912890791893005371e-01
8.669199347496032715e-01
7.292048931121826172e-01
9.106554985046386719e-01
1.229518890380859375e+00
8.998289108276367188e-01
7.026702761650085449e-01
6.803962588310241699e-01
5.071592926979064941e-01
5.030190348625183105e-01
5.817010402679443359e-01
1.682678580284118652e+00
1.366267919540405273e+00
1.376670837402343750e+00
5.243481993675231934e-01
4.635820984840393066e-01
7.605378627777099609e-01
4.996698200702667236e-01
5.526745915412902832e-01
5.353225469589233398e-01
5.312439799308776855e-01
4.646305143833160400e-01
5.476619005203247070e-01
3.613465726375579834e-01
4.195021986961364746e-01
4.717027842998504639e-01
3.800140023231506348e-01
2.371541857719421387e-01
3.693664073944091797e-01
3.830378651618957520e-01
3.105630874633789062e-01
3.054429292678833008e-01
3.847964704036712646e-01
2.741376757621765137e-01
3.481687605381011963e-01
4.019374549388885498e-01
3.737196326255798340e-01
3.772604167461395264e-01
4.204127490520477295e-01
4.943873882293701172e-01
4.231710135936737061e-01
6.900469660758972168e-01
6.568638682365417480e-01
7.862090468406677246e-01
6.599395275115966797e-01
1.384579062461853027e+00
1.623045563697814941e+00
1.969138622283935547e+00
1.594208836555480957e+00
1.845544576644897461e+00
1.847729206085205078e+00
1.690191388130187988e+00
1.846744298934936523e+00
1.979124307632446289e+00
2.535953998565673828e+00
2.594996213912963867e+00
2.989058017730712891e+00
2.917429685592651367e+00
2.903410911560058594e+00
2.515498399734497070e+00
1.952934741973876953e+00
1.489233493804931641e+00
1.443311929702758789e+00
2.393259286880493164e+00
1.803251862525939941e+00
1.658979892730712891e+00
1.562343120574951172e+00
1.541238665580749512e+00
1.574760794639587402e+00
1.449223399162292480e+00
1.545631647109985352e+00
1.525019407272338867e+00
1.143208742141723633e+00
9.252671599388122559e-01
1.270293593406677246e+00
1.208428382873535156e+00
9.090903997421264648e-01
8.939034938812255859e-01
1.011875510215759277e+00
1.824900150299072266e+00
1.587900996208190918e+00
1.567324280738830566e+00
1.521822094917297363e+00
5.924914479255676270e-01
4.841758906841278076e-01
5.878268480300903320e-01
4.748579263687133789e-01
3.759222924709320068e-01
4.585238695144653320e-01
4.462116658687591553e-01
3.244258463382720947e-01
2.853479981422424316e-01
3.004395663738250732e-01
3.164961934089660645e-01
2.595498859882354736e-01
2.873143851757049561e-01
3.730319142341613770e-01
2.727904617786407471e-01
2.270309180021286011e-01
2.970588207244873047e-01
3.667013645172119141e-01
2.186684608459472656e-01
2.173319607973098755e-01
2.829159200191497803e-01
3.342753052711486816e-01
2.552345097064971924e-01
2.855362892150878906e-01
3.678246140480041504e-01
2.973389625549316406e-01
2.523002922534942627e-01
3.667509555816650391e-01
3.771351575851440430e-01
3.522961437702178955e-01
3.439191579818725586e-01
4.237731993198394775e-01
3.649367094039916992e-01
3.955350816249847412e-01
4.208677709102630615e-01
