1.723073482513427734e+00
1.289942383766174316e+00
1.450707912445068359e+00
1.411939740180969238e+00
1.246580839157104492e+00
1.337356686592102051e+00
1.728595256805419922e+00
1.635514020919799805e+00
1.145363330841064453e+00
1.438163876533508301e+00
1.464500784873962402e+00
1.342911839485168457e+00
1.419212698936462402e+00
1.415234208106994629e+00
1.162412524223327637e+00
1.187738418579101562e+00
1.205527067184448242e+00
1.197326540946960449e+00
9.725512266159057617e-01
1.070233941078186035e+00
1.189552664756774902e+00
1.031584739685058594e+00
1.054105997085571289e+00
1.055509448051452637e+00
3.922311067581176758e-01
3.825905323028564453e-01
3.252128064632415771e-01
4.498401880264282227e-01
3.635130524635314941e-01
2.709781229496002197e-01
3.487098515033721924e-01
9.588863253593444824e-01
5.307108759880065918e-01
3.589035272598266602e-01
3.807003498077392578e-01
3.139298260211944580e-01
3.082096874713897705e-01
5.220077037811279297e-01
4.625714719295501709e-01
3.901032805442810059e-01
4.704973101615905762e-01
4.745457172393798828e-01
4.017510712146759033e-01
4.044912457466125488e-01
5.312886834144592285e-01
3.728833496570587158e-01
3.498813211917877197e-01
4.546048343181610107e-01
3.968962430953979492e-01
3.739986717700958252e-01
4.567301869392395020e-01
3.990134000778198242e-01
3.372728228569030762e-01
4.026813507080078125e-01
4.866512715816497803e-01
3.353086411952972412e-01
1.547164678573608398e+00
1.684365749359130859e+00
1.931506872177124023e+00
1.713347196578979492e+00
1.380077600479125977e+00
5.743294358253479004e-01
4.930881857872009277e-01
4.589873850345611572e-01
6.309874057769775391e-01
4.112315773963928223e-01
5.874419808387756348e-01
5.761836767196655273e-01
4.679503738880157471e-01
4.674241244792938232e-01
4.742192625999450684e-01
6.086007356643676758e-01
4.789529442787170410e-01
5.797181725502014160e-01
5.905464291572570801e-01
4.862902760505676270e-01
6.897556185722351074e-01
1.857717871665954590e+00
1.564753174781799316e+00
2.076105833053588867e+00
1.830197572708129883e+00
1.905506849288940430e+00
1.745257377624511719e+00
1.735841870307922363e+00
1.543045997619628906e+00
1.319098114967346191e+00
1.358819365501403809e+00
1.327371239662170410e+00
1.461017251014709473e+00
1.396472454071044922e+00
1.441073656082153320e+00
1.554486036300659180e+00
1.400590538978576660e+00
1.433288216590881348e+00
1.533415317535400391e+00
1.550778269767761230e+00
1.552285313606262207e+00
1.540554761886596680e+00
2.080370664596557617e+00
1.289505958557128906e+00
1.317807197570800781e+00
1.509431242942810059e+00
1.542838573455810547e+00
1.491503834724426270e+00
1.462084054946899414e+00
1.465439081192016602e+00
1.295307517051696777e+00
1.318318605422973633e+00
1.514708995819091797e+00
1.369855880737304688e+00
5.499317049980163574e-01
4.063482582569122314e-01
3.504267930984497070e-01
2.815221250057220459e-01
3.871802985668182373e-01
3.698427975177764893e-01
2.694116532802581787e-01
3.646683692932128906e-01
3.639293909072875977e-01
3.790777027606964111e-01
2.863939404487609863e-01
3.005990684032440186e-01
5.356851816177368164e-01
1.160266637802124023e+00
3.123491108417510986e-01
5.459679961204528809e-01
4.670867025852203369e-01
3.186963796615600586e-01
8.870365023612976074e-01
1.473971486091613770e+00
1.566785097122192383e+00
1.362650990486145020e+00
1.524624943733215332e+00
1.265067934989929199e+00
1.378664612770080566e+00
1.365622758865356445e+00
1.304099202156066895e+00
1.261574268341064453e+00
1.393238067626953125e+00
1.376848697662353516e+00
1.282416224479675293e+00
1.298011541366577148e+00
1.371075391769409180e+00
1.874801516532897949e+00
1.405275583267211914e+00
1.339153885841369629e+00
1.526682138442993164e+00
2.050977706909179688e+00
1.222098469734191895e+00
1.458177328109741211e+00
1.362595558166503906e+00
1.290096163749694824e+00
1.393830418586730957e+00
1.918749809265136719e+00
1.761286854743957520e+00
7.671751379966735840e-01
5.928902626037597656e-01
4.503269791603088379e-01
4.891894161701202393e-01
6.134355068206787109e-01
5.529993772506713867e-01
4.136927127838134766e-01
5.559484362602233887e-01
3.585935235023498535e-01
3.153663873672485352e-01
3.476792275905609131e-01
3.659807443618774414e-01
3.331616222858428955e-01
3.123926818370819092e-01
1.194661259651184082e+00
1.447025179862976074e+00
1.242646813392639160e+00
1.649245023727416992e+00
1.792937755584716797e+00
8.608193397521972656e-01
2.806606590747833252e-01
4.988609552383422852e-01
3.324536383152008057e-01
3.451805412769317627e-01
4.709032475948333740e-01
4.079325199127197266e-01
4.136507511138916016e-01
4.977486729621887207e-01
5.741353631019592285e-01
4.079119861125946045e-01
3.565172553062438965e-01
4.686940014362335205e-01
4.800660610198974609e-01
3.801135122776031494e-01
3.812427818775177002e-01
4.246157705783843994e-01
1.112287759780883789e+00
6.261566877365112305e-01
4.666237533092498779e-01
3.694842755794525146e-01
3.940401673316955566e-01
1.543872117996215820e+00
6.386947631835937500e-01
4.882640540599822998e-01
1.576319813728332520e+00
1.590553760528564453e+00
1.958825707435607910e+00
1.272292613983154297e+00
1.498938679695129395e+00
1.411446094512939453e+00
1.294822096824645996e+00
1.451615214347839355e+00
5.299902558326721191e-01
8.312181234359741211e-01
4.802941083908081055e-01
5.921362042427062988e-01
6.393153071403503418e-01
5.918155312538146973e-01
5.637602210044860840e-01
4.709147512912750244e-01
3.822988867759704590e-01
4.663093686103820801e-01
4.833516776561737061e-01
3.932225108146667480e-01
3.724678158760070801e-01
3.818337619304656982e-01
2.894350588321685791e-01
3.043999969959259033e-01
4.252656698226928711e-01
3.396413028240203857e-01
2.840232849121093750e-01
3.224466145038604736e-01
5.111197233200073242e-01
1.061017155647277832e+00
3.155829012393951416e-01
4.130422770977020264e-01
2.488529533147811890e-01
3.659078478813171387e-01
3.335215151309967041e-01
3.316658735275268555e-01
3.434422314167022705e-01
4.858168959617614746e-01
4.595051407814025879e-01
3.288755714893341064e-01
4.408004283905029297e-01
5.025426149368286133e-01
4.396500587463378906e-01
4.174588024616241455e-01
5.297378301620483398e-01
5.248174667358398438e-01
4.141655266284942627e-01
4.166044294834136963e-01
4.425993561744689941e-01
3.087817132472991943e-01
3.286097049713134766e-01
4.046430885791778564e-01
3.240983188152313232e-01
3.022063970565795898e-01
1.165000557899475098e+00
1.675500869750976562e+00
1.670868039131164551e+00
1.128449082374572754e+00
8.750315904617309570e-01
3.597261011600494385e-01
3.328382074832916260e-01
7.733566164970397949e-01
1.369782686233520508e+00
1.094599843025207520e+00
1.069593667984008789e+00
1.415018200874328613e+00
1.082802176475524902e+00
1.071284055709838867e+00
1.298390865325927734e+00
1.283975005149841309e+00
1.065390944480895996e+00
1.282580971717834473e+00
1.312438726425170898e+00
1.285204529762268066e+00
1.691658020019531250e+00
1.265894055366516113e+00
1.179887652397155762e+00
9.946799874305725098e-01
1.217602133750915527e+00
1.280027389526367188e+00
1.968814969062805176e+00
1.171656489372253418e+00
1.279413461685180664e+00
1.432272315025329590e+00
2.366026163101196289e+00
2.278263807296752930e+00
2.355818510055541992e+00
2.097207307815551758e+00
2.287820816040039062e+00
1.162310838699340820e+00
4.675071537494659424e-01
8.166832327842712402e-01
8.291686773300170898e-01
6.059510111808776855e-01
6.615216135978698730e-01
6.359611749649047852e-01
4.367489814758300781e-01
1.224445343017578125e+00
1.108054280281066895e+00
9.613436460494995117e-01
1.309551000595092773e+00
1.387920618057250977e+00
1.127966880798339844e+00
1.260727047920227051e+00
1.804424405097961426e+00
5.481577515602111816e-01
4.395738542079925537e-01
5.141978263854980469e-01
5.543331503868103027e-01
4.948100745677947998e-01
4.364661276340484619e-01
3.425579965114593506e-01
3.316211998462677002e-01
3.280135393142700195e-01
3.495524227619171143e-01
3.199106454849243164e-01
3.544203937053680420e-01
4.091297984123229980e-01
2.793830633163452148e-01
3.416397571563720703e-01
4.731335639953613281e-01
3.324007391929626465e-01
3.289029896259307861e-01
5.928677916526794434e-01
4.317691922187805176e-01
4.160071909427642822e-01
4.900720119476318359e-01
5.323176383972167969e-01
4.348012506961822510e-01
1.084459662437438965e+00
8.940794467926025391e-01
4.724187254905700684e-01
4.265218675136566162e-01
4.677776992321014404e-01
3.914458155632019043e-01
1.274184226989746094e+00
2.297210931777954102e+00
2.112976789474487305e+00
1.820455312728881836e+00
1.392194271087646484e+00
1.815416336059570312e+00
2.648635625839233398e+00
1.295883417129516602e+00
1.489980340003967285e+00
2.326703786849975586e+00
1.630349755287170410e+00
1.447393536567687988e+00
1.446128845214843750e+00
3.350684881210327148e+00
1.771701216697692871e+00
1.255079269409179688e+00
1.409984588623046875e+00
1.751244544982910156e+00
7.031727433204650879e-01
4.058326780796051025e-01
7.195062041282653809e-01
3.951590359210968018e-01
1.513047963380813599e-01
4.466074705123901367e-01
4.583613276481628418e-01
3.221777081489562988e-01
4.837058186531066895e-01
4.602578282356262207e-01
4.302229881286621094e-01
4.065464138984680176e-01
4.205827116966247559e-01
3.226307928562164307e-01
3.549272119998931885e-01
4.228793680667877197e-01
9.291239976882934570e-01
6.506136059761047363e-01
4.608199894428253174e-01
3.527100384235382080e-01
3.228771984577178955e-01
3.793797492980957031e-01
3.199421763420104980e-01
4.020013213157653809e-01
4.137691855430603027e-01
4.162286520004272461e-01
2.810822129249572754e-01
3.989816009998321533e-01
5.235426425933837891e-01
3.339502215385437012e-01
3.705705106258392334e-01
5.056501030921936035e-01
4.238902330398559570e-01
3.339428007602691650e-01
4.231293499469757080e-01
4.474782943725585938e-01
4.111309945583343506e-01
3.892289102077484131e-01
3.942284584045410156e-01
3.382338285446166992e-01
1.224413990974426270e+00
1.341346740722656250e+00
4.745536744594573975e-01
5.067670345306396484e-01
8.866045475006103516e-01
6.694542765617370605e-01
7.379516363143920898e-01
1.235175967216491699e+00
1.432621836662292480e+00
1.447276711463928223e+00
1.922618150711059570e+00
2.108357906341552734e+00
1.323034167289733887e+00
1.460113286972045898e+00
1.347039937973022461e+00
5.843446850776672363e-01
1.538020730018615723e+00
1.746051192283630371e+00
1.745273232460021973e+00
1.607995152473449707e+00
1.499228239059448242e+00
1.531898975372314453e+00
1.734334826469421387e+00
2.733307123184204102e+00
2.413591384887695312e+00
2.696096181869506836e+00
3.158568382263183594e+00
2.944063901901245117e+00
2.076992988586425781e+00
8.957528471946716309e-01
9.946300983428955078e-01
8.897508978843688965e-01
1.080941319465637207e+00
1.505304694175720215e+00
5.201559066772460938e-01
3.032740056514739990e-01
4.251340925693511963e-01
3.058483302593231201e-01
3.234448730945587158e-01
4.662712514400482178e-01
2.908787429332733154e-01
4.129729270935058594e-01
1.336582541465759277e+00
3.169347643852233887e-01
3.367175161838531494e-01
4.169451594352722168e-01
4.863039851188659668e-01
4.648933708667755127e-01
5.010129213333129883e-01
5.149104595184326172e-01
1.416893005371093750e+00
1.543206095695495605e+00
1.520220518112182617e+00
1.128601789474487305e+00
3.436066806316375732e-01
3.526790440082550049e-01
4.314635694026947021e-01
2.751252353191375732e-01
3.749292194843292236e-01
4.804580211639404297e-01
3.418713808059692383e-01
3.223723173141479492e-01
3.794310092926025391e-01
3.619446456432342529e-01
3.895496129989624023e-01
1.183556199073791504e+00
3.898675739765167236e-01
4.273104369640350342e-01
2.307131588459014893e-01
3.665336072444915771e-01
4.751109182834625244e-01
3.632134497165679932e-01
4.185305237770080566e-01
6.467052698135375977e-01
5.137998461723327637e-01
4.074901342391967773e-01
4.238315820693969727e-01
6.492444872856140137e-01
5.027816295623779297e-01
5.050122737884521484e-01
7.695438861846923828e-01
1.946393728256225586e+00
2.266187667846679688e+00
2.290799617767333984e+00
2.367220878601074219e+00
1.821377635002136230e+00
1.850113868713378906e+00
2.014804840087890625e+00
2.316279172897338867e+00
1.832238554954528809e+00
4.223250389099121094e+00
4.351833820343017578e+00
4.778098106384277344e+00
3.277012109756469727e+00
2.696032524108886719e+00
1.856026649475097656e+00
2.039166450500488281e+00
1.897539615631103516e+00
3.342301130294799805e+00
2.491295099258422852e+00
3.778102636337280273e+00
5.244667053222656250e+00
3.074437618255615234e+00
3.228517055511474609e+00
2.825527429580688477e+00
1.460410714149475098e+00
1.412330627441406250e+00
4.741588115692138672e+00
3.850638389587402344e+00
2.862604141235351562e+00
2.936093091964721680e+00
1.902691245079040527e+00
5.980038046836853027e-01
4.092248976230621338e-01
9.482192993164062500e-01
2.384348154067993164e+00
3.161278247833251953e+00
2.716259956359863281e+00
2.934401988983154297e+00
8.080019950866699219e-01
9.008206129074096680e-01
1.720533490180969238e+00
5.489604949951171875e+00
2.729618072509765625e+00
1.580302238464355469e+00
1.856251358985900879e+00
1.085365533828735352e+00
2.421644181013107300e-01
1.060131788253784180e+00
7.955207228660583496e-01
4.907131195068359375e-01
8.189604282379150391e-01
9.552972912788391113e-01
1.601863384246826172e+00
1.166072607040405273e+00
3.731311559677124023e-01
6.287644505500793457e-01
3.070020079612731934e-01
6.164283752441406250e-01
9.480808377265930176e-01
3.323557972908020020e-01
4.606031775474548340e-01
5.311042070388793945e-01
5.422152876853942871e-01
3.681425750255584717e-01
1.042876839637756348e+00
1.437964797019958496e+00
9.148015379905700684e-01
7.746056318283081055e-01
9.347366690635681152e-01
1.253473043441772461e+00
1.316315770149230957e+00
1.599469304084777832e+00
3.155144453048706055e+00
2.709689378738403320e+00
2.818686962127685547e+00
3.883353233337402344e+00
4.299586296081542969e+00
3.729425430297851562e+00
3.103284120559692383e+00
3.058914661407470703e+00
2.377491950988769531e+00
4.833160877227783203e+00
3.911245822906494141e+00
4.461201190948486328e+00
4.422405242919921875e+00
3.609173059463500977e+00
3.101801633834838867e+00
3.570128679275512695e+00
2.688452720642089844e+00
2.296170949935913086e+00
1.816459298133850098e+00
2.522052288055419922e+00
2.051113128662109375e+00
1.682839751243591309e+00
2.338868856430053711e+00
2.578334808349609375e+00
2.064209938049316406e+00
1.731899261474609375e+00
1.245979189872741699e+00
1.823551505804061890e-01
2.034187614917755127e-01
4.525307416915893555e-01
4.622853398323059082e-01
3.311609923839569092e-01
6.005353927612304688e-01
4.273855388164520264e-01
3.393787145614624023e-01
3.639666736125946045e-01
1.106786608695983887e+00
7.414732575416564941e-01
4.251708388328552246e-01
5.666015148162841797e-01
6.336480379104614258e-01
4.444157779216766357e-01
4.931885004043579102e-01
4.250606298446655273e-01
1.137950420379638672e-01
2.652878761291503906e-01
4.709492921829223633e-01
4.135877192020416260e-01
2.865178585052490234e-01
4.339756667613983154e-01
4.463662803173065186e-01
3.538768589496612549e-01
3.902814388275146484e-01
7.507399320602416992e-01
4.046680331230163574e-01
3.796267211437225342e-01
5.059546232223510742e-01
1.420449972152709961e+00
3.389453887939453125e-01
4.200493097305297852e-01
5.367020964622497559e-01
2.609626054763793945e-01
3.066240251064300537e-01
4.346403479576110840e-01
4.431431591510772705e-01
3.512679934501647949e-01
2.747565805912017822e-01
6.292172670364379883e-01
5.560089945793151855e-01
3.956129252910614014e-01
7.137238383293151855e-01
8.321859240531921387e-01
1.674695849418640137e+00
2.794236421585083008e+00
2.908468484878540039e+00
2.916361093521118164e+00
2.790550947189331055e+00
2.448303461074829102e+00
1.966335177421569824e+00
1.810949087142944336e+00
2.611196279525756836e+00
1.304893016815185547e+00
1.448594331741333008e+00
2.307396411895751953e+00
1.302487492561340332e+00
1.743586421012878418e+00
2.335757732391357422e+00
1.399540662765502930e+00
1.333323597908020020e+00
1.390836119651794434e+00
1.423190355300903320e+00
1.353195667266845703e+00
1.410346984863281250e+00
1.450564622879028320e+00
1.506197452545166016e+00
1.348251223564147949e+00
1.443380951881408691e+00
1.616864442825317383e+00
1.490289807319641113e+00
1.511575460433959961e+00
1.492356538772583008e+00
1.383219480514526367e+00
1.370854139328002930e+00
1.386422038078308105e+00
1.516654491424560547e+00
1.915506124496459961e+00
1.529234528541564941e+00
2.389271497726440430e+00
1.513772368431091309e+00
1.589824676513671875e+00
1.682572007179260254e+00
2.695804595947265625e+00
1.236952900886535645e+00
1.514814734458923340e+00
1.548060417175292969e+00
1.331792712211608887e+00
1.348769545555114746e+00
1.518310546875000000e+00
1.235767960548400879e+00
1.451844334602355957e+00
1.935636520385742188e+00
1.481925725936889648e+00
1.377732038497924805e+00
1.548174381256103516e+00
1.642378330230712891e+00
1.804712772369384766e+00
1.565523386001586914e+00
1.546855926513671875e+00
8.212017416954040527e-01
1.147273302078247070e+00
1.205854058265686035e+00
5.765421986579895020e-01
5.194374918937683105e-01
1.069205284118652344e+00
9.516696333885192871e-01
8.246016502380371094e-01
5.758188962936401367e-01
8.396825194358825684e-01
1.125263214111328125e+00
1.074640393257141113e+00
1.096976876258850098e+00
1.108155369758605957e+00
1.004288792610168457e+00
1.419203042984008789e+00
1.576940178871154785e+00
1.404980659484863281e+00
1.718858957290649414e+00
2.656344413757324219e+00
1.534903168678283691e+00
1.741992831230163574e+00
2.028066873550415039e+00
1.617188096046447754e+00
1.270166754722595215e+00
2.638585567474365234e+00
2.526566028594970703e+00
2.736898899078369141e+00
2.654387235641479492e+00
2.646392107009887695e+00
2.747653961181640625e+00
1.317539095878601074e+00
1.508233428001403809e+00
2.013659000396728516e+00
2.001634836196899414e+00
1.737462878227233887e+00
1.793319940567016602e+00
1.870869636535644531e+00
1.552773237228393555e+00
7.897399663925170898e-01
7.735586166381835938e-01
7.153286933898925781e-01
3.655942678451538086e-01
3.331452012062072754e-01
3.321669399738311768e-01
2.457899153232574463e-01
3.882279098033905029e-01
3.155716657638549805e-01
2.515519857406616211e-01
2.258766889572143555e-01
3.782222270965576172e-01
3.812904953956604004e-01
2.681154608726501465e-01
2.599481642246246338e-01
3.357110321521759033e-01
2.838755548000335693e-01
3.335590660572052002e-01
8.386237025260925293e-01
1.059619545936584473e+00
3.759891688823699951e-01
1.169503450393676758e+00
1.511844873428344727e+00
1.390503168106079102e+00
1.154533386230468750e+00
2.604374289512634277e-01
5.805245637893676758e-01
3.572847247123718262e-01
2.971657216548919678e-01
4.250214397907257080e-01
4.075093269348144531e-01
2.627182006835937500e-01
3.132051229476928711e-01
4.716940224170684814e-01
3.487432897090911865e-01
3.302540183067321777e-01
4.270829260349273682e-01
4.884134232997894287e-01
3.118732869625091553e-01
5.630332827568054199e-01
1.180682539939880371e+00
4.910615086555480957e-01
3.814845383167266846e-01
3.590734899044036865e-01
6.599921584129333496e-01
3.081622719764709473e-01
4.732445776462554932e-01
5.480483770370483398e-01
6.861602663993835449e-01
1.623022079467773438e+00
2.228643655776977539e+00
2.308245897293090820e+00
2.734784126281738281e+00
2.406498670578002930e+00
2.859634637832641602e+00
2.394909143447875977e+00
2.204187631607055664e+00
2.066067934036254883e+00
2.123266696929931641e+00
1.513015866279602051e+00
1.312310099601745605e+00
2.541243314743041992e+00
2.033963680267333984e+00
1.271965622901916504e+00
1.541835665702819824e+00
1.486734747886657715e+00
1.417723298072814941e+00
1.497362971305847168e+00
8.359451889991760254e-01
2.788049697875976562e+00
9.335594177246093750e-01
5.522788166999816895e-01
1.606818437576293945e+00
6.455943584442138672e-01
5.915792584419250488e-01
1.287513256072998047e+00
2.572339296340942383e+00
2.988577842712402344e+00
3.134288787841796875e+00
2.288188695907592773e+00
1.819982767105102539e+00
2.069813489913940430e+00
1.982340574264526367e+00
1.943092226982116699e+00
2.339449882507324219e+00
2.124368190765380859e+00
1.731842994689941406e+00
1.859524965286254883e+00
1.904324650764465332e+00
9.692012071609497070e-01
6.748241186141967773e-01
7.117881774902343750e-01
6.245529651641845703e-01
6.620528101921081543e-01
1.520761609077453613e+00
6.543158888816833496e-01
4.623960554599761963e-01
5.567939877510070801e-01
7.467287778854370117e-01
1.469309568405151367e+00
2.127573251724243164e+00
2.450448989868164062e+00
2.142634868621826172e+00
2.062002658843994141e+00
1.492298483848571777e+00
1.534813523292541504e+00
2.889149188995361328e+00
1.512274146080017090e+00
1.316968679428100586e+00
1.431399941444396973e+00
1.465959548950195312e+00
1.347449183464050293e+00
1.558376312255859375e+00
1.522103548049926758e+00
1.608443617820739746e+00
2.079874038696289062e+00
1.511949896812438965e+00
1.480854630470275879e+00
1.295344233512878418e+00
1.131481170654296875e+00
2.408143520355224609e+00
3.344976902008056641e+00
2.930204391479492188e+00
2.221742630004882812e+00
2.131856918334960938e+00
2.044300317764282227e+00
1.558055043220520020e+00
1.604746341705322266e+00
3.260993719100952148e+00
1.263260602951049805e+00
1.010698795318603516e+00
1.160413503646850586e+00
1.117187738418579102e+00
8.060553669929504395e-01
1.357491612434387207e+00
1.801712274551391602e+00
2.708090782165527344e+00
5.495419502258300781e-01
5.736636519432067871e-01
6.344722509384155273e-01
5.252625942230224609e-01
3.174037337303161621e-01
5.287702679634094238e-01
1.638529658317565918e+00
1.275615215301513672e+00
1.769076466560363770e+00
8.181096315383911133e-01
8.335304260253906250e-01
7.719491124153137207e-01
4.466907978057861328e-01
3.898078203201293945e-01
5.125258564949035645e-01
3.611511588096618652e-01
4.031231999397277832e-01
4.238082766532897949e-01
5.942640304565429688e-01
1.362090468406677246e+00
5.229061841964721680e-01
4.596994817256927490e-01
3.972322940826416016e-01
5.039018988609313965e-01
3.856409788131713867e-01
3.519504964351654053e-01
4.777636229991912842e-01
3.345225453376770020e-01
3.302668929100036621e-01
3.789699673652648926e-01
4.286735355854034424e-01
4.646762907505035400e-01
4.498621225357055664e-01
5.369896292686462402e-01
4.307281672954559326e-01
4.747334718704223633e-01
5.877706408500671387e-01
4.672001898288726807e-01
4.208463728427886963e-01
4.467329978942871094e-01
5.649572014808654785e-01
4.539560377597808838e-01
1.220404028892517090e+00
6.674717664718627930e-01
3.156190812587738037e-01
4.236986339092254639e-01
5.215423107147216797e-01
4.505254328250885010e-01
5.162436962127685547e-01
4.822196364402770996e-01
4.136011600494384766e-01
3.949641287326812744e-01
4.195548295974731445e-01
5.084749460220336914e-01
4.356536865234375000e-01
4.144105613231658936e-01
4.065749347209930420e-01
3.844269812107086182e-01
4.346263706684112549e-01
1.346516489982604980e+00
1.326145529747009277e+00
1.159765362739562988e+00
4.217569231986999512e-01
1.063729643821716309e+00
4.952242374420166016e-01
5.884183645248413086e-01
6.772863864898681641e-01
1.353836536407470703e+00
5.704876780509948730e-01
4.905166029930114746e-01
6.541837453842163086e-01
5.240467190742492676e-01
1.471547365188598633e+00
2.394142866134643555e+00
2.426565885543823242e+00
1.502199649810791016e+00
1.933586716651916504e+00
1.866100311279296875e+00
1.590100169181823730e+00
1.640796184539794922e+00
2.208782911300659180e+00
1.875455498695373535e+00
1.766958236694335938e+00
2.152248382568359375e+00
2.123914003372192383e+00
1.862090229988098145e+00
2.138771295547485352e+00
2.341085910797119141e+00
2.381423234939575195e+00
2.029271602630615234e+00
2.235435962677001953e+00
1.604055047035217285e+00
9.899345040321350098e-01
1.049711108207702637e+00
2.593966245651245117e+00
1.354724049568176270e+00
9.273787736892700195e-01
6.646044254302978516e-01
6.918489336967468262e-01
9.203536510467529297e-01
1.378648996353149414e+00
1.600203633308410645e+00
2.441922187805175781e+00
1.264023661613464355e+00
8.967916369438171387e-01
1.032998323440551758e+00
1.359356284141540527e+00
2.284002065658569336e+00
1.514447689056396484e+00
1.855006694793701172e+00
2.163819074630737305e+00
1.973772287368774414e+00
1.897475957870483398e+00
1.115566968917846680e+00
1.083062887191772461e+00
8.545797467231750488e-01
1.598261952400207520e+00
9.911029934883117676e-01
1.118420600891113281e+00
1.163778662681579590e+00
1.273458123207092285e+00
1.243822336196899414e+00
1.754701972007751465e+00
1.661927223205566406e+00
1.744800448417663574e+00
1.747436761856079102e+00
1.695875644683837891e+00
1.806179523468017578e+00
2.617614269256591797e+00
2.257407188415527344e+00
2.247851848602294922e+00
1.297294497489929199e+00
1.029006123542785645e+00
2.429244995117187500e+00
2.638109922409057617e+00
2.450604677200317383e+00
2.521394729614257812e+00
2.540103197097778320e+00
2.300475358963012695e+00
1.704773068428039551e+00
1.754551529884338379e+00
1.545777082443237305e+00
1.486835122108459473e+00
2.132500886917114258e+00
2.149713754653930664e+00
1.568382263183593750e+00
1.886951804161071777e+00
1.674595475196838379e+00
1.295030951499938965e+00
1.397305965423583984e+00
1.948297619819641113e+00
1.468295693397521973e+00
9.588205814361572266e-01
5.737456083297729492e-01
7.921035289764404297e-01
6.647192239761352539e-01
2.169134169816970825e-01
3.158583939075469971e-01
2.592900395393371582e-01
3.407768905162811279e-01
2.724601924419403076e-01
4.044205248355865479e-01
3.129866719245910645e-01
3.523690402507781982e-01
3.703092932701110840e-01
4.077540934085845947e-01
3.924416005611419678e-01
3.617053627967834473e-01
3.139854669570922852e-01
3.424957692623138428e-01
4.352557063102722168e-01
1.112517714500427246e+00
3.816643655300140381e-01
3.710825443267822266e-01
3.204051256179809570e-01
4.690152406692504883e-01
5.846776962280273438e-01
5.388671755790710449e-01
4.300182461738586426e-01
4.674690663814544678e-01
1.661192417144775391e+00
1.221888184547424316e+00
1.193331122398376465e+00
6.523837447166442871e-01
4.127314388751983643e-01
3.366944789886474609e-01
3.623473048210144043e-01
4.660215675830841064e-01
3.808371424674987793e-01
3.756155669689178467e-01
4.014174938201904297e-01
5.005784630775451660e-01
4.724803864955902100e-01
4.340250194072723389e-01
5.505530834197998047e-01
5.115528106689453125e-01
3.969721794128417969e-01
4.438651204109191895e-01
5.934129357337951660e-01
1.589224100112915039e+00
2.076695680618286133e+00
2.710820198059082031e+00
2.822458028793334961e+00
2.467771053314208984e+00
2.568250894546508789e+00
2.471568346023559570e+00
2.283376216888427734e+00
2.416939735412597656e+00
1.672222375869750977e+00
1.714587688446044922e+00
1.943911433219909668e+00
1.655445933341979980e+00
1.650107264518737793e+00
1.849616885185241699e+00
1.951072335243225098e+00
1.191375374794006348e+00
1.427249789237976074e+00
1.493031144142150879e+00
1.451595187187194824e+00
1.266279220581054688e+00
1.494680047035217285e+00
1.493156075477600098e+00
1.351087331771850586e+00
1.247427821159362793e+00
1.298092603683471680e+00
1.372684597969055176e+00
1.264929533004760742e+00
1.348008394241333008e+00
1.277304530143737793e+00
1.320821166038513184e+00
1.222921609878540039e+00
1.209355115890502930e+00
1.307103395462036133e+00
1.487065076828002930e+00
1.747669935226440430e+00
1.466264367103576660e+00
1.477119684219360352e+00
1.587262988090515137e+00
1.629361629486083984e+00
1.555458307266235352e+00
1.503198742866516113e+00
2.021379709243774414e+00
3.466680288314819336e+00
1.809719204902648926e+00
1.468369364738464355e+00
1.549240589141845703e+00
1.626802682876586914e+00
1.439757943153381348e+00
7.039895057678222656e-01
9.235361814498901367e-01
1.658420443534851074e+00
1.226656198501586914e+00
5.786448121070861816e-01
5.481711626052856445e-01
4.488537013530731201e-01
5.075756311416625977e-01
5.771904587745666504e-01
4.849419891834259033e-01
4.559065103530883789e-01
5.785620212554931641e-01
5.622236132621765137e-01
3.943260312080383301e-01
5.948061943054199219e-01
7.602497935295104980e-01
6.508992314338684082e-01
7.851926684379577637e-01
1.350188493728637695e+00
1.226045966148376465e+00
1.186605215072631836e+00
1.394265174865722656e+00
1.937639355659484863e+00
2.134793996810913086e+00
2.269505023956298828e+00
2.595334529876708984e+00
2.410748243331909180e+00
1.963225245475769043e+00
1.268686652183532715e+00
1.927956581115722656e+00
2.770474433898925781e+00
3.437935829162597656e+00
2.644450187683105469e+00
2.739632844924926758e+00
2.636234045028686523e+00
2.893347263336181641e+00
2.512175321578979492e+00
2.902544021606445312e+00
2.851206302642822266e+00
2.921811819076538086e+00
2.959690093994140625e+00
2.496179580688476562e+00
2.257961988449096680e+00
2.762775421142578125e+00
2.421267747879028320e+00
2.425228357315063477e+00
2.087156057357788086e+00
8.847924470901489258e-01
1.008571505546569824e+00
7.834908366203308105e-01
3.942597210407257080e-01
3.691473901271820068e-01
2.397323399782180786e-01
3.942372202873229980e-01
1.191233992576599121e+00
3.000196218490600586e-01
2.593213021755218506e-01
3.989141583442687988e-01
3.927159905433654785e-01
3.352784812450408936e-01
2.535729110240936279e-01
4.026640951633453369e-01
3.071787953376770020e-01
2.913109958171844482e-01
3.073344826698303223e-01
4.381850063800811768e-01
2.888871431350708008e-01
2.396092712879180908e-01
2.742004394531250000e-01
2.198103666305541992e-01
2.483735531568527222e-01
3.125936090946197510e-01
3.599793612957000732e-01
2.254967987537384033e-01
2.737484574317932129e-01
2.665933966636657715e-01
3.553671240806579590e-01
2.251919955015182495e-01
3.011310994625091553e-01
2.901644408702850342e-01
2.462747842073440552e-01
2.314825505018234253e-01
2.852934598922729492e-01
3.586212098598480225e-01
2.227418422698974609e-01
3.095478117465972900e-01
5.093158483505249023e-01
5.114875435829162598e-01
3.697240948677062988e-01
5.132595896720886230e-01
7.234354019165039062e-01
4.623982608318328857e-01
1.479900121688842773e+00
1.601582884788513184e+00
1.471232414245605469e+00
1.593056321144104004e+00
2.588427782058715820e+00
2.315580129623413086e+00
1.978065729141235352e+00
1.982174158096313477e+00
2.555176258087158203e+00
2.069258928298950195e+00
1.769338488578796387e+00
2.048321485519409180e+00
2.207871437072753906e+00
1.737650871276855469e+00
1.673693418502807617e+00
1.808083057403564453e+00
2.616609811782836914e+00
1.520517349243164062e+00
1.705187320709228516e+00
2.659354209899902344e+00
1.573453664779663086e+00
1.905481815338134766e+00
1.876955986022949219e+00
9.654331803321838379e-01
1.010748982429504395e+00
1.233927726745605469e+00
1.790522694587707520e+00
7.372485995292663574e-01
1.240135192871093750e+00
1.009049534797668457e+00
8.840825557708740234e-01
2.221656560897827148e+00
1.489180326461791992e+00
2.140066862106323242e+00
1.481330633163452148e+00
2.236877441406250000e+00
2.793208837509155273e+00
1.449054598808288574e+00
5.166671872138977051e-01
6.295862197875976562e-01
6.450570821762084961e-01
6.240406632423400879e-01
6.787133216857910156e-01
1.824149608612060547e+00
1.343822836875915527e+00
4.436406493186950684e-01
3.919123411178588867e-01
4.691449105739593506e-01
5.247207283973693848e-01
7.144302129745483398e-01
1.102630972862243652e+00
5.011496543884277344e-01
5.193612575531005859e-01
5.341938138008117676e-01
4.921705126762390137e-01
5.712016820907592773e-01
4.990325272083282471e-01
5.528626441955566406e-01
5.682625770568847656e-01
5.270807147026062012e-01
5.467488765716552734e-01
5.743261575698852539e-01
1.499593853950500488e+00
4.518232941627502441e-01
7.368193268775939941e-01
8.066011071205139160e-01
7.750403881072998047e-01
2.596854925155639648e+00
2.410230636596679688e+00
2.702216863632202148e+00
2.935903310775756836e+00
2.919597864151000977e+00
2.633422136306762695e+00
2.919188261032104492e+00
2.790545225143432617e+00
3.025960445404052734e+00
2.963292837142944336e+00
2.280844211578369141e+00
2.954154014587402344e+00
2.237195730209350586e+00
2.463632106781005859e+00
2.547283411026000977e+00
2.500504255294799805e+00
2.859291076660156250e+00
2.580714941024780273e+00
2.761791944503784180e+00
3.728156089782714844e+00
3.843279361724853516e+00
4.169278144836425781e+00
3.829280614852905273e+00
3.013398170471191406e+00
2.314342260360717773e+00
2.471559524536132812e+00
2.429220676422119141e+00
2.519449472427368164e+00
2.473354816436767578e+00
2.489850759506225586e+00
2.250423908233642578e+00
2.112196683883666992e+00
2.349491119384765625e+00
2.087031126022338867e+00
2.249941825866699219e+00
2.256602048873901367e+00
1.835152506828308105e+00
5.745245814323425293e-01
7.086297273635864258e-01
7.054954171180725098e-01
8.051009774208068848e-01
7.531405091285705566e-01
1.123097300529479980e+00
1.047693014144897461e+00
7.122165560722351074e-01
5.596328377723693848e-01
4.588648676872253418e-01
5.169368982315063477e-01
3.396988809108734131e-01
3.569146990776062012e-01
3.923572003841400146e-01
4.734635949134826660e-01
3.255565166473388672e-01
3.041530251502990723e-01
3.968173265457153320e-01
4.880719184875488281e-01
2.114383131265640259e-01
3.267241716384887695e-01
2.957916855812072754e-01
4.534799456596374512e-01
2.658094763755798340e-01
3.020139634609222412e-01
4.057433009147644043e-01
4.647530317306518555e-01
2.593002021312713623e-01
3.404753804206848145e-01
4.071277678012847900e-01
3.451120257377624512e-01
3.176060318946838379e-01
3.551574349403381348e-01
4.442847669124603271e-01
3.846262693405151367e-01
3.161143958568572998e-01
4.283448755741119385e-01
5.418214201927185059e-01
4.945836663246154785e-01
4.550444781780242920e-01
5.498757958412170410e-01
7.762444615364074707e-01
4.927008748054504395e-01
4.719431698322296143e-01
1.596504211425781250e+00
2.510490179061889648e+00
2.932976484298706055e+00
2.455217838287353516e+00
2.530571460723876953e+00
2.720854997634887695e+00
2.615662813186645508e+00
2.720741987228393555e+00
1.982806205749511719e+00
2.289947748184204102e+00
1.607467770576477051e+00
3.124242067337036133e+00
1.954057455062866211e+00
1.781280398368835449e+00
1.433692693710327148e+00
1.617208480834960938e+00
1.361075162887573242e+00
1.423711180686950684e+00
1.915644884109497070e+00
5.306726932525634766e+00
4.066503047943115234e+00
2.942266225814819336e+00
2.607427120208740234e+00
2.072758674621582031e+00
1.762024164199829102e+00
1.744459986686706543e+00
3.775269269943237305e+00
4.667566299438476562e+00
3.414106607437133789e+00
2.837081432342529297e+00
2.715159654617309570e+00
1.492076396942138672e+00
1.330371499061584473e+00
1.830418467521667480e+00
1.929388165473937988e+00
1.603882312774658203e+00
1.549019694328308105e+00
1.592916488647460938e+00
1.697893857955932617e+00
1.502095818519592285e+00
1.621683359146118164e+00
2.882643938064575195e+00
2.699433088302612305e+00
3.033352136611938477e+00
2.583857059478759766e+00
1.930848002433776855e+00
1.359903097152709961e+00
1.673999071121215820e+00
1.544502019882202148e+00
2.240998268127441406e+00
1.794608116149902344e+00
1.583312630653381348e+00
1.784333586692810059e+00
1.386813521385192871e+00
1.557108044624328613e+00
1.721331954002380371e+00
1.570882558822631836e+00
1.670443177223205566e+00
1.727946400642395020e+00
1.686666250228881836e+00
1.582877397537231445e+00
1.685554146766662598e+00
1.712228536605834961e+00
1.050010204315185547e+00
6.666815280914306641e-01
1.723059535026550293e+00
1.721661329269409180e+00
1.677250146865844727e+00
2.118775844573974609e+00
2.013025522232055664e+00
2.085622787475585938e+00
1.536287546157836914e+00
1.823149681091308594e+00
1.897217869758605957e+00
1.587759375572204590e+00
1.221538186073303223e+00
1.241387844085693359e+00
1.210611343383789062e+00
4.576053917407989502e-01
4.471276998519897461e-01
5.029897093772888184e-01
6.487875580787658691e-01
4.109635055065155029e-01
3.509064614772796631e-01
3.497593700885772705e-01
6.099262833595275879e-01
3.608559370040893555e-01
4.876670837402343750e-01
3.836828172206878662e-01
5.542646646499633789e-01
5.158369541168212891e-01
1.037868499755859375e+00
2.769397795200347900e-01
3.374855220317840576e-01
4.669534862041473389e-01
3.536721169948577881e-01
4.778864383697509766e-01
3.332869112491607666e-01
1.441629528999328613e+00
1.601595759391784668e+00
1.269244074821472168e+00
1.010241866111755371e+00
1.143206238746643066e+00
1.440880745649337769e-01
7.279840707778930664e-01
6.621391773223876953e-01
4.335409402847290039e-01
8.780894279479980469e-01
7.544698715209960938e-01
4.605861902236938477e-01
4.174610078334808350e-01
5.078253149986267090e-01
3.379325866699218750e-01
3.381077349185943604e-01
3.994398713111877441e-01
4.192481040954589844e-01
2.601348161697387695e-01
3.737911581993103027e-01
3.883849680423736572e-01
5.421125292778015137e-01
3.688469827175140381e-01
3.738966882228851318e-01
4.484318792819976807e-01
4.342927932739257812e-01
3.491982817649841309e-01
4.885513186454772949e-01
4.247574806213378906e-01
4.527535736560821533e-01
3.073555827140808105e-01
3.892925083637237549e-01
4.665253460407257080e-01
5.301083922386169434e-01
4.443620741367340088e-01
4.578433036804199219e-01
5.119379162788391113e-01
5.776986479759216309e-01
4.654977619647979736e-01
4.109736382961273193e-01
3.920088112354278564e-01
4.741962552070617676e-01
1.312884330749511719e+00
1.518660306930541992e+00
1.419939279556274414e+00
1.198315501213073730e+00
1.176407217979431152e+00
2.079463005065917969e-01
4.431127309799194336e-01
1.262975454330444336e+00
3.779547214508056641e-01
4.200068116188049316e-01
1.549429535865783691e+00
7.564557194709777832e-01
8.895242214202880859e-01
8.695323467254638672e-01
7.872418165206909180e-01
8.788428902626037598e-01
9.931976199150085449e-01
1.142689824104309082e+00
1.091835379600524902e+00
1.426242232322692871e+00
8.127332329750061035e-01
1.117564916610717773e+00
1.135796546936035156e+00
1.167533278465270996e+00
1.070616006851196289e+00
1.085180759429931641e+00
1.453281402587890625e+00
1.839536428451538086e+00
1.807683229446411133e+00
1.813362479209899902e+00
2.177542924880981445e+00
2.792710781097412109e+00
1.701977610588073730e+00
1.879234194755554199e+00
2.944870233535766602e+00
2.508692741394042969e+00
2.782216310501098633e+00
2.396447896957397461e+00
1.858687639236450195e+00
1.847281813621520996e+00
6.747616529464721680e-01
1.004658460617065430e+00
6.814970374107360840e-01
6.566873788833618164e-01
5.350824594497680664e-01
1.741719603538513184e+00
1.451739311218261719e+00
2.922306299209594727e+00
2.587089776992797852e+00
1.639162302017211914e+00
1.620920777320861816e+00
9.284836649894714355e-01
1.114040017127990723e+00
2.070832014083862305e+00
3.298164606094360352e+00
2.629837512969970703e+00
2.965572595596313477e+00
3.406185626983642578e+00
1.634426474571228027e+00
1.563824534416198730e+00
2.080265998840332031e+00
2.067398309707641602e+00
2.359689235687255859e+00
2.985276937484741211e+00
4.043964862823486328e+00
3.319297790527343750e+00
2.628968000411987305e+00
2.637073516845703125e+00
2.311472892761230469e+00
2.188264846801757812e+00
2.332007169723510742e+00
2.801616668701171875e+00
1.915240526199340820e+00
1.254899501800537109e+00
1.219102621078491211e+00
1.660485744476318359e+00
1.450289964675903320e+00
1.822611093521118164e+00
2.245272636413574219e+00
1.791550636291503906e+00
7.243062257766723633e-01
6.566128134727478027e-01
1.756602048873901367e+00
2.940623998641967773e+00
2.069658279418945312e+00
2.123776435852050781e+00
2.275055170059204102e+00
1.555502414703369141e+00
1.510032892227172852e+00
1.495711565017700195e+00
1.561478853225708008e+00
9.899929165840148926e-01
7.982441186904907227e-01
6.358528733253479004e-01
5.893381834030151367e-01
7.059403061866760254e-01
6.012102365493774414e-01
5.952801108360290527e-01
5.567671656608581543e-01
6.287008523941040039e-01
6.612423062324523926e-01
4.197546541690826416e-01
3.548789620399475098e-01
2.620340585708618164e-01
2.971150279045104980e-01
2.342057079076766968e-01
2.575736641883850098e-01
3.811350762844085693e-01
2.503094971179962158e-01
1.074399948120117188e+00
1.368899226188659668e+00
1.346418023109436035e+00
5.102708339691162109e-01
1.988610625267028809e-01
3.081927001476287842e-01
3.647993803024291992e-01
3.238116204738616943e-01
1.162051856517791748e-01
1.338776499032974243e-01
2.625482678413391113e-01
3.805073797702789307e-01
4.996531009674072266e-01
3.775792121887207031e-01
4.803914129734039307e-01
4.649396836757659912e-01
3.478080630302429199e-01
2.975900173187255859e-01
3.717047274112701416e-01
3.713508844375610352e-01
4.535451531410217285e-01
4.746605753898620605e-01
5.104911923408508301e-01
3.207296431064605713e-01
3.624081611633300781e-01
3.460771441459655762e-01
3.661082088947296143e-01
3.477685749530792236e-01
6.408376693725585938e-01
3.402298092842102051e-01
2.885883748531341553e-01
4.927444458007812500e-01
4.341653585433959961e-01
3.545832037925720215e-01
4.010362327098846436e-01
4.486796557903289795e-01
4.399652481079101562e-01
4.669463634490966797e-01
5.256534814834594727e-01
1.814978599548339844e+00
1.847521424293518066e+00
2.462314367294311523e+00
2.680513858795166016e+00
2.209785461425781250e+00
2.447937011718750000e+00
2.477413654327392578e+00
2.300934791564941406e+00
2.089266777038574219e+00
2.464161634445190430e+00
2.118437290191650391e+00
1.805194377899169922e+00
2.551746129989624023e+00
2.788303613662719727e+00
1.341731786727905273e+00
1.669764280319213867e+00
1.648934960365295410e+00
1.548312306404113770e+00
1.347272992134094238e+00
1.559364676475524902e+00
2.920186042785644531e+00
2.252185106277465820e+00
1.176802992820739746e+00
1.328362107276916504e+00
1.738075494766235352e+00
1.443661689758300781e+00
1.409591078758239746e+00
1.660259604454040527e+00
1.490455985069274902e+00
1.359106540679931641e+00
1.273702025413513184e+00
1.288258910179138184e+00
1.480300068855285645e+00
1.384676098823547363e+00
1.721673727035522461e+00
1.799910545349121094e+00
1.105336308479309082e+00
6.385730504989624023e-01
1.123694896697998047e+00
6.481516957283020020e-01
8.557158708572387695e-01
9.367551207542419434e-01
1.204236626625061035e+00
1.302675247192382812e+00
1.252461075782775879e+00
8.509079217910766602e-01
1.128773570060729980e+00
1.526913166046142578e+00
1.625113964080810547e+00
1.692389130592346191e+00
1.932548999786376953e+00
2.404823780059814453e+00
1.643809914588928223e+00
1.717643618583679199e+00
2.020637989044189453e+00
7.389118075370788574e-01
1.117354393005371094e+00
1.255170583724975586e+00
1.185046434402465820e+00
1.578176856040954590e+00
1.943334817886352539e+00
3.088536977767944336e+00
2.774044752120971680e+00
3.035558700561523438e+00
3.010916948318481445e+00
1.883561968803405762e+00
1.536823153495788574e+00
2.145449876785278320e+00
2.612714767456054688e+00
2.614076852798461914e+00
2.282675504684448242e+00
2.549850225448608398e+00
2.352938652038574219e+00
3.232697963714599609e+00
2.559070348739624023e+00
2.884522676467895508e+00
2.489557743072509766e+00
2.714182853698730469e+00
1.775774359703063965e+00
2.464914083480834961e+00
3.529986619949340820e+00
1.655447602272033691e+00
1.928375124931335449e+00
1.099686622619628906e+00
1.010805964469909668e+00
1.016532182693481445e+00
1.268627643585205078e+00
2.093262434005737305e+00
2.100516319274902344e+00
6.377436518669128418e-01
7.028207778930664062e-01
2.985036075115203857e-01
3.505284786224365234e-01
4.626049399375915527e-01
3.980109989643096924e-01
3.121712207794189453e-01
3.842233419418334961e-01
4.082778990268707275e-01
3.414481580257415771e-01
6.869803667068481445e-01
8.661384582519531250e-01
7.974662184715270996e-01
6.635729670524597168e-01
6.235681176185607910e-01
7.008832097053527832e-01
6.655264496803283691e-01
8.236064314842224121e-01
8.886607885360717773e-01
7.666291594505310059e-01
1.011417746543884277e+00
1.581628561019897461e+00
1.438109278678894043e+00
7.381643652915954590e-01
3.386718332767486572e-01
4.613481760025024414e-01
4.055350124835968018e-01
3.169169425964355469e-01
2.851487398147583008e-01
3.073265254497528076e-01
3.764740526676177979e-01
3.230452239513397217e-01
2.585636973381042480e-01
3.209576904773712158e-01
3.618319928646087646e-01
3.934445381164550781e-01
2.339817732572555542e-01
2.658072710037231445e-01
4.937175214290618896e-01
4.427514672279357910e-01
4.464805722236633301e-01
4.118496775627136230e-01
4.637224376201629639e-01
4.255888164043426514e-01
6.405117511749267578e-01
5.071395635604858398e-01
6.203455328941345215e-01
4.801502227783203125e-01
7.542130351066589355e-01
6.272141337394714355e-01
5.641984939575195312e-01
3.681886196136474609e-01
4.076219797134399414e-01
4.873937964439392090e-01
5.344120264053344727e-01
1.584200143814086914e+00
1.963314890861511230e+00
2.420396566390991211e+00
2.108546495437622070e+00
2.453171014785766602e+00
1.556413769721984863e+00
2.031600236892700195e+00
1.711481690406799316e+00
1.592686533927917480e+00
1.452532291412353516e+00
1.624854087829589844e+00
1.655210733413696289e+00
1.666974782943725586e+00
7.929392457008361816e-01
7.605140209197998047e-01
1.160905241966247559e+00
9.963884353637695312e-01
1.047431230545043945e+00
7.904885411262512207e-01
4.008290171623229980e-01
2.623292505741119385e-01
4.229396581649780273e-01
4.111422300338745117e-01
4.645907580852508545e-01
5.425913333892822266e-01
6.621298193931579590e-01
5.776649117469787598e-01
1.494090795516967773e+00
1.613539338111877441e+00
1.657455325126647949e+00
8.906576037406921387e-01
8.943995833396911621e-01
1.289161443710327148e+00
1.769127249717712402e+00
1.112998962402343750e+00
5.992079377174377441e-01
1.611926555633544922e+00
1.842035055160522461e+00
1.981330752372741699e+00
1.955899953842163086e+00
2.439241886138916016e+00
2.400160312652587891e+00
2.185333013534545898e+00
2.482085943222045898e+00
1.802635669708251953e+00
1.707913756370544434e+00
1.535121321678161621e+00
2.512171506881713867e+00
2.258242130279541016e+00
2.514779806137084961e+00
2.991191864013671875e+00
2.868324279785156250e+00
1.044947862625122070e+00
1.103523373603820801e+00
1.592126488685607910e+00
2.436825275421142578e+00
2.023939132690429688e+00
2.911842346191406250e+00
3.257567644119262695e+00
4.114699840545654297e+00
2.606478214263916016e+00
2.784641504287719727e+00
3.949145793914794922e+00
3.085197925567626953e+00
2.479951381683349609e+00
1.839553117752075195e+00
2.284630060195922852e+00
1.316864490509033203e+00
1.877676606178283691e+00
1.844112992286682129e+00
1.738082051277160645e+00
1.913884878158569336e+00
1.716591715812683105e+00
2.644016504287719727e+00
2.489863872528076172e+00
2.926135540008544922e+00
2.278606653213500977e+00
1.851862549781799316e+00
2.064757585525512695e+00
1.921943902969360352e+00
1.837241649627685547e+00
1.888568878173828125e+00
1.908842086791992188e+00
1.738307118415832520e+00
1.686673879623413086e+00
1.830526471138000488e+00
2.003899812698364258e+00
1.719831824302673340e+00
1.802912473678588867e+00
1.893324494361877441e+00
1.769431948661804199e+00
1.616256713867187500e+00
1.748454451560974121e+00
1.756418943405151367e+00
1.655617713928222656e+00
1.799577236175537109e+00
1.927816510200500488e+00
1.783876895904541016e+00
1.740423440933227539e+00
1.881101965904235840e+00
1.875269174575805664e+00
1.998975872993469238e+00
1.987040758132934570e+00
2.096866130828857422e+00
1.927388310432434082e+00
2.816152811050415039e+00
1.661082506179809570e+00
1.843711733818054199e+00
1.728882551193237305e+00
1.920554518699645996e+00
1.905216574668884277e+00
1.756228923797607422e+00
1.598656892776489258e+00
1.719474673271179199e+00
1.633625745773315430e+00
1.707800030708312988e+00
1.744704246520996094e+00
1.737935185432434082e+00
8.527912497520446777e-01
5.806073546409606934e-01
7.580479383468627930e-01
5.668665766716003418e-01
6.455702185630798340e-01
1.469675183296203613e+00
1.411104917526245117e+00
3.672059774398803711e-01
3.386416733264923096e-01
4.349213242530822754e-01
3.748878240585327148e-01
3.204264938831329346e-01
6.404988765716552734e-01
4.213888347148895264e-01
3.416816890239715576e-01
4.443669915199279785e-01
4.891219735145568848e-01
4.171438813209533691e-01
4.513408839702606201e-01
4.793399870395660400e-01
4.883714914321899414e-01
4.493440687656402588e-01
4.675488173961639404e-01
4.653872847557067871e-01
3.921466767787933350e-01
3.594975173473358154e-01
3.026230037212371826e-01
2.658807337284088135e-01
4.404186308383941650e-01
2.678062617778778076e-01
2.425292432308197021e-01
3.800447285175323486e-01
4.035423099994659424e-01
3.165397942066192627e-01
3.315842151641845703e-01
2.879658937454223633e-01
3.735250234603881836e-01
1.436221241950988770e+00
8.899353742599487305e-01
4.568373560905456543e-01
4.872479736804962158e-01
1.458857417106628418e+00
1.051966190338134766e+00
1.405872106552124023e+00
1.691637277603149414e+00
1.757816553115844727e+00
1.326435804367065430e+00
1.318678498268127441e+00
1.455305576324462891e+00
1.175885319709777832e+00
4.651929736137390137e-01
5.615180730819702148e-01
5.858231782913208008e-01
5.771808624267578125e-01
5.231578350067138672e-01
5.331135988235473633e-01
2.162510156631469727e+00
1.775744795799255371e+00
1.544020414352416992e+00
1.829441308975219727e+00
1.546999335289001465e+00
1.328639745712280273e+00
5.497658848762512207e-01
1.156459450721740723e+00
8.832191228866577148e-01
1.099779009819030762e+00
1.169621586799621582e+00
1.887130498886108398e+00
1.710252642631530762e+00
1.706704974174499512e+00
2.012066602706909180e+00
1.811402678489685059e+00
1.831913948059082031e+00
1.460590004920959473e+00
8.657015562057495117e-01
2.037408828735351562e+00
4.118512153625488281e+00
3.938840389251708984e+00
3.341512441635131836e+00
3.573993921279907227e+00
3.914482593536376953e+00
3.654421091079711914e+00
3.846213817596435547e+00
2.303858041763305664e+00
2.357562303543090820e+00
2.675545454025268555e+00
2.415574550628662109e+00
2.320252418518066406e+00
2.439222335815429688e+00
2.376829147338867188e+00
1.995301246643066406e+00
2.217005014419555664e+00
2.697169542312622070e+00
2.869004249572753906e+00
2.558444738388061523e+00
2.624112606048583984e+00
2.697696208953857422e+00
2.574797391891479492e+00
1.918007373809814453e+00
1.911209702491760254e+00
2.087166070938110352e+00
2.410891294479370117e+00
1.311406373977661133e+00
1.070994257926940918e+00
1.201776266098022461e+00
1.962882041931152344e+00
1.902364492416381836e+00
3.062340259552001953e+00
3.084631204605102539e+00
2.013589143753051758e+00
2.892869710922241211e+00
2.815641164779663086e+00
2.877407312393188477e+00
2.346888780593872070e+00
1.820332765579223633e+00
3.235248804092407227e+00
2.900410175323486328e+00
1.317450284957885742e+00
1.419885873794555664e+00
1.296351075172424316e+00
1.033344745635986328e+00
7.773356437683105469e-01
9.467531442642211914e-01
4.515697360038757324e-01
4.503796100616455078e-01
4.939943552017211914e-01
4.289177358150482178e-01
2.503339052200317383e-01
3.261326551437377930e-01
4.102226197719573975e-01
3.437421023845672607e-01
3.710507452487945557e-01
1.439869254827499390e-01
1.755794584751129150e-01
2.810613811016082764e-01
2.186067998409271240e-01
1.463381350040435791e-01
2.604264616966247559e-01
3.475871384143829346e-01
2.515574693679809570e-01
4.610039293766021729e-01
3.506556749343872070e-01
3.674521148204803467e-01
3.951233923435211182e-01
3.495973646640777588e-01
4.659179449081420898e-01
4.214359521865844727e-01
2.245240211486816406e-01
3.081408739089965820e-01
4.387578666210174561e-01
4.091544747352600098e-01
3.450476229190826416e-01
1.450187683105468750e+00
1.379652738571166992e+00
1.254194498062133789e+00
2.617920339107513428e-01
2.221717089414596558e-01
3.492752909660339355e-01
3.120528161525726318e-01
2.868848741054534912e-01
2.373794913291931152e-01
4.889402687549591064e-01
3.438319861888885498e-01
4.794507026672363281e-01
4.172543287277221680e-01
5.539387464523315430e-01
4.951737821102142334e-01
4.902145266532897949e-01
4.830202758312225342e-01
6.657040715217590332e-01
2.168426275253295898e+00
1.800847411155700684e+00
1.915780544281005859e+00
1.875963449478149414e+00
2.270695209503173828e+00
2.253782749176025391e+00
3.498781442642211914e+00
2.721166849136352539e+00
1.773507595062255859e+00
2.402546167373657227e+00
1.591963410377502441e+00
1.282202363014221191e+00
1.637233972549438477e+00
2.036423206329345703e+00
1.323460936546325684e+00
1.367597579956054688e+00
1.553108453750610352e+00
1.348336696624755859e+00
1.423509955406188965e+00
1.465875387191772461e+00
1.330437541007995605e+00
1.373661160469055176e+00
1.404571533203125000e+00
1.178582906723022461e+00
1.138018369674682617e+00
1.257937073707580566e+00
1.560415029525756836e+00
1.342279195785522461e+00
1.055910706520080566e+00
1.263345003128051758e+00
1.445136308670043945e+00
2.715580940246582031e+00
3.995025873184204102e+00
3.254481315612792969e+00
3.314786672592163086e+00
2.461007833480834961e+00
2.083714962005615234e+00
1.665292024612426758e+00
3.397551774978637695e+00
3.209685802459716797e+00
2.988031625747680664e+00
2.837620973587036133e+00
2.465638875961303711e+00
8.433014154434204102e-01
4.356630146503448486e-01
4.328521490097045898e-01
3.412985205650329590e-01
3.952560424804687500e-01
7.116338610649108887e-01
5.772957205772399902e-01
4.542545378208160400e-01
4.024048149585723877e-01
3.963365554809570312e-01
3.215206861495971680e-01
4.794049263000488281e-01
4.199144542217254639e-01
4.194646477699279785e-01
6.194919943809509277e-01
4.251242280006408691e-01
6.941776275634765625e-01
6.016545295715332031e-01
5.608517527580261230e-01
1.340777873992919922e+00
8.583866953849792480e-01
8.512324690818786621e-01
9.228399991989135742e-01
1.032529592514038086e+00
1.218664526939392090e+00
1.180759310722351074e+00
1.260610103607177734e+00
1.133874535560607910e+00
1.708208680152893066e+00
1.817430973052978516e+00
1.632928252220153809e+00
1.582183599472045898e+00
1.560651898384094238e+00
1.629674673080444336e+00
2.317450761795043945e+00
1.202764153480529785e+00
2.307507514953613281e+00
2.364515542984008789e+00
2.729158401489257812e+00
2.617736816406250000e+00
3.771835088729858398e+00
3.287700891494750977e+00
1.596687555313110352e+00
1.412471294403076172e+00
1.532170057296752930e+00
1.071496725082397461e+00
1.478658199310302734e+00
1.562107324600219727e+00
2.292883396148681641e+00
1.838348984718322754e+00
7.376860380172729492e-01
1.126890540122985840e+00
1.219850897789001465e+00
5.656377673149108887e-01
6.609331369400024414e-01
9.978386759757995605e-01
7.876502275466918945e-01
3.856908679008483887e-01
2.599709033966064453e-01
2.564956247806549072e-01
4.564410150051116943e-01
3.385531306266784668e-01
2.271043807268142700e-01
2.320647239685058594e-01
2.659681737422943115e-01
2.607890963554382324e-01
1.243497282266616821e-01
1.482096761465072632e-01
1.978510022163391113e-01
3.835307061672210693e-01
2.724514007568359375e-01
3.226324319839477539e-01
2.347040176391601562e-01
2.952999472618103027e-01
9.318830370903015137e-01
1.459798693656921387e+00
1.146850943565368652e+00
1.097819209098815918e+00
4.516412913799285889e-01
3.036755621433258057e-01
3.093699216842651367e-01
2.611569464206695557e-01
2.347577363252639771e-01
3.120867908000946045e-01
3.732687532901763916e-01
3.223654627799987793e-01
3.525420129299163818e-01
3.439997434616088867e-01
4.070970714092254639e-01
2.798901498317718506e-01
3.122707009315490723e-01
4.052811861038208008e-01
5.118184089660644531e-01
3.392496109008789062e-01
3.719018101692199707e-01
4.505945146083831787e-01
5.158054232597351074e-01
5.708807110786437988e-01
4.517078995704650879e-01
4.781895875930786133e-01
1.808547139167785645e+00
1.942973256111145020e+00
2.567170619964599609e+00
2.633290529251098633e+00
2.676675081253051758e+00
2.739773750305175781e+00
2.145874738693237305e+00
2.151882171630859375e+00
2.013208866119384766e+00
2.494499921798706055e+00
1.642302036285400391e+00
1.294426083564758301e+00
1.366695284843444824e+00
1.523290395736694336e+00
1.545860171318054199e+00
1.543579459190368652e+00
1.516902565956115723e+00
1.537339568138122559e+00
2.206124782562255859e+00
1.664058327674865723e+00
1.297711610794067383e+00
1.353595614433288574e+00
1.543661594390869141e+00
1.511187911033630371e+00
1.570854067802429199e+00
1.357470750808715820e+00
1.425252676010131836e+00
1.515689969062805176e+00
1.450371265411376953e+00
1.070265769958496094e+00
3.607693314552307129e-01
5.220375657081604004e-01
2.568086385726928711e-01
4.239963293075561523e-01
4.308109283447265625e-01
3.103923201560974121e-01
3.023985326290130615e-01
5.788824558258056641e-01
5.179165005683898926e-01
5.724921822547912598e-01
4.685547649860382080e-01
4.771044254302978516e-01
4.830896258354187012e-01
3.181805312633514404e-01
3.215906023979187012e-01
3.764638900756835938e-01
3.533508777618408203e-01
3.431020677089691162e-01
3.070011734962463379e-01
3.391454815864562988e-01
3.821593821048736572e-01
3.842449784278869629e-01
2.003622949123382568e-01
3.895561993122100830e-01
3.683684170246124268e-01
4.121128022670745850e-01
3.095094561576843262e-01
3.681579232215881348e-01
3.746666312217712402e-01
3.290762007236480713e-01
3.697254657745361328e-01
1.585347533226013184e+00
7.839227914810180664e-01
1.038542985916137695e+00
1.236189246177673340e+00
1.198638200759887695e+00
9.777955412864685059e-01
2.062942981719970703e+00
2.308815002441406250e+00
2.340884447097778320e+00
2.661736488342285156e+00
2.083991050720214844e+00
2.036716699600219727e+00
2.524064064025878906e+00
2.036563396453857422e+00
1.879239439964294434e+00
2.068357706069946289e+00
2.049858331680297852e+00
1.938067436218261719e+00
2.768455266952514648e+00
2.096650838851928711e+00
1.656773686408996582e+00
1.757350802421569824e+00
1.909360408782958984e+00
2.831515312194824219e+00
2.655491828918457031e+00
2.913147687911987305e+00
2.499087333679199219e+00
2.497725009918212891e+00
2.495803594589233398e+00
2.528299331665039062e+00
2.417560338973999023e+00
1.584921836853027344e+00
9.007808566093444824e-01
9.397030472755432129e-01
7.971551418304443359e-01
7.181252837181091309e-01
6.941058635711669922e-01
4.715090095996856689e-01
8.275202512741088867e-01
5.919385552406311035e-01
4.214589893817901611e-01
3.903176188468933105e-01
5.179516077041625977e-01
4.703078866004943848e-01
4.040093719959259033e-01
4.009712636470794678e-01
3.913767337799072266e-01
4.611116349697113037e-01
3.672980666160583496e-01
3.516308963298797607e-01
3.542858064174652100e-01
3.347516655921936035e-01
2.997118234634399414e-01
2.202404141426086426e-01
3.172653317451477051e-01
3.524573147296905518e-01
3.625783622264862061e-01
2.111570835113525391e-01
3.623580038547515869e-01
4.081013798713684082e-01
4.311195611953735352e-01
2.960402667522430420e-01
3.490582108497619629e-01
3.952349424362182617e-01
4.182830154895782471e-01
3.360311686992645264e-01
3.642873764038085938e-01
4.491080641746520996e-01
4.604011774063110352e-01
5.057391524314880371e-01
4.592984914779663086e-01
4.453921318054199219e-01
1.448074936866760254e+00
1.739252209663391113e+00
1.372511386871337891e+00
1.126668572425842285e+00
4.217232167720794678e-01
4.636733531951904297e-01
5.158829689025878906e-01
4.057750999927520752e-01
5.101836919784545898e-01
5.501320958137512207e-01
6.291062831878662109e-01
7.235560417175292969e-01
2.064749479293823242e+00
2.483942031860351562e+00
2.427359342575073242e+00
2.099756956100463867e+00
2.324917078018188477e+00
2.615645647048950195e+00
2.926898717880249023e+00
2.229209661483764648e+00
1.528476357460021973e+00
1.694645524024963379e+00
1.530313134193420410e+00
1.246616482734680176e+00
1.540233492851257324e+00
1.650281071662902832e+00
1.368965029716491699e+00
1.358938336372375488e+00
1.424367070198059082e+00
1.282569408416748047e+00
1.356695055961608887e+00
1.216885685920715332e+00
1.373685598373413086e+00
1.340422391891479492e+00
1.511438369750976562e+00
1.403372883796691895e+00
1.359002470970153809e+00
1.428349971771240234e+00
1.420855045318603516e+00
1.307344794273376465e+00
1.328668236732482910e+00
1.393410205841064453e+00
1.434516906738281250e+00
1.402544856071472168e+00
1.419380426406860352e+00
1.493216395378112793e+00
1.403892755508422852e+00
1.411803841590881348e+00
1.940006971359252930e+00
1.391121268272399902e+00
1.404538035392761230e+00
1.037905812263488770e+00
4.295251369476318359e-01
3.345543146133422852e-01
3.838620781898498535e-01
2.729453444480895996e-01
3.111537694931030273e-01
3.784982562065124512e-01
3.100647628307342529e-01
2.634969055652618408e-01
2.300923168659210205e-01
3.213855624198913574e-01
3.154897093772888184e-01
2.622478306293487549e-01
2.624410688877105713e-01
4.258486628532409668e-01
1.194209218025207520e+00
8.817453384399414062e-01
9.027521610260009766e-01
9.250903725624084473e-01
1.044150829315185547e+00
8.968001604080200195e-01
9.038274884223937988e-01
8.707718253135681152e-01
9.252085089683532715e-01
1.341800808906555176e+00
1.203679680824279785e+00
1.152414798736572266e+00
1.255637407302856445e+00
1.356045961380004883e+00
1.547827959060668945e+00
1.821796536445617676e+00
2.047010183334350586e+00
2.075486183166503906e+00
2.041451930999755859e+00
1.866457223892211914e+00
1.399959564208984375e+00
1.346260190010070801e+00
2.805296897888183594e+00
2.205517768859863281e+00
3.018456220626831055e+00
4.344481468200683594e+00
2.997180461883544922e+00
2.368375301361083984e+00
2.585639476776123047e+00
1.801411867141723633e+00
1.207564949989318848e+00
1.378822445869445801e+00
2.087676286697387695e+00
2.410320520401000977e+00
1.839067935943603516e+00
1.422524571418762207e+00
1.453808188438415527e+00
1.111979126930236816e+00
1.355157375335693359e+00
1.282244086265563965e+00
1.068740129470825195e+00
8.121225237846374512e-01
8.935677409172058105e-01
8.758160471916198730e-01
7.278363108634948730e-01
5.593118667602539062e-01
6.603240966796875000e-01
6.038448214530944824e-01
5.900541543960571289e-01
3.374849855899810791e-01
4.669110178947448730e-01
5.717649459838867188e-01
5.270130038261413574e-01
3.664363026618957520e-01
4.511232376098632812e-01
3.701974749565124512e-01
4.802606701850891113e-01
4.446265697479248047e-01
4.265766739845275879e-01
3.800628185272216797e-01
4.632424712181091309e-01
4.204955399036407471e-01
4.083108007907867432e-01
3.633853197097778320e-01
4.485850930213928223e-01
5.261460542678833008e-01
5.190222263336181641e-01
1.560925483703613281e+00
1.247805237770080566e+00
1.425007343292236328e+00
1.291954278945922852e+00
3.794195055961608887e-01
4.062144756317138672e-01
6.047101616859436035e-01
5.540565848350524902e-01
5.593993067741394043e-01
6.541957855224609375e-01
7.149153351783752441e-01
5.866797566413879395e-01
4.920219480991363525e-01
5.206602215766906738e-01
5.162560343742370605e-01
5.150379538536071777e-01
5.532526969909667969e-01
4.761412441730499268e-01
4.699455499649047852e-01
4.652839601039886475e-01
6.588971614837646484e-01
6.007809638977050781e-01
6.246658563613891602e-01
2.150446176528930664e+00
2.669618368148803711e+00
2.705229520797729492e+00
2.539135217666625977e+00
2.593045711517333984e+00
2.571210384368896484e+00
2.555675029754638672e+00
2.178521871566772461e+00
2.096677780151367188e+00
1.249318838119506836e+00
1.502215862274169922e+00
1.593579769134521484e+00
1.399460911750793457e+00
1.298239588737487793e+00
1.334334492683410645e+00
1.393399834632873535e+00
1.276846766471862793e+00
1.331008791923522949e+00
1.370509862899780273e+00
1.420567870140075684e+00
1.210484385490417480e+00
1.181084394454956055e+00
1.170022368431091309e+00
1.311281442642211914e+00
1.331476092338562012e+00
1.267105102539062500e+00
1.198160886764526367e+00
1.280496954917907715e+00
1.328018903732299805e+00
1.277000308036804199e+00
1.197250962257385254e+00
1.346541166305541992e+00
1.346840977668762207e+00
1.319010972976684570e+00
1.316066861152648926e+00
1.277684450149536133e+00
2.594301700592041016e+00
1.329651713371276855e+00
1.195268392562866211e+00
9.067271351814270020e-01
8.354386687278747559e-01
1.376510977745056152e+00
4.143258631229400635e-01
4.474689662456512451e-01
3.960695862770080566e-01
9.846639037132263184e-01
3.835301399230957031e-01
3.259912431240081787e-01
3.548455238342285156e-01
3.494926691055297852e-01
2.717883586883544922e-01
3.027671873569488525e-01
3.830551207065582275e-01
2.955225110054016113e-01
3.879000842571258545e-01
3.546786010265350342e-01
4.400697052478790283e-01
3.714610636234283447e-01
4.791108369827270508e-01
5.692942738533020020e-01
6.743014454841613770e-01
6.439872980117797852e-01
6.262076497077941895e-01
6.569384336471557617e-01
6.550578474998474121e-01
7.467414140701293945e-01
5.971623063087463379e-01
7.099158167839050293e-01
1.046870946884155273e+00
3.048693656921386719e+00
3.775477409362792969e+00
3.057335376739501953e+00
3.139930248260498047e+00
3.352310180664062500e+00
2.276210546493530273e+00
2.300832033157348633e+00
3.149384975433349609e+00
2.836949110031127930e+00
2.612071037292480469e+00
3.596804618835449219e+00
3.106628656387329102e+00
1.354635477066040039e+00
1.670390605926513672e+00
2.024354219436645508e+00
1.929803967475891113e+00
2.825515270233154297e+00
1.450620770454406738e+00
2.653472661972045898e+00
2.524613380432128906e+00
1.067559003829956055e+00
1.268852710723876953e+00
1.638603448867797852e+00
9.895164966583251953e-01
6.631719470024108887e-01
1.197280287742614746e+00
7.344980239868164062e-01
6.677710413932800293e-01
1.064816713333129883e+00
5.710073709487915039e-01
3.435567915439605713e-01
3.898963332176208496e-01
5.079928040504455566e-01
3.740359544754028320e-01
3.308438658714294434e-01
4.043673276901245117e-01
4.411033093929290771e-01
3.308381140232086182e-01
2.712725102901458740e-01
3.090988397598266602e-01
3.379791676998138428e-01
2.546536922454833984e-01
3.088039159774780273e-01
3.676716685295104980e-01
2.433263212442398071e-01
2.840665876865386963e-01
3.224224746227264404e-01
2.581158280372619629e-01
1.533154129981994629e+00
1.165472865104675293e+00
1.004995703697204590e+00
5.486963391304016113e-01
1.831662058830261230e-01
3.336396515369415283e-01
2.213036417961120605e-01
2.813160121440887451e-01
3.317264616489410400e-01
3.585261106491088867e-01
2.873990833759307861e-01
3.735420107841491699e-01
4.516544342041015625e-01
2.787247002124786377e-01
2.836987376213073730e-01
2.665673494338989258e-01
3.467760682106018066e-01
2.652420997619628906e-01
3.756355643272399902e-01
5.780700445175170898e-01
4.604872465133666992e-01
4.141189157962799072e-01
5.562455654144287109e-01
4.911428987979888916e-01
3.704995214939117432e-01
5.473889112472534180e-01
1.453087925910949707e+00
1.847396373748779297e+00
2.080417633056640625e+00
2.424244165420532227e+00
2.607437610626220703e+00
2.032958030700683594e+00
1.850631594657897949e+00
2.071815252304077148e+00
1.988440871238708496e+00
1.684687733650207520e+00
1.697511672973632812e+00
1.626764059066772461e+00
1.511481165885925293e+00
1.380138158798217773e+00
1.437487363815307617e+00
1.362311840057373047e+00
1.482007980346679688e+00
1.360370993614196777e+00
1.402541279792785645e+00
1.361178994178771973e+00
1.397236347198486328e+00
1.398449540138244629e+00
1.375358343124389648e+00
1.269917368888854980e+00
1.377051830291748047e+00
1.317070603370666504e+00
1.328186154365539551e+00
1.432815909385681152e+00
1.264092683792114258e+00
1.163254261016845703e+00
1.399902820587158203e+00
1.443185806274414062e+00
1.337741494178771973e+00
1.422311067581176758e+00
1.414565682411193848e+00
1.557333111763000488e+00
1.346261024475097656e+00
1.445282697677612305e+00
2.389364719390869141e+00
1.551890611648559570e+00
1.648364543914794922e+00
1.528963088989257812e+00
1.700027704238891602e+00
1.273965239524841309e+00
1.336224317550659180e+00
2.197847604751586914e+00
1.735350966453552246e+00
1.304862022399902344e+00
1.433659791946411133e+00
1.512975811958312988e+00
1.291309237480163574e+00
1.710090041160583496e+00
1.692929863929748535e+00
1.690097928047180176e+00
1.738171100616455078e+00
1.674757719039916992e+00
1.767303109169006348e+00
1.907768130302429199e+00
1.567595839500427246e+00
1.772655963897705078e+00
1.126772403717041016e+00
1.621764779090881348e+00
1.206479549407958984e+00
1.556574344635009766e+00
9.035487174987792969e-01
6.905324459075927734e-01
6.852489113807678223e-01
7.255344390869140625e-01
6.780053377151489258e-01
9.624739885330200195e-01
1.400158286094665527e+00
1.296035289764404297e+00
1.173839926719665527e+00
1.363937020301818848e+00
1.355781793594360352e+00
1.187471985816955566e+00
9.833101034164428711e-01
1.597274065017700195e+00
1.775512576103210449e+00
1.412800669670104980e+00
1.624386787414550781e+00
1.849005103111267090e+00
3.007912158966064453e+00
1.579045534133911133e+00
1.228591799736022949e+00
1.125790357589721680e+00
1.607145428657531738e+00
1.090184450149536133e+00
2.549012184143066406e+00
2.083186149597167969e+00
1.945897579193115234e+00
1.910246491432189941e+00
1.952014923095703125e+00
1.000224113464355469e+00
4.901865720748901367e-01
4.241909384727478027e-01
4.068810939788818359e-01
4.387389421463012695e-01
4.285482466220855713e-01
3.016274869441986084e-01
3.423472046852111816e-01
3.431037068367004395e-01
3.866195082664489746e-01
3.073843717575073242e-01
4.372580051422119141e-01
3.964919745922088623e-01
2.971602380275726318e-01
3.756772279739379883e-01
2.894312441349029541e-01
3.104227483272552490e-01
3.956625461578369141e-01
3.575119376182556152e-01
2.647837996482849121e-01
2.700050771236419678e-01
3.490952253341674805e-01
3.555653095245361328e-01
2.633173763751983643e-01
2.366462796926498413e-01
3.627258241176605225e-01
2.921226024627685547e-01
7.669577598571777344e-01
2.670730650424957275e-01
4.514828622341156006e-01
3.654015958309173584e-01
3.143352270126342773e-01
4.381734728813171387e-01
3.644126355648040771e-01
3.503344058990478516e-01
3.723439276218414307e-01
4.839749634265899658e-01
3.514817953109741211e-01
3.792586028575897217e-01
3.592845499515533447e-01
3.504188358783721924e-01
4.253975152969360352e-01
4.454965591430664062e-01
5.104366540908813477e-01
1.443855166435241699e+00
1.416598081588745117e+00
1.395667910575866699e+00
1.214999318122863770e+00
5.117599964141845703e-01
4.218865931034088135e-01
5.154772996902465820e-01
4.323075115680694580e-01
1.473578929901123047e+00
1.905377984046936035e+00
2.514696836471557617e+00
2.811602354049682617e+00
2.161322355270385742e+00
2.441875934600830078e+00
2.363141298294067383e+00
2.564117431640625000e+00
2.156940937042236328e+00
2.438143253326416016e+00
2.131064176559448242e+00
1.296149849891662598e+00
1.493561506271362305e+00
1.545918583869934082e+00
2.939369678497314453e+00
1.420715808868408203e+00
1.247464537620544434e+00
1.509623885154724121e+00
1.545964598655700684e+00
1.655085206031799316e+00
8.049828410148620605e-01
2.424177408218383789e+00
1.883375883102416992e+00
3.682741224765777588e-01
7.880783677101135254e-01
1.914789915084838867e+00
1.934361696243286133e+00
2.671329975128173828e+00
3.226656675338745117e+00
3.300993919372558594e+00
2.623170852661132812e+00
1.618617892265319824e+00
2.518403530120849609e+00
1.822763442993164062e+00
8.890733122825622559e-01
1.126116275787353516e+00
6.896059513092041016e-01
5.285638570785522461e-01
2.557856082916259766e+00
5.562518239021301270e-01
8.046193718910217285e-01
1.883776545524597168e+00
1.546527624130249023e+00
1.383319616317749023e+00
1.000414133071899414e+00
1.198235273361206055e+00
2.307163238525390625e+00
3.644112646579742432e-01
5.698556303977966309e-01
5.874644517898559570e-01
5.130238533020019531e-01
1.678187251091003418e+00
1.560350656509399414e+00
1.552155137062072754e+00
1.320184946060180664e+00
1.520600676536560059e+00
1.488860130310058594e+00
1.676438212394714355e+00
1.600585699081420898e+00
1.415826201438903809e+00
1.661729097366333008e+00
1.509990334510803223e+00
1.397888183593750000e+00
1.837493300437927246e+00
2.174206972122192383e+00
2.089405059814453125e+00
1.908357739448547363e+00
2.242946624755859375e+00
3.124403715133666992e+00
5.033794403076171875e+00
4.793419361114501953e+00
4.627120971679687500e+00
4.622435092926025391e+00
3.827654123306274414e+00
4.045210361480712891e+00
3.675192117691040039e+00
3.424525737762451172e+00
2.735404014587402344e+00
2.657449722290039062e+00
2.937493801116943359e+00
2.289163589477539062e+00
2.823445320129394531e+00
1.991930127143859863e+00
1.558045506477355957e+00
1.326445102691650391e+00
1.734878659248352051e+00
1.819106817245483398e+00
1.487742900848388672e+00
2.451670408248901367e+00
1.621593713760375977e+00
1.812897324562072754e+00
1.768009424209594727e+00
1.953395247459411621e+00
1.381184935569763184e+00
1.662977337837219238e+00
1.188171982765197754e+00
7.797372937202453613e-01
7.542155385017395020e-01
7.528639435768127441e-01
8.344127535820007324e-01
8.312824964523315430e-01
8.398650884628295898e-01
6.453841328620910645e-01
4.763147532939910889e-01
6.757158041000366211e-01
6.661311388015747070e-01
4.288072884082794189e-01
4.852171838283538818e-01
5.096371173858642578e-01
3.259564340114593506e-01
3.571221828460693359e-01
4.368312358856201172e-01
2.530008852481842041e-01
2.323273122310638428e-01
2.623073160648345947e-01
1.084007620811462402e+00
1.470038414001464844e+00
1.098215579986572266e+00
9.734913706779479980e-01
8.014513552188873291e-02
1.677120178937911987e-01
3.653862178325653076e-01
3.564813435077667236e-01
2.376261800527572632e-01
3.589287698268890381e-01
4.034260809421539307e-01
3.046241998672485352e-01
3.256795704364776611e-01
4.490537941455841064e-01
5.329872369766235352e-01
5.887760519981384277e-01
5.509491562843322754e-01
4.955736994743347168e-01
3.907098770141601562e-01
4.248865842819213867e-01
4.558626711368560791e-01
3.715586364269256592e-01
3.322458863258361816e-01
5.123449563980102539e-01
3.621219992637634277e-01
2.541690766811370850e-01
4.093455076217651367e-01
4.159745573997497559e-01
3.151353001594543457e-01
3.178274929523468018e-01
1.493707537651062012e+00
1.729893684387207031e+00
1.846864342689514160e+00
2.116306781768798828e+00
2.364343404769897461e+00
2.326199531555175781e+00
1.448435902595520020e+00
1.526332378387451172e+00
1.547095537185668945e+00
1.469142317771911621e+00
1.537827730178833008e+00
1.338773965835571289e+00
1.306234478950500488e+00
1.398894667625427246e+00
1.461591243743896484e+00
1.209855556488037109e+00
1.343700647354125977e+00
1.454527139663696289e+00
3.537271916866302490e-01
3.369485735893249512e-01
4.861918687820434570e-01
3.615277409553527832e-01
2.667518258094787598e-01
3.403070867061614990e-01
4.874760210514068604e-01
2.468032538890838623e-01
2.302773296833038330e-01
4.159482419490814209e-01
4.176216125488281250e-01
2.979035973548889160e-01
3.954421579837799072e-01
4.751698374748229980e-01
3.939540982246398926e-01
3.741472363471984863e-01
4.944424927234649658e-01
4.702196419239044189e-01
3.951283097267150879e-01
4.115985929965972900e-01
4.392753541469573975e-01
3.866554200649261475e-01
2.641832530498504639e-01
4.109763801097869873e-01
3.422844409942626953e-01
3.120741844177246094e-01
3.163278996944427490e-01
3.870073556900024414e-01
3.871397376060485840e-01
2.211238294839859009e-01
2.867870032787322998e-01
2.641070485115051270e-01
3.012237548828125000e-01
3.698570430278778076e-01
3.091240823268890381e-01
2.715172767639160156e-01
3.869909048080444336e-01
4.450157880783081055e-01
3.630783259868621826e-01
4.012456536293029785e-01
4.605091810226440430e-01
3.811265826225280762e-01
4.040110111236572266e-01
4.019602239131927490e-01
4.874858856201171875e-01
3.773991167545318604e-01
1.702590703964233398e+00
1.276718258857727051e+00
1.218767046928405762e+00
7.771687507629394531e-01
3.225436210632324219e-01
4.788742959499359131e-01
2.861401438713073730e-01
4.936821460723876953e-01
4.203519225120544434e-01
5.056481957435607910e-01
4.000006914138793945e-01
4.927973747253417969e-01
4.392254650592803955e-01
4.448872506618499756e-01
4.542871415615081787e-01
5.587146282196044922e-01
4.235330820083618164e-01
3.554362058639526367e-01
3.744084239006042480e-01
1.596883535385131836e+00
1.731765508651733398e+00
1.316772460937500000e+00
1.385928392410278320e+00
1.476701974868774414e+00
6.324812173843383789e-01
1.030103325843811035e+00
1.400833845138549805e+00
1.905069351196289062e+00
1.749150633811950684e+00
1.835526823997497559e+00
1.264483928680419922e+00
9.356757402420043945e-01
4.572868645191192627e-01
2.997740507125854492e-01
3.035086393356323242e-01
5.160844326019287109e-01
2.786473929882049561e-01
2.010006606578826904e-01
3.841131627559661865e-01
5.328471660614013672e-01
2.911687493324279785e-01
3.226042091846466064e-01
4.729293584823608398e-01
3.918851912021636963e-01
2.350537627935409546e-01
3.308750987052917480e-01
3.598064184188842773e-01
2.640530467033386230e-01
2.913762331008911133e-01
4.595300853252410889e-01
3.262245059013366699e-01
2.928950190544128418e-01
3.228588402271270752e-01
2.933431565761566162e-01
2.762084603309631348e-01
2.729763090610504150e-01
3.563341498374938965e-01
2.489340901374816895e-01
3.857755661010742188e-01
3.620718419551849365e-01
3.211262822151184082e-01
2.138950526714324951e-01
4.176838397979736328e-01
4.736258685588836670e-01
2.855875492095947266e-01
4.362843930721282959e-01
5.412008762359619141e-01
3.299453854560852051e-01
3.396336436271667480e-01
4.034178555011749268e-01
3.714205026626586914e-01
2.829145491123199463e-01
3.176142573356628418e-01
4.035244882106781006e-01
3.577737212181091309e-01
3.577849566936492920e-01
4.231172800064086914e-01
8.223115801811218262e-01
1.197278022766113281e+00
1.956464886665344238e+00
2.608369588851928711e+00
1.921116113662719727e+00
1.995708584785461426e+00
2.024921178817749023e+00
2.086328268051147461e+00
1.903558015823364258e+00
2.194339990615844727e+00
1.967686414718627930e+00
1.700210452079772949e+00
2.376955747604370117e+00
2.399583101272583008e+00
2.517339706420898438e+00
2.498694896697998047e+00
1.408840537071228027e+00
1.618751645088195801e+00
1.630107998847961426e+00
1.393407464027404785e+00
1.570308566093444824e+00
1.632856130599975586e+00
2.675394773483276367e+00
2.442294597625732422e+00
3.292177200317382812e+00
3.131896257400512695e+00
2.566107988357543945e+00
1.660356640815734863e+00
2.696038722991943359e+00
2.783936738967895508e+00
2.294642448425292969e+00
3.000642538070678711e+00
1.692530751228332520e+00
2.114113330841064453e+00
2.072910785675048828e+00
2.048954963684082031e+00
1.820316314697265625e+00
1.836012005805969238e+00
2.071277141571044922e+00
1.813923597335815430e+00
1.780194997787475586e+00
1.777314543724060059e+00
1.739968419075012207e+00
1.659948825836181641e+00
2.466880798339843750e+00
2.385803222656250000e+00
1.289321541786193848e+00
1.565517663955688477e+00
1.368796467781066895e+00
1.649138927459716797e+00
1.866394639015197754e+00
1.946188092231750488e+00
2.793691396713256836e+00
2.605957508087158203e+00
5.785283446311950684e-01
5.448137521743774414e-01
7.586684823036193848e-01
8.075050711631774902e-01
9.200513362884521484e-01
9.959723353385925293e-01
7.867786288261413574e-01
7.734273076057434082e-01
8.016393780708312988e-01
7.893869280815124512e-01
7.017825245857238770e-01
8.137841224670410156e-01
6.386399269104003906e-01
6.775823831558227539e-01
6.660379171371459961e-01
9.685151576995849609e-01
1.140117645263671875e+00
3.339018583297729492e+00
3.651008367538452148e+00
4.093837738037109375e+00
3.486122608184814453e+00
3.171787738800048828e+00
3.410713911056518555e+00
1.857167959213256836e+00
1.259458303451538086e+00
1.864381670951843262e+00
3.325380086898803711e+00
2.854907274246215820e+00
1.260165214538574219e+00
1.431468963623046875e+00
1.734139919281005859e+00
1.866118073463439941e+00
1.597852230072021484e+00
1.772840142250061035e+00
2.040398359298706055e+00
2.198690891265869141e+00
2.738263607025146484e+00
2.573188781738281250e+00
2.519651651382446289e+00
2.144878625869750977e+00
1.590913414955139160e+00
1.770437598228454590e+00
1.277234077453613281e+00
3.162382841110229492e-01
4.246678650379180908e-01
2.234764248132705688e-01
3.254846930503845215e-01
2.424028813838958740e-01
2.773358523845672607e-01
3.186676204204559326e-01
4.687932431697845459e-01
4.940042197704315186e-01
4.877739548683166504e-01
3.118639588356018066e-01
3.496606945991516113e-01
4.037881791591644287e-01
4.021918177604675293e-01
3.412277996540069580e-01
2.823474407196044922e-01
2.180912196636199951e-01
1.644965708255767822e-01
3.127273619174957275e-01
3.699280321598052979e-01
3.220559954643249512e-01
2.746672332286834717e-01
3.607547879219055176e-01
2.627447843551635742e-01
2.028968781232833862e-01
2.213129699230194092e-01
3.312199115753173828e-01
2.990455031394958496e-01
2.111557126045227051e-01
2.804224491119384766e-01
2.201760113239288330e-01
3.055240809917449951e-01
2.923994362354278564e-01
4.024385213851928711e-01
2.664963603019714355e-01
2.770411968231201172e-01
4.499070644378662109e-01
3.106365501880645752e-01
3.326019346714019775e-01
4.531839191913604736e-01
3.559789061546325684e-01
5.146073102951049805e-01
4.762783050537109375e-01
4.170890450477600098e-01
5.512936711311340332e-01
5.175319314002990723e-01
6.250041127204895020e-01
4.752937555313110352e-01
4.899122118949890137e-01
1.593892812728881836e+00
1.786083698272705078e+00
2.640937089920043945e+00
1.957378745079040527e+00
2.106803655624389648e+00
2.152248620986938477e+00
2.355399131774902344e+00
2.397137165069580078e+00
1.834303259849548340e+00
2.477647781372070312e+00
2.200956106185913086e+00
1.370848059654235840e+00
1.276415586471557617e+00
1.253459930419921875e+00
1.265615105628967285e+00
1.174317955970764160e+00
1.209833145141601562e+00
1.390653610229492188e+00
1.392530322074890137e+00
1.840768218040466309e+00
1.410323977470397949e+00
1.527697324752807617e+00
1.532351016998291016e+00
1.529513478279113770e+00
1.630014777183532715e+00
1.609704136848449707e+00
1.257299780845642090e+00
1.381362199783325195e+00
1.893595337867736816e+00
2.461876869201660156e+00
1.689675807952880859e+00
1.466407656669616699e+00
1.542025804519653320e+00
1.829434514045715332e+00
1.066024422645568848e+00
7.394221425056457520e-01
5.354768633842468262e-01
6.095641851425170898e-01
5.166575908660888672e-01
2.422691822052001953e+00
7.107060551643371582e-01
4.689889550209045410e-01
5.763393640518188477e-01
6.465295553207397461e-01
1.496387124061584473e+00
1.690444946289062500e+00
1.758865237236022949e+00
2.655812263488769531e+00
5.714999437332153320e-01
4.130828380584716797e-01
5.185678005218505859e-01
4.186193346977233887e-01
4.195057749748229980e-01
6.913503408432006836e-01
6.767206192016601562e-01
4.611601531505584717e-01
6.557877659797668457e-01
6.856238842010498047e-01
5.410040616989135742e-01
5.409176945686340332e-01
7.652830481529235840e-01
1.349439740180969238e+00
1.148205757141113281e+00
1.219163417816162109e+00
6.892535090446472168e-01
8.293274044990539551e-01
8.174367547035217285e-01
1.248206853866577148e+00
1.387083172798156738e+00
1.858289003372192383e+00
1.905748009681701660e+00
1.986113309860229492e+00
1.984135389328002930e+00
3.247328042984008789e+00
2.920596837997436523e+00
2.461859226226806641e+00
2.622177124023437500e+00
2.336840629577636719e+00
1.629050016403198242e+00
1.621294617652893066e+00
2.959069490432739258e+00
2.281340599060058594e+00
3.141908884048461914e+00
2.660401821136474609e+00
2.730465650558471680e+00
2.355893373489379883e+00
2.197940349578857422e+00
1.250038146972656250e+00
1.523491382598876953e+00
1.148581027984619141e+00
1.176597952842712402e+00
1.160866618156433105e+00
7.888228297233581543e-01
6.831386089324951172e-01
7.594173550605773926e-01
7.204315662384033203e-01
5.695513486862182617e-01
6.722687482833862305e-01
5.849266052246093750e-01
6.167055368423461914e-01
4.755590558052062988e-01
6.212527751922607422e-01
4.232828319072723389e-01
2.762221693992614746e-01
4.329686462879180908e-01
4.662638604640960693e-01
3.841835856437683105e-01
2.744397222995758057e-01
3.610886633396148682e-01
3.126791119575500488e-01
2.498150318861007690e-01
1.691455543041229248e-01
3.389404416084289551e-01
3.070908188819885254e-01
1.957484036684036255e-01
2.843480706214904785e-01
3.422951400279998779e-01
1.845937073230743408e-01
2.641393840312957764e-01
3.534580469131469727e-01
1.339543104171752930e+00
1.307199597358703613e+00
1.104673027992248535e+00
9.649902582168579102e-01
1.306772828102111816e-01
5.669249594211578369e-02
2.960726320743560791e-01
3.671533465385437012e-01
2.334601581096649170e-01
3.545176982879638672e-01
4.059398472309112549e-01
2.949954271316528320e-01
3.432007431983947754e-01
3.732810616493225098e-01
3.432818651199340820e-01
2.830516099929809570e-01
4.684374630451202393e-01
5.356591343879699707e-01
3.369398117065429688e-01
4.862102270126342773e-01
5.108590722084045410e-01
5.215258598327636719e-01
4.223267734050750732e-01
6.045358180999755859e-01
1.871377229690551758e+00
1.703599691390991211e+00
1.816164374351501465e+00
1.762650012969970703e+00
2.825620651245117188e+00
1.892691373825073242e+00
3.974174261093139648e+00
2.846768617630004883e+00
1.796252727508544922e+00
2.037764787673950195e+00
1.838116288185119629e+00
1.647127866744995117e+00
1.465847492218017578e+00
2.277504920959472656e+00
1.600336313247680664e+00
1.294496536254882812e+00
1.536684513092041016e+00
1.572144031524658203e+00
1.623170852661132812e+00
1.407387852668762207e+00
1.272184133529663086e+00
1.322456717491149902e+00
1.763999342918395996e+00
1.151866316795349121e+00
1.267571091651916504e+00
1.441998124122619629e+00
1.389613389968872070e+00
1.187524080276489258e+00
1.342960834503173828e+00
1.488991975784301758e+00
1.427105903625488281e+00
1.299138069152832031e+00
1.326979517936706543e+00
1.475032448768615723e+00
2.142422199249267578e+00
1.436959385871887207e+00
1.452318549156188965e+00
1.753068566322326660e+00
1.365981817245483398e+00
2.276053428649902344e+00
2.633962154388427734e+00
1.487672209739685059e+00
1.661821722984313965e+00
1.817601084709167480e+00
1.691761374473571777e+00
1.276395678520202637e+00
1.752599954605102539e+00
3.071086883544921875e+00
2.258260488510131836e+00
1.304165005683898926e+00
1.608961939811706543e+00
1.619604349136352539e+00
1.507594466209411621e+00
1.472321033477783203e+00
1.882981419563293457e+00
1.618735194206237793e+00
4.021205604076385498e-01
6.551477313041687012e-01
1.211961269378662109e+00
8.904934525489807129e-01
9.126073718070983887e-01
2.459820747375488281e+00
2.154008865356445312e+00
2.429244279861450195e+00
2.297063589096069336e+00
2.429717540740966797e+00
9.858833551406860352e-01
1.035586833953857422e+00
2.293793201446533203e+00
2.505553245544433594e+00
2.560116767883300781e+00
2.413065195083618164e+00
2.247936964035034180e+00
2.059309720993041992e+00
1.437764406204223633e+00
1.786717653274536133e+00
1.611753821372985840e+00
2.044707775115966797e+00
1.648810505867004395e+00
2.468171119689941406e+00
2.743473052978515625e+00
2.651252031326293945e+00
2.683775424957275391e+00
1.969237089157104492e+00
2.043146371841430664e+00
1.900756955146789551e+00
2.153787612915039062e+00
2.064316987991333008e+00
2.291529893875122070e+00
1.331864595413208008e+00
6.610496044158935547e-01
7.273155450820922852e-01
6.370605826377868652e-01
7.539967894554138184e-01
3.320956826210021973e-01
4.388951957225799561e-01
2.864994704723358154e-01
3.556151986122131348e-01
2.866875231266021729e-01
3.206350803375244141e-01
3.810868263244628906e-01
3.705940842628479004e-01
2.644540667533874512e-01
3.187446296215057373e-01
3.859104216098785400e-01
3.197974562644958496e-01
2.925904691219329834e-01
3.825601041316986084e-01
1.715145856142044067e-01
2.401950210332870483e-01
2.855930328369140625e-01
3.158030211925506592e-01
2.678005099296569824e-01
3.012221157550811768e-01
2.858739793300628662e-01
3.275895118713378906e-01
2.142398655414581299e-01
3.057510256767272949e-01
2.330613434314727783e-01
2.586834728717803955e-01
2.399957478046417236e-01
3.471409082412719727e-01
2.812088429927825928e-01
2.584321200847625732e-01
3.298782110214233398e-01
5.076567530632019043e-01
2.445356398820877075e-01
3.630160987377166748e-01
3.870026767253875732e-01
5.158155560493469238e-01
3.667553365230560303e-01
3.855247497558593750e-01
5.079180002212524414e-01
1.569568037986755371e+00
1.335778117179870605e+00
1.424427628517150879e+00
1.196705460548400879e+00
4.094762504100799561e-01
4.759126603603363037e-01
5.471773147583007812e-01
4.242191612720489502e-01
3.728581368923187256e-01
1.626034975051879883e+00
9.573700428009033203e-01
2.180494546890258789e+00
1.690206766128540039e+00
2.109116554260253906e+00
2.777731657028198242e+00
1.986213803291320801e+00
2.277469396591186523e+00
2.950720548629760742e+00
1.999204754829406738e+00
1.956354141235351562e+00
2.074733018875122070e+00
2.114509105682373047e+00
1.919416427612304688e+00
9.006531238555908203e-01
1.508562803268432617e+00
1.940084576606750488e+00
1.413215756416320801e+00
8.108131885528564453e-01
1.001941323280334473e+00
8.019899725914001465e-01
6.252491474151611328e-01
9.830771088600158691e-01
1.178979039192199707e+00
8.636203408241271973e-01
6.305978894233703613e-01
7.145272493362426758e-01
4.813831150531768799e-01
4.399997889995574951e-01
5.645145177841186523e-01
1.859035134315490723e+00
1.418056011199951172e+00
1.351284623146057129e+00
6.176136136054992676e-01
4.442411959171295166e-01
8.302140831947326660e-01
5.783435702323913574e-01
6.079428791999816895e-01
5.407159924507141113e-01
4.630451202392578125e-01
4.850902855396270752e-01
4.790784716606140137e-01
3.199388682842254639e-01
3.843866884708404541e-01
4.112208783626556396e-01
3.870514929294586182e-01
2.305925488471984863e-01
3.459568023681640625e-01
3.875856995582580566e-01
2.965424358844757080e-01
3.850903213024139404e-01
3.418771326541900635e-01
2.618136703968048096e-01
2.960493266582489014e-01
4.448809325695037842e-01
3.857443034648895264e-01
3.796494603157043457e-01
4.544003605842590332e-01
5.269181728363037109e-01
3.967657983303070068e-01
7.845005989074707031e-01
6.856055259704589844e-01
8.996608853340148926e-01
6.668410301208496094e-01
1.357743740081787109e+00
1.552751064300537109e+00
1.965723633766174316e+00
1.615623831748962402e+00
1.884314060211181641e+00
1.846765160560607910e+00
1.787200331687927246e+00
1.850147843360900879e+00
2.026708364486694336e+00
2.628830432891845703e+00
2.672240972518920898e+00
2.774537086486816406e+00
2.917919874191284180e+00
2.884609222412109375e+00
2.491493701934814453e+00
1.982455730438232422e+00
1.350506544113159180e+00
1.365668773651123047e+00
2.387362718582153320e+00
1.722905278205871582e+00
1.675613999366760254e+00
1.556545853614807129e+00
1.690039277076721191e+00
1.566394805908203125e+00
1.419705271720886230e+00
1.547695517539978027e+00
1.636038184165954590e+00
1.179877519607543945e+00
9.525036811828613281e-01
1.272407174110412598e+00
1.296402812004089355e+00
9.765440225601196289e-01
9.544382691383361816e-01
1.104164242744445801e+00
1.902671217918395996e+00
1.599869012832641602e+00
1.539147853851318359e+00
1.571269035339355469e+00
6.563987135887145996e-01
4.784510731697082520e-01
5.804610252380371094e-01
4.262754321098327637e-01
3.719514310359954834e-01
4.360906183719635010e-01
4.647426307201385498e-01
3.399773538112640381e-01
3.170479536056518555e-01
3.931715488433837891e-01
3.494463264942169189e-01
2.557857036590576172e-01
3.175029754638671875e-01
3.730946779251098633e-01
2.322193235158920288e-01
1.956431418657302856e-01
3.117057979106903076e-01
4.025149941444396973e-01
2.009211778640747070e-01
2.145095765590667725e-01
2.942460477352142334e-01
3.022647798061370850e-01
2.485777586698532104e-01
3.090015351772308350e-01
3.926474750041961670e-01
3.125848174095153809e-01
2.965331077575683594e-01
3.866586983203887939e-01
4.143809676170349121e-01
3.444201946258544922e-01
3.737621009349822998e-01
3.996925950050354004e-01
3.645740747451782227e-01
3.197121918201446533e-01
4.309468865394592285e-01
