1.756012201309204102e+00
1.338526248931884766e+00
1.434018135070800781e+00
1.411496520042419434e+00
1.321928739547729492e+00
1.376859664916992188e+00
1.687767267227172852e+00
1.719283342361450195e+00
1.253682255744934082e+00
1.413400769233703613e+00
1.536265373229980469e+00
1.335709571838378906e+00
1.378965497016906738e+00
1.448444962501525879e+00
1.156534194946289062e+00
1.262484908103942871e+00
1.197185158729553223e+00
1.231468200683593750e+00
9.937030673027038574e-01
9.688840508460998535e-01
1.228554844856262207e+00
1.051524877548217773e+00
1.019538998603820801e+00
1.038790583610534668e+00
4.531778693199157715e-01
3.813379108905792236e-01
3.175454437732696533e-01
4.112685918807983398e-01
3.437144160270690918e-01
2.941742241382598877e-01
3.628033995628356934e-01
9.940333962440490723e-01
4.920444190502166748e-01
4.255597591400146484e-01
4.110317528247833252e-01
3.637715280055999756e-01
3.918303847312927246e-01
4.494435787200927734e-01
4.330374300479888916e-01
3.954945206642150879e-01
4.740016460418701172e-01
5.147534012794494629e-01
3.762078881263732910e-01
4.140095710754394531e-01
4.748812317848205566e-01
4.300051033496856689e-01
4.005795717239379883e-01
4.475246071815490723e-01
3.967435956001281738e-01
3.671793937683105469e-01
3.941418528556823730e-01
4.603984355926513672e-01
3.366215825080871582e-01
4.071294367313385010e-01
5.416292548179626465e-01
3.648437857627868652e-01
1.479189991950988770e+00
1.694653749465942383e+00
1.914538025856018066e+00
1.600957751274108887e+00
1.369752049446105957e+00
6.228365302085876465e-01
4.652299582958221436e-01
4.507543146610260010e-01
5.823848843574523926e-01
4.185552000999450684e-01
5.808532238006591797e-01
6.225610971450805664e-01
5.394814610481262207e-01
4.844327270984649658e-01
5.244258046150207520e-01
6.497469544410705566e-01
5.188443660736083984e-01
5.317285656929016113e-01
6.194889545440673828e-01
5.636664628982543945e-01
7.211831212043762207e-01
1.814043641090393066e+00
1.684969305992126465e+00
2.086054801940917969e+00
1.842305898666381836e+00
1.845602989196777344e+00
1.724346995353698730e+00
1.743574142456054688e+00
1.535877585411071777e+00
1.440266728401184082e+00
1.420621514320373535e+00
1.339848160743713379e+00
1.478244304656982422e+00
1.412063956260681152e+00
1.417656064033508301e+00
1.481015205383300781e+00
1.395539999008178711e+00
1.457701563835144043e+00
1.531304478645324707e+00
1.543901801109313965e+00
1.576475501060485840e+00
1.580360054969787598e+00
2.108117818832397461e+00
1.373711109161376953e+00
1.340309500694274902e+00
1.557688832283020020e+00
1.435878634452819824e+00
1.466477274894714355e+00
1.502943277359008789e+00
1.419917345046997070e+00
1.337648510932922363e+00
1.287540674209594727e+00
1.457372903823852539e+00
1.422274112701416016e+00
6.471813917160034180e-01
3.941758275032043457e-01
3.324355483055114746e-01
3.335900604724884033e-01
3.709945380687713623e-01
3.547802865505218506e-01
3.087929487228393555e-01
3.468048572540283203e-01
3.976083695888519287e-01
3.784423470497131348e-01
2.872384488582611084e-01
3.787054717540740967e-01
4.873965382575988770e-01
9.392063617706298828e-01
3.408133387565612793e-01
4.610195457935333252e-01
4.456470310688018799e-01
4.169739186763763428e-01
6.991226673126220703e-01
1.443512558937072754e+00
1.470868110656738281e+00
1.357761025428771973e+00
1.510224223136901855e+00
1.269382238388061523e+00
1.313835501670837402e+00
1.347485899925231934e+00
1.256323695182800293e+00
1.265494465827941895e+00
1.350696682929992676e+00
1.323223590850830078e+00
1.218710064888000488e+00
1.323402881622314453e+00
1.390064001083374023e+00
1.789426326751708984e+00
1.384452939033508301e+00
1.359270811080932617e+00
1.468452453613281250e+00
2.011582374572753906e+00
1.204509019851684570e+00
1.433883786201477051e+00
1.365048766136169434e+00
1.323991894721984863e+00
1.309494256973266602e+00
1.789439201354980469e+00
1.765534877777099609e+00
8.168013691902160645e-01
6.596906781196594238e-01
4.998408555984497070e-01
4.960741996765136719e-01
5.790592432022094727e-01
4.811991751194000244e-01
4.351312816143035889e-01
5.920742750167846680e-01
3.914968073368072510e-01
3.756819069385528564e-01
3.440523743629455566e-01
3.758518397808074951e-01
3.106883466243743896e-01
3.445772528648376465e-01
1.198681235313415527e+00
1.411756157875061035e+00
1.275196433067321777e+00
1.435113430023193359e+00
1.746610641479492188e+00
8.801807761192321777e-01
3.776392340660095215e-01
4.467269778251647949e-01
3.171924054622650146e-01
3.345156908035278320e-01
4.913766980171203613e-01
3.921535313129425049e-01
4.336292147636413574e-01
4.909743368625640869e-01
5.318357348442077637e-01
4.203730225563049316e-01
4.151637852191925049e-01
4.818501770496368408e-01
4.562688767910003662e-01
4.053135216236114502e-01
4.533524811267852783e-01
4.342854022979736328e-01
9.339160323143005371e-01
5.835520029067993164e-01
5.385177135467529297e-01
4.052779078483581543e-01
4.049300551414489746e-01
1.559726834297180176e+00
7.119501829147338867e-01
4.755294620990753174e-01
1.490977287292480469e+00
1.679748296737670898e+00
1.977095484733581543e+00
1.225985169410705566e+00
1.457191944122314453e+00
1.440813541412353516e+00
1.281079173088073730e+00
1.443657040596008301e+00
5.476942658424377441e-01
7.785025238990783691e-01
5.015926361083984375e-01
6.334019303321838379e-01
5.679437518119812012e-01
5.583530664443969727e-01
6.469533443450927734e-01
5.476731061935424805e-01
3.976571559906005859e-01
4.977870285511016846e-01
4.416556358337402344e-01
4.387811720371246338e-01
4.151580333709716797e-01
4.361558556556701660e-01
3.400165438652038574e-01
3.393762707710266113e-01
4.513781368732452393e-01
3.601871430873870850e-01
3.240402042865753174e-01
3.494970500469207764e-01
4.502019882202148438e-01
9.603469967842102051e-01
4.150174260139465332e-01
3.581368923187255859e-01
3.140309751033782959e-01
3.614016771316528320e-01
3.558881878852844238e-01
3.494016528129577637e-01
2.979088127613067627e-01
5.291287899017333984e-01
4.683941602706909180e-01
4.034096300601959229e-01
4.050007760524749756e-01
4.922020137310028076e-01
4.562154412269592285e-01
4.536739885807037354e-01
5.412005782127380371e-01
5.206087231636047363e-01
4.316622912883758545e-01
4.307807981967926025e-01
4.204327762126922607e-01
3.387134969234466553e-01
3.392570316791534424e-01
4.280672073364257812e-01
3.548049628734588623e-01
3.149535953998565674e-01
1.120077848434448242e+00
1.715693712234497070e+00
1.606105804443359375e+00
1.078939080238342285e+00
9.131205081939697266e-01
4.176621735095977783e-01
4.047436714172363281e-01
5.900524854660034180e-01
1.335616946220397949e+00
1.128262996673583984e+00
1.093432545661926270e+00
1.549803376197814941e+00
1.174234390258789062e+00
1.082949876785278320e+00
1.354558706283569336e+00
1.257736921310424805e+00
1.090658426284790039e+00
1.318110346794128418e+00
1.354771494865417480e+00
1.253106117248535156e+00
1.603586077690124512e+00
1.287724137306213379e+00
1.245127320289611816e+00
1.017710208892822266e+00
1.269304156303405762e+00
1.377716183662414551e+00
1.829754352569580078e+00
1.159586310386657715e+00
1.362778663635253906e+00
1.402865767478942871e+00
2.354220628738403320e+00
2.352790117263793945e+00
2.126039028167724609e+00
2.050297021865844727e+00
2.230808973312377930e+00
1.191780805587768555e+00
5.742543339729309082e-01
8.271633982658386230e-01
7.488802075386047363e-01
5.754787325859069824e-01
6.766907572746276855e-01
6.047164797782897949e-01
4.904842376708984375e-01
1.142676949501037598e+00
1.092731118202209473e+00
9.239714741706848145e-01
1.303653001785278320e+00
1.376694679260253906e+00
1.081543207168579102e+00
1.232685804367065430e+00
1.679854631423950195e+00
5.380396842956542969e-01
4.991561472415924072e-01
5.327797532081604004e-01
6.098933815956115723e-01
4.654651284217834473e-01
4.370107650756835938e-01
3.810465335845947266e-01
3.963773846626281738e-01
3.524869084358215332e-01
3.714583218097686768e-01
3.817389011383056641e-01
3.374907374382019043e-01
3.742851018905639648e-01
3.339899480342864990e-01
3.896304666996002197e-01
4.182747900485992432e-01
3.422397673130035400e-01
3.734247088432312012e-01
5.522881150245666504e-01
4.458054602146148682e-01
4.420015215873718262e-01
4.467620551586151123e-01
5.690311193466186523e-01
4.476753473281860352e-01
9.495190382003784180e-01
8.671986460685729980e-01
4.765164852142333984e-01
4.284309446811676025e-01
5.000428557395935059e-01
3.953722715377807617e-01
1.362339258193969727e+00
2.148008346557617188e+00
2.185977220535278320e+00
1.857537984848022461e+00
1.477163076400756836e+00
1.912955164909362793e+00
2.503178596496582031e+00
1.218880057334899902e+00
1.516430616378784180e+00
2.105139970779418945e+00
1.608987689018249512e+00
1.518435835838317871e+00
1.519995212554931641e+00
3.241308927536010742e+00
1.468731522560119629e+00
1.325806736946105957e+00
1.382084250450134277e+00
1.586795091629028320e+00
6.418627500534057617e-01
4.298052787780761719e-01
7.195783257484436035e-01
4.852426648139953613e-01
2.317437678575515747e-01
4.537359476089477539e-01
4.287601411342620850e-01
4.251573979854583740e-01
3.556796014308929443e-01
4.381967782974243164e-01
3.994097411632537842e-01
4.546739161014556885e-01
4.245875477790832520e-01
3.067180514335632324e-01
3.639398217201232910e-01
4.090363383293151855e-01
7.822781801223754883e-01
5.931150317192077637e-01
4.628296792507171631e-01
3.668551146984100342e-01
3.914778828620910645e-01
4.234220683574676514e-01
3.979619443416595459e-01
3.362775743007659912e-01
3.908860981464385986e-01
4.348218142986297607e-01
2.952379882335662842e-01
3.649556338787078857e-01
4.025766551494598389e-01
3.918966948986053467e-01
3.622971475124359131e-01
4.921387135982513428e-01
4.328269362449645996e-01
4.006212353706359863e-01
4.247969686985015869e-01
4.411625266075134277e-01
4.376502335071563721e-01
4.650331735610961914e-01
4.116301238536834717e-01
3.839092254638671875e-01
1.141475558280944824e+00
1.386463165283203125e+00
5.495668649673461914e-01
5.539491772651672363e-01
9.241912961006164551e-01
7.811519503593444824e-01
6.553840041160583496e-01
1.311915636062622070e+00
1.479574561119079590e+00
1.488126635551452637e+00
1.860825538635253906e+00
2.059070110321044922e+00
1.356728553771972656e+00
1.488963723182678223e+00
1.321874260902404785e+00
4.533579647541046143e-01
1.271848917007446289e+00
1.772013664245605469e+00
1.692705154418945312e+00
1.620652198791503906e+00
1.524330615997314453e+00
1.586634993553161621e+00
1.679806590080261230e+00
2.639668703079223633e+00
2.270273923873901367e+00
2.624006748199462891e+00
3.110295534133911133e+00
3.167884588241577148e+00
1.922375559806823730e+00
8.931511044502258301e-01
1.055581808090209961e+00
1.131396174430847168e+00
9.720150828361511230e-01
1.383571147918701172e+00
7.117213010787963867e-01
3.468547463417053223e-01
3.927209079265594482e-01
4.259958565235137939e-01
3.491659462451934814e-01
3.695999383926391602e-01
3.776257932186126709e-01
3.931164443492889404e-01
1.178936481475830078e+00
4.596465826034545898e-01
4.065066874027252197e-01
4.804199337959289551e-01
3.997093141078948975e-01
4.828549921512603760e-01
4.369792342185974121e-01
5.049840211868286133e-01
1.327705979347229004e+00
1.566568613052368164e+00
1.510010361671447754e+00
1.121170401573181152e+00
3.440386652946472168e-01
4.566117823123931885e-01
4.102840125560760498e-01
2.984350621700286865e-01
4.314106702804565430e-01
4.283514618873596191e-01
3.307695686817169189e-01
3.653813004493713379e-01
3.817273974418640137e-01
4.416978359222412109e-01
4.277594089508056641e-01
1.172641038894653320e+00
4.476602971553802490e-01
4.549260735511779785e-01
3.234330713748931885e-01
4.201438724994659424e-01
4.130469262599945068e-01
4.401286244392395020e-01
4.968419373035430908e-01
5.272780656814575195e-01
5.541218519210815430e-01
4.399285316467285156e-01
4.195852577686309814e-01
5.961473584175109863e-01
5.865511894226074219e-01
6.030771136283874512e-01
7.540293931961059570e-01
1.883638978004455566e+00
2.285267114639282227e+00
2.467768192291259766e+00
2.295245647430419922e+00
2.081881761550903320e+00
2.073616743087768555e+00
2.011999368667602539e+00
2.225754499435424805e+00
1.821576595306396484e+00
4.081713199615478516e+00
4.030787944793701172e+00
4.601621627807617188e+00
3.216053962707519531e+00
2.608263254165649414e+00
1.803276538848876953e+00
1.674037456512451172e+00
2.007309675216674805e+00
3.238955974578857422e+00
2.698947906494140625e+00
3.638997077941894531e+00
4.929078578948974609e+00
3.238556861877441406e+00
3.178150892257690430e+00
3.008691072463989258e+00
1.273589968681335449e+00
1.732761502265930176e+00
5.751752853393554688e+00
4.317780971527099609e+00
3.039167642593383789e+00
2.954931735992431641e+00
1.673123598098754883e+00
4.198346734046936035e-01
5.396373867988586426e-01
9.206219911575317383e-01
2.849061250686645508e+00
2.682190179824829102e+00
2.934048891067504883e+00
2.323538303375244141e+00
1.223726630210876465e+00
7.513763904571533203e-01
1.493339776992797852e+00
5.520956516265869141e+00
3.138736486434936523e+00
1.479747772216796875e+00
1.545405745506286621e+00
1.317942261695861816e+00
2.479667961597442627e-01
1.031569957733154297e+00
1.414797306060791016e+00
4.073045849800109863e-01
7.377701997756958008e-01
5.281283259391784668e-01
1.826866745948791504e+00
2.064105033874511719e+00
8.607713580131530762e-01
3.664897382259368896e-01
4.640623033046722412e-01
5.958696603775024414e-01
1.092727541923522949e+00
4.462286829948425293e-01
5.084058642387390137e-01
5.095417499542236328e-01
5.213717818260192871e-01
5.995434522628784180e-01
1.057464003562927246e+00
1.288346886634826660e+00
9.731128215789794922e-01
6.048661470413208008e-01
1.123445749282836914e+00
1.626909017562866211e+00
1.113089680671691895e+00
1.794026017189025879e+00
3.129723310470581055e+00
2.476272344589233398e+00
2.492501497268676758e+00
4.251886367797851562e+00
4.292673587799072266e+00
3.807906389236450195e+00
3.143518209457397461e+00
2.407410860061645508e+00
2.184502124786376953e+00
4.394658565521240234e+00
3.996138095855712891e+00
4.924423694610595703e+00
4.498274803161621094e+00
3.900479555130004883e+00
3.010334730148315430e+00
3.498250246047973633e+00
2.698632240295410156e+00
1.939552783966064453e+00
2.029422998428344727e+00
2.819497346878051758e+00
2.254731655120849609e+00
1.343978881835937500e+00
2.997290134429931641e+00
1.824741125106811523e+00
1.475957512855529785e+00
1.583992719650268555e+00
1.199782729148864746e+00
2.487685233354568481e-01
1.899249106645584106e-01
6.314766407012939453e-01
3.338444232940673828e-01
2.024958729743957520e-01
2.328491955995559692e-01
3.846684694290161133e-01
5.799881815910339355e-01
4.029793143272399902e-01
1.363794803619384766e+00
5.303175449371337891e-01
3.252278566360473633e-01
4.150072634220123291e-01
4.121259450912475586e-01
3.853287696838378906e-01
4.269730150699615479e-01
3.530054986476898193e-01
2.361348122358322144e-01
3.455807268619537354e-01
4.540064632892608643e-01
4.058776199817657471e-01
2.829712927341461182e-01
4.475473463535308838e-01
5.337275862693786621e-01
3.602666258811950684e-01
3.260104060173034668e-01
5.761508345603942871e-01
3.498432338237762451e-01
4.957863986492156982e-01
4.794403016567230225e-01
1.187337040901184082e+00
8.542489409446716309e-01
3.447463810443878174e-01
5.368375182151794434e-01
2.710162401199340820e-01
4.434030055999755859e-01
4.580568075180053711e-01
5.021284818649291992e-01
3.754587769508361816e-01
3.421441018581390381e-01
6.715423464775085449e-01
5.087649226188659668e-01
4.757435321807861328e-01
7.483994364738464355e-01
9.687100052833557129e-01
2.062614440917968750e+00
2.537150621414184570e+00
2.941537857055664062e+00
2.868558406829833984e+00
2.805871248245239258e+00
2.353338956832885742e+00
2.011198759078979492e+00
1.717271447181701660e+00
2.315993547439575195e+00
1.287419795989990234e+00
1.510005474090576172e+00
2.196100711822509766e+00
1.480289697647094727e+00
1.839235424995422363e+00
2.058398008346557617e+00
1.415698170661926270e+00
1.389269471168518066e+00
1.314498782157897949e+00
1.471771836280822754e+00
1.341284751892089844e+00
1.507360696792602539e+00
1.467343449592590332e+00
1.415188431739807129e+00
1.444676160812377930e+00
1.461912751197814941e+00
1.555496692657470703e+00
1.452680349349975586e+00
1.538716077804565430e+00
1.458503246307373047e+00
1.462670087814331055e+00
1.392098903656005859e+00
1.416787505149841309e+00
1.525860071182250977e+00
1.861387133598327637e+00
1.564137578010559082e+00
2.319856166839599609e+00
1.507667422294616699e+00
1.593536496162414551e+00
1.641551852226257324e+00
2.494456052780151367e+00
1.179019093513488770e+00
1.510351300239562988e+00
1.531763315200805664e+00
1.323567628860473633e+00
1.342304348945617676e+00
1.507099509239196777e+00
1.315086483955383301e+00
1.350733757019042969e+00
1.794284939765930176e+00
1.447111725807189941e+00
1.392731785774230957e+00
1.538003206253051758e+00
1.591672658920288086e+00
1.702098488807678223e+00
1.514830946922302246e+00
1.513631463050842285e+00
8.439077734947204590e-01
1.103559851646423340e+00
1.153723120689392090e+00
5.865703821182250977e-01
4.500901699066162109e-01
8.821326494216918945e-01
8.664693236351013184e-01
8.097847700119018555e-01
6.958836317062377930e-01
8.483867645263671875e-01
1.055793881416320801e+00
1.090612888336181641e+00
1.144302606582641602e+00
1.004844069480895996e+00
1.004401445388793945e+00
1.443644404411315918e+00
1.606983780860900879e+00
1.434647202491760254e+00
1.649684667587280273e+00
2.509488344192504883e+00
1.578983545303344727e+00
1.710907101631164551e+00
1.981095671653747559e+00
1.618543863296508789e+00
1.241651535034179688e+00
2.653007030487060547e+00
2.494221925735473633e+00
2.728140354156494141e+00
2.560766220092773438e+00
2.565680742263793945e+00
2.504967212677001953e+00
1.399457097053527832e+00
1.384719371795654297e+00
1.943600416183471680e+00
1.925426602363586426e+00
1.778265595436096191e+00
1.859187602996826172e+00
1.841449856758117676e+00
1.539079546928405762e+00
7.821359634399414062e-01
8.074247837066650391e-01
7.322046160697937012e-01
3.771573603153228760e-01
3.087888360023498535e-01
3.311837315559387207e-01
2.471779435873031616e-01
3.399529457092285156e-01
3.285833895206451416e-01
2.981464564800262451e-01
2.351518869400024414e-01
3.467966318130493164e-01
3.613120317459106445e-01
2.699464261531829834e-01
2.947366833686828613e-01
3.477433621883392334e-01
3.460108041763305664e-01
3.179776966571807861e-01
6.365261077880859375e-01
1.085696101188659668e+00
3.356866240501403809e-01
1.059365987777709961e+00
1.535610795021057129e+00
1.453087091445922852e+00
1.136042952537536621e+00
3.324977755546569824e-01
5.066058635711669922e-01
3.770915865898132324e-01
3.060007393360137939e-01
4.201589524745941162e-01
3.591598272323608398e-01
2.943628132343292236e-01
3.347020745277404785e-01
4.428712427616119385e-01
3.214965760707855225e-01
3.241849243640899658e-01
3.930128216743469238e-01
4.273841679096221924e-01
3.499893248081207275e-01
5.937794446945190430e-01
1.128418922424316406e+00
5.224018692970275879e-01
4.127983152866363525e-01
4.327638745307922363e-01
6.517171263694763184e-01
3.732029497623443604e-01
5.126034021377563477e-01
6.522088646888732910e-01
8.198194503784179688e-01
1.680822491645812988e+00
2.170985221862792969e+00
2.213353872299194336e+00
2.579300880432128906e+00
2.379812955856323242e+00
2.695445299148559570e+00
2.290779590606689453e+00
2.218957901000976562e+00
1.989532589912414551e+00
1.986685872077941895e+00
1.531832098960876465e+00
1.262930274009704590e+00
2.533449888229370117e+00
1.839886426925659180e+00
1.345186471939086914e+00
1.469416737556457520e+00
1.578789234161376953e+00
1.416626334190368652e+00
1.486252665519714355e+00
9.253589510917663574e-01
2.393920898437500000e+00
1.048107743263244629e+00
5.066137909889221191e-01
1.650460839271545410e+00
6.172964572906494141e-01
6.317132115364074707e-01
1.261540651321411133e+00
2.417124748229980469e+00
3.021682262420654297e+00
3.211744070053100586e+00
2.034429311752319336e+00
1.834022045135498047e+00
2.055679798126220703e+00
1.847078680992126465e+00
1.817088603973388672e+00
2.272274255752563477e+00
2.186032295227050781e+00
1.675364613533020020e+00
1.978160619735717773e+00
1.942360639572143555e+00
9.596003890037536621e-01
7.976953983306884766e-01
7.579479217529296875e-01
5.498160123825073242e-01
6.290138959884643555e-01
1.343185067176818848e+00
5.428186058998107910e-01
3.882073462009429932e-01
4.984138906002044678e-01
6.722149848937988281e-01
1.363704800605773926e+00
2.085723400115966797e+00
2.332907915115356445e+00
2.167256832122802734e+00
1.994836688041687012e+00
1.555638909339904785e+00
1.561089873313903809e+00
2.666174888610839844e+00
1.408697485923767090e+00
1.354784846305847168e+00
1.379031538963317871e+00
1.456136703491210938e+00
1.354981422424316406e+00
1.468775391578674316e+00
1.664619922637939453e+00
1.553310394287109375e+00
2.051800489425659180e+00
1.424133062362670898e+00
1.403089165687561035e+00
1.365402936935424805e+00
1.163910746574401855e+00
2.344305753707885742e+00
3.367151975631713867e+00
3.101987838745117188e+00
2.190988302230834961e+00
2.117416381835937500e+00
2.064048767089843750e+00
1.648293852806091309e+00
1.712453842163085938e+00
3.312227487564086914e+00
1.312116026878356934e+00
9.181899428367614746e-01
1.339503049850463867e+00
1.148527026176452637e+00
7.940855026245117188e-01
1.265667676925659180e+00
1.807774186134338379e+00
2.537686347961425781e+00
7.581765055656433105e-01
5.126513838768005371e-01
5.677751898765563965e-01
5.333843827247619629e-01
3.004538118839263916e-01
6.176530718803405762e-01
1.717170596122741699e+00
1.117015957832336426e+00
1.707088708877563477e+00
7.757338285446166992e-01
8.017243742942810059e-01
8.177168965339660645e-01
4.903488457202911377e-01
4.741318523883819580e-01
4.714199006557464600e-01
3.938545882701873779e-01
4.146539568901062012e-01
3.733956515789031982e-01
5.298194885253906250e-01
1.311049222946166992e+00
5.628743171691894531e-01
4.904332756996154785e-01
4.617700278759002686e-01
5.208567380905151367e-01
4.375978708267211914e-01
3.810068070888519287e-01
4.460121393203735352e-01
3.560882806777954102e-01
4.133807718753814697e-01
3.255452811717987061e-01
4.063372910022735596e-01
4.594325125217437744e-01
4.484104812145233154e-01
5.389612317085266113e-01
4.142578840255737305e-01
4.492442905902862549e-01
5.121264457702636719e-01
4.648763835430145264e-01
4.519247114658355713e-01
4.564555287361145020e-01
5.629524588584899902e-01
4.851853847503662109e-01
1.274804234504699707e+00
6.935960054397583008e-01
4.057885408401489258e-01
4.732454121112823486e-01
5.121344327926635742e-01
5.052986741065979004e-01
4.963853061199188232e-01
5.373837947845458984e-01
4.564829468727111816e-01
3.976834714412689209e-01
4.016022384166717529e-01
4.422394633293151855e-01
3.990723192691802979e-01
4.658861458301544189e-01
3.912353217601776123e-01
4.156837463378906250e-01
4.258533418178558350e-01
1.403375864028930664e+00
1.396371603012084961e+00
1.323112607002258301e+00
5.121898055076599121e-01
1.077030539512634277e+00
6.305997967720031738e-01
6.022657752037048340e-01
7.674050927162170410e-01
1.274240612983703613e+00
5.811950564384460449e-01
5.101326704025268555e-01
6.214896440505981445e-01
5.310614109039306641e-01
1.469681501388549805e+00
2.494414329528808594e+00
2.359234333038330078e+00
1.476719498634338379e+00
1.824558854103088379e+00
1.809059977531433105e+00
1.580035567283630371e+00
1.751121997833251953e+00
2.191036224365234375e+00
1.798650026321411133e+00
1.707578539848327637e+00
2.045019865036010742e+00
2.030046463012695312e+00
1.955672502517700195e+00
2.145123243331909180e+00
2.317477464675903320e+00
2.285233020782470703e+00
1.979084253311157227e+00
2.163400173187255859e+00
1.580493330955505371e+00
9.646295309066772461e-01
1.043710589408874512e+00
2.268851757049560547e+00
1.421773552894592285e+00
9.068518877029418945e-01
7.291536331176757812e-01
8.013729453086853027e-01
8.351379632949829102e-01
1.344758987426757812e+00
1.616284489631652832e+00
2.469347715377807617e+00
1.255360245704650879e+00
8.014521598815917969e-01
1.173171997070312500e+00
1.397954702377319336e+00
2.273188114166259766e+00
1.600455284118652344e+00
1.949510812759399414e+00
2.037563323974609375e+00
1.921207427978515625e+00
1.807492733001708984e+00
9.442478418350219727e-01
1.025322437286376953e+00
7.687117457389831543e-01
1.555701971054077148e+00
1.010604500770568848e+00
1.157670974731445312e+00
1.070528626441955566e+00
1.255915284156799316e+00
1.255699634552001953e+00
1.679439663887023926e+00
1.587422728538513184e+00
1.657773256301879883e+00
1.604140520095825195e+00
1.657428741455078125e+00
1.723884820938110352e+00
2.553842067718505859e+00
2.224050045013427734e+00
2.139757633209228516e+00
1.254388809204101562e+00
1.062886238098144531e+00
2.328729867935180664e+00
2.638503313064575195e+00
2.464871644973754883e+00
2.515697002410888672e+00
2.506442546844482422e+00
2.265116930007934570e+00
1.548860430717468262e+00
1.522693753242492676e+00
1.506316661834716797e+00
1.457972645759582520e+00
2.069533824920654297e+00
2.100596189498901367e+00
1.652945876121520996e+00
1.816241025924682617e+00
1.710364699363708496e+00
1.356195449829101562e+00
1.359616994857788086e+00
1.717839360237121582e+00
1.417586803436279297e+00
8.898769617080688477e-01
7.284017801284790039e-01
7.457864284515380859e-01
7.015248537063598633e-01
3.603532314300537109e-01
3.640716671943664551e-01
2.632746100425720215e-01
3.528281748294830322e-01
2.769197523593902588e-01
3.961153626441955566e-01
3.684204816818237305e-01
3.307972550392150879e-01
3.618725836277008057e-01
3.618440628051757812e-01
3.727301359176635742e-01
3.813272118568420410e-01
3.495688736438751221e-01
3.209941685199737549e-01
4.136247336864471436e-01
1.030156970024108887e+00
4.586039185523986816e-01
3.629251122474670410e-01
3.767569065093994141e-01
4.037421345710754395e-01
4.609255194664001465e-01
4.270347058773040771e-01
4.417211413383483887e-01
4.492451250553131104e-01
1.643859744071960449e+00
1.208238482475280762e+00
1.172701597213745117e+00
6.073074936866760254e-01
3.837957382202148438e-01
3.874069750308990479e-01
3.771894276142120361e-01
4.712118804454803467e-01
3.281187713146209717e-01
3.504470586776733398e-01
4.411216676235198975e-01
5.119891762733459473e-01
3.778017759323120117e-01
4.374550580978393555e-01
5.436109900474548340e-01
5.589996576309204102e-01
5.198667049407958984e-01
5.151714086532592773e-01
5.976877808570861816e-01
1.514863252639770508e+00
2.162919521331787109e+00
2.614943742752075195e+00
2.811985969543457031e+00
2.471353530883789062e+00
2.536983966827392578e+00
2.409572362899780273e+00
2.199205160140991211e+00
2.250093698501586914e+00
1.762261033058166504e+00
1.645697832107543945e+00
1.744838237762451172e+00
1.619443416595458984e+00
1.655977606773376465e+00
1.863692045211791992e+00
1.966828227043151855e+00
1.274829745292663574e+00
1.466139674186706543e+00
1.492622733116149902e+00
1.320057511329650879e+00
1.222659826278686523e+00
1.439997553825378418e+00
1.405057430267333984e+00
1.391051292419433594e+00
1.257689476013183594e+00
1.329738378524780273e+00
1.315003156661987305e+00
1.318355917930603027e+00
1.302312970161437988e+00
1.235936880111694336e+00
1.339189291000366211e+00
1.245176434516906738e+00
1.260577440261840820e+00
1.337846994400024414e+00
1.518649697303771973e+00
1.626447200775146484e+00
1.525398492813110352e+00
1.443089962005615234e+00
1.592382788658142090e+00
1.552049875259399414e+00
1.499673843383789062e+00
1.503654360771179199e+00
1.989458322525024414e+00
3.027877569198608398e+00
1.590414285659790039e+00
1.376320481300354004e+00
1.583734750747680664e+00
1.495630979537963867e+00
1.491676568984985352e+00
8.826720714569091797e-01
7.969833016395568848e-01
1.336438655853271484e+00
1.072004914283752441e+00
5.199555158615112305e-01
4.509308338165283203e-01
5.368720293045043945e-01
5.379582643508911133e-01
5.101993083953857422e-01
3.847737312316894531e-01
3.701834976673126221e-01
5.147758722305297852e-01
5.661670565605163574e-01
4.350569844245910645e-01
5.879060626029968262e-01
7.211837172508239746e-01
5.811147093772888184e-01
8.846694231033325195e-01
1.345286607742309570e+00
1.206361413002014160e+00
1.187129855155944824e+00
1.417762994766235352e+00
1.912127614021301270e+00
2.049287796020507812e+00
2.190499067306518555e+00
2.457995891571044922e+00
2.326255798339843750e+00
1.877318263053894043e+00
1.211507081985473633e+00
1.832646131515502930e+00
2.569230079650878906e+00
3.428619623184204102e+00
2.585286617279052734e+00
2.609082698822021484e+00
2.561289310455322266e+00
2.737822055816650391e+00
2.608803033828735352e+00
2.750834465026855469e+00
2.844911575317382812e+00
2.533022403717041016e+00
2.939158201217651367e+00
2.497478246688842773e+00
2.280124425888061523e+00
2.529730319976806641e+00
2.494882583618164062e+00
2.546683788299560547e+00
1.979215025901794434e+00
7.701395153999328613e-01
9.417746663093566895e-01
7.056848406791687012e-01
3.508305251598358154e-01
2.641802430152893066e-01
3.255800902843475342e-01
3.952820897102355957e-01
1.140808701515197754e+00
3.821339011192321777e-01
3.044666051864624023e-01
3.606544733047485352e-01
4.335935711860656738e-01
3.634483516216278076e-01
2.626745998859405518e-01
3.971062004566192627e-01
3.282963931560516357e-01
3.398227691650390625e-01
3.057770729064941406e-01
4.254578053951263428e-01
2.754730582237243652e-01
2.535794973373413086e-01
3.316872715950012207e-01
2.574338614940643311e-01
3.048064708709716797e-01
2.905703783035278320e-01
3.438012897968292236e-01
2.075995653867721558e-01
3.281086385250091553e-01
2.677246034145355225e-01
3.536298871040344238e-01
2.452537715435028076e-01
2.696432769298553467e-01
3.025563955307006836e-01
2.582832872867584229e-01
2.487167268991470337e-01
3.148549199104309082e-01
3.838801681995391846e-01
2.596192359924316406e-01
3.155905902385711670e-01
5.044111609458923340e-01
4.544266760349273682e-01
3.988952636718750000e-01
5.100068449974060059e-01
6.720105409622192383e-01
5.618541240692138672e-01
1.603953838348388672e+00
1.654244780540466309e+00
1.639538407325744629e+00
1.651237964630126953e+00
2.507541179656982422e+00
2.387318134307861328e+00
2.062183618545532227e+00
1.960477709770202637e+00
2.451943397521972656e+00
2.045741081237792969e+00
1.916896939277648926e+00
1.949343562126159668e+00
2.059271574020385742e+00
1.710486650466918945e+00
1.635670781135559082e+00
1.836585402488708496e+00
2.683810234069824219e+00
1.460779905319213867e+00
1.710848212242126465e+00
2.509424448013305664e+00
1.612738132476806641e+00
1.918363332748413086e+00
1.801333427429199219e+00
9.934410452842712402e-01
1.059699296951293945e+00
1.170619010925292969e+00
1.846323847770690918e+00
8.908171653747558594e-01
1.215778589248657227e+00
9.560817480087280273e-01
9.029405117034912109e-01
2.093070268630981445e+00
1.530588269233703613e+00
2.001363515853881836e+00
1.502575516700744629e+00
2.173590183258056641e+00
2.714295148849487305e+00
1.412571907043457031e+00
5.903033018112182617e-01
5.407332777976989746e-01
5.666105747222900391e-01
5.201753377914428711e-01
6.704941987991333008e-01
1.665909886360168457e+00
1.083547472953796387e+00
4.649147391319274902e-01
4.484003484249114990e-01
5.617263913154602051e-01
5.744568705558776855e-01
6.652553677558898926e-01
9.999407529830932617e-01
5.427103042602539062e-01
4.327707290649414062e-01
5.494037866592407227e-01
5.462026000022888184e-01
5.867003202438354492e-01
5.259037017822265625e-01
6.151516437530517578e-01
5.849528908729553223e-01
5.516390800476074219e-01
5.320265293121337891e-01
6.030488610267639160e-01
1.501403093338012695e+00
5.442625284194946289e-01
7.213089466094970703e-01
8.051165938377380371e-01
7.800067663192749023e-01
2.396438598632812500e+00
2.496639013290405273e+00
2.770590305328369141e+00
2.749446153640747070e+00
2.860452413558959961e+00
2.598502635955810547e+00
2.885887622833251953e+00
2.739315986633300781e+00
2.859320402145385742e+00
3.009960174560546875e+00
2.539320945739746094e+00
2.916110277175903320e+00
1.986652135848999023e+00
2.198029756546020508e+00
2.425818681716918945e+00
2.489156723022460938e+00
2.780234336853027344e+00
2.657800912857055664e+00
2.846825361251831055e+00
3.773420572280883789e+00
3.955898284912109375e+00
4.002784252166748047e+00
3.373124837875366211e+00
2.965994358062744141e+00
2.334497928619384766e+00
2.610012769699096680e+00
2.703779697418212891e+00
2.618995189666748047e+00
2.355739593505859375e+00
2.383652925491333008e+00
2.142467975616455078e+00
2.163323879241943359e+00
2.243268251419067383e+00
2.101410150527954102e+00
2.140784978866577148e+00
2.056571722030639648e+00
1.846601247787475586e+00
6.534743905067443848e-01
7.403376698493957520e-01
7.043916583061218262e-01
8.172169327735900879e-01
7.216156721115112305e-01
1.031304359436035156e+00
9.689216017723083496e-01
7.600718736648559570e-01
6.417240500450134277e-01
5.202984213829040527e-01
5.443140864372253418e-01
4.518622159957885742e-01
3.962956964969635010e-01
3.119113743305206299e-01
4.012908637523651123e-01
3.446106910705566406e-01
2.958579957485198975e-01
3.395859301090240479e-01
4.363293647766113281e-01
2.608384191989898682e-01
3.088754713535308838e-01
2.977347671985626221e-01
3.629174232482910156e-01
2.674784660339355469e-01
3.297847509384155273e-01
4.018179476261138916e-01
3.798613548278808594e-01
2.757342755794525146e-01
3.156681656837463379e-01
3.882950544357299805e-01
3.631498813629150391e-01
3.379893302917480469e-01
3.476370275020599365e-01
4.259629547595977783e-01
3.630509078502655029e-01
2.951420545578002930e-01
3.777028322219848633e-01
5.257702469825744629e-01
4.520296752452850342e-01
4.166644811630249023e-01
5.052323341369628906e-01
6.944794058799743652e-01
5.472154021263122559e-01
4.768437743186950684e-01
1.834725975990295410e+00
2.428020954132080078e+00
2.720164775848388672e+00
2.340562343597412109e+00
2.517952203750610352e+00
2.685469388961791992e+00
2.813024520874023438e+00
2.977070093154907227e+00
1.940526127815246582e+00
2.490457057952880859e+00
1.600734591484069824e+00
3.048155784606933594e+00
1.910631656646728516e+00
1.798545002937316895e+00
1.307554841041564941e+00
1.503682017326354980e+00
1.393766045570373535e+00
1.448648095130920410e+00
1.863025426864624023e+00
4.533369541168212891e+00
3.964628458023071289e+00
3.413591384887695312e+00
2.750266790390014648e+00
1.947339892387390137e+00
1.530809164047241211e+00
1.725181341171264648e+00
3.643282175064086914e+00
5.127061843872070312e+00
3.379000186920166016e+00
2.459037303924560547e+00
2.626217126846313477e+00
1.718512296676635742e+00
1.480955958366394043e+00
1.735696077346801758e+00
1.933102965354919434e+00
1.558406710624694824e+00
1.473223447799682617e+00
1.665864348411560059e+00
1.835655093193054199e+00
1.526800274848937988e+00
1.714209437370300293e+00
2.783602952957153320e+00
2.815851211547851562e+00
2.728226423263549805e+00
2.393608808517456055e+00
1.871382951736450195e+00
1.329801917076110840e+00
1.536385178565979004e+00
1.518102884292602539e+00
2.148747920989990234e+00
1.783783197402954102e+00
1.507320046424865723e+00
1.657559156417846680e+00
1.398113965988159180e+00
1.599541664123535156e+00
1.542699813842773438e+00
1.474780797958374023e+00
1.747176885604858398e+00
1.560431241989135742e+00
1.660432338714599609e+00
1.627685308456420898e+00
1.649329185485839844e+00
1.641164541244506836e+00
9.753631949424743652e-01
6.786768436431884766e-01
1.723352551460266113e+00
1.679342865943908691e+00
1.601957917213439941e+00
2.130342245101928711e+00
2.062697649002075195e+00
2.002279281616210938e+00
1.518646121025085449e+00
1.834665894508361816e+00
1.859287023544311523e+00
1.613514184951782227e+00
1.402838945388793945e+00
1.108056783676147461e+00
1.179595232009887695e+00
6.004709601402282715e-01
4.360166192054748535e-01
5.195150375366210938e-01
7.268868684768676758e-01
4.457363784313201904e-01
4.337950348854064941e-01
4.068566858768463135e-01
4.386928975582122803e-01
4.931449294090270996e-01
4.971037209033966064e-01
3.799931704998016357e-01
3.932282626628875732e-01
6.084085702896118164e-01
9.426120519638061523e-01
3.437779843807220459e-01
3.735378980636596680e-01
4.986603260040283203e-01
3.105932474136352539e-01
4.126788079738616943e-01
3.662244081497192383e-01
1.327230691909790039e+00
1.364222645759582520e+00
1.367141246795654297e+00
9.576309919357299805e-01
1.276456475257873535e+00
3.581423759460449219e-01
7.859390377998352051e-01
6.420159935951232910e-01
4.083324372768402100e-01
9.580763578414916992e-01
6.893538236618041992e-01
3.973359167575836182e-01
4.268354177474975586e-01
5.791053175926208496e-01
3.952941596508026123e-01
3.537886142730712891e-01
4.060453772544860840e-01
4.667322933673858643e-01
4.267584085464477539e-01
4.132198691368103027e-01
4.057178199291229248e-01
5.527918934822082520e-01
3.845283985137939453e-01
4.744160771369934082e-01
4.791694879531860352e-01
5.029302239418029785e-01
4.327644407749176025e-01
5.877221226692199707e-01
3.938578665256500244e-01
4.870459735393524170e-01
3.810300827026367188e-01
3.882920444011688232e-01
4.420563578605651855e-01
5.078845024108886719e-01
4.639288187026977539e-01
4.904346466064453125e-01
4.544239342212677002e-01
5.609353780746459961e-01
4.446282088756561279e-01
4.310729801654815674e-01
4.305346608161926270e-01
4.988305270671844482e-01
1.297809004783630371e+00
1.531513333320617676e+00
1.377721428871154785e+00
1.182066798210144043e+00
1.224037408828735352e+00
2.526993751525878906e-01
5.154606103897094727e-01
1.186061382293701172e+00
4.860849678516387939e-01
4.438884258270263672e-01
1.447048187255859375e+00
7.673042416572570801e-01
8.627056479454040527e-01
8.092116117477416992e-01
7.704785466194152832e-01
9.182055592536926270e-01
1.076850652694702148e+00
1.149498462677001953e+00
1.164539575576782227e+00
1.484255909919738770e+00
8.683688044548034668e-01
1.106183767318725586e+00
1.133047938346862793e+00
1.172728180885314941e+00
1.103183031082153320e+00
1.074066400527954102e+00
1.572326540946960449e+00
1.806573033332824707e+00
1.851558804512023926e+00
1.739963173866271973e+00
2.094246149063110352e+00
2.606280326843261719e+00
1.634243607521057129e+00
1.944826960563659668e+00
2.964136600494384766e+00
2.561950445175170898e+00
2.748292446136474609e+00
2.342254161834716797e+00
2.036627292633056641e+00
1.674200177192687988e+00
5.686578154563903809e-01
9.935838580131530762e-01
7.185874581336975098e-01
6.888338327407836914e-01
5.104813575744628906e-01
1.778946518898010254e+00
1.506516456604003906e+00
2.820121765136718750e+00
2.408483028411865234e+00
1.636130213737487793e+00
1.524117588996887207e+00
9.340105652809143066e-01
1.095838785171508789e+00
1.972537159919738770e+00
3.346210479736328125e+00
2.582513332366943359e+00
2.903873443603515625e+00
3.561376094818115234e+00
1.498549461364746094e+00
1.636941313743591309e+00
1.968065500259399414e+00
1.889891743659973145e+00
2.411770105361938477e+00
2.982999086380004883e+00
3.760244369506835938e+00
3.282696962356567383e+00
2.593109369277954102e+00
2.540393829345703125e+00
2.380340814590454102e+00
2.215265989303588867e+00
2.262155532836914062e+00
2.696424484252929688e+00
1.920013189315795898e+00
1.189681172370910645e+00
1.269737482070922852e+00
1.678408741950988770e+00
1.507300138473510742e+00
1.902943134307861328e+00
2.082981824874877930e+00
1.884299278259277344e+00
6.827505230903625488e-01
6.247119307518005371e-01
1.679342031478881836e+00
2.900455236434936523e+00
2.041606903076171875e+00
2.011163711547851562e+00
2.109416961669921875e+00
1.463792562484741211e+00
1.457391500473022461e+00
1.442809820175170898e+00
1.510752916336059570e+00
9.461542367935180664e-01
6.780667304992675781e-01
7.577371001243591309e-01
6.165846586227416992e-01
7.532356381416320801e-01
6.466904878616333008e-01
5.746701359748840332e-01
5.531904697418212891e-01
6.364411115646362305e-01
5.639584064483642578e-01
4.745394289493560791e-01
3.265109360218048096e-01
3.254427611827850342e-01
3.391961753368377686e-01
2.229833155870437622e-01
2.675776779651641846e-01
2.756682336330413818e-01
2.471291571855545044e-01
1.080215573310852051e+00
1.238188862800598145e+00
1.289069056510925293e+00
4.759677350521087646e-01
3.754168450832366943e-01
2.714293003082275391e-01
3.313032388687133789e-01
3.487021625041961670e-01
2.404323965311050415e-01
1.610278636217117310e-01
2.854814827442169189e-01
2.938976585865020752e-01
3.193114697933197021e-01
3.628256022930145264e-01
4.022219777107238770e-01
4.194643795490264893e-01
3.779292404651641846e-01
3.601931631565093994e-01
4.035083055496215820e-01
4.624429345130920410e-01
3.936353027820587158e-01
4.253462553024291992e-01
4.525633454322814941e-01
2.930972874164581299e-01
3.945250213146209717e-01
3.094803988933563232e-01
3.170877099037170410e-01
3.699707984924316406e-01
5.131000876426696777e-01
3.880722224712371826e-01
3.558191061019897461e-01
4.865904152393341064e-01
5.109812617301940918e-01
3.227541446685791016e-01
4.408152401447296143e-01
5.107707977294921875e-01
4.816371798515319824e-01
4.811076223850250244e-01
4.869807362556457520e-01
1.780522227287292480e+00
1.922095179557800293e+00
2.419836759567260742e+00
2.427733182907104492e+00
2.315386295318603516e+00
2.472137928009033203e+00
2.617250680923461914e+00
2.312505722045898438e+00
1.991088390350341797e+00
2.335160732269287109e+00
2.083173513412475586e+00
1.737846374511718750e+00
2.617394924163818359e+00
2.777309417724609375e+00
1.354237556457519531e+00
1.588304281234741211e+00
1.613967776298522949e+00
1.479137897491455078e+00
1.301514744758605957e+00
1.811311721801757812e+00
2.804762840270996094e+00
2.035296440124511719e+00
1.190344810485839844e+00
1.335871577262878418e+00
1.661161422729492188e+00
1.395824790000915527e+00
1.399115324020385742e+00
1.667613148689270020e+00
1.583321452140808105e+00
1.426076412200927734e+00
1.433660626411437988e+00
1.361448168754577637e+00
1.413394451141357422e+00
1.497283458709716797e+00
1.705026984214782715e+00
1.802117347717285156e+00
1.040416479110717773e+00
8.211666941642761230e-01
1.115470767021179199e+00
6.659792661666870117e-01
8.184281587600708008e-01
1.025937795639038086e+00
1.157566547393798828e+00
1.231299638748168945e+00
1.245161294937133789e+00
8.558531999588012695e-01
1.045673370361328125e+00
1.459377050399780273e+00
1.576828837394714355e+00
1.598286628723144531e+00
1.871866226196289062e+00
2.421630144119262695e+00
1.617269277572631836e+00
1.647253155708312988e+00
1.914737820625305176e+00
7.567251324653625488e-01
1.118975400924682617e+00
1.196113944053649902e+00
1.160860657691955566e+00
1.508846044540405273e+00
1.911396861076354980e+00
2.727056741714477539e+00
2.617906570434570312e+00
2.980568408966064453e+00
2.964975833892822266e+00
1.957837820053100586e+00
1.585780382156372070e+00
1.909258604049682617e+00
2.461953878402709961e+00
2.601792812347412109e+00
2.364088058471679688e+00
2.462257862091064453e+00
2.356670856475830078e+00
3.148087501525878906e+00
2.571651697158813477e+00
3.083671331405639648e+00
2.552875041961669922e+00
2.691797018051147461e+00
1.791749835014343262e+00
2.486898660659790039e+00
3.483506917953491211e+00
1.544272065162658691e+00
1.834510803222656250e+00
9.762293696403503418e-01
9.808089733123779297e-01
9.663944244384765625e-01
1.127305507659912109e+00
2.084505558013916016e+00
1.750125885009765625e+00
6.969142556190490723e-01
7.756450176239013672e-01
3.328439593315124512e-01
3.299870193004608154e-01
5.028479695320129395e-01
4.573298990726470947e-01
3.373202383518218994e-01
3.613320589065551758e-01
4.003948271274566650e-01
2.997795343399047852e-01
5.420669913291931152e-01
8.420594930648803711e-01
7.068768739700317383e-01
6.449674963951110840e-01
6.157667040824890137e-01
6.959249973297119141e-01
6.666724681854248047e-01
8.138035535812377930e-01
8.261947035789489746e-01
7.375199198722839355e-01
1.093181729316711426e+00
1.558656454086303711e+00
1.491887331008911133e+00
7.021001577377319336e-01
2.719254195690155029e-01
3.971451222896575928e-01
3.541347980499267578e-01
3.041925132274627686e-01
2.415581047534942627e-01
3.173283636569976807e-01
3.582868278026580811e-01
3.619397282600402832e-01
2.759743928909301758e-01
3.769175410270690918e-01
3.685978353023529053e-01
4.020994603633880615e-01
2.761405110359191895e-01
2.137495130300521851e-01
4.002087414264678955e-01
3.552887439727783203e-01
4.127234816551208496e-01
4.622017145156860352e-01
4.252865016460418701e-01
5.072343945503234863e-01
6.153890490531921387e-01
4.720793962478637695e-01
6.596695184707641602e-01
5.345498919486999512e-01
7.182927727699279785e-01
5.516012310981750488e-01
4.970864355564117432e-01
4.489246904850006104e-01
4.265802502632141113e-01
4.889912307262420654e-01
5.313938856124877930e-01
1.567066073417663574e+00
1.860513329505920410e+00
2.214270353317260742e+00
2.103936433792114258e+00
2.412671327590942383e+00
1.639635682106018066e+00
2.041131496429443359e+00
1.757862091064453125e+00
1.614892244338989258e+00
1.607451677322387695e+00
1.626835823059082031e+00
1.707080245018005371e+00
1.592304468154907227e+00
8.716478347778320312e-01
8.155287504196166992e-01
1.036587119102478027e+00
1.013554930686950684e+00
9.935767054557800293e-01
7.439976930618286133e-01
4.491286277770996094e-01
3.989380002021789551e-01
4.779703021049499512e-01
4.080407917499542236e-01
5.725299715995788574e-01
6.378297209739685059e-01
6.016690731048583984e-01
5.394038558006286621e-01
1.479626893997192383e+00
1.621182799339294434e+00
1.603929162025451660e+00
8.148580193519592285e-01
8.065378069877624512e-01
1.183801531791687012e+00
1.719134807586669922e+00
1.010291457176208496e+00
6.223706007003784180e-01
1.372980356216430664e+00
1.765879392623901367e+00
1.868768930435180664e+00
1.802413940429687500e+00
2.277276277542114258e+00
2.197689056396484375e+00
2.198112249374389648e+00
2.330096006393432617e+00
1.874773859977722168e+00
1.733504295349121094e+00
1.467171907424926758e+00
2.433623790740966797e+00
2.290518522262573242e+00
2.541082382202148438e+00
3.091714859008789062e+00
2.943725109100341797e+00
1.134159326553344727e+00
1.031748414039611816e+00
1.634245753288269043e+00
2.288021326065063477e+00
2.235693693161010742e+00
3.105635166168212891e+00
3.249889612197875977e+00
3.744904041290283203e+00
2.844470262527465820e+00
2.694546461105346680e+00
3.534182310104370117e+00
3.384242057800292969e+00
2.719243764877319336e+00
2.031995296478271484e+00
2.253408432006835938e+00
1.494121432304382324e+00
1.801792025566101074e+00
1.978678107261657715e+00
1.814702272415161133e+00
2.022543668746948242e+00
1.702088356018066406e+00
2.553235530853271484e+00
2.570567607879638672e+00
2.807533979415893555e+00
2.364231109619140625e+00
1.824361801147460938e+00
1.909716963768005371e+00
1.906019687652587891e+00
1.811298489570617676e+00
1.789571285247802734e+00
1.928541183471679688e+00
1.892962694168090820e+00
1.725641250610351562e+00
1.868163704872131348e+00
1.900150418281555176e+00
1.629205703735351562e+00
1.783408761024475098e+00
1.797770380973815918e+00
1.725631475448608398e+00
1.573712348937988281e+00
1.698006987571716309e+00
1.776779413223266602e+00
1.548646450042724609e+00
1.722935676574707031e+00
1.809969425201416016e+00
1.600524067878723145e+00
1.616525650024414062e+00
1.799165010452270508e+00
1.769661664962768555e+00
1.814105510711669922e+00
1.942352652549743652e+00
2.032273769378662109e+00
1.831403017044067383e+00
2.726053476333618164e+00
1.756189465522766113e+00
1.631117224693298340e+00
1.576155424118041992e+00
1.742387294769287109e+00
1.780770301818847656e+00
1.601818919181823730e+00
1.672057867050170898e+00
1.564417719841003418e+00
1.575504183769226074e+00
1.682948112487792969e+00
1.559938073158264160e+00
1.666707992553710938e+00
8.126134276390075684e-01
5.503003597259521484e-01
6.992177367210388184e-01
5.362188816070556641e-01
5.220828056335449219e-01
1.350413799285888672e+00
1.374163627624511719e+00
3.924120068550109863e-01
3.507581651210784912e-01
4.575922191143035889e-01
3.804007768630981445e-01
3.440515398979187012e-01
5.869867205619812012e-01
4.527228772640228271e-01
2.946813106536865234e-01
4.560372531414031982e-01
4.794403016567230225e-01
4.419935941696166992e-01
3.673764467239379883e-01
3.865238428115844727e-01
3.868640065193176270e-01
3.923878967761993408e-01
3.712653517723083496e-01
3.244299590587615967e-01
3.578784167766571045e-01
3.338074088096618652e-01
3.325180411338806152e-01
3.042623996734619141e-01
3.860789835453033447e-01
3.775649368762969971e-01
2.590488493442535400e-01
3.365500271320343018e-01
3.692976236343383789e-01
3.028919100761413574e-01
3.422441482543945312e-01
3.449881374835968018e-01
4.056972563266754150e-01
1.432227730751037598e+00
9.780381321907043457e-01
5.372697710990905762e-01
6.116313934326171875e-01
1.376927852630615234e+00
1.051034450531005859e+00
1.484048366546630859e+00
1.694668173789978027e+00
1.718451738357543945e+00
1.493341684341430664e+00
1.411605596542358398e+00
1.520993709564208984e+00
1.133826613426208496e+00
4.819589853286743164e-01
6.375347375869750977e-01
6.001796126365661621e-01
6.111555695533752441e-01
5.963896512985229492e-01
5.922247171401977539e-01
2.091505765914916992e+00
1.797099471092224121e+00
1.737159967422485352e+00
1.726816892623901367e+00
1.520101547241210938e+00
1.408405542373657227e+00
6.178476810455322266e-01
1.112013339996337891e+00
9.924419522285461426e-01
1.118470311164855957e+00
1.142639160156250000e+00
1.941480517387390137e+00
1.647123694419860840e+00
1.747947335243225098e+00
2.003187894821166992e+00
1.792317509651184082e+00
1.748450875282287598e+00
1.385141730308532715e+00
8.457532525062561035e-01
2.054812908172607422e+00
3.497123718261718750e+00
3.566775083541870117e+00
3.345463991165161133e+00
3.527580261230468750e+00
3.597699880599975586e+00
3.612168073654174805e+00
3.727275371551513672e+00
2.129705429077148438e+00
2.105583190917968750e+00
2.495263099670410156e+00
2.406240463256835938e+00
2.273681879043579102e+00
2.412771701812744141e+00
2.420881032943725586e+00
2.443936586380004883e+00
2.230899333953857422e+00
2.702791213989257812e+00
2.824991226196289062e+00
2.780725002288818359e+00
2.620770692825317383e+00
2.667723894119262695e+00
2.481617689132690430e+00
1.972687363624572754e+00
2.034000396728515625e+00
1.887858986854553223e+00
2.152349233627319336e+00
1.343870878219604492e+00
1.202544927597045898e+00
1.281847953796386719e+00
1.943003892898559570e+00
1.899894356727600098e+00
2.986966133117675781e+00
3.279328346252441406e+00
2.057655811309814453e+00
2.811515092849731445e+00
2.838748455047607422e+00
2.859910488128662109e+00
2.369318962097167969e+00
1.882853746414184570e+00
3.393726110458374023e+00
2.750458240509033203e+00
1.378978371620178223e+00
1.246992349624633789e+00
1.142282247543334961e+00
8.789599537849426270e-01
6.866980791091918945e-01
9.970204830169677734e-01
5.955961346626281738e-01
4.386087357997894287e-01
4.148554205894470215e-01
4.005233943462371826e-01
3.801365494728088379e-01
3.219524025917053223e-01
3.683407306671142578e-01
2.741025686264038086e-01
3.042585551738739014e-01
1.937929838895797729e-01
2.071571797132492065e-01
2.517298758029937744e-01
2.576731443405151367e-01
1.438761949539184570e-01
2.785777747631072998e-01
3.884822726249694824e-01
3.359708786010742188e-01
4.070896804332733154e-01
3.338764905929565430e-01
3.799556195735931396e-01
3.665421009063720703e-01
3.209618031978607178e-01
4.087929129600524902e-01
3.966953456401824951e-01
2.496196031570434570e-01
3.950877487659454346e-01
4.000993669033050537e-01
3.573888838291168213e-01
3.125730454921722412e-01
1.395385861396789551e+00
1.301865339279174805e+00
1.230384945869445801e+00
2.852931618690490723e-01
2.228542119264602661e-01
3.751013576984405518e-01
4.464183449745178223e-01
3.690676391124725342e-01
3.325125575065612793e-01
5.811827182769775391e-01
3.413708806037902832e-01
4.638893604278564453e-01
5.105893015861511230e-01
5.749949216842651367e-01
4.336645603179931641e-01
5.910491347312927246e-01
5.745511651039123535e-01
6.803548932075500488e-01
2.336058139801025391e+00
2.014476060867309570e+00
2.013206958770751953e+00
2.086777925491333008e+00
2.176886796951293945e+00
2.339622735977172852e+00
3.447939395904541016e+00
2.637771368026733398e+00
1.692608356475830078e+00
2.143453598022460938e+00
1.581490159034729004e+00
1.338127136230468750e+00
1.786119103431701660e+00
2.360297441482543945e+00
1.257858633995056152e+00
1.390931487083435059e+00
1.520253181457519531e+00
1.406716823577880859e+00
1.245108485221862793e+00
1.482256531715393066e+00
1.257672309875488281e+00
1.369024515151977539e+00
1.347583174705505371e+00
1.227242708206176758e+00
1.251830101013183594e+00
1.218399763107299805e+00
1.473837137222290039e+00
1.290749073028564453e+00
1.112980365753173828e+00
1.196283936500549316e+00
1.393548130989074707e+00
2.517794370651245117e+00
3.960064172744750977e+00
3.686463594436645508e+00
3.375186204910278320e+00
2.204791069030761719e+00
1.871097087860107422e+00
1.630493998527526855e+00
3.130590677261352539e+00
2.885903358459472656e+00
2.791354656219482422e+00
3.128005504608154297e+00
2.304541349411010742e+00
7.400923371315002441e-01
4.894221127033233643e-01
6.937823891639709473e-01
4.648064672946929932e-01
3.337345123291015625e-01
6.179019808769226074e-01
5.120283365249633789e-01
4.605080783367156982e-01
1.580813080072402954e-01
3.759132325649261475e-01
3.900068104267120361e-01
4.039559066295623779e-01
6.256309747695922852e-01
3.556784987449645996e-01
6.149657964706420898e-01
4.736891686916351318e-01
6.233255267143249512e-01
7.316600084304809570e-01
5.872629880905151367e-01
1.304461598396301270e+00
8.140151500701904297e-01
9.144219160079956055e-01
7.863326668739318848e-01
1.084983468055725098e+00
1.150161743164062500e+00
1.144962430000305176e+00
1.354564189910888672e+00
1.180138230323791504e+00
1.731080174446105957e+00
1.781398892402648926e+00
1.640540957450866699e+00
1.605280995368957520e+00
1.670704126358032227e+00
1.488839030265808105e+00
2.424049139022827148e+00
1.036370277404785156e+00
2.409850597381591797e+00
2.464352369308471680e+00
2.835331916809082031e+00
2.531035900115966797e+00
3.463070392608642578e+00
2.970220327377319336e+00
1.331557512283325195e+00
1.272425055503845215e+00
1.416710734367370605e+00
1.208580255508422852e+00
1.568435192108154297e+00
1.878250837326049805e+00
2.196932554244995117e+00
1.434570431709289551e+00
8.987045884132385254e-01
1.137601971626281738e+00
1.087825536727905273e+00
6.875927448272705078e-01
5.429449677467346191e-01
1.042328834533691406e+00
8.094500899314880371e-01
2.681647837162017822e-01
2.659111618995666504e-01
3.317122161388397217e-01
5.103886723518371582e-01
3.998970687389373779e-01
4.356235563755035400e-01
2.683374881744384766e-01
2.875829935073852539e-01
3.016327023506164551e-01
2.714844048023223877e-01
2.588627338409423828e-01
2.721200287342071533e-01
3.802393376827239990e-01
2.260277271270751953e-01
3.039622604846954346e-01
3.183740675449371338e-01
3.684506416320800781e-01
7.329098582267761230e-01
1.390079617500305176e+00
1.180509328842163086e+00
1.084439873695373535e+00
4.247610569000244141e-01
3.563966453075408936e-01
2.665947675704956055e-01
3.131933212280273438e-01
2.800269424915313721e-01
3.245335817337036133e-01
3.714292645454406738e-01
2.770269215106964111e-01
3.434326350688934326e-01
4.161190092563629150e-01
3.702876567840576172e-01
2.521999478340148926e-01
3.504396677017211914e-01
4.504399001598358154e-01
4.827130138874053955e-01
4.044021368026733398e-01
3.605917096138000488e-01
4.977026283740997314e-01
5.433568954467773438e-01
6.230928301811218262e-01
4.300040006637573242e-01
5.034644007682800293e-01
1.889904379844665527e+00
2.138399124145507812e+00
2.646927356719970703e+00
2.437317848205566406e+00
2.758146524429321289e+00
2.827328205108642578e+00
2.148938417434692383e+00
2.183662176132202148e+00
1.960467576980590820e+00
2.447807788848876953e+00
1.655660033226013184e+00
1.362931370735168457e+00
1.409890055656433105e+00
1.389455556869506836e+00
1.376150488853454590e+00
1.561167955398559570e+00
1.459511637687683105e+00
1.503664970397949219e+00
1.866090178489685059e+00
1.753358364105224609e+00
1.412204027175903320e+00
1.328498125076293945e+00
1.616492748260498047e+00
1.523334860801696777e+00
1.651800990104675293e+00
1.424410700798034668e+00
1.454481720924377441e+00
1.396027565002441406e+00
1.473528981208801270e+00
9.468515515327453613e-01
3.829235732555389404e-01
4.606626629829406738e-01
3.339274525642395020e-01
4.050690233707427979e-01
3.708432614803314209e-01
3.825252950191497803e-01
3.417748808860778809e-01
5.287765264511108398e-01
4.683752357959747314e-01
4.489504694938659668e-01
3.972405195236206055e-01
4.484548866748809814e-01
4.377930462360382080e-01
3.278589248657226562e-01
2.669894695281982422e-01
3.268223106861114502e-01
4.075057506561279297e-01
4.297219514846801758e-01
3.524559438228607178e-01
3.265361487865447998e-01
3.998798131942749023e-01
3.309392631053924561e-01
2.362718582153320312e-01
3.941314220428466797e-01
3.315866589546203613e-01
3.617034554481506348e-01
2.496974468231201172e-01
3.080128729343414307e-01
3.155809938907623291e-01
3.869382739067077637e-01
3.597211837768554688e-01
1.525887727737426758e+00
7.007848024368286133e-01
1.012832880020141602e+00
1.287446379661560059e+00
1.240756273269653320e+00
9.553225040435791016e-01
2.138379812240600586e+00
2.316148757934570312e+00
2.355376958847045898e+00
2.618687391281127930e+00
1.962248921394348145e+00
1.973382234573364258e+00
2.500923633575439453e+00
2.051434278488159180e+00
1.935619711875915527e+00
1.910976409912109375e+00
1.962806105613708496e+00
2.017812013626098633e+00
2.713957071304321289e+00
2.103345394134521484e+00
1.736476659774780273e+00
1.703917145729064941e+00
1.819323301315307617e+00
2.747409582138061523e+00
2.641733884811401367e+00
2.792301893234252930e+00
2.495012521743774414e+00
2.357073545455932617e+00
2.480731487274169922e+00
2.521226167678833008e+00
2.156074762344360352e+00
1.419800639152526855e+00
8.311068415641784668e-01
9.556950330734252930e-01
7.375536561012268066e-01
6.753671169281005859e-01
6.618908047676086426e-01
5.575351715087890625e-01
7.316808104515075684e-01
5.698520541191101074e-01
4.487950503826141357e-01
4.303776025772094727e-01
5.387531518936157227e-01
4.600124955177307129e-01
4.094195067882537842e-01
4.489068686962127686e-01
4.247659742832183838e-01
3.820102810859680176e-01
3.679106831550598145e-01
3.319290280342102051e-01
3.756164014339447021e-01
3.451961874961853027e-01
3.439323008060455322e-01
2.674935162067413330e-01
3.535306751728057861e-01
3.929067552089691162e-01
3.249866664409637451e-01
2.653500735759735107e-01
3.525546193122863770e-01
4.165496230125427246e-01
3.945105075836181641e-01
3.038575649261474609e-01
3.030325174331665039e-01
3.440800607204437256e-01
4.321093261241912842e-01
3.466647863388061523e-01
3.517438173294067383e-01
4.308084845542907715e-01
4.635527431964874268e-01
5.284541845321655273e-01
4.329472482204437256e-01
4.298595488071441650e-01
1.386308312416076660e+00
1.659436821937561035e+00
1.324611902236938477e+00
1.185144305229187012e+00
3.557453751564025879e-01
4.397476315498352051e-01
5.588955283164978027e-01
4.698890745639801025e-01
5.230281949043273926e-01
5.186083316802978516e-01
6.607393622398376465e-01
8.117363452911376953e-01
2.266582012176513672e+00
2.464670896530151367e+00
2.450252771377563477e+00
2.169367790222167969e+00
2.384606838226318359e+00
2.828294992446899414e+00
2.781081914901733398e+00
2.130571126937866211e+00
1.551555156707763672e+00
1.649323105812072754e+00
1.548057317733764648e+00
1.368857383728027344e+00
1.514906525611877441e+00
1.520787596702575684e+00
1.330029487609863281e+00
1.382983803749084473e+00
1.449493646621704102e+00
1.229667186737060547e+00
1.299675583839416504e+00
1.255668044090270996e+00
1.344873189926147461e+00
1.373805880546569824e+00
1.635779976844787598e+00
1.497412800788879395e+00
1.373435854911804199e+00
1.397856950759887695e+00
1.454249262809753418e+00
1.330040454864501953e+00
1.362468361854553223e+00
1.453161597251892090e+00
1.432675600051879883e+00
1.413749933242797852e+00
1.470081925392150879e+00
1.490791201591491699e+00
1.415970921516418457e+00
1.412958383560180664e+00
1.830128550529479980e+00
1.309500575065612793e+00
1.388107776641845703e+00
9.365418553352355957e-01
3.998260796070098877e-01
3.935711681842803955e-01
2.796700596809387207e-01
2.868812978267669678e-01
3.404496312141418457e-01
3.680131733417510986e-01
2.964182496070861816e-01
2.851394116878509521e-01
2.957330048084259033e-01
3.612029552459716797e-01
2.921735942363739014e-01
2.149308621883392334e-01
2.871400415897369385e-01
4.050577878952026367e-01
1.069589853286743164e+00
7.571505308151245117e-01
8.540658354759216309e-01
8.151450157165527344e-01
1.092186450958251953e+00
8.737046718597412109e-01
8.450526595115661621e-01
8.246561884880065918e-01
9.028264880180358887e-01
1.298779249191284180e+00
1.215294837951660156e+00
1.186913609504699707e+00
1.322232961654663086e+00
1.372489452362060547e+00
1.576772451400756836e+00
1.684776902198791504e+00
2.014331817626953125e+00
1.916898369789123535e+00
1.980525255203247070e+00
1.818549513816833496e+00
1.319843411445617676e+00
1.390467166900634766e+00
2.592616319656372070e+00
2.278725624084472656e+00
2.977588653564453125e+00
4.445839405059814453e+00
2.991042375564575195e+00
2.434127569198608398e+00
2.513811826705932617e+00
1.690421938896179199e+00
1.119856119155883789e+00
1.484549999237060547e+00
2.224345922470092773e+00
2.268485546112060547e+00
1.188673615455627441e+00
1.487219095230102539e+00
1.386218667030334473e+00
9.871768355369567871e-01
1.333117127418518066e+00
1.141109347343444824e+00
9.775167703628540039e-01
6.541078090667724609e-01
7.655963301658630371e-01
7.241543531417846680e-01
6.637223362922668457e-01
5.689538121223449707e-01
6.273402571678161621e-01
5.697157979011535645e-01
5.383392572402954102e-01
4.213849902153015137e-01
4.700639545917510986e-01
5.429880023002624512e-01
5.352655649185180664e-01
4.170906841754913330e-01
4.478006362915039062e-01
4.060601592063903809e-01
4.758452177047729492e-01
4.370039105415344238e-01
4.589292705059051514e-01
3.628217577934265137e-01
4.603098928928375244e-01
4.567049741744995117e-01
4.566471278667449951e-01
3.683681488037109375e-01
4.540675878524780273e-01
4.720407426357269287e-01
5.029515624046325684e-01
1.483851552009582520e+00
1.208241224288940430e+00
1.408654451370239258e+00
1.218431353569030762e+00
4.706612229347229004e-01
4.428364336490631104e-01
5.921180844306945801e-01
5.216719508171081543e-01
5.664315819740295410e-01
5.832241773605346680e-01
6.032212972640991211e-01
6.137049794197082520e-01
5.368309020996093750e-01
5.636752247810363770e-01
4.918988645076751709e-01
5.274660587310791016e-01
6.227784156799316406e-01
6.242136359214782715e-01
5.079579949378967285e-01
4.172365069389343262e-01
7.090085148811340332e-01
6.000850200653076172e-01
6.034857630729675293e-01
2.076262712478637695e+00
2.519176244735717773e+00
2.702648878097534180e+00
2.414092302322387695e+00
2.562698125839233398e+00
2.537664651870727539e+00
2.488537788391113281e+00
1.986316084861755371e+00
1.892852306365966797e+00
1.202948927879333496e+00
1.519120335578918457e+00
1.597537755966186523e+00
1.465879797935485840e+00
1.469503045082092285e+00
1.311123251914978027e+00
1.401367545127868652e+00
1.230139732360839844e+00
1.327298045158386230e+00
1.337572932243347168e+00
1.404552817344665527e+00
1.327991843223571777e+00
1.258433461189270020e+00
1.200348019599914551e+00
1.350731015205383301e+00
1.322637915611267090e+00
1.234083890914916992e+00
1.256080627441406250e+00
1.272871851921081543e+00
1.353728294372558594e+00
1.318099617958068848e+00
1.249724030494689941e+00
1.313543796539306641e+00
1.352635979652404785e+00
1.320545911788940430e+00
1.316553950309753418e+00
1.287697792053222656e+00
2.407957077026367188e+00
1.363939523696899414e+00
1.191740751266479492e+00
7.905458211898803711e-01
7.548426389694213867e-01
1.385663628578186035e+00
4.795562326908111572e-01
4.071891903877258301e-01
3.378815948963165283e-01
8.372482657432556152e-01
4.107192754745483398e-01
3.551659286022186279e-01
3.543398082256317139e-01
3.627230823040008545e-01
3.266334533691406250e-01
3.553460240364074707e-01
3.569324910640716553e-01
3.217772543430328369e-01
3.287338614463806152e-01
3.493649363517761230e-01
4.418296813964843750e-01
3.424976766109466553e-01
4.375307261943817139e-01
5.044676065444946289e-01
5.831049680709838867e-01
5.999534726142883301e-01
6.412917971611022949e-01
6.318006515502929688e-01
6.690705418586730957e-01
7.000214457511901855e-01
6.466370224952697754e-01
6.964537501335144043e-01
9.515761733055114746e-01
2.862246751785278320e+00
3.556606292724609375e+00
3.037718772888183594e+00
2.976771354675292969e+00
3.383128166198730469e+00
2.291676282882690430e+00
2.269715547561645508e+00
3.179334163665771484e+00
3.023682594299316406e+00
2.556728839874267578e+00
3.665109872817993164e+00
2.916195631027221680e+00
1.294085383415222168e+00
1.722613930702209473e+00
1.894675850868225098e+00
1.767007350921630859e+00
2.757457494735717773e+00
1.439211726188659668e+00
2.819159984588623047e+00
2.256008386611938477e+00
8.982172608375549316e-01
1.246959924697875977e+00
1.552162289619445801e+00
8.210394978523254395e-01
6.260580420494079590e-01
1.365756511688232422e+00
9.421494007110595703e-01
6.326432228088378906e-01
9.827495813369750977e-01
6.727300286293029785e-01
3.732267916202545166e-01
3.636788725852966309e-01
4.902285039424896240e-01
3.950850069522857666e-01
3.070656061172485352e-01
3.896663784980773926e-01
4.242876768112182617e-01
3.851031959056854248e-01
3.265970051288604736e-01
3.119165897369384766e-01
2.996249198913574219e-01
3.180985748767852783e-01
2.828931808471679688e-01
3.205797076225280762e-01
3.138752877712249756e-01
2.403526306152343750e-01
3.230586647987365723e-01
2.408876717090606689e-01
1.205397367477416992e+00
1.137353658676147461e+00
1.003287196159362793e+00
3.630550205707550049e-01
2.229216396808624268e-01
3.586708307266235352e-01
3.072314262390136719e-01
3.079539537429809570e-01
3.876281678676605225e-01
3.200666010379791260e-01
2.350504845380783081e-01
3.868568837642669678e-01
4.810643196105957031e-01
3.729535341262817383e-01
3.409358859062194824e-01
3.957527279853820801e-01
4.403114318847656250e-01
3.153458237648010254e-01
3.859545290470123291e-01
4.654769301414489746e-01
4.281538426876068115e-01
4.465140104293823242e-01
5.578556060791015625e-01
4.687962532043457031e-01
4.324697852134704590e-01
4.810560941696166992e-01
1.553104043006896973e+00
1.921114206314086914e+00
2.115270614624023438e+00
2.480500698089599609e+00
2.709906578063964844e+00
1.892144560813903809e+00
1.824082970619201660e+00
2.220054149627685547e+00
1.895941376686096191e+00
1.775532841682434082e+00
1.721560478210449219e+00
1.709324479103088379e+00
1.485812187194824219e+00
1.430003643035888672e+00
1.418667197227478027e+00
1.405823230743408203e+00
1.429298996925354004e+00
1.338452458381652832e+00
1.414488673210144043e+00
1.328420996665954590e+00
1.381752848625183105e+00
1.352962732315063477e+00
1.329592227935791016e+00
1.245519638061523438e+00
1.286921024322509766e+00
1.294770002365112305e+00
1.261600136756896973e+00
1.378224372863769531e+00
1.382547140121459961e+00
1.202800631523132324e+00
1.383551955223083496e+00
1.461688518524169922e+00
1.325739502906799316e+00
1.393258333206176758e+00
1.441679954528808594e+00
1.471918106079101562e+00
1.356931567192077637e+00
1.414170622825622559e+00
2.200921058654785156e+00
1.478638768196105957e+00
1.509372234344482422e+00
1.510813713073730469e+00
1.576732873916625977e+00
1.306509613990783691e+00
1.367112159729003906e+00
2.074340105056762695e+00
1.635239720344543457e+00
1.283667683601379395e+00
1.294703722000122070e+00
1.417838692665100098e+00
1.296708464622497559e+00
1.724558830261230469e+00
1.603151917457580566e+00
1.693233609199523926e+00
1.668524265289306641e+00
1.645209431648254395e+00
1.711547970771789551e+00
1.737940311431884766e+00
1.543481349945068359e+00
1.632488012313842773e+00
1.075643301010131836e+00
1.597881793975830078e+00
9.384493231773376465e-01
1.479673266410827637e+00
8.890878558158874512e-01
6.774809956550598145e-01
6.473211646080017090e-01
6.698840856552124023e-01
6.366546154022216797e-01
9.373428225517272949e-01
1.340022206306457520e+00
1.246564149856567383e+00
1.307337999343872070e+00
1.386096239089965820e+00
1.387690305709838867e+00
1.350491642951965332e+00
9.835143089294433594e-01
1.589646816253662109e+00
1.766170501708984375e+00
1.484364151954650879e+00
1.663727760314941406e+00
1.867351531982421875e+00
2.874491930007934570e+00
1.668059587478637695e+00
1.291589975357055664e+00
1.019416451454162598e+00
1.627223372459411621e+00
1.034491539001464844e+00
2.228265285491943359e+00
2.109204053878784180e+00
1.985782146453857422e+00
1.854778647422790527e+00
1.780099868774414062e+00
8.533509969711303711e-01
4.717918634414672852e-01
3.833607435226440430e-01
3.792693018913269043e-01
4.081775844097137451e-01
4.380959272384643555e-01
3.139533996582031250e-01
3.544297218322753906e-01
3.693047463893890381e-01
3.287925124168395996e-01
3.053135573863983154e-01
4.152205288410186768e-01
3.907937407493591309e-01
3.372917473316192627e-01
3.462136387825012207e-01
3.261970877647399902e-01
2.725646197795867920e-01
3.693439364433288574e-01
3.602162003517150879e-01
2.832815647125244141e-01
2.538859248161315918e-01
3.453266620635986328e-01
3.531176149845123291e-01
2.794063687324523926e-01
2.605629563331604004e-01
3.235487341880798340e-01
2.507842481136322021e-01
5.586496591567993164e-01
2.985170185565948486e-01
3.603639304637908936e-01
3.161906003952026367e-01
3.768174946308135986e-01
4.368200004100799561e-01
3.458962142467498779e-01
3.097092807292938232e-01
4.506224691867828369e-01
4.632416665554046631e-01
3.643024563789367676e-01
4.051191806793212891e-01
4.133040308952331543e-01
3.875593841075897217e-01
3.617292046546936035e-01
4.720846116542816162e-01
4.999748766422271729e-01
1.436066389083862305e+00
1.481064558029174805e+00
1.424966573715209961e+00
1.242175817489624023e+00
5.553048253059387207e-01
4.743590652942657471e-01
6.067878603935241699e-01
4.584646821022033691e-01
1.578139305114746094e+00
2.027133464813232422e+00
2.476276636123657227e+00
2.729447126388549805e+00
2.119538545608520508e+00
2.523676633834838867e+00
2.429840326309204102e+00
2.502471446990966797e+00
2.288725614547729492e+00
2.362485885620117188e+00
2.138498067855834961e+00
1.329227447509765625e+00
1.609073758125305176e+00
1.491386294364929199e+00
2.497907161712646484e+00
1.374657511711120605e+00
1.384897232055664062e+00
1.591257095336914062e+00
1.502812504768371582e+00
1.547679066658020020e+00
8.221523165702819824e-01
2.417470455169677734e+00
1.484558701515197754e+00
6.633476614952087402e-01
8.667020201683044434e-01
1.837868213653564453e+00
1.957479357719421387e+00
2.593741416931152344e+00
3.141734361648559570e+00
3.159706354141235352e+00
2.468687295913696289e+00
1.465223073959350586e+00
2.512709856033325195e+00
1.687162637710571289e+00
8.744921684265136719e-01
1.075276494026184082e+00
7.514767050743103027e-01
6.133138537406921387e-01
1.988431811332702637e+00
6.797129511833190918e-01
8.462795019149780273e-01
1.866405129432678223e+00
1.678940773010253906e+00
1.562804937362670898e+00
7.695869207382202148e-01
1.322899341583251953e+00
2.097898006439208984e+00
4.858413040637969971e-01
5.661295056343078613e-01
5.627556443214416504e-01
5.085796713829040527e-01
1.673181653022766113e+00
1.588045239448547363e+00
1.465234518051147461e+00
1.284033656120300293e+00
1.449124217033386230e+00
1.411546707153320312e+00
1.616979002952575684e+00
1.517717719078063965e+00
1.372543454170227051e+00
1.640696406364440918e+00
1.508810877799987793e+00
1.445867657661437988e+00
1.700559139251708984e+00
2.104901552200317383e+00
2.136666774749755859e+00
1.991673827171325684e+00
2.214134454727172852e+00
3.089295864105224609e+00
4.328220367431640625e+00
4.800862312316894531e+00
5.048573493957519531e+00
4.670676708221435547e+00
4.304390430450439453e+00
3.819491147994995117e+00
3.576065301895141602e+00
3.133979082107543945e+00
2.676146030426025391e+00
3.451755762100219727e+00
2.873556137084960938e+00
2.332561492919921875e+00
2.772057533264160156e+00
2.183987617492675781e+00
1.547958970069885254e+00
1.689206004142761230e+00
1.689381480216979980e+00
1.775712728500366211e+00
1.604447841644287109e+00
2.579279422760009766e+00
1.549249649047851562e+00
1.714299678802490234e+00
1.899233222007751465e+00
1.973398089408874512e+00
1.392197847366333008e+00
1.782385587692260742e+00
1.178732037544250488e+00
7.534269094467163086e-01
8.511083126068115234e-01
7.373000979423522949e-01
7.499749660491943359e-01
8.041391372680664062e-01
7.987679243087768555e-01
6.655905842781066895e-01
4.849833846092224121e-01
6.505692005157470703e-01
6.764218807220458984e-01
4.835136532783508301e-01
4.578446745872497559e-01
5.090126991271972656e-01
3.568710982799530029e-01
3.850834667682647705e-01
4.217588603496551514e-01
2.447258532047271729e-01
2.612991929054260254e-01
2.787691056728363037e-01
8.434596061706542969e-01
1.290065407752990723e+00
1.164463043212890625e+00
9.903631806373596191e-01
1.725125759840011597e-01
2.367942929267883301e-01
3.357987403869628906e-01
3.100801110267639160e-01
2.077338844537734985e-01
3.087680041790008545e-01
3.761980235576629639e-01
4.112419784069061279e-01
3.187531232833862305e-01
4.322702288627624512e-01
4.316751658916473389e-01
3.843675255775451660e-01
5.604485869407653809e-01
4.594632089138031006e-01
3.744942247867584229e-01
4.295210242271423340e-01
5.112709999084472656e-01
3.900503814220428467e-01
3.643496036529541016e-01
4.720816016197204590e-01
3.343720436096191406e-01
3.864328265190124512e-01
4.927946329116821289e-01
3.745937347412109375e-01
3.529501259326934814e-01
3.923928141593933105e-01
1.591480493545532227e+00
1.743629813194274902e+00
1.591792941093444824e+00
2.106014966964721680e+00
2.470575094223022461e+00
2.342342138290405273e+00
1.605290651321411133e+00
1.731338739395141602e+00
1.671076655387878418e+00
1.524590969085693359e+00
1.486801385879516602e+00
1.513501882553100586e+00
1.395344018936157227e+00
1.431932210922241211e+00
1.401228308677673340e+00
1.236599326133728027e+00
1.296886086463928223e+00
1.505222439765930176e+00
3.298050463199615479e-01
3.639515936374664307e-01
3.857007324695587158e-01
3.251174092292785645e-01
2.942863404750823975e-01
3.187755942344665527e-01
5.148493647575378418e-01
3.036297857761383057e-01
2.292826324701309204e-01
3.636369407176971436e-01
4.505073428153991699e-01
3.098677098751068115e-01
3.833303153514862061e-01
4.826667010784149170e-01
4.085171818733215332e-01
3.521029055118560791e-01
4.183731973171234131e-01
4.645203351974487305e-01
3.771891593933105469e-01
4.454820156097412109e-01
4.095467031002044678e-01
3.899903595447540283e-01
2.825719416141510010e-01
3.767909109592437744e-01
4.128791689872741699e-01
3.424935638904571533e-01
2.831532955169677734e-01
3.628404140472412109e-01
2.950735390186309814e-01
2.492333948612213135e-01
2.651625871658325195e-01
2.808629274368286133e-01
2.889353930950164795e-01
2.925299108028411865e-01
2.765883803367614746e-01
2.688270211219787598e-01
3.822939693927764893e-01
4.114996492862701416e-01
4.251056015491485596e-01
4.177290797233581543e-01
4.800117909908294678e-01
4.936393797397613525e-01
3.974131941795349121e-01
3.841657638549804688e-01
4.693501889705657959e-01
4.154902398586273193e-01
1.589573264122009277e+00
1.327139377593994141e+00
1.291334509849548340e+00
6.808271408081054688e-01
2.387834191322326660e-01
5.176440477371215820e-01
3.071618080139160156e-01
4.248539805412292480e-01
4.105907380580902100e-01
4.992671608924865723e-01
3.998998105525970459e-01
4.416525959968566895e-01
4.059751927852630615e-01
4.101603925228118896e-01
4.340614676475524902e-01
5.936651229858398438e-01
4.802354574203491211e-01
4.097223877906799316e-01
4.140451848506927490e-01
1.571259498596191406e+00
1.799488425254821777e+00
1.421888113021850586e+00
1.332411646842956543e+00
1.423900008201599121e+00
6.410829424858093262e-01
1.101478099822998047e+00
1.401503443717956543e+00
1.949510455131530762e+00
1.818157792091369629e+00
1.766914963722229004e+00
1.340921044349670410e+00
9.458346366882324219e-01
4.674479663372039795e-01
3.648218512535095215e-01
3.474752902984619141e-01
4.070310294628143311e-01
3.738964200019836426e-01
2.135929912328720093e-01
3.404682576656341553e-01
4.279213845729827881e-01
3.337295651435852051e-01
3.065349459648132324e-01
4.410849511623382568e-01
4.047346413135528564e-01
3.069948852062225342e-01
3.266479671001434326e-01
3.815574645996093750e-01
2.756172418594360352e-01
2.681033909320831299e-01
3.858287334442138672e-01
3.201236128807067871e-01
3.324075937271118164e-01
3.403994739055633545e-01
3.289210796356201172e-01
2.979482710361480713e-01
3.169114589691162109e-01
3.881152570247650146e-01
2.935668230056762695e-01
3.226014673709869385e-01
3.713659644126892090e-01
3.416808843612670898e-01
2.717244923114776611e-01
4.257897436618804932e-01
4.776778519153594971e-01
3.099003136157989502e-01
3.647738993167877197e-01
4.406244754791259766e-01
3.781528770923614502e-01
3.601517975330352783e-01
3.264848887920379639e-01
3.854729533195495605e-01
2.904385328292846680e-01
3.459028005599975586e-01
3.774268031120300293e-01
3.530636131763458252e-01
3.584002852439880371e-01
4.293659031391143799e-01
6.916068792343139648e-01
1.236462831497192383e+00
2.021045446395874023e+00
2.584028482437133789e+00
2.018007040023803711e+00
2.091675519943237305e+00
2.221273422241210938e+00
1.928043961524963379e+00
2.059169769287109375e+00
2.173440217971801758e+00
2.127087354660034180e+00
1.700578570365905762e+00
2.329147100448608398e+00
2.353136777877807617e+00
2.420184373855590820e+00
2.590401411056518555e+00
1.419807791709899902e+00
1.696515321731567383e+00
1.473000288009643555e+00
1.520944356918334961e+00
1.499672532081604004e+00
1.686208248138427734e+00
2.571322917938232422e+00
2.151984691619873047e+00
3.128478527069091797e+00
3.040943384170532227e+00
2.609354019165039062e+00
1.638933658599853516e+00
2.566636800765991211e+00
2.851893901824951172e+00
2.325514793395996094e+00
3.084834575653076172e+00
1.820968985557556152e+00
2.059330224990844727e+00
2.023533105850219727e+00
2.071014165878295898e+00
1.850255012512207031e+00
1.731064319610595703e+00
2.233107089996337891e+00
1.838890314102172852e+00
1.848289132118225098e+00
1.840608954429626465e+00
1.760709881782531738e+00
1.643679738044738770e+00
2.561343669891357422e+00
2.428187370300292969e+00
1.261167883872985840e+00
1.630440235137939453e+00
1.522340059280395508e+00
1.779586553573608398e+00
1.827230691909790039e+00
2.010949611663818359e+00
2.850767850875854492e+00
2.536991596221923828e+00
5.582006573677062988e-01
5.934430956840515137e-01
6.862874627113342285e-01
7.660115957260131836e-01
8.816491365432739258e-01
1.122235298156738281e+00
8.953964710235595703e-01
7.957208156585693359e-01
8.205817341804504395e-01
7.393780350685119629e-01
6.889900565147399902e-01
8.262369036674499512e-01
6.469807028770446777e-01
6.980298161506652832e-01
7.220059633255004883e-01
1.031648397445678711e+00
1.056323766708374023e+00
3.180232524871826172e+00
4.100452423095703125e+00
4.854619026184082031e+00
3.438566684722900391e+00
3.301515579223632812e+00
3.298645734786987305e+00
1.552894353866577148e+00
1.318135023117065430e+00
2.089447259902954102e+00
3.693975925445556641e+00
2.966307878494262695e+00
1.473231315612792969e+00
1.422488212585449219e+00
1.703466534614562988e+00
1.803881168365478516e+00
1.628682732582092285e+00
1.914332985877990723e+00
1.950048804283142090e+00
2.055723190307617188e+00
2.589017868041992188e+00
2.620787858963012695e+00
2.664484024047851562e+00
2.006360292434692383e+00
1.698512673377990723e+00
1.801438689231872559e+00
1.301898479461669922e+00
4.057309925556182861e-01
4.604699909687042236e-01
1.993505954742431641e-01
3.089883923530578613e-01
1.766262352466583252e-01
2.883858084678649902e-01
2.827594280242919922e-01
3.671530783176422119e-01
4.362380802631378174e-01
4.437579512596130371e-01
3.238869905471801758e-01
3.587508797645568848e-01
4.002180397510528564e-01
4.324744343757629395e-01
3.382776677608489990e-01
3.761371672153472900e-01
3.337668478488922119e-01
3.505558967590332031e-01
3.584712743759155273e-01
3.507861196994781494e-01
3.018325269222259521e-01
2.889425158500671387e-01
3.779711723327636719e-01
2.701021134853363037e-01
2.005007117986679077e-01
2.502508461475372314e-01
3.443892300128936768e-01
2.664108574390411377e-01
2.360174953937530518e-01
3.706977069377899170e-01
1.920434236526489258e-01
2.626735270023345947e-01
2.798572778701782227e-01
4.171690940856933594e-01
3.254479765892028809e-01
2.821424305438995361e-01
5.928080081939697266e-01
4.043495357036590576e-01
3.470726609230041504e-01
4.751405119895935059e-01
5.378746986389160156e-01
4.935988187789916992e-01
5.390480756759643555e-01
4.401124417781829834e-01
6.289938688278198242e-01
5.770265460014343262e-01
5.145747065544128418e-01
6.129169464111328125e-01
6.647030711174011230e-01
1.691610097885131836e+00
1.663929224014282227e+00
2.540469884872436523e+00
2.135211467742919922e+00
2.138974666595458984e+00
2.300672054290771484e+00
2.471381187438964844e+00
2.473848342895507812e+00
1.880795240402221680e+00
2.329704046249389648e+00
1.999972462654113770e+00
1.321410179138183594e+00
1.257361173629760742e+00
1.249419450759887695e+00
1.394976139068603516e+00
1.254428863525390625e+00
1.212992429733276367e+00
1.352148056030273438e+00
1.399851799011230469e+00
1.793510079383850098e+00
1.455567359924316406e+00
1.467447876930236816e+00
1.493968486785888672e+00
1.646247506141662598e+00
1.563384056091308594e+00
1.540016651153564453e+00
1.415775537490844727e+00
1.386654257774353027e+00
1.867786049842834473e+00
2.386435747146606445e+00
1.784665226936340332e+00
1.369799137115478516e+00
1.562566399574279785e+00
1.810424923896789551e+00
9.890277981758117676e-01
7.078483104705810547e-01
6.065096259117126465e-01
6.173951625823974609e-01
4.784365594387054443e-01
2.205937385559082031e+00
6.689148545265197754e-01
4.871619045734405518e-01
5.683804154396057129e-01
6.362574696540832520e-01
1.596659541130065918e+00
1.622991919517517090e+00
1.695112824440002441e+00
2.561742782592773438e+00
5.186390280723571777e-01
3.815752863883972168e-01
4.401195645332336426e-01
4.224254488945007324e-01
3.822150230407714844e-01
7.629452347755432129e-01
7.577804327011108398e-01
4.256743490695953369e-01
6.931448578834533691e-01
7.205491662025451660e-01
5.229108333587646484e-01
5.547056794166564941e-01
6.774634122848510742e-01
1.281585931777954102e+00
1.154008984565734863e+00
1.402242422103881836e+00
7.640054821968078613e-01
6.980643868446350098e-01
8.636770844459533691e-01
1.447513580322265625e+00
1.493988275527954102e+00
1.905402660369873047e+00
1.821695566177368164e+00
1.994140982627868652e+00
1.876260876655578613e+00
3.290371656417846680e+00
2.842063426971435547e+00
2.475652694702148438e+00
2.596028089523315430e+00
2.278799772262573242e+00
1.577523946762084961e+00
1.740239977836608887e+00
2.946902275085449219e+00
2.488234758377075195e+00
3.058029890060424805e+00
2.541856288909912109e+00
2.525966167449951172e+00
2.435855150222778320e+00
2.225664854049682617e+00
1.279268383979797363e+00
1.425270199775695801e+00
1.116114616394042969e+00
1.035768628120422363e+00
1.170139074325561523e+00
8.410735726356506348e-01
6.866336464881896973e-01
7.153996825218200684e-01
7.507725954055786133e-01
5.749861598014831543e-01
6.720628738403320312e-01
5.769810676574707031e-01
6.324266791343688965e-01
5.136482715606689453e-01
6.083537340164184570e-01
5.373678803443908691e-01
3.047283589839935303e-01
3.926239013671875000e-01
4.519189596176147461e-01
4.086646437644958496e-01
3.085191249847412109e-01
3.436606824398040771e-01
3.233201503753662109e-01
2.364716827869415283e-01
2.499734610319137573e-01
3.528385758399963379e-01
3.339866697788238525e-01
1.874607801437377930e-01
2.897165715694427490e-01
2.976448535919189453e-01
2.402364164590835571e-01
2.303845137357711792e-01
3.511778116226196289e-01
1.168290615081787109e+00
1.181725740432739258e+00
1.089722037315368652e+00
8.954192399978637695e-01
1.920431405305862427e-01
1.968615055084228516e-01
3.262774050235748291e-01
3.523454666137695312e-01
2.911626994609832764e-01
3.952363133430480957e-01
3.910872936248779297e-01
3.170506954193115234e-01
3.195998072624206543e-01
3.892804384231567383e-01
3.592105209827423096e-01
3.578460812568664551e-01
4.100913405418395996e-01
4.551590681076049805e-01
3.969337940216064453e-01
4.471754133701324463e-01
4.581196010112762451e-01
5.933899283409118652e-01
4.123789370059967041e-01
6.234636902809143066e-01
2.109516143798828125e+00
1.661107182502746582e+00
1.864804625511169434e+00
1.777570486068725586e+00
2.763329982757568359e+00
1.849698305130004883e+00
3.692729473114013672e+00
2.835608243942260742e+00
1.584349513053894043e+00
1.858191251754760742e+00
1.857722163200378418e+00
1.767462015151977539e+00
1.351213097572326660e+00
2.328932285308837891e+00
1.374381184577941895e+00
1.165515899658203125e+00
1.527571320533752441e+00
1.549566030502319336e+00
1.497430324554443359e+00
1.417061328887939453e+00
1.441742420196533203e+00
1.311329722404479980e+00
1.701633572578430176e+00
1.293134450912475586e+00
1.333142399787902832e+00
1.430180191993713379e+00
1.373771905899047852e+00
1.247493386268615723e+00
1.266231298446655273e+00
1.492686867713928223e+00
1.379454493522644043e+00
1.348702907562255859e+00
1.347922801971435547e+00
1.433371186256408691e+00
2.234274625778198242e+00
1.428351998329162598e+00
1.444955468177795410e+00
1.807323336601257324e+00
1.327608346939086914e+00
2.109972715377807617e+00
2.638578414916992188e+00
1.425112962722778320e+00
1.549579143524169922e+00
1.786023378372192383e+00
1.710076928138732910e+00
1.418169736862182617e+00
1.739379405975341797e+00
2.940770864486694336e+00
2.072150945663452148e+00
1.190234541893005371e+00
1.537355780601501465e+00
1.525175333023071289e+00
1.469889521598815918e+00
1.497043132781982422e+00
1.736141204833984375e+00
1.413355827331542969e+00
4.512411057949066162e-01
6.462869644165039062e-01
1.162177681922912598e+00
8.368442654609680176e-01
8.685349225997924805e-01
2.393988132476806641e+00
2.328032255172729492e+00
2.495386600494384766e+00
2.145190000534057617e+00
2.327461481094360352e+00
9.531974196434020996e-01
9.172102808952331543e-01
2.116023778915405273e+00
2.418630838394165039e+00
2.475187063217163086e+00
2.374321699142456055e+00
2.318847179412841797e+00
1.961822390556335449e+00
1.598756670951843262e+00
1.789057731628417969e+00
1.581814169883728027e+00
1.903759956359863281e+00
1.638764858245849609e+00
2.278076410293579102e+00
2.628884553909301758e+00
2.637948751449584961e+00
2.595002412796020508e+00
1.909402847290039062e+00
1.918571352958679199e+00
1.913554072380065918e+00
2.163946628570556641e+00
1.979686260223388672e+00
2.075255870819091797e+00
1.311826586723327637e+00
6.968975067138671875e-01
7.836100459098815918e-01
5.344923138618469238e-01
6.708732843399047852e-01
3.902181386947631836e-01
4.323771297931671143e-01
3.120018243789672852e-01
3.612352907657623291e-01
3.485667705535888672e-01
3.861283063888549805e-01
3.815169036388397217e-01
3.437686860561370850e-01
2.863232493400573730e-01
3.513675034046173096e-01
3.465452790260314941e-01
3.019246160984039307e-01
3.000585436820983887e-01
3.918174803256988525e-01
2.884425520896911621e-01
2.707509100437164307e-01
2.292831838130950928e-01
2.935117185115814209e-01
2.739326357841491699e-01
3.144212961196899414e-01
3.090185523033142090e-01
3.359703123569488525e-01
2.261126935482025146e-01
3.265594244003295898e-01
3.131850957870483398e-01
2.102180272340774536e-01
2.408180534839630127e-01
3.367723226547241211e-01
2.947838008403778076e-01
2.672764360904693604e-01
3.122265934944152832e-01
5.012149214744567871e-01
3.112370967864990234e-01
3.768090009689331055e-01
3.846109211444854736e-01
4.011771082878112793e-01
3.074043691158294678e-01
4.095916450023651123e-01
4.343314468860626221e-01
1.527385711669921875e+00
1.275294065475463867e+00
1.329398989677429199e+00
1.197645902633666992e+00
3.754105269908905029e-01
5.013766288757324219e-01
6.072403788566589355e-01
4.864423871040344238e-01
4.308013319969177246e-01
1.732588052749633789e+00
1.036442637443542480e+00
2.268959045410156250e+00
1.819333672523498535e+00
2.047352790832519531e+00
2.871568679809570312e+00
1.934833645820617676e+00
2.422691106796264648e+00
3.023965597152709961e+00
1.905044078826904297e+00
2.233806610107421875e+00
2.071008205413818359e+00
2.041481018066406250e+00
1.761010885238647461e+00
1.025687575340270996e+00
1.713019847869873047e+00
1.818386197090148926e+00
1.421417236328125000e+00
7.421203851699829102e-01
1.075832366943359375e+00
8.610501289367675781e-01
6.737655997276306152e-01
8.857164382934570312e-01
1.168594241142272949e+00
8.224601149559020996e-01
6.622153520584106445e-01
7.087848782539367676e-01
4.744484126567840576e-01
4.260627329349517822e-01
5.513194799423217773e-01
1.669496655464172363e+00
1.336936712265014648e+00
1.343150019645690918e+00
5.814603567123413086e-01
4.323587715625762939e-01
7.184969782829284668e-01
5.420017838478088379e-01
5.240031480789184570e-01
5.383365154266357422e-01
5.123378038406372070e-01
4.950997829437255859e-01
5.454038977622985840e-01
3.433271050453186035e-01
3.283059895038604736e-01
4.885839223861694336e-01
3.909557163715362549e-01
2.879664599895477295e-01
4.032923281192779541e-01
3.759924471378326416e-01
3.097723126411437988e-01
3.468487262725830078e-01
3.777203559875488281e-01
2.765373885631561279e-01
3.012297749519348145e-01
3.856735825538635254e-01
3.970406949520111084e-01
3.496845364570617676e-01
4.625199437141418457e-01
4.585458040237426758e-01
3.787411153316497803e-01
6.932374835014343262e-01
6.536950469017028809e-01
8.113786578178405762e-01
6.458462476730346680e-01
1.322572588920593262e+00
1.638036012649536133e+00
1.942484021186828613e+00
1.674907922744750977e+00
1.779937386512756348e+00
1.796341300010681152e+00
1.699628591537475586e+00
1.856235504150390625e+00
2.019927024841308594e+00
2.631734609603881836e+00
2.634284496307373047e+00
2.682276725769042969e+00
3.014546394348144531e+00
2.912432432174682617e+00
2.451023101806640625e+00
2.005473136901855469e+00
1.492205262184143066e+00
1.477807164192199707e+00
2.366444826126098633e+00
1.761130928993225098e+00
1.637203335762023926e+00
1.629478931427001953e+00
1.576108217239379883e+00
1.531666040420532227e+00
1.406116604804992676e+00
1.510773420333862305e+00
1.531611800193786621e+00
1.164837241172790527e+00
1.061267733573913574e+00
1.218816995620727539e+00
1.238840699195861816e+00
9.298887252807617188e-01
9.002957344055175781e-01
1.116859912872314453e+00
1.830780863761901855e+00
1.517660140991210938e+00
1.525135397911071777e+00
1.566855788230895996e+00
5.567901730537414551e-01
5.125233530998229980e-01
5.419228076934814453e-01
4.530200064182281494e-01
3.222991228103637695e-01
4.628444910049438477e-01
4.355725646018981934e-01
3.440487980842590332e-01
3.135118186473846436e-01
3.237260878086090088e-01
3.556042313575744629e-01
2.484256327152252197e-01
2.843897342681884766e-01
3.780654668807983398e-01
2.794148623943328857e-01
2.337726354598999023e-01
3.043816387653350830e-01
3.750860095024108887e-01
2.311152517795562744e-01
2.305618524551391602e-01
3.267641961574554443e-01
3.406102359294891357e-01
2.231803983449935913e-01
2.647155523300170898e-01
3.499109447002410889e-01
2.937891185283660889e-01
2.882748246192932129e-01
3.758241534233093262e-01
4.267589449882507324e-01
3.963916301727294922e-01
4.098712205886840820e-01
4.271539151668548584e-01
3.945094048976898193e-01
3.688815236091613770e-01
4.686364531517028809e-01
