1.838803172111511230e+00
1.297571659088134766e+00
1.446264266967773438e+00
1.614047288894653320e+00
1.296674251556396484e+00
1.393900632858276367e+00
1.861965537071228027e+00
1.877005815505981445e+00
1.237448811531066895e+00
1.439342737197875977e+00
1.575412869453430176e+00
1.291043162345886230e+00
1.529816746711730957e+00
1.500214099884033203e+00
1.243284821510314941e+00
1.286393642425537109e+00
1.178306341171264648e+00
1.199633717536926270e+00
9.732151031494140625e-01
1.108810544013977051e+00
1.207513213157653809e+00
1.115940928459167480e+00
1.159305930137634277e+00
1.044427394866943359e+00
3.217764198780059814e-01
3.785193562507629395e-01
3.528136312961578369e-01
3.915379047393798828e-01
3.352757394313812256e-01
2.585708200931549072e-01
3.922500312328338623e-01
1.219614624977111816e+00
4.804021120071411133e-01
3.950943350791931152e-01
4.407387673854827881e-01
3.246445953845977783e-01
2.637901902198791504e-01
6.274164319038391113e-01
4.616104960441589355e-01
3.549151420593261719e-01
5.978782773017883301e-01
4.794307053089141846e-01
3.240884542465209961e-01
4.065080583095550537e-01
5.051026940345764160e-01
3.380663394927978516e-01
3.721320629119873047e-01
4.279915690422058105e-01
3.671185374259948730e-01
3.862941563129425049e-01
4.305837154388427734e-01
3.808738589286804199e-01
2.969390451908111572e-01
2.963467240333557129e-01
5.249142646789550781e-01
2.904939055442810059e-01
1.555591464042663574e+00
1.708162903785705566e+00
2.112548589706420898e+00
1.688809633255004883e+00
1.462400674819946289e+00
6.235727667808532715e-01
3.714786171913146973e-01
4.500457644462585449e-01
7.107756733894348145e-01
4.512641131877899170e-01
5.170810818672180176e-01
6.802384257316589355e-01
5.098955631256103516e-01
3.826332986354827881e-01
4.670400917530059814e-01
7.148846387863159180e-01
4.544302225112915039e-01
4.358461201190948486e-01
6.374922990798950195e-01
5.143631100654602051e-01
6.897967457771301270e-01
1.835182309150695801e+00
1.717864036560058594e+00
2.140472650527954102e+00
1.769310832023620605e+00
1.900589227676391602e+00
1.634397625923156738e+00
1.775134325027465820e+00
1.652000784873962402e+00
1.395842552185058594e+00
1.406757712364196777e+00
1.378190398216247559e+00
1.521503806114196777e+00
1.432941675186157227e+00
1.490542531013488770e+00
1.485848069190979004e+00
1.376643419265747070e+00
1.408874273300170898e+00
1.537900328636169434e+00
1.563479185104370117e+00
1.570647954940795898e+00
1.726080417633056641e+00
2.154290676116943359e+00
1.276065349578857422e+00
1.381507515907287598e+00
1.585960149765014648e+00
1.570733785629272461e+00
1.437483191490173340e+00
1.555194616317749023e+00
1.535140275955200195e+00
1.445819973945617676e+00
1.384770154953002930e+00
1.389823913574218750e+00
1.435612201690673828e+00
7.594439387321472168e-01
3.601723313331604004e-01
3.783058226108551025e-01
2.911218702793121338e-01
2.989906668663024902e-01
3.083629012107849121e-01
3.178656101226806641e-01
3.236320614814758301e-01
3.921085894107818604e-01
3.458361923694610596e-01
2.418804466724395752e-01
3.274746537208557129e-01
6.121544241905212402e-01
1.080156564712524414e+00
2.936438322067260742e-01
5.425050258636474609e-01
3.404836058616638184e-01
3.288171887397766113e-01
1.022627830505371094e+00
1.512062549591064453e+00
1.464046359062194824e+00
1.344439029693603516e+00
1.626012444496154785e+00
1.338564276695251465e+00
1.361953139305114746e+00
1.368795156478881836e+00
1.360661029815673828e+00
1.281088948249816895e+00
1.338254570960998535e+00
1.371428132057189941e+00
1.227154731750488281e+00
1.147430658340454102e+00
1.338984251022338867e+00
1.852630019187927246e+00
1.324175596237182617e+00
1.350246906280517578e+00
1.600694298744201660e+00
2.052011251449584961e+00
1.353162765502929688e+00
1.542874693870544434e+00
1.322082757949829102e+00
1.345759987831115723e+00
1.477096199989318848e+00
1.975919246673583984e+00
1.867426395416259766e+00
7.594587206840515137e-01
5.684793591499328613e-01
4.729562401771545410e-01
4.139856994152069092e-01
7.218522429466247559e-01
5.422520041465759277e-01
4.307435154914855957e-01
5.922710299491882324e-01
3.834501206874847412e-01
2.507631480693817139e-01
3.190020024776458740e-01
3.533557951450347900e-01
2.783299982547760010e-01
2.450657486915588379e-01
1.454414844512939453e+00
1.458799839019775391e+00
1.333167910575866699e+00
1.753693342208862305e+00
1.825725436210632324e+00
8.465626835823059082e-01
3.233826458454132080e-01
4.864336252212524414e-01
3.201726973056793213e-01
3.534358441829681396e-01
5.277541875839233398e-01
3.707790970802307129e-01
2.659829854965209961e-01
5.441416501998901367e-01
5.699877142906188965e-01
3.284474313259124756e-01
4.079950153827667236e-01
5.059225559234619141e-01
4.099350869655609131e-01
3.539500534534454346e-01
4.771556854248046875e-01
4.143700003623962402e-01
1.214643597602844238e+00
6.937810182571411133e-01
5.263060927391052246e-01
4.088093638420104980e-01
3.371143937110900879e-01
1.639776587486267090e+00
8.301641941070556641e-01
4.598647654056549072e-01
1.650138854980468750e+00
1.735976457595825195e+00
1.839836001396179199e+00
1.231102824211120605e+00
1.406728625297546387e+00
1.490868687629699707e+00
1.255326509475708008e+00
1.443028807640075684e+00
5.167527198791503906e-01
9.129412174224853516e-01
4.600004553794860840e-01
5.945375561714172363e-01
6.444011926651000977e-01
6.582894325256347656e-01
6.245825290679931641e-01
4.808417558670043945e-01
3.629991114139556885e-01
5.124592185020446777e-01
4.300736188888549805e-01
3.869220912456512451e-01
3.320693671703338623e-01
3.643293082714080811e-01
3.208784759044647217e-01
2.702051699161529541e-01
3.198062181472778320e-01
4.515179395675659180e-01
2.395262271165847778e-01
3.238261342048645020e-01
5.847243070602416992e-01
1.157480120658874512e+00
3.360108733177185059e-01
3.233966231346130371e-01
3.161261677742004395e-01
3.123230636119842529e-01
3.166318833827972412e-01
3.635190725326538086e-01
2.854902446269989014e-01
5.430581569671630859e-01
5.143047571182250977e-01
3.178642392158508301e-01
4.145942032337188721e-01
4.860263168811798096e-01
4.525679945945739746e-01
3.412524461746215820e-01
5.674574971199035645e-01
5.544674992561340332e-01
4.115972220897674561e-01
4.124099314212799072e-01
4.202211797237396240e-01
4.018332958221435547e-01
2.785670757293701172e-01
4.469539225101470947e-01
4.185083210468292236e-01
2.606948018074035645e-01
1.361059308052062988e+00
1.744953989982604980e+00
1.688922524452209473e+00
1.122721791267395020e+00
9.042967557907104492e-01
3.670560419559478760e-01
2.555848062038421631e-01
1.155543684959411621e+00
1.310488462448120117e+00
1.070075511932373047e+00
1.007588624954223633e+00
1.504667401313781738e+00
1.080834388732910156e+00
1.077100396156311035e+00
1.278859734535217285e+00
1.323013663291931152e+00
1.121646761894226074e+00
1.382453441619873047e+00
1.346934437751770020e+00
1.328790783882141113e+00
1.732592463493347168e+00
1.264312028884887695e+00
1.241217851638793945e+00
1.054098606109619141e+00
1.249410390853881836e+00
1.353778362274169922e+00
1.990031242370605469e+00
1.183482766151428223e+00
1.389608740806579590e+00
1.437850832939147949e+00
2.449142694473266602e+00
2.276543378829956055e+00
2.289447307586669922e+00
2.056176185607910156e+00
2.300299406051635742e+00
1.138638138771057129e+00
5.608566999435424805e-01
9.031145572662353516e-01
8.247241973876953125e-01
6.510732769966125488e-01
7.137309908866882324e-01
6.748189330101013184e-01
4.893856644630432129e-01
1.281153440475463867e+00
1.198806166648864746e+00
1.028074383735656738e+00
1.350366473197937012e+00
1.327132821083068848e+00
1.099702477455139160e+00
1.261850833892822266e+00
1.839741945266723633e+00
5.357704162597656250e-01
4.610302448272705078e-01
6.102932691574096680e-01
5.434232354164123535e-01
5.354946851730346680e-01
3.992318511009216309e-01
3.301805555820465088e-01
3.313791751861572266e-01
3.365703225135803223e-01
3.802513778209686279e-01
2.827925682067871094e-01
3.267461061477661133e-01
3.950428068637847900e-01
2.645173668861389160e-01
3.784017860889434814e-01
4.795477390289306641e-01
3.753894269466400146e-01
3.651776313781738281e-01
7.393106222152709961e-01
4.327046871185302734e-01
3.907142579555511475e-01
4.600253999233245850e-01
5.129679441452026367e-01
4.667638242244720459e-01
1.157625675201416016e+00
1.010640382766723633e+00
4.176435470581054688e-01
4.759762585163116455e-01
4.193221330642700195e-01
4.132486581802368164e-01
1.390421152114868164e+00
2.178907155990600586e+00
2.217548370361328125e+00
1.897806048393249512e+00
1.369172334671020508e+00
1.824994087219238281e+00
2.681769609451293945e+00
1.248050332069396973e+00
1.540706038475036621e+00
2.307514190673828125e+00
1.814691901206970215e+00
1.643919825553894043e+00
1.467011809349060059e+00
3.275855064392089844e+00
2.129860877990722656e+00
1.277285337448120117e+00
1.418785691261291504e+00
1.721771597862243652e+00
9.060441255569458008e-01
3.994258940219879150e-01
7.912236452102661133e-01
5.001067519187927246e-01
1.940701007843017578e-01
4.610497057437896729e-01
4.695656299591064453e-01
3.156914710998535156e-01
4.703276455402374268e-01
4.456993937492370605e-01
3.452967703342437744e-01
3.415550589561462402e-01
4.369485378265380859e-01
3.374109864234924316e-01
3.564846217632293701e-01
3.247668445110321045e-01
1.052876949310302734e+00
7.234811782836914062e-01
3.819724321365356445e-01
3.237469196319580078e-01
3.407519459724426270e-01
3.724732995033264160e-01
2.616226375102996826e-01
3.429790139198303223e-01
3.838360309600830078e-01
5.724332332611083984e-01
2.421161681413650513e-01
3.256634175777435303e-01
5.635565519332885742e-01
4.216064512729644775e-01
3.707204461097717285e-01
4.999376237392425537e-01
3.814867436885833740e-01
3.818063437938690186e-01
4.099825024604797363e-01
4.146912395954132080e-01
4.302767217159271240e-01
3.458027541637420654e-01
3.690377771854400635e-01
4.250515997409820557e-01
1.331805109977722168e+00
1.320520997047424316e+00
5.790222883224487305e-01
6.911197900772094727e-01
9.334234595298767090e-01
7.106882333755493164e-01
8.036202788352966309e-01
1.284651994705200195e+00
1.440830230712890625e+00
1.377481579780578613e+00
1.835225343704223633e+00
1.935626864433288574e+00
1.399807929992675781e+00
1.449253559112548828e+00
1.417517662048339844e+00
5.335214734077453613e-01
1.694191813468933105e+00
1.933385014533996582e+00
1.742450356483459473e+00
1.509316086769104004e+00
1.508239150047302246e+00
1.658043026924133301e+00
1.765269517898559570e+00
2.742918252944946289e+00
2.396036386489868164e+00
2.707947015762329102e+00
3.437682628631591797e+00
3.555054664611816406e+00
2.101185321807861328e+00
9.409046769142150879e-01
1.043789863586425781e+00
9.462526440620422363e-01
9.538689851760864258e-01
1.359298944473266602e+00
7.805234193801879883e-01
3.085383176803588867e-01
4.646765589714050293e-01
3.357929885387420654e-01
2.118346542119979858e-01
3.307410776615142822e-01
2.535019218921661377e-01
4.112776219844818115e-01
1.330115199089050293e+00
3.669672310352325439e-01
3.828246295452117920e-01
3.944236040115356445e-01
5.047792792320251465e-01
4.123142659664154053e-01
4.650337100028991699e-01
4.770293235778808594e-01
1.367377519607543945e+00
1.558358788490295410e+00
1.565838098526000977e+00
1.122184872627258301e+00
3.358839750289916992e-01
3.922212421894073486e-01
4.028444588184356689e-01
3.184702694416046143e-01
4.503261744976043701e-01
5.584704279899597168e-01
3.186996877193450928e-01
2.947884798049926758e-01
3.625435531139373779e-01
4.021487832069396973e-01
4.449661672115325928e-01
1.204351663589477539e+00
3.187399804592132568e-01
3.399099409580230713e-01
2.836951911449432373e-01
3.295342326164245605e-01
4.901728630065917969e-01
3.234374523162841797e-01
3.773294985294342041e-01
7.504485845565795898e-01
5.794610977172851562e-01
3.586365580558776855e-01
3.758773207664489746e-01
5.973136425018310547e-01
5.703851580619812012e-01
4.984445869922637939e-01
6.575280427932739258e-01
2.008692502975463867e+00
2.204623937606811523e+00
2.386119604110717773e+00
2.192360401153564453e+00
1.944956898689270020e+00
1.701465606689453125e+00
2.173638343811035156e+00
2.291918277740478516e+00
2.044960260391235352e+00
4.416086673736572266e+00
4.448570251464843750e+00
4.269247055053710938e+00
2.877085208892822266e+00
2.286476135253906250e+00
1.659202933311462402e+00
1.688791036605834961e+00
1.583173632621765137e+00
2.870213031768798828e+00
2.321053743362426758e+00
3.712573289871215820e+00
5.057966232299804688e+00
3.146790981292724609e+00
3.175615072250366211e+00
2.809097766876220703e+00
1.119021177291870117e+00
1.319233775138854980e+00
4.895213603973388672e+00
4.567363739013671875e+00
3.088315486907958984e+00
2.823421239852905273e+00
2.069692611694335938e+00
4.280296564102172852e-01
1.153203919529914856e-01
1.138370871543884277e+00
1.717760920524597168e+00
2.559328556060791016e+00
2.824850320816040039e+00
2.217978954315185547e+00
6.533428430557250977e-01
1.226544022560119629e+00
1.572496175765991211e+00
3.710479974746704102e+00
2.554938793182373047e+00
1.528904438018798828e+00
1.739233255386352539e+00
1.312152504920959473e+00
1.494677811861038208e-01
8.670443296432495117e-01
1.657746672630310059e+00
7.724992036819458008e-01
7.353942990303039551e-01
8.647915720939636230e-01
1.602849245071411133e+00
9.593964219093322754e-01
3.299313783645629883e-01
5.605773925781250000e-01
2.793329060077667236e-01
5.136743187904357910e-01
8.874397277832031250e-01
7.212042808532714844e-01
5.224226713180541992e-01
5.997449159622192383e-01
5.895621776580810547e-01
5.752257108688354492e-01
1.070930480957031250e+00
1.424231171607971191e+00
7.894006371498107910e-01
7.135314345359802246e-01
1.009655833244323730e+00
1.236181378364562988e+00
1.207387685775756836e+00
1.676246881484985352e+00
2.985893249511718750e+00
2.624988555908203125e+00
2.599023342132568359e+00
4.716794490814208984e+00
4.475437164306640625e+00
4.392189979553222656e+00
3.703577756881713867e+00
2.303210735321044922e+00
2.376438617706298828e+00
5.328155517578125000e+00
4.361174583435058594e+00
5.424113273620605469e+00
4.364434719085693359e+00
3.886806011199951172e+00
3.090831279754638672e+00
3.455831527709960938e+00
2.751206874847412109e+00
2.035194873809814453e+00
2.794983625411987305e+00
2.941635847091674805e+00
2.157400369644165039e+00
1.701537370681762695e+00
2.377560377120971680e+00
2.081419229507446289e+00
1.644790649414062500e+00
1.882647275924682617e+00
1.617379784584045410e+00
5.445552468299865723e-01
2.871427834033966064e-01
8.459676057100296021e-02
2.741141021251678467e-01
5.575787425041198730e-01
3.231351375579833984e-01
4.155620336532592773e-01
6.002958416938781738e-01
3.776781558990478516e-01
1.477217316627502441e+00
4.185952246189117432e-01
2.773435115814208984e-01
6.291090250015258789e-01
3.482408523559570312e-01
2.876315116882324219e-01
5.571013092994689941e-01
3.170824944972991943e-01
1.685145795345306396e-01
2.808437347412109375e-01
6.280221939086914062e-01
5.476481914520263672e-01
1.697502136230468750e-01
4.503593146800994873e-01
4.602876901626586914e-01
2.679715454578399658e-01
4.471553862094879150e-01
6.268120408058166504e-01
5.048527121543884277e-01
4.031837880611419678e-01
5.374602675437927246e-01
1.425509572029113770e+00
2.987442612648010254e-01
3.324610292911529541e-01
4.575968682765960693e-01
3.297680318355560303e-01
3.330437839031219482e-01
3.920197784900665283e-01
4.699795246124267578e-01
2.115674167871475220e-01
4.522607326507568359e-01
5.477584004402160645e-01
5.593171119689941406e-01
4.143554568290710449e-01
5.981279611587524414e-01
7.591382861137390137e-01
1.666346549987792969e+00
2.439998626708984375e+00
2.966561317443847656e+00
2.833864688873291016e+00
2.520389556884765625e+00
2.635312318801879883e+00
1.974852442741394043e+00
1.799528717994689941e+00
2.479691028594970703e+00
1.376076817512512207e+00
1.459920048713684082e+00
2.309643268585205078e+00
1.473486304283142090e+00
2.013359069824218750e+00
2.143623828887939453e+00
1.281374931335449219e+00
1.623218297958374023e+00
1.538596272468566895e+00
1.483659148216247559e+00
1.277345061302185059e+00
1.320334911346435547e+00
1.471214294433593750e+00
1.694273829460144043e+00
1.346224308013916016e+00
1.274671554565429688e+00
1.483643293380737305e+00
1.379901051521301270e+00
1.357482552528381348e+00
1.451755523681640625e+00
1.512235760688781738e+00
1.344661951065063477e+00
1.381608963012695312e+00
1.603951454162597656e+00
2.008344411849975586e+00
1.651446819305419922e+00
2.350550889968872070e+00
1.538640141487121582e+00
1.622092008590698242e+00
1.783714175224304199e+00
2.626490592956542969e+00
1.327585339546203613e+00
1.660677671432495117e+00
1.516977071762084961e+00
1.495515823364257812e+00
1.464962124824523926e+00
1.544518709182739258e+00
1.267363548278808594e+00
1.471960425376892090e+00
2.008547306060791016e+00
1.491632342338562012e+00
1.444168448448181152e+00
1.501199483871459961e+00
1.466201305389404297e+00
1.791669249534606934e+00
1.638860464096069336e+00
1.542694687843322754e+00
9.014863967895507812e-01
1.285419702529907227e+00
1.263015747070312500e+00
4.666193723678588867e-01
5.745871067047119141e-01
1.106743574142456055e+00
8.990756869316101074e-01
8.585774898529052734e-01
6.659809350967407227e-01
9.901444911956787109e-01
1.149764537811279297e+00
1.075388073921203613e+00
1.074334740638732910e+00
1.201920509338378906e+00
1.115602970123291016e+00
1.462513566017150879e+00
1.691446185111999512e+00
1.527871370315551758e+00
1.689214825630187988e+00
2.702524662017822266e+00
1.677483916282653809e+00
1.870393991470336914e+00
2.008323431015014648e+00
1.539582014083862305e+00
1.320134282112121582e+00
2.775171279907226562e+00
2.493093490600585938e+00
2.618910789489746094e+00
2.682912588119506836e+00
2.639974832534790039e+00
2.543758392333984375e+00
1.485464334487915039e+00
1.695195078849792480e+00
2.000908136367797852e+00
1.992704510688781738e+00
1.656020998954772949e+00
1.915937662124633789e+00
2.108054637908935547e+00
1.643284201622009277e+00
8.048104047775268555e-01
8.512826561927795410e-01
8.572763204574584961e-01
2.786978185176849365e-01
3.415789008140563965e-01
2.642101049423217773e-01
2.557621300220489502e-01
3.256428539752960205e-01
3.022842407226562500e-01
3.021444380283355713e-01
3.043383061885833740e-01
3.351282775402069092e-01
3.631835877895355225e-01
2.716754376888275146e-01
2.779851853847503662e-01
2.798846662044525146e-01
3.333598077297210693e-01
3.655175268650054932e-01
1.219077587127685547e+00
1.112093329429626465e+00
3.461681306362152100e-01
1.323783040046691895e+00
1.532170653343200684e+00
1.352751851081848145e+00
1.235651016235351562e+00
3.272967636585235596e-01
5.959642529487609863e-01
3.455410003662109375e-01
3.417121171951293945e-01
3.581675887107849121e-01
3.781273961067199707e-01
2.473097741603851318e-01
2.580659389495849609e-01
5.037678480148315430e-01
2.904125154018402100e-01
2.431909143924713135e-01
4.245571196079254150e-01
5.907514691352844238e-01
2.896381616592407227e-01
9.169077277183532715e-01
1.280657529830932617e+00
4.973950684070587158e-01
3.887854218482971191e-01
3.420920073986053467e-01
6.631947159767150879e-01
2.943055033683776855e-01
4.423647224903106689e-01
5.844759941101074219e-01
7.942430973052978516e-01
1.445383787155151367e+00
2.012427568435668945e+00
2.137685537338256836e+00
2.592438459396362305e+00
2.492308139801025391e+00
2.778124332427978516e+00
2.245989322662353516e+00
2.232069015502929688e+00
1.932863116264343262e+00
2.128531694412231445e+00
1.473450899124145508e+00
1.296229124069213867e+00
2.700575590133666992e+00
2.171227455139160156e+00
1.385017871856689453e+00
1.462761640548706055e+00
1.559293150901794434e+00
1.432556629180908203e+00
1.473914980888366699e+00
8.090304136276245117e-01
2.818807125091552734e+00
1.175404191017150879e+00
5.945169925689697266e-01
1.515002012252807617e+00
5.514008402824401855e-01
6.023778915405273438e-01
1.402622938156127930e+00
2.496678829193115234e+00
3.220983743667602539e+00
3.371633529663085938e+00
2.257273435592651367e+00
1.803579688072204590e+00
1.992620348930358887e+00
1.963260650634765625e+00
1.830466747283935547e+00
2.110021591186523438e+00
2.280165195465087891e+00
1.551263451576232910e+00
2.067888498306274414e+00
2.038229703903198242e+00
9.033025503158569336e-01
7.376446723937988281e-01
7.663424015045166016e-01
7.021826505661010742e-01
5.573337078094482422e-01
1.400404691696166992e+00
5.474585294723510742e-01
3.105822801589965820e-01
4.855461120605468750e-01
9.331567883491516113e-01
1.444408297538757324e+00
2.063871860504150391e+00
2.025839090347290039e+00
1.957655906677246094e+00
2.001882314682006836e+00
1.603010654449462891e+00
1.571349382400512695e+00
3.011117935180664062e+00
1.626135230064392090e+00
1.330606698989868164e+00
1.370194435119628906e+00
1.503534793853759766e+00
1.402419805526733398e+00
1.561500430107116699e+00
1.564800381660461426e+00
1.597674250602722168e+00
2.268203020095825195e+00
1.497156023979187012e+00
1.481993198394775391e+00
1.302821993827819824e+00
1.276438593864440918e+00
2.321692705154418945e+00
3.571762800216674805e+00
3.332026243209838867e+00
2.065795183181762695e+00
1.992922425270080566e+00
1.935949206352233887e+00
1.506416082382202148e+00
1.743875622749328613e+00
3.082388401031494141e+00
1.504941463470458984e+00
1.169325351715087891e+00
1.350601315498352051e+00
1.168941259384155273e+00
8.865264058113098145e-01
1.453438162803649902e+00
1.685096144676208496e+00
2.885116100311279297e+00
6.240746378898620605e-01
7.189344763755798340e-01
6.196449398994445801e-01
6.365551352500915527e-01
2.924224734306335449e-01
5.485346317291259766e-01
1.642794609069824219e+00
1.260542392730712891e+00
1.888576269149780273e+00
8.173298239707946777e-01
8.696907758712768555e-01
8.091630935668945312e-01
5.672064423561096191e-01
4.056282043457031250e-01
4.220192432403564453e-01
3.086202740669250488e-01
4.637917578220367432e-01
4.407316446304321289e-01
5.977250337600708008e-01
1.437015891075134277e+00
6.361379623413085938e-01
4.635894894599914551e-01
3.761613070964813232e-01
4.154225289821624756e-01
3.171474635601043701e-01
2.805852591991424561e-01
3.925849795341491699e-01
3.404819667339324951e-01
2.573028504848480225e-01
4.083664417266845703e-01
4.175917506217956543e-01
4.474278390407562256e-01
4.347069561481475830e-01
5.476334095001220703e-01
4.816100597381591797e-01
5.619305968284606934e-01
5.686511993408203125e-01
5.262035727500915527e-01
4.825603365898132324e-01
5.206043124198913574e-01
4.472335278987884521e-01
4.534834921360015869e-01
1.219991803169250488e+00
5.798321962356567383e-01
2.911585867404937744e-01
3.954024314880371094e-01
4.190609157085418701e-01
4.534648656845092773e-01
4.413141012191772461e-01
4.940025806427001953e-01
3.966199755668640137e-01
3.999173641204833984e-01
3.400508165359497070e-01
4.274343252182006836e-01
3.499276638031005859e-01
3.616601526737213135e-01
4.191439747810363770e-01
4.326501488685607910e-01
3.877685070037841797e-01
1.539217472076416016e+00
1.373763442039489746e+00
1.260914325714111328e+00
5.436178445816040039e-01
1.091156721115112305e+00
5.761623382568359375e-01
6.237999796867370605e-01
7.800596356391906738e-01
1.398330807685852051e+00
4.907561540603637695e-01
4.479722082614898682e-01
5.377293825149536133e-01
3.883274197578430176e-01
1.411401748657226562e+00
2.337115049362182617e+00
2.499247312545776367e+00
1.560568571090698242e+00
1.935110807418823242e+00
1.830926656723022461e+00
1.822245478630065918e+00
1.854822278022766113e+00
2.295456409454345703e+00
1.827721953392028809e+00
1.831583142280578613e+00
2.183082580566406250e+00
2.182145833969116211e+00
1.797873258590698242e+00
2.150326967239379883e+00
2.231333255767822266e+00
2.423410415649414062e+00
2.164230108261108398e+00
2.234951019287109375e+00
1.484290122985839844e+00
1.111227512359619141e+00
1.020652413368225098e+00
2.535613059997558594e+00
1.388188958168029785e+00
9.142862558364868164e-01
6.265127658843994141e-01
7.328128218650817871e-01
9.391362071037292480e-01
1.386692404747009277e+00
1.539971709251403809e+00
2.392158031463623047e+00
1.279807090759277344e+00
8.376160860061645508e-01
1.046811223030090332e+00
1.337096810340881348e+00
2.244389533996582031e+00
1.621621966361999512e+00
1.898956179618835449e+00
2.158726930618286133e+00
1.814183115959167480e+00
1.864861965179443359e+00
1.108230233192443848e+00
8.572207093238830566e-01
9.355838894844055176e-01
1.579500555992126465e+00
9.630466103553771973e-01
1.187673091888427734e+00
1.055669546127319336e+00
1.212439537048339844e+00
1.201331734657287598e+00
1.798133015632629395e+00
1.662991285324096680e+00
1.724630951881408691e+00
1.651623606681823730e+00
1.660463571548461914e+00
1.857957720756530762e+00
2.617524862289428711e+00
2.361439943313598633e+00
2.243641138076782227e+00
1.425284504890441895e+00
1.089513182640075684e+00
2.437741756439208984e+00
2.499894618988037109e+00
2.562182426452636719e+00
2.628617763519287109e+00
2.610548496246337891e+00
2.258698701858520508e+00
1.829856634140014648e+00
1.739434123039245605e+00
1.672139883041381836e+00
1.493256688117980957e+00
2.062489509582519531e+00
2.283181905746459961e+00
1.554646611213684082e+00
1.863655328750610352e+00
1.899604439735412598e+00
1.378656029701232910e+00
1.283573389053344727e+00
1.869789600372314453e+00
1.456953763961791992e+00
1.037405252456665039e+00
8.489758372306823730e-01
9.238462448120117188e-01
8.001452684402465820e-01
3.795162439346313477e-01
4.132407009601593018e-01
3.591683208942413330e-01
4.459071457386016846e-01
3.088675141334533691e-01
4.975118339061737061e-01
4.144949913024902344e-01
3.890310227870941162e-01
3.666774928569793701e-01
3.483400940895080566e-01
4.274222552776336670e-01
3.492089807987213135e-01
2.826580107212066650e-01
3.330166339874267578e-01
4.040943384170532227e-01
1.010148167610168457e+00
2.865573167800903320e-01
3.317612707614898682e-01
3.544003963470458984e-01
4.775972664356231689e-01
5.280493497848510742e-01
3.441935181617736816e-01
4.936150014400482178e-01
5.223739147186279297e-01
1.670555233955383301e+00
1.256805062294006348e+00
1.417853951454162598e+00
7.591668367385864258e-01
4.173582196235656738e-01
2.785687446594238281e-01
4.148025214672088623e-01
5.021103620529174805e-01
3.258931040763854980e-01
3.664990663528442383e-01
4.065088629722595215e-01
4.902414083480834961e-01
3.093362152576446533e-01
3.589748144149780273e-01
4.970113337039947510e-01
4.445350170135498047e-01
4.066396057605743408e-01
5.759833455085754395e-01
5.707691907882690430e-01
1.490566968917846680e+00
1.907560348510742188e+00
2.542597055435180664e+00
2.827579975128173828e+00
2.533286094665527344e+00
2.497767210006713867e+00
2.529571294784545898e+00
2.014431953430175781e+00
2.363449573516845703e+00
1.883350133895874023e+00
1.847214698791503906e+00
1.867581486701965332e+00
1.748670935630798340e+00
1.700840592384338379e+00
1.909094691276550293e+00
1.880392313003540039e+00
1.179302453994750977e+00
1.407424807548522949e+00
1.558763861656188965e+00
1.374462366104125977e+00
1.226196289062500000e+00
1.392741441726684570e+00
1.452232122421264648e+00
1.230719685554504395e+00
1.379859328269958496e+00
1.357602357864379883e+00
1.331978797912597656e+00
1.280378222465515137e+00
1.301230311393737793e+00
1.384921908378601074e+00
1.367895245552062988e+00
1.201431989669799805e+00
1.235927581787109375e+00
1.323017716407775879e+00
1.502232789993286133e+00
1.671676397323608398e+00
1.463938117027282715e+00
1.417773127555847168e+00
1.608057975769042969e+00
1.699469327926635742e+00
1.550206065177917480e+00
1.560057401657104492e+00
2.163813352584838867e+00
3.383783578872680664e+00
1.867140173912048340e+00
1.360093832015991211e+00
1.559883832931518555e+00
1.731286883354187012e+00
1.354073882102966309e+00
6.924121975898742676e-01
9.226347208023071289e-01
2.170666217803955078e+00
1.092921853065490723e+00
4.294113814830780029e-01
4.713149368762969971e-01
4.404542446136474609e-01
4.426867663860321045e-01
6.757404804229736328e-01
4.528322517871856689e-01
4.704762101173400879e-01
5.058797597885131836e-01
5.609704256057739258e-01
3.360350131988525391e-01
5.906717181205749512e-01
6.213048696517944336e-01
7.335326075553894043e-01
8.597012758255004883e-01
1.375059127807617188e+00
1.201305985450744629e+00
1.175491094589233398e+00
1.334314703941345215e+00
2.029987335205078125e+00
2.161270856857299805e+00
2.246109724044799805e+00
2.538186311721801758e+00
2.329207897186279297e+00
1.959481954574584961e+00
1.266938447952270508e+00
1.996440172195434570e+00
2.870115518569946289e+00
3.511337757110595703e+00
3.309137582778930664e+00
2.777909278869628906e+00
2.492223262786865234e+00
2.713993072509765625e+00
2.526356697082519531e+00
2.917689561843872070e+00
3.079582929611206055e+00
2.814558267593383789e+00
2.906887292861938477e+00
2.397506713867187500e+00
2.462589979171752930e+00
2.666017293930053711e+00
2.561782836914062500e+00
2.538860321044921875e+00
1.986825585365295410e+00
7.950966954231262207e-01
1.046478390693664551e+00
8.304405212402343750e-01
3.199731409549713135e-01
3.043361306190490723e-01
1.867086440324783325e-01
4.207134544849395752e-01
1.035395026206970215e+00
3.098394572734832764e-01
2.502360641956329346e-01
3.511394560337066650e-01
3.564361035823822021e-01
3.410756587982177734e-01
2.754823863506317139e-01
4.096941649913787842e-01
2.852125763893127441e-01
2.790810167789459229e-01
2.662995457649230957e-01
4.134443700313568115e-01
3.467470109462738037e-01
2.264098078012466431e-01
3.188372850418090820e-01
3.135293722152709961e-01
2.334815412759780884e-01
3.627395331859588623e-01
3.414053916931152344e-01
1.980916559696197510e-01
3.428463339805603027e-01
3.308666050434112549e-01
2.823208570480346680e-01
2.532440125942230225e-01
2.494387030601501465e-01
3.267606198787689209e-01
2.506290972232818604e-01
1.592177301645278931e-01
3.224372863769531250e-01
3.966646492481231689e-01
2.621009349822998047e-01
2.742933630943298340e-01
5.854800343513488770e-01
4.377327263355255127e-01
3.070850670337677002e-01
4.930857121944427490e-01
6.467762589454650879e-01
4.353387653827667236e-01
1.729308724403381348e+00
1.586407542228698730e+00
1.482015371322631836e+00
1.747309327125549316e+00
2.567987680435180664e+00
2.376508951187133789e+00
2.031120061874389648e+00
2.088321447372436523e+00
2.520455598831176758e+00
2.319971799850463867e+00
1.815610408782958984e+00
2.013161182403564453e+00
2.165515661239624023e+00
1.719606995582580566e+00
1.662380337715148926e+00
1.801359176635742188e+00
2.492388725280761719e+00
1.564743638038635254e+00
1.722269058227539062e+00
2.460902214050292969e+00
1.616133689880371094e+00
1.908759474754333496e+00
1.977339148521423340e+00
9.546918272972106934e-01
1.012197256088256836e+00
1.319047212600708008e+00
1.866562128067016602e+00
8.250868320465087891e-01
1.251773118972778320e+00
9.752702713012695312e-01
9.289978742599487305e-01
2.161783695220947266e+00
1.419766426086425781e+00
2.015826225280761719e+00
1.443252444267272949e+00
2.315305709838867188e+00
2.824105978012084961e+00
1.533913373947143555e+00
5.181328058242797852e-01
6.193593144416809082e-01
7.399078607559204102e-01
6.479370594024658203e-01
6.476275920867919922e-01
1.812178134918212891e+00
1.788131237030029297e+00
4.633468985557556152e-01
4.076545834541320801e-01
5.677121877670288086e-01
6.122300624847412109e-01
7.638399004936218262e-01
1.184416055679321289e+00
4.560479521751403809e-01
4.904957711696624756e-01
4.883926212787628174e-01
4.651510119438171387e-01
5.650046467781066895e-01
5.208449959754943848e-01
4.946891963481903076e-01
5.992586612701416016e-01
5.088899135589599609e-01
4.709818959236145020e-01
6.354146003723144531e-01
1.401103615760803223e+00
4.153734743595123291e-01
8.563386201858520508e-01
9.588753581047058105e-01
8.600140213966369629e-01
2.404664278030395508e+00
2.145149230957031250e+00
2.696745157241821289e+00
2.827292442321777344e+00
2.794796228408813477e+00
2.560860633850097656e+00
3.030139446258544922e+00
2.702642679214477539e+00
2.842989683151245117e+00
2.993085145950317383e+00
2.518611669540405273e+00
3.031213283538818359e+00
2.324841022491455078e+00
2.434531211853027344e+00
2.734061717987060547e+00
2.481294631958007812e+00
2.818282365798950195e+00
2.635337352752685547e+00
2.660634517669677734e+00
4.016123771667480469e+00
3.824235200881958008e+00
4.072650432586669922e+00
3.732052564620971680e+00
3.323094129562377930e+00
2.519428968429565430e+00
2.604452610015869141e+00
2.577954530715942383e+00
2.904329299926757812e+00
2.424307346343994141e+00
2.565328121185302734e+00
2.274091005325317383e+00
2.191085338592529297e+00
2.283029794692993164e+00
2.179779052734375000e+00
2.285898447036743164e+00
2.072918176651000977e+00
1.907480359077453613e+00
5.713351964950561523e-01
6.819594502449035645e-01
9.683849215507507324e-01
1.088958978652954102e+00
6.842720508575439453e-01
1.151209115982055664e+00
1.064304351806640625e+00
8.036235570907592773e-01
5.562899708747863770e-01
5.347815155982971191e-01
4.571399688720703125e-01
3.971895277500152588e-01
3.128808438777923584e-01
2.343523502349853516e-01
4.620224535465240479e-01
3.009776175022125244e-01
2.165266722440719604e-01
3.670091629028320312e-01
4.574773907661437988e-01
1.992806941270828247e-01
3.317119181156158447e-01
2.627669870853424072e-01
4.730535447597503662e-01
2.457583844661712646e-01
3.671357929706573486e-01
3.883334398269653320e-01
3.710488080978393555e-01
2.648605406284332275e-01
3.377360701560974121e-01
3.700201213359832764e-01
2.836061120033264160e-01
3.152249455451965332e-01
3.837472200393676758e-01
4.538255631923675537e-01
2.742281258106231689e-01
1.717089116573333740e-01
2.846043705940246582e-01
4.432930946350097656e-01
4.135186374187469482e-01
3.935144245624542236e-01
5.433585643768310547e-01
7.075664997100830078e-01
5.660555362701416016e-01
4.106058180332183838e-01
1.716511607170104980e+00
2.482834815979003906e+00
2.876819372177124023e+00
2.453986167907714844e+00
2.501066684722900391e+00
2.776125907897949219e+00
2.578793287277221680e+00
2.908071994781494141e+00
2.173079252243041992e+00
2.360917329788208008e+00
1.679698109626770020e+00
3.055135488510131836e+00
1.842941522598266602e+00
1.673282027244567871e+00
1.392794013023376465e+00
1.749703288078308105e+00
1.445351243019104004e+00
1.444626212120056152e+00
1.923956394195556641e+00
5.574439525604248047e+00
4.180795192718505859e+00
3.393811941146850586e+00
2.991962909698486328e+00
1.826874136924743652e+00
2.029088020324707031e+00
1.464743375778198242e+00
3.081267595291137695e+00
4.394289493560791016e+00
3.049329042434692383e+00
2.865076541900634766e+00
2.726563930511474609e+00
1.297345995903015137e+00
1.226856827735900879e+00
1.485161185264587402e+00
1.569778561592102051e+00
1.373458027839660645e+00
1.340508818626403809e+00
1.749269127845764160e+00
1.912233114242553711e+00
1.612075686454772949e+00
1.536675214767456055e+00
2.851334333419799805e+00
2.809490442276000977e+00
3.128484010696411133e+00
2.752653121948242188e+00
2.097659826278686523e+00
1.219083905220031738e+00
1.488687157630920410e+00
1.502293109893798828e+00
2.087108850479125977e+00
1.849901080131530762e+00
1.501518249511718750e+00
1.844540834426879883e+00
1.515038371086120605e+00
1.575855493545532227e+00
1.566188931465148926e+00
1.694578051567077637e+00
1.455061912536621094e+00
1.756492137908935547e+00
1.733875513076782227e+00
1.729268193244934082e+00
1.732260704040527344e+00
1.669019460678100586e+00
1.133211493492126465e+00
8.321779966354370117e-01
1.776884198188781738e+00
1.704001545906066895e+00
1.713518738746643066e+00
1.872492551803588867e+00
1.704117178916931152e+00
1.975445866584777832e+00
1.486127972602844238e+00
1.871949315071105957e+00
1.828078508377075195e+00
1.488618135452270508e+00
1.342517614364624023e+00
1.252555727958679199e+00
1.440701961517333984e+00
3.959369063377380371e-01
3.515848517417907715e-01
3.744418919086456299e-01
7.611600756645202637e-01
4.158427119255065918e-01
2.737382948398590088e-01
2.624490261077880859e-01
5.058742761611938477e-01
5.024985074996948242e-01
4.618780314922332764e-01
1.313658207654953003e-01
5.296903848648071289e-01
6.638810634613037109e-01
1.021270990371704102e+00
3.404120802879333496e-01
6.478655338287353516e-01
6.079165935516357422e-01
3.045718371868133545e-01
2.926949262619018555e-01
3.845703303813934326e-01
1.429556608200073242e+00
1.519184708595275879e+00
1.579394936561584473e+00
1.209833383560180664e+00
1.311940312385559082e+00
1.964254230260848999e-01
7.653562426567077637e-01
8.198386430740356445e-01
4.426925480365753174e-01
1.111503005027770996e+00
7.772476673126220703e-01
3.401289284229278564e-01
3.713585436344146729e-01
3.813104927539825439e-01
3.408681750297546387e-01
3.248775601387023926e-01
3.224405646324157715e-01
3.315987288951873779e-01
3.946453630924224854e-01
3.483891487121582031e-01
4.368057250976562500e-01
4.339797794818878174e-01
3.594237864017486572e-01
3.556094467639923096e-01
3.955833315849304199e-01
4.388422667980194092e-01
2.955419719219207764e-01
4.476912617683410645e-01
2.850346863269805908e-01
4.298603534698486328e-01
3.290775716304779053e-01
3.563999235630035400e-01
3.351852893829345703e-01
4.899371564388275146e-01
4.100732505321502686e-01
5.170961618423461914e-01
4.996478855609893799e-01
5.198220610618591309e-01
3.694286346435546875e-01
4.304565191268920898e-01
4.235985875129699707e-01
4.565520286560058594e-01
1.413370013236999512e+00
1.437120914459228516e+00
1.424688100814819336e+00
1.320712566375732422e+00
1.272346138954162598e+00
1.679732352495193481e-01
4.493479132652282715e-01
1.426556110382080078e+00
3.677810132503509521e-01
4.716008305549621582e-01
1.571132779121398926e+00
8.139644861221313477e-01
8.506332635879516602e-01
8.510975837707519531e-01
8.986272811889648438e-01
9.395108819007873535e-01
1.045610427856445312e+00
1.196584343910217285e+00
1.110075712203979492e+00
1.379347920417785645e+00
9.110628366470336914e-01
1.136359810829162598e+00
1.135486006736755371e+00
1.232772707939147949e+00
1.091475486755371094e+00
1.086927890777587891e+00
1.499039053916931152e+00
1.972907781600952148e+00
1.787262558937072754e+00
1.881540536880493164e+00
2.247067451477050781e+00
2.948023080825805664e+00
1.873114228248596191e+00
1.943734169006347656e+00
2.960984468460083008e+00
2.585804939270019531e+00
2.625224828720092773e+00
2.512498855590820312e+00
1.953760147094726562e+00
1.848967790603637695e+00
5.545946359634399414e-01
1.043747901916503906e+00
8.019320964813232422e-01
6.869924664497375488e-01
5.608611106872558594e-01
2.007645368576049805e+00
1.421415567398071289e+00
2.962030172348022461e+00
2.379716396331787109e+00
1.652879476547241211e+00
1.584386587142944336e+00
9.978863596916198730e-01
1.198200464248657227e+00
2.186818361282348633e+00
3.038431882858276367e+00
2.544751882553100586e+00
2.945474863052368164e+00
3.782488584518432617e+00
1.551222085952758789e+00
1.628312706947326660e+00
2.008386373519897461e+00
2.016631603240966797e+00
2.206309318542480469e+00
2.999825239181518555e+00
4.176087856292724609e+00
3.140102386474609375e+00
2.512265205383300781e+00
2.758602142333984375e+00
2.326445102691650391e+00
2.128430366516113281e+00
2.246697425842285156e+00
2.569286823272705078e+00
2.069643497467041016e+00
1.442928433418273926e+00
1.335199475288391113e+00
1.657912015914916992e+00
1.555613398551940918e+00
1.920520544052124023e+00
2.351985931396484375e+00
1.859796643257141113e+00
7.271491885185241699e-01
6.567421555519104004e-01
1.675939679145812988e+00
2.552183628082275391e+00
2.436004161834716797e+00
2.218410968780517578e+00
2.330187082290649414e+00
1.572772741317749023e+00
1.518965482711791992e+00
1.201978325843811035e+00
1.640973567962646484e+00
1.112896800041198730e+00
9.556525349617004395e-01
7.682062983512878418e-01
5.560865402221679688e-01
7.755255103111267090e-01
6.514622569084167480e-01
5.517673492431640625e-01
5.271856784820556641e-01
5.679840445518493652e-01
5.523821115493774414e-01
4.428956508636474609e-01
3.284879922866821289e-01
3.443023562431335449e-01
3.319769799709320068e-01
1.933478564023971558e-01
1.526643186807632446e-01
4.438752532005310059e-01
2.462577968835830688e-01
9.782491922378540039e-01
1.260763525962829590e+00
1.373399972915649414e+00
4.191436767578125000e-01
9.921961277723312378e-02
2.790242731571197510e-01
2.054810672998428345e-01
3.655339777469635010e-01
1.800812333822250366e-01
3.107047975063323975e-01
3.142170906066894531e-01
3.693261146545410156e-01
4.276604652404785156e-01
4.674158990383148193e-01
3.930827379226684570e-01
3.968704938888549805e-01
3.866280019283294678e-01
3.606953322887420654e-01
4.158254563808441162e-01
4.182882308959960938e-01
5.113409161567687988e-01
2.820692360401153564e-01
4.972081482410430908e-01
4.204582571983337402e-01
3.340598642826080322e-01
3.720986247062683105e-01
3.985370099544525146e-01
4.345578551292419434e-01
4.945872128009796143e-01
3.095946907997131348e-01
2.848789989948272705e-01
4.583767056465148926e-01
4.095003604888916016e-01
3.395936191082000732e-01
3.413719534873962402e-01
4.109284281730651855e-01
2.762709558010101318e-01
3.930544853210449219e-01
5.689337849617004395e-01
1.873287916183471680e+00
1.926215767860412598e+00
2.189360857009887695e+00
2.690634012222290039e+00
2.314060211181640625e+00
2.424995183944702148e+00
2.494110822677612305e+00
2.399465084075927734e+00
2.428344726562500000e+00
2.558214187622070312e+00
1.963901400566101074e+00
1.640093088150024414e+00
2.416033267974853516e+00
2.727405309677124023e+00
1.378626227378845215e+00
1.666739821434020996e+00
1.790277957916259766e+00
1.554702877998352051e+00
1.179398655891418457e+00
1.432938933372497559e+00
3.177537202835083008e+00
2.351744890213012695e+00
1.236679911613464355e+00
1.210497856140136719e+00
1.812844157218933105e+00
1.355475068092346191e+00
1.257782697677612305e+00
1.536960721015930176e+00
1.467040300369262695e+00
1.492917656898498535e+00
1.365301728248596191e+00
1.454786539077758789e+00
1.412838816642761230e+00
1.453134536743164062e+00
1.761968016624450684e+00
1.834278583526611328e+00
1.145098567008972168e+00
8.274569511413574219e-01
1.196915149688720703e+00
6.724375486373901367e-01
1.000954627990722656e+00
9.975675940513610840e-01
1.211758971214294434e+00
1.158433794975280762e+00
1.192717313766479492e+00
8.173945546150207520e-01
1.194315075874328613e+00
1.441635608673095703e+00
1.624239325523376465e+00
1.623323321342468262e+00
1.947543263435363770e+00
2.407066345214843750e+00
1.614010572433471680e+00
1.700127124786376953e+00
2.033341169357299805e+00
6.062042713165283203e-01
9.782502651214599609e-01
1.344001293182373047e+00
1.246287822723388672e+00
1.562986135482788086e+00
2.006910324096679688e+00
2.805354833602905273e+00
2.814593315124511719e+00
2.969519138336181641e+00
2.884477138519287109e+00
2.057362556457519531e+00
1.441148757934570312e+00
2.005484104156494141e+00
2.487527608871459961e+00
2.522717475891113281e+00
2.380730152130126953e+00
2.513247728347778320e+00
2.608481407165527344e+00
3.056673049926757812e+00
2.651395320892333984e+00
2.949989795684814453e+00
2.548264980316162109e+00
2.895072937011718750e+00
1.855915665626525879e+00
2.458154439926147461e+00
3.722018480300903320e+00
1.715844750404357910e+00
1.971701741218566895e+00
1.049925208091735840e+00
1.108271121978759766e+00
9.572541117668151855e-01
1.336697459220886230e+00
1.974186420440673828e+00
2.356321573257446289e+00
7.734245657920837402e-01
7.434637546539306641e-01
2.480923384428024292e-01
2.419426739215850830e-01
4.971755146980285645e-01
4.602065682411193848e-01
3.254655003547668457e-01
3.045502007007598877e-01
4.399315416812896729e-01
2.882139682769775391e-01
9.666770100593566895e-01
8.320302367210388184e-01
8.467825055122375488e-01
6.276214718818664551e-01
6.315026879310607910e-01
7.182113528251647949e-01
6.512196660041809082e-01
8.860067129135131836e-01
7.611340284347534180e-01
8.202919960021972656e-01
1.092413187026977539e+00
1.486833691596984863e+00
1.452002167701721191e+00
7.663687467575073242e-01
2.426692992448806763e-01
3.957480490207672119e-01
3.616527318954467773e-01
3.297735154628753662e-01
2.500962615013122559e-01
2.670541405677795410e-01
4.174944460391998291e-01
3.269163072109222412e-01
3.251155018806457520e-01
3.963091373443603516e-01
4.425522089004516602e-01
4.652220010757446289e-01
3.050833046436309814e-01
2.798435688018798828e-01
4.720933735370635986e-01
3.936092853546142578e-01
3.556118905544281006e-01
4.088943302631378174e-01
4.347675442695617676e-01
3.582415878772735596e-01
5.214433073997497559e-01
4.787015914916992188e-01
5.232965350151062012e-01
4.862790405750274658e-01
6.948209404945373535e-01
5.604932308197021484e-01
4.118534922599792480e-01
3.496012091636657715e-01
4.684700667858123779e-01
5.186954736709594727e-01
4.974592030048370361e-01
1.470815777778625488e+00
1.913256645202636719e+00
2.269044637680053711e+00
2.066807746887207031e+00
2.559444665908813477e+00
1.837139368057250977e+00
2.025922775268554688e+00
1.779716372489929199e+00
1.751203656196594238e+00
1.562884449958801270e+00
1.716916203498840332e+00
1.603750705718994141e+00
1.849820494651794434e+00
9.288706779479980469e-01
7.515534758567810059e-01
1.066583752632141113e+00
1.003508925437927246e+00
1.229232907295227051e+00
7.768392562866210938e-01
2.810383439064025879e-01
3.032731711864471436e-01
2.841435968875885010e-01
4.191392958164215088e-01
5.602769851684570312e-01
6.913357973098754883e-01
8.287811279296875000e-01
5.574669241905212402e-01
1.540829658508300781e+00
1.543555259704589844e+00
1.665374040603637695e+00
9.596839547157287598e-01
1.009556651115417480e+00
1.272023200988769531e+00
1.838115453720092773e+00
9.629964232444763184e-01
5.614531040191650391e-01
1.532391548156738281e+00
1.842461824417114258e+00
1.898635149002075195e+00
2.009570837020874023e+00
2.621782302856445312e+00
2.332908868789672852e+00
2.191234350204467773e+00
2.369972229003906250e+00
1.988219976425170898e+00
1.681812524795532227e+00
1.566122055053710938e+00
2.486890316009521484e+00
2.470937967300415039e+00
2.538339376449584961e+00
2.859420299530029297e+00
2.434085369110107422e+00
1.147513151168823242e+00
1.186799049377441406e+00
1.902139782905578613e+00
2.482397317886352539e+00
2.085798740386962891e+00
2.867573976516723633e+00
3.704129695892333984e+00
4.213798999786376953e+00
2.770061731338500977e+00
2.628927469253540039e+00
3.420857191085815430e+00
3.066722154617309570e+00
2.412907361984252930e+00
1.701529145240783691e+00
2.283445835113525391e+00
1.622984528541564941e+00
1.834994792938232422e+00
1.883867383003234863e+00
1.861935973167419434e+00
1.979032754898071289e+00
1.832505464553833008e+00
2.550336360931396484e+00
2.613264799118041992e+00
2.818706750869750977e+00
2.341861486434936523e+00
1.895161747932434082e+00
1.926548719406127930e+00
1.929319858551025391e+00
1.944549560546875000e+00
1.883573174476623535e+00
2.006220817565917969e+00
1.977253913879394531e+00
1.822308182716369629e+00
1.869658112525939941e+00
2.051024198532104492e+00
1.715398788452148438e+00
1.821839570999145508e+00
1.863720893859863281e+00
1.728835582733154297e+00
1.627612948417663574e+00
1.744092702865600586e+00
1.828861117362976074e+00
1.587389349937438965e+00
1.957247138023376465e+00
2.084487915039062500e+00
1.862060666084289551e+00
1.762235045433044434e+00
1.959197878837585449e+00
1.844689965248107910e+00
1.868046998977661133e+00
2.058851003646850586e+00
2.119001388549804688e+00
2.059522151947021484e+00
2.846154451370239258e+00
1.808506608009338379e+00
1.910135507583618164e+00
1.812923431396484375e+00
2.148450136184692383e+00
2.079931497573852539e+00
1.785156965255737305e+00
1.676461219787597656e+00
1.743886351585388184e+00
1.606141448020935059e+00
1.687998056411743164e+00
1.880964398384094238e+00
1.714907646179199219e+00
7.849227190017700195e-01
5.672730803489685059e-01
7.981679439544677734e-01
6.060217022895812988e-01
5.747104287147521973e-01
1.472563982009887695e+00
1.489507555961608887e+00
4.096184968948364258e-01
4.438892602920532227e-01
4.314169585704803467e-01
3.966246247291564941e-01
4.383220374584197998e-01
8.008209466934204102e-01
4.454803764820098877e-01
3.956786990165710449e-01
3.823942840099334717e-01
4.220088422298431396e-01
4.122712314128875732e-01
4.344778060913085938e-01
4.184395372867584229e-01
3.989569246768951416e-01
4.071373641490936279e-01
3.605571687221527100e-01
3.689659535884857178e-01
3.625934422016143799e-01
3.764885663986206055e-01
3.616768717765808105e-01
3.332145512104034424e-01
4.205594062805175781e-01
3.785618543624877930e-01
3.386559188365936279e-01
4.066070020198822021e-01
3.374320864677429199e-01
3.058318793773651123e-01
2.996098697185516357e-01
3.070647716522216797e-01
4.183024764060974121e-01
1.468299746513366699e+00
8.744899630546569824e-01
3.476315438747406006e-01
5.861729383468627930e-01
1.404008507728576660e+00
1.191927194595336914e+00
1.550629734992980957e+00
1.701558470726013184e+00
1.818972706794738770e+00
1.319824218750000000e+00
1.271135449409484863e+00
1.364652633666992188e+00
1.078504323959350586e+00
3.830257952213287354e-01
5.589511394500732422e-01
6.312518715858459473e-01
5.542786121368408203e-01
5.804355144500732422e-01
5.771866440773010254e-01
2.315525054931640625e+00
1.932533979415893555e+00
1.524254202842712402e+00
1.637181639671325684e+00
1.601279497146606445e+00
1.357881903648376465e+00
6.439453959465026855e-01
1.168375015258789062e+00
1.012113928794860840e+00
1.162898540496826172e+00
1.232120633125305176e+00
1.896422147750854492e+00
1.609685301780700684e+00
1.775148034095764160e+00
1.972048163414001465e+00
1.624612331390380859e+00
1.882673382759094238e+00
1.430487990379333496e+00
9.241151213645935059e-01
1.952860236167907715e+00
3.815321445465087891e+00
4.010847568511962891e+00
3.028457641601562500e+00
3.429162502288818359e+00
3.823360681533813477e+00
3.745151758193969727e+00
3.551463127136230469e+00
2.546411275863647461e+00
2.318652868270874023e+00
2.758270025253295898e+00
2.493702411651611328e+00
2.385415077209472656e+00
2.607800483703613281e+00
2.405741453170776367e+00
2.374667644500732422e+00
2.580507993698120117e+00
2.592293739318847656e+00
2.929094791412353516e+00
2.551757574081420898e+00
2.693224191665649414e+00
2.837566375732421875e+00
2.624045848846435547e+00
2.071394443511962891e+00
2.077672004699707031e+00
2.089218139648437500e+00
2.269331693649291992e+00
1.306527972221374512e+00
1.097019076347351074e+00
1.151657462120056152e+00
1.951638340950012207e+00
1.894986391067504883e+00
2.804782152175903320e+00
3.152583837509155273e+00
1.986160397529602051e+00
2.748687267303466797e+00
2.917176485061645508e+00
2.860454082489013672e+00
2.352712869644165039e+00
1.825995922088623047e+00
3.155397176742553711e+00
3.161994695663452148e+00
1.363738536834716797e+00
1.369380354881286621e+00
1.220118641853332520e+00
8.388106226921081543e-01
7.788242697715759277e-01
1.080098509788513184e+00
5.417183637619018555e-01
4.748971164226531982e-01
4.510481357574462891e-01
3.464893698692321777e-01
2.840227186679840088e-01
2.779111564159393311e-01
3.677571713924407959e-01
2.526289224624633789e-01
3.562642633914947510e-01
2.324934154748916626e-01
1.858655214309692383e-01
3.211868405342102051e-01
1.495546698570251465e-01
5.120861902832984924e-02
2.531074881553649902e-01
3.272880017757415771e-01
1.885026246309280396e-01
4.800372719764709473e-01
4.223805069923400879e-01
4.415906667709350586e-01
4.084763526916503906e-01
3.817619383335113525e-01
4.467826187610626221e-01
4.336072802543640137e-01
3.794951438903808594e-01
3.100439310073852539e-01
3.885628581047058105e-01
2.881078720092773438e-01
2.781320810317993164e-01
1.358669400215148926e+00
1.254374265670776367e+00
1.218221306800842285e+00
2.197240144014358521e-01
1.988736689090728760e-01
3.441315889358520508e-01
2.817929387092590332e-01
3.841359019279479980e-01
2.756756246089935303e-01
4.311327338218688965e-01
5.003542304039001465e-01
3.950707614421844482e-01
4.378434717655181885e-01
6.350179910659790039e-01
5.376452803611755371e-01
5.604869127273559570e-01
5.353154540061950684e-01
6.768236756324768066e-01
2.319277286529541016e+00
1.725220561027526855e+00
1.843589186668395996e+00
1.912522673606872559e+00
2.302990436553955078e+00
2.490344285964965820e+00
4.046923637390136719e+00
2.736526250839233398e+00
1.617113828659057617e+00
2.549358367919921875e+00
1.752813935279846191e+00
1.574783325195312500e+00
1.261089444160461426e+00
1.762629985809326172e+00
1.299066781997680664e+00
1.387071132659912109e+00
1.487573266029357910e+00
1.231322407722473145e+00
1.520376801490783691e+00
1.478296160697937012e+00
1.195075154304504395e+00
1.300050497055053711e+00
1.367402672767639160e+00
1.114136815071105957e+00
1.108547925949096680e+00
1.221653938293457031e+00
1.407378196716308594e+00
1.353701949119567871e+00
1.137512922286987305e+00
1.134485840797424316e+00
1.470617890357971191e+00
2.402050256729125977e+00
4.127938270568847656e+00
3.117277860641479492e+00
3.696579694747924805e+00
2.413972139358520508e+00
2.197942256927490234e+00
1.716857790946960449e+00
3.045797109603881836e+00
2.934544324874877930e+00
3.066745758056640625e+00
3.351091623306274414e+00
2.624034166336059570e+00
7.638286948204040527e-01
4.893796443939208984e-01
4.850403964519500732e-01
3.203752338886260986e-01
5.315372347831726074e-01
7.883179783821105957e-01
6.341323852539062500e-01
3.587064743041992188e-01
1.196845844388008118e-01
2.602044343948364258e-01
3.035223186016082764e-01
4.957184195518493652e-01
3.819189965724945068e-01
3.878307342529296875e-01
7.799673080444335938e-01
4.267145395278930664e-01
7.447081208229064941e-01
8.110760450363159180e-01
7.292934060096740723e-01
1.299444556236267090e+00
8.592043519020080566e-01
6.966322064399719238e-01
9.024575352668762207e-01
1.058443427085876465e+00
1.307213544845581055e+00
1.167355060577392578e+00
1.215680241584777832e+00
1.160079479217529297e+00
1.772772669792175293e+00
1.703616142272949219e+00
1.618213772773742676e+00
1.557395339012145996e+00
1.654366016387939453e+00
1.661295413970947266e+00
2.372434616088867188e+00
1.250888347625732422e+00
2.461602210998535156e+00
2.305275917053222656e+00
2.755104064941406250e+00
2.385364532470703125e+00
3.699631214141845703e+00
3.239842653274536133e+00
1.456263065338134766e+00
1.449912428855895996e+00
1.556042671203613281e+00
1.107015132904052734e+00
1.492487311363220215e+00
1.733653426170349121e+00
2.629879951477050781e+00
2.184795141220092773e+00
8.492496609687805176e-01
1.246244549751281738e+00
1.178090691566467285e+00
4.923736155033111572e-01
6.418438553810119629e-01
1.047015428543090820e+00
7.724534273147583008e-01
2.201132327318191528e-01
1.923969984054565430e-01
2.091219127178192139e-01
3.704954087734222412e-01
3.344463407993316650e-01
4.258199036121368408e-01
3.555293977260589600e-01
2.847592234611511230e-01
2.290008664131164551e-01
2.220184952020645142e-01
2.315165400505065918e-01
1.977797448635101318e-01
2.493449598550796509e-01
2.209629416465759277e-01
2.555787563323974609e-01
4.368150532245635986e-01
3.565452098846435547e-01
8.185158371925354004e-01
1.538108468055725098e+00
1.157327175140380859e+00
1.188706755638122559e+00
4.112370610237121582e-01
2.432103753089904785e-01
2.142110913991928101e-01
2.373712658882141113e-01
1.190514191985130310e-01
3.303071856498718262e-01
2.747442424297332764e-01
2.530757188796997070e-01
4.336001574993133545e-01
4.829465448856353760e-01
3.226839601993560791e-01
3.022724390029907227e-01
2.958590984344482422e-01
4.280825555324554443e-01
4.679769575595855713e-01
2.985068857669830322e-01
3.616735637187957764e-01
4.625342190265655518e-01
4.953207075595855713e-01
4.471488296985626221e-01
3.721923530101776123e-01
6.032530665397644043e-01
1.915201663970947266e+00
2.079079151153564453e+00
2.698647022247314453e+00
2.602921009063720703e+00
2.463913679122924805e+00
2.818300962448120117e+00
2.364440917968750000e+00
2.415301084518432617e+00
2.080522537231445312e+00
2.552790164947509766e+00
1.615060091018676758e+00
1.395467877388000488e+00
1.359004378318786621e+00
1.611528515815734863e+00
1.601312637329101562e+00
1.489900350570678711e+00
1.459677219390869141e+00
1.439749717712402344e+00
1.895942449569702148e+00
1.748323678970336914e+00
1.445021748542785645e+00
1.369867444038391113e+00
1.562818884849548340e+00
1.518717646598815918e+00
1.604251503944396973e+00
1.409929871559143066e+00
1.443927884101867676e+00
1.356752038002014160e+00
1.400262951850891113e+00
1.286985397338867188e+00
2.064543962478637695e-01
7.397790551185607910e-01
3.098457753658294678e-01
4.022397994995117188e-01
3.214817643165588379e-01
3.351296484470367432e-01
3.460612297058105469e-01
5.467908382415771484e-01
4.997057318687438965e-01
4.630752801895141602e-01
4.427566826343536377e-01
4.069638848304748535e-01
4.379753172397613525e-01
3.042906224727630615e-01
2.913852632045745850e-01
3.513096570968627930e-01
3.276048600673675537e-01
2.955748736858367920e-01
2.461119741201400757e-01
3.100390136241912842e-01
3.484480679035186768e-01
3.264506161212921143e-01
2.448949813842773438e-01
4.177986979484558105e-01
3.924832642078399658e-01
3.234766721725463867e-01
2.644746303558349609e-01
3.875462114810943604e-01
4.156851172447204590e-01
4.023453295230865479e-01
3.523819446563720703e-01
1.508833169937133789e+00
6.375122666358947754e-01
1.114875197410583496e+00
1.198635697364807129e+00
1.211562156677246094e+00
1.019075512886047363e+00
2.158829927444458008e+00
2.228385210037231445e+00
2.466641426086425781e+00
2.687151193618774414e+00
2.130901336669921875e+00
2.111058950424194336e+00
2.612210273742675781e+00
2.129091024398803711e+00
1.873888492584228516e+00
2.047914981842041016e+00
2.073970794677734375e+00
1.959072947502136230e+00
2.910688638687133789e+00
2.149503469467163086e+00
1.663262605667114258e+00
1.789697647094726562e+00
1.963181972503662109e+00
2.620442628860473633e+00
2.698073625564575195e+00
3.032806634902954102e+00
2.490458726882934570e+00
2.585931777954101562e+00
2.552037477493286133e+00
2.596805095672607422e+00
2.320960760116577148e+00
1.568905830383300781e+00
9.233945012092590332e-01
8.875224590301513672e-01
8.864447474479675293e-01
7.275336980819702148e-01
6.640219688415527344e-01
6.748964786529541016e-01
8.790681958198547363e-01
6.339769959449768066e-01
2.805164754390716553e-01
3.196908235549926758e-01
6.115511059761047363e-01
4.883334040641784668e-01
3.408130705356597900e-01
3.537822961807250977e-01
3.921820521354675293e-01
4.465650022029876709e-01
3.659804761409759521e-01
3.520168364048004150e-01
3.333266377449035645e-01
2.848584651947021484e-01
2.540161311626434326e-01
2.185911685228347778e-01
3.109079003334045410e-01
3.810725808143615723e-01
3.385284841060638428e-01
2.679789662361145020e-01
3.690037727355957031e-01
4.097854495048522949e-01
4.258694946765899658e-01
2.885766029357910156e-01
3.486964106559753418e-01
3.576673567295074463e-01
4.056632816791534424e-01
3.347930610179901123e-01
4.111460447311401367e-01
4.124236404895782471e-01
4.070606231689453125e-01
4.847797155380249023e-01
3.799262940883636475e-01
4.636352658271789551e-01
1.455220937728881836e+00
1.691758394241333008e+00
1.368896007537841797e+00
1.333217978477478027e+00
5.591008067131042480e-01
3.620781302452087402e-01
5.090834498405456543e-01
3.310423195362091064e-01
4.436592757701873779e-01
4.562296867370605469e-01
5.005896687507629395e-01
7.152999043464660645e-01
2.150161743164062500e+00
2.359526872634887695e+00
2.294487476348876953e+00
2.278013229370117188e+00
2.589270591735839844e+00
2.703519344329833984e+00
2.971013784408569336e+00
2.417918682098388672e+00
1.624026656150817871e+00
1.735462188720703125e+00
1.490430712699890137e+00
1.487913727760314941e+00
1.583855390548706055e+00
1.570048451423645020e+00
1.337356328964233398e+00
1.292436361312866211e+00
1.334916114807128906e+00
1.243281006813049316e+00
1.370100140571594238e+00
1.158334016799926758e+00
1.340077280998229980e+00
1.364793896675109863e+00
1.473893880844116211e+00
1.322877168655395508e+00
1.336845755577087402e+00
1.415492057800292969e+00
1.430524706840515137e+00
1.245603203773498535e+00
1.284280896186828613e+00
1.412077426910400391e+00
1.430032730102539062e+00
1.421912789344787598e+00
1.414631724357604980e+00
1.524176359176635742e+00
1.345205664634704590e+00
1.426182746887207031e+00
1.923442721366882324e+00
1.262006878852844238e+00
1.373152136802673340e+00
1.148509740829467773e+00
3.931241333484649658e-01
4.584901630878448486e-01
3.496957719326019287e-01
2.793934941291809082e-01
2.810567319393157959e-01
4.434145092964172363e-01
3.252171874046325684e-01
1.722763031721115112e-01
3.002029955387115479e-01
3.598198592662811279e-01
2.219003587961196899e-01
2.047229111194610596e-01
2.650337815284729004e-01
3.580530285835266113e-01
1.249065876007080078e+00
7.723405361175537109e-01
9.103934764862060547e-01
9.790385961532592773e-01
1.041618466377258301e+00
9.885610342025756836e-01
9.025641679763793945e-01
8.900403380393981934e-01
9.030293226242065430e-01
1.241792917251586914e+00
1.286227822303771973e+00
1.121407270431518555e+00
1.289106965065002441e+00
1.349771618843078613e+00
1.534399390220642090e+00
1.762495636940002441e+00
2.119995594024658203e+00
1.854463696479797363e+00
1.912706017494201660e+00
1.818091273307800293e+00
1.396745681762695312e+00
1.430408477783203125e+00
2.777049303054809570e+00
2.087963104248046875e+00
2.790961503982543945e+00
4.710822582244873047e+00
3.050701856613159180e+00
2.489787578582763672e+00
2.745367050170898438e+00
1.606643557548522949e+00
1.120445370674133301e+00
1.199800372123718262e+00
1.796883225440979004e+00
2.595290660858154297e+00
1.589824676513671875e+00
1.312115788459777832e+00
1.465216159820556641e+00
1.175508141517639160e+00
1.169582962989807129e+00
1.189036726951599121e+00
8.959869146347045898e-01
8.050107955932617188e-01
8.883922100067138672e-01
7.243481278419494629e-01
8.762416839599609375e-01
6.606280803680419922e-01
6.187135577201843262e-01
6.556841731071472168e-01
6.327013373374938965e-01
2.936468720436096191e-01
4.304565191268920898e-01
5.437165498733520508e-01
5.311801433563232422e-01
3.582402169704437256e-01
5.256457924842834473e-01
3.433402478694915771e-01
4.810484349727630615e-01
4.470208287239074707e-01
4.583629965782165527e-01
3.497717082500457764e-01
4.002186059951782227e-01
4.588761031627655029e-01
3.931520879268646240e-01
3.639011681079864502e-01
5.130658149719238281e-01
5.372138023376464844e-01
6.114373803138732910e-01
1.551256299018859863e+00
1.136008977890014648e+00
1.441821694374084473e+00
1.298554301261901855e+00
3.379504084587097168e-01
4.559764266014099121e-01
7.290407419204711914e-01
5.894459486007690430e-01
6.092278361320495605e-01
6.634995341300964355e-01
6.197392344474792480e-01
5.934274792671203613e-01
4.910118877887725830e-01
3.827706277370452881e-01
5.289947390556335449e-01
4.909518659114837646e-01
6.463755369186401367e-01
5.070337057113647461e-01
4.091517329216003418e-01
4.326668679714202881e-01
5.789405703544616699e-01
5.292674303054809570e-01
5.886937975883483887e-01
2.134261608123779297e+00
2.616017341613769531e+00
2.610922574996948242e+00
2.543584585189819336e+00
2.448811531066894531e+00
2.618792295455932617e+00
2.718622684478759766e+00
2.326377153396606445e+00
2.129545927047729492e+00
1.275850176811218262e+00
1.487523436546325684e+00
1.519758105278015137e+00
1.379332780838012695e+00
1.382918596267700195e+00
1.382182359695434570e+00
1.305263638496398926e+00
1.354350209236145020e+00
1.252393960952758789e+00
1.207567214965820312e+00
1.300357580184936523e+00
1.293332934379577637e+00
1.163309931755065918e+00
1.062037348747253418e+00
1.306870102882385254e+00
1.231319069862365723e+00
1.216935276985168457e+00
1.276028633117675781e+00
1.319187760353088379e+00
1.331395864486694336e+00
1.273309230804443359e+00
1.301488518714904785e+00
1.416977167129516602e+00
1.405096650123596191e+00
1.288087010383605957e+00
1.273589968681335449e+00
1.425015926361083984e+00
2.617780208587646484e+00
1.466412067413330078e+00
1.144987583160400391e+00
8.389849662780761719e-01
9.793751835823059082e-01
1.303875327110290527e+00
4.651468992233276367e-01
5.133758187294006348e-01
3.779884278774261475e-01
1.111954092979431152e+00
2.883120775222778320e-01
2.838834822177886963e-01
3.565098345279693604e-01
4.003255069255828857e-01
2.678739726543426514e-01
2.126440703868865967e-01
3.581283986568450928e-01
2.615299820899963379e-01
3.345118463039398193e-01
3.524493575096130371e-01
4.326334297657012939e-01
3.905972242355346680e-01
4.817665517330169678e-01
6.850619912147521973e-01
7.301294207572937012e-01
5.817478895187377930e-01
5.780541300773620605e-01
6.965502500534057617e-01
5.948569178581237793e-01
8.009521961212158203e-01
6.948217749595642090e-01
8.270800709724426270e-01
1.020668506622314453e+00
2.903099775314331055e+00
3.517035484313964844e+00
3.196670770645141602e+00
3.220771312713623047e+00
3.309025764465332031e+00
2.400643348693847656e+00
2.364378213882446289e+00
3.083904266357421875e+00
2.811319828033447266e+00
2.607478141784667969e+00
3.701958656311035156e+00
3.187696933746337891e+00
1.569724559783935547e+00
1.916089415550231934e+00
2.079759597778320312e+00
1.855257034301757812e+00
2.688442230224609375e+00
1.350680232048034668e+00
2.932472705841064453e+00
2.528435468673706055e+00
1.074799299240112305e+00
1.266317009925842285e+00
1.739969730377197266e+00
6.076158881187438965e-01
7.222672104835510254e-01
1.236869335174560547e+00
8.123623728752136230e-01
7.661971449851989746e-01
1.052165150642395020e+00
6.631618142127990723e-01
3.770734965801239014e-01
3.710211217403411865e-01
5.221650600433349609e-01
4.051112532615661621e-01
3.827667832374572754e-01
3.941281437873840332e-01
4.661964178085327148e-01
4.155532717704772949e-01
2.825231552124023438e-01
3.293083608150482178e-01
2.825686335563659668e-01
2.847337424755096436e-01
1.780375689268112183e-01
3.063852787017822266e-01
2.454133033752441406e-01
2.378172278404235840e-01
2.895978689193725586e-01
2.329042851924896240e-01
1.542936921119689941e+00
1.159175992012023926e+00
1.071296930313110352e+00
4.826327264308929443e-01
1.569986343383789062e-01
3.100077509880065918e-01
2.744904160499572754e-01
2.992930114269256592e-01
3.851933777332305908e-01
4.097698032855987549e-01
2.599657177925109863e-01
4.089291393756866455e-01
5.224714875221252441e-01
2.885228693485260010e-01
3.946681022644042969e-01
3.317993581295013428e-01
4.001089632511138916e-01
3.214069604873657227e-01
3.357488512992858887e-01
5.674339532852172852e-01
4.679287374019622803e-01
3.876070678234100342e-01
6.064331531524658203e-01
4.633652865886688232e-01
3.047801554203033447e-01
4.867981672286987305e-01
1.601441740989685059e+00
2.007292985916137695e+00
2.195856332778930664e+00
2.473317146301269531e+00
2.779107093811035156e+00
1.918320655822753906e+00
1.837734222412109375e+00
2.157495737075805664e+00
1.799370884895324707e+00
1.724739789962768555e+00
1.736757874488830566e+00
1.530524730682373047e+00
1.285521984100341797e+00
1.243609070777893066e+00
1.499841332435607910e+00
1.249052405357360840e+00
1.365326642990112305e+00
1.274878740310668945e+00
1.308125495910644531e+00
1.211524009704589844e+00
1.321754932403564453e+00
1.338473320007324219e+00
1.291066169738769531e+00
1.364403486251831055e+00
1.442872285842895508e+00
1.204163432121276855e+00
1.177983999252319336e+00
1.445885658264160156e+00
1.304126620292663574e+00
1.291056036949157715e+00
1.431941032409667969e+00
1.374204993247985840e+00
1.226112961769104004e+00
1.411916494369506836e+00
1.521003603935241699e+00
1.469754457473754883e+00
1.336134433746337891e+00
1.531764388084411621e+00
2.568791389465332031e+00
1.537791252136230469e+00
1.594609618186950684e+00
1.707310438156127930e+00
1.779943346977233887e+00
1.320088505744934082e+00
1.575253605842590332e+00
2.192190647125244141e+00
1.655958175659179688e+00
1.347289085388183594e+00
1.354333996772766113e+00
1.504284501075744629e+00
1.192058444023132324e+00
1.821375966072082520e+00
1.836422085762023926e+00
1.714069962501525879e+00
1.620880484580993652e+00
1.705408692359924316e+00
1.778260111808776855e+00
1.812705993652343750e+00
1.677302479743957520e+00
1.663660049438476562e+00
1.038739562034606934e+00
1.785616397857666016e+00
1.119733810424804688e+00
1.460432410240173340e+00
9.842809438705444336e-01
7.353685498237609863e-01
7.928564548492431641e-01
8.598440885543823242e-01
6.451053619384765625e-01
1.044061183929443359e+00
1.411378741264343262e+00
1.248473048210144043e+00
1.352428197860717773e+00
1.309923052787780762e+00
1.397091388702392578e+00
1.291538953781127930e+00
1.010471343994140625e+00
1.543813824653625488e+00
1.806570887565612793e+00
1.435890674591064453e+00
1.608146429061889648e+00
1.974006652832031250e+00
2.918066501617431641e+00
1.601244091987609863e+00
1.263926625251770020e+00
9.652078747749328613e-01
1.750968813896179199e+00
1.017767190933227539e+00
2.368133544921875000e+00
2.212989807128906250e+00
1.801017403602600098e+00
2.021258592605590820e+00
1.898189783096313477e+00
1.010050773620605469e+00
4.183383882045745850e-01
4.025169014930725098e-01
3.649874329566955566e-01
3.984380662441253662e-01
3.892165720462799072e-01
3.055328428745269775e-01
2.781024873256683350e-01
3.543017208576202393e-01
3.152570128440856934e-01
3.007117211818695068e-01
4.314827620983123779e-01
3.843266665935516357e-01
2.556294798851013184e-01
3.915595710277557373e-01
3.476855456829071045e-01
2.590154111385345459e-01
3.116940259933471680e-01
4.067958593368530273e-01
2.178549468517303467e-01
2.772072851657867432e-01
2.971514761447906494e-01
3.254592120647430420e-01
3.183740675449371338e-01
2.378808110952377319e-01
3.805230259895324707e-01
2.512060701847076416e-01
1.089903473854064941e+00
2.050926685333251953e-01
3.646393120288848877e-01
3.075192272663116455e-01
2.544294893741607666e-01
4.695185124874114990e-01
3.479536175727844238e-01
3.259975314140319824e-01
4.294963777065277100e-01
5.241826772689819336e-01
2.684690356254577637e-01
3.091498315334320068e-01
4.386610984802246094e-01
2.949529290199279785e-01
3.452279865741729736e-01
4.132700562477111816e-01
5.335102081298828125e-01
1.441755890846252441e+00
1.414409637451171875e+00
1.409864902496337891e+00
1.316564440727233887e+00
5.357170104980468750e-01
3.497023582458496094e-01
5.452810525894165039e-01
3.465968072414398193e-01
1.496940016746520996e+00
2.119222402572631836e+00
2.418016672134399414e+00
2.675391912460327148e+00
2.295112609863281250e+00
2.541461467742919922e+00
2.193465948104858398e+00
2.558934926986694336e+00
2.239331483840942383e+00
2.133639335632324219e+00
2.117705106735229492e+00
1.457555651664733887e+00
1.658955693244934082e+00
1.451649427413940430e+00
2.824941396713256836e+00
1.598546504974365234e+00
1.300543069839477539e+00
1.500907301902770996e+00
1.639333605766296387e+00
1.719401121139526367e+00
6.544222235679626465e-01
2.354434490203857422e+00
1.626022100448608398e+00
4.212183356285095215e-01
9.044874906539916992e-01
1.962109446525573730e+00
1.911389827728271484e+00
2.518160581588745117e+00
3.353634595870971680e+00
3.221991539001464844e+00
2.521012306213378906e+00
1.468547821044921875e+00
2.578930377960205078e+00
1.659368515014648438e+00
7.649305462837219238e-01
1.139277577400207520e+00
5.778135061264038086e-01
6.803091168403625488e-01
2.404622077941894531e+00
4.030135571956634521e-01
8.372943401336669922e-01
1.765569686889648438e+00
1.558439970016479492e+00
1.553966879844665527e+00
8.697636723518371582e-01
1.354171752929687500e+00
2.359469413757324219e+00
6.226583719253540039e-01
4.466836750507354736e-01
4.954805076122283936e-01
5.224900841712951660e-01
1.662610530853271484e+00
1.541906356811523438e+00
1.338970780372619629e+00
1.209120750427246094e+00
1.482911348342895508e+00
1.369671106338500977e+00
1.546202778816223145e+00
1.428590416908264160e+00
1.427197933197021484e+00
1.753299713134765625e+00
1.533713817596435547e+00
1.444348573684692383e+00
1.860373616218566895e+00
1.991093873977661133e+00
2.112686634063720703e+00
1.913838267326354980e+00
2.326698303222656250e+00
3.057499885559082031e+00
4.985520839691162109e+00
4.283679485321044922e+00
4.520156383514404297e+00
4.999682426452636719e+00
3.650994777679443359e+00
4.134053707122802734e+00
3.508070230484008789e+00
3.496279478073120117e+00
2.825640439987182617e+00
3.336135149002075195e+00
3.249865531921386719e+00
2.390836000442504883e+00
2.807300567626953125e+00
2.212825059890747070e+00
1.708072185516357422e+00
1.851577758789062500e+00
1.987142443656921387e+00
1.685146331787109375e+00
1.702765345573425293e+00
2.723588228225708008e+00
1.688350319862365723e+00
1.776902198791503906e+00
1.774748682975769043e+00
1.561703920364379883e+00
1.301210284233093262e+00
1.717236399650573730e+00
1.197598814964294434e+00
6.841574311256408691e-01
8.246397376060485840e-01
7.297448515892028809e-01
7.664101123809814453e-01
8.975453972816467285e-01
8.320245146751403809e-01
6.525654792785644531e-01
4.381545782089233398e-01
7.913259267807006836e-01
6.515403389930725098e-01
4.093863368034362793e-01
4.755031466484069824e-01
4.787361323833465576e-01
2.809689939022064209e-01
3.326224982738494873e-01
3.878129124641418457e-01
2.661128938198089600e-01
1.651387959718704224e-01
3.037495613098144531e-01
1.215374588966369629e+00
1.261788368225097656e+00
1.132636785507202148e+00
1.095938563346862793e+00
4.086909443140029907e-02
2.399902641773223877e-01
2.901008427143096924e-01
3.180374503135681152e-01
2.127844095230102539e-01
3.507888615131378174e-01
4.441877305507659912e-01
3.196066617965698242e-01
2.385433018207550049e-01
3.553791940212249756e-01
4.842641353607177734e-01
4.421511888504028320e-01
4.849850237369537354e-01
5.258203744888305664e-01
3.059228658676147461e-01
3.334669768810272217e-01
3.782658278942108154e-01
2.471963018178939819e-01
3.133210539817810059e-01
3.468267917633056641e-01
3.113086223602294922e-01
1.980475336313247681e-01
3.029752373695373535e-01
4.147940278053283691e-01
3.355290293693542480e-01
4.495798051357269287e-01
1.496148109436035156e+00
1.761688709259033203e+00
1.544420957565307617e+00
1.945501804351806641e+00
2.636745214462280273e+00
2.269714117050170898e+00
1.774346351623535156e+00
1.874880194664001465e+00
1.679397106170654297e+00
1.611677169799804688e+00
1.715332150459289551e+00
1.354838609695434570e+00
1.136725425720214844e+00
1.253277420997619629e+00
1.509977459907531738e+00
1.204962134361267090e+00
1.294856071472167969e+00
1.383708238601684570e+00
3.064357042312622070e-01
2.991035878658294678e-01
4.291455149650573730e-01
2.901148200035095215e-01
3.289854824542999268e-01
3.850006759166717529e-01
4.736751914024353027e-01
2.527582943439483643e-01
2.269626706838607788e-01
4.338262975215911865e-01
4.258667528629302979e-01
1.694508939981460571e-01
2.926178872585296631e-01
5.983777046203613281e-01
3.499654829502105713e-01
3.688755035400390625e-01
5.410462617874145508e-01
4.886718988418579102e-01
3.160151541233062744e-01
3.670335710048675537e-01
5.140827298164367676e-01
3.688448071479797363e-01
2.012961357831954956e-01
3.869503438472747803e-01
4.180999100208282471e-01
3.759518861770629883e-01
2.629347443580627441e-01
4.224353134632110596e-01
2.988248467445373535e-01
2.551818788051605225e-01
2.885678112506866455e-01
1.976125389337539673e-01
2.910626530647277832e-01
3.317629098892211914e-01
2.583255171775817871e-01
2.417042106389999390e-01
3.355090022087097168e-01
4.950394928455352783e-01
3.718519210815429688e-01
3.236660659313201904e-01
4.702215492725372314e-01
4.076762497425079346e-01
3.836458027362823486e-01
4.509738683700561523e-01
4.456500411033630371e-01
3.438912034034729004e-01
1.621604919433593750e+00
1.216235518455505371e+00
1.250895977020263672e+00
7.552809119224548340e-01
3.902384042739868164e-01
4.876618683338165283e-01
3.303699493408203125e-01
4.375025033950805664e-01
4.946094155311584473e-01
3.588177561759948730e-01
3.711192607879638672e-01
3.844815492630004883e-01
4.286578893661499023e-01
3.482175469398498535e-01
3.600476384162902832e-01
6.171841025352478027e-01
5.662547945976257324e-01
3.510298132896423340e-01
4.216037094593048096e-01
1.787420272827148438e+00
1.787691354751586914e+00
1.280226945877075195e+00
1.440404057502746582e+00
1.583009719848632812e+00
5.513961911201477051e-01
1.107679843902587891e+00
1.332736492156982422e+00
1.958451509475708008e+00
1.813446402549743652e+00
1.742247819900512695e+00
1.275993466377258301e+00
9.493477344512939453e-01
4.415739476680755615e-01
2.847263514995574951e-01
3.183628022670745850e-01
3.895123302936553955e-01
3.964503109455108643e-01
1.946166455745697021e-01
3.967408537864685059e-01
6.094260215759277344e-01
3.177472054958343506e-01
3.328475058078765869e-01
5.092638134956359863e-01
3.833552598953247070e-01
2.884165346622467041e-01
2.883526682853698730e-01
3.933390080928802490e-01
2.162503749132156372e-01
2.667874395847320557e-01
4.316883385181427002e-01
2.743687331676483154e-01
2.357631325721740723e-01
3.343879580497741699e-01
3.939409255981445312e-01
2.706823945045471191e-01
2.914502322673797607e-01
4.592077434062957764e-01
2.276218831539154053e-01
3.499166965484619141e-01
3.288237750530242920e-01
2.959270775318145752e-01
2.092776000499725342e-01
3.987058401107788086e-01
5.491883754730224609e-01
2.155448496341705322e-01
4.305045008659362793e-01
6.361294388771057129e-01
3.602512776851654053e-01
3.926085531711578369e-01
3.486785888671875000e-01
3.360007405281066895e-01
1.368685960769653320e-01
2.580031752586364746e-01
4.765603542327880859e-01
3.714665472507476807e-01
3.318393826484680176e-01
4.942196607589721680e-01
1.187572598457336426e+00
1.159804821014404297e+00
2.147181034088134766e+00
2.671736001968383789e+00
1.893473863601684570e+00
1.866714596748352051e+00
2.208402633666992188e+00
1.876946091651916504e+00
1.636003017425537109e+00
2.315942764282226562e+00
2.033159971237182617e+00
1.722489953041076660e+00
2.577210187911987305e+00
2.962174892425537109e+00
2.518090009689331055e+00
2.523654460906982422e+00
1.337802886962890625e+00
1.842248082160949707e+00
1.592713356018066406e+00
1.534416317939758301e+00
1.665276646614074707e+00
1.485472798347473145e+00
2.552366495132446289e+00
2.612260103225708008e+00
3.315535545349121094e+00
3.050728559494018555e+00
2.890320301055908203e+00
1.624181151390075684e+00
2.588090658187866211e+00
2.533746719360351562e+00
2.623484849929809570e+00
2.817014455795288086e+00
1.649921774864196777e+00
1.992935776710510254e+00
2.074498414993286133e+00
1.892942428588867188e+00
1.824686527252197266e+00
1.760509014129638672e+00
2.128338098526000977e+00
1.785743236541748047e+00
1.802124500274658203e+00
1.851820588111877441e+00
1.811797380447387695e+00
1.658797025680541992e+00
2.487179279327392578e+00
2.327102184295654297e+00
1.318417310714721680e+00
1.486634492874145508e+00
1.493838906288146973e+00
1.641547203063964844e+00
1.929589629173278809e+00
2.144123315811157227e+00
2.771209001541137695e+00
2.616225004196166992e+00
4.835959076881408691e-01
5.478520989418029785e-01
1.013677120208740234e+00
1.031176686286926270e+00
9.151858091354370117e-01
1.087791800498962402e+00
7.810297012329101562e-01
9.020378589630126953e-01
9.524886012077331543e-01
7.064676284790039062e-01
8.175735473632812500e-01
8.160508871078491211e-01
7.716823816299438477e-01
6.351467967033386230e-01
7.302407026290893555e-01
9.915434718132019043e-01
1.150378227233886719e+00
3.500818967819213867e+00
4.003006935119628906e+00
5.293032646179199219e+00
3.376328945159912109e+00
3.154336929321289062e+00
3.441959381103515625e+00
1.822216391563415527e+00
1.508250117301940918e+00
2.010118007659912109e+00
3.234558343887329102e+00
3.036411285400390625e+00
1.726992011070251465e+00
1.593838572502136230e+00
1.801477551460266113e+00
1.808185577392578125e+00
1.727620840072631836e+00
1.740413546562194824e+00
1.840815901756286621e+00
2.065474987030029297e+00
2.684930324554443359e+00
2.461136817932128906e+00
2.391683578491210938e+00
1.983707547187805176e+00
1.725790977478027344e+00
1.848374962806701660e+00
1.295954465866088867e+00
4.011697173118591309e-01
4.677182137966156006e-01
3.586160242557525635e-01
1.869720518589019775e-01
2.087801098823547363e-01
3.370072245597839355e-01
2.632143199443817139e-01
3.017201423645019531e-01
4.794797599315643311e-01
4.948158264160156250e-01
3.447132110595703125e-01
2.880366146564483643e-01
4.581357538700103760e-01
4.773705899715423584e-01
2.676653861999511719e-01
3.428049385547637939e-01
2.180141955614089966e-01
2.872269451618194580e-01
2.212855517864227295e-01
3.287113904953002930e-01
2.495217472314834595e-01
1.495278179645538330e-01
4.460244774818420410e-01
3.328011929988861084e-01
1.621985435485839844e-01
2.725936770439147949e-01
2.302685678005218506e-01
2.478280961513519287e-01
3.204084038734436035e-01
3.985698819160461426e-01
2.877419590950012207e-01
2.237239331007003784e-01
3.773432075977325439e-01
4.435342848300933838e-01
1.759645640850067139e-01
4.383716583251953125e-01
4.123120605945587158e-01
2.683391273021697998e-01
3.887412846088409424e-01
4.350388944149017334e-01
5.687876939773559570e-01
4.007451236248016357e-01
6.040646433830261230e-01
4.559901356697082520e-01
5.619964003562927246e-01
6.350380182266235352e-01
4.549666345119476318e-01
3.573779165744781494e-01
4.176791906356811523e-01
1.644319176673889160e+00
1.807014942169189453e+00
2.516541719436645508e+00
1.729100108146667480e+00
2.297557592391967773e+00
2.176035881042480469e+00
2.366164445877075195e+00
2.431982755661010742e+00
1.590167284011840820e+00
2.263526916503906250e+00
2.269452571868896484e+00
1.417809367179870605e+00
1.195426583290100098e+00
1.119318604469299316e+00
1.367222309112548828e+00
1.053399085998535156e+00
1.200283288955688477e+00
1.402541756629943848e+00
1.449207186698913574e+00
1.919968724250793457e+00
1.396869063377380371e+00
1.468655824661254883e+00
1.418646454811096191e+00
1.534084081649780273e+00
1.569950938224792480e+00
1.589173197746276855e+00
1.296526789665222168e+00
1.323331356048583984e+00
2.003293275833129883e+00
2.307632207870483398e+00
1.615400791168212891e+00
1.533759355545043945e+00
1.540796756744384766e+00
1.850846171379089355e+00
1.086921095848083496e+00
6.092272996902465820e-01
6.502608656883239746e-01
5.750821232795715332e-01
5.171265602111816406e-01
2.182392597198486328e+00
6.076435446739196777e-01
3.854249715805053711e-01
5.600193142890930176e-01
6.867159008979797363e-01
1.604426741600036621e+00
1.604822754859924316e+00
1.858722448348999023e+00
2.308505296707153320e+00
6.864075064659118652e-01
3.946930468082427979e-01
3.987264037132263184e-01
5.850080251693725586e-01
3.982925117015838623e-01
7.008779644966125488e-01
6.630017757415771484e-01
6.842284202575683594e-01
8.599238395690917969e-01
7.135865092277526855e-01
5.952480435371398926e-01
5.916576385498046875e-01
8.047155737876892090e-01
1.408747076988220215e+00
1.201475620269775391e+00
1.175510644912719727e+00
5.835339426994323730e-01
6.437400579452514648e-01
7.925176620483398438e-01
1.286787271499633789e+00
1.427519202232360840e+00
1.984034180641174316e+00
1.961875557899475098e+00
1.983931422233581543e+00
2.062138795852661133e+00
3.282462120056152344e+00
2.699259281158447266e+00
2.441989421844482422e+00
2.856521368026733398e+00
2.375913143157958984e+00
1.430505037307739258e+00
1.725588679313659668e+00
3.026668787002563477e+00
2.476968288421630859e+00
3.123071670532226562e+00
2.555350780487060547e+00
2.548110008239746094e+00
2.237633943557739258e+00
2.298750877380371094e+00
1.193457961082458496e+00
1.319062471389770508e+00
1.179429411888122559e+00
1.237654924392700195e+00
1.232143640518188477e+00
8.055126667022705078e-01
6.677669286727905273e-01
7.347271442413330078e-01
7.329756617546081543e-01
5.424926877021789551e-01
7.842379808425903320e-01
6.346865892410278320e-01
5.580992698669433594e-01
5.742751359939575195e-01
7.103754878044128418e-01
5.297901630401611328e-01
2.617385685443878174e-01
4.187328219413757324e-01
7.512390613555908203e-01
4.141512811183929443e-01
2.527369260787963867e-01
3.043251633644104004e-01
2.897680997848510742e-01
2.405458688735961914e-01
2.264358550310134888e-01
2.579672634601593018e-01
2.561102509498596191e-01
1.394966542720794678e-01
2.452090978622436523e-01
6.598668694496154785e-01
3.339954316616058350e-01
2.198580503463745117e-01
3.283517658710479736e-01
1.368033170700073242e+00
1.294652462005615234e+00
1.113017082214355469e+00
1.181540966033935547e+00
1.600622236728668213e-01
1.896193027496337891e-01
2.668266594409942627e-01
3.716699182987213135e-01
2.485733777284622192e-01
3.728587031364440918e-01
4.537156522274017334e-01
3.345063626766204834e-01
3.011310994625091553e-01
4.141888320446014404e-01
3.330478966236114502e-01
2.548650205135345459e-01
2.413851618766784668e-01
5.246075391769409180e-01
2.969363033771514893e-01
2.836302220821380615e-01
5.048247575759887695e-01
4.513370394706726074e-01
2.866348922252655029e-01
5.111569762229919434e-01
2.011462211608886719e+00
1.622783899307250977e+00
1.600005745887756348e+00
1.924603223800659180e+00
2.865696191787719727e+00
1.844712734222412109e+00
3.982805013656616211e+00
3.105402231216430664e+00
1.585551738739013672e+00
1.961944103240966797e+00
1.823442459106445312e+00
1.678657889366149902e+00
1.328775167465209961e+00
1.864919543266296387e+00
1.553906917572021484e+00
1.237474560737609863e+00
1.618325114250183105e+00
1.513418555259704590e+00
1.495198130607604980e+00
1.363826513290405273e+00
1.355263710021972656e+00
1.294335842132568359e+00
1.785642743110656738e+00
1.199462056159973145e+00
1.419098138809204102e+00
1.460303306579589844e+00
1.455936312675476074e+00
1.154429674148559570e+00
1.244171261787414551e+00
1.451225399971008301e+00
1.427723407745361328e+00
1.313285350799560547e+00
1.385159850120544434e+00
1.488767504692077637e+00
2.343814849853515625e+00
1.623507499694824219e+00
1.581650495529174805e+00
1.902171015739440918e+00
1.349857926368713379e+00
2.280187368392944336e+00
2.734000682830810547e+00
1.459620714187622070e+00
1.481429338455200195e+00
1.793772220611572266e+00
1.784646391868591309e+00
1.503576159477233887e+00
1.662409305572509766e+00
2.926008224487304688e+00
2.656918287277221680e+00
1.415842056274414062e+00
1.429980635643005371e+00
1.643541574478149414e+00
1.359499931335449219e+00
1.484136939048767090e+00
1.830903053283691406e+00
1.565286636352539062e+00
4.330629408359527588e-01
6.258900165557861328e-01
1.315065383911132812e+00
9.009628891944885254e-01
9.003151655197143555e-01
2.497553110122680664e+00
2.305876731872558594e+00
2.377305984497070312e+00
2.077485084533691406e+00
2.373068332672119141e+00
9.099181890487670898e-01
1.031003713607788086e+00
2.333829402923583984e+00
2.657493829727172852e+00
2.539997816085815430e+00
2.510537147521972656e+00
2.322757244110107422e+00
2.042730331420898438e+00
1.482567906379699707e+00
2.015556097030639648e+00
1.857377409934997559e+00
1.868981838226318359e+00
1.660052657127380371e+00
2.269178390502929688e+00
2.892801284790039062e+00
2.633541107177734375e+00
2.738657474517822266e+00
2.002522230148315430e+00
2.001251935958862305e+00
1.815694212913513184e+00
2.107982635498046875e+00
1.937606096267700195e+00
2.294232130050659180e+00
1.429767966270446777e+00
7.079157233238220215e-01
9.145693778991699219e-01
6.039221286773681641e-01
6.770933866500854492e-01
4.331251382827758789e-01
4.194312095642089844e-01
3.213310241699218750e-01
3.666698336601257324e-01
3.279680311679840088e-01
4.070376157760620117e-01
4.235454201698303223e-01
3.725681304931640625e-01
2.827750444412231445e-01
2.819316387176513672e-01
4.487509131431579590e-01
3.380276858806610107e-01
2.272280007600784302e-01
3.391635715961456299e-01
2.135477662086486816e-01
1.657862067222595215e-01
2.909138202667236328e-01
3.294813334941864014e-01
2.616508603096008301e-01
2.105055600404739380e-01
2.360221594572067261e-01
3.686370253562927246e-01
3.063082695007324219e-01
3.410419523715972900e-01
3.453729748725891113e-01
1.796698123216629028e-01
2.070420533418655396e-01
3.615420162677764893e-01
1.869635581970214844e-01
2.571342587471008301e-01
3.961131572723388672e-01
6.313461661338806152e-01
2.088439762592315674e-01
3.198824226856231689e-01
4.019034802913665771e-01
3.407316803932189941e-01
2.771631479263305664e-01
3.752959668636322021e-01
4.527552127838134766e-01
1.483229875564575195e+00
1.379412889480590820e+00
1.384041547775268555e+00
1.373796820640563965e+00
3.129825592041015625e-01
4.659228920936584473e-01
5.539168119430541992e-01
4.322406351566314697e-01
3.182019293308258057e-01
1.703740596771240234e+00
1.063586235046386719e+00
2.207803964614868164e+00
1.797792077064514160e+00
1.875520825386047363e+00
2.684201002120971680e+00
2.007022619247436523e+00
2.466799020767211914e+00
3.433376789093017578e+00
2.164916753768920898e+00
2.005162477493286133e+00
1.726283192634582520e+00
1.830473542213439941e+00
1.974965929985046387e+00
8.000378012657165527e-01
1.457831978797912598e+00
2.662418603897094727e+00
1.640737295150756836e+00
7.928386330604553223e-01
1.016167879104614258e+00
1.014870882034301758e+00
6.623612046241760254e-01
8.768858313560485840e-01
9.811275005340576172e-01
7.647268772125244141e-01
5.895457267761230469e-01
5.602651834487915039e-01
3.910620808601379395e-01
5.035488605499267578e-01
6.022877097129821777e-01
1.983916640281677246e+00
1.393417119979858398e+00
1.409641146659851074e+00
7.129355669021606445e-01
4.636437594890594482e-01
9.276340007781982422e-01
5.594514012336730957e-01
6.020889878273010254e-01
5.126694440841674805e-01
5.584128499031066895e-01
4.520162642002105713e-01
5.619826912879943848e-01
4.136499464511871338e-01
4.124113023281097412e-01
4.362802803516387939e-01
4.204884171485900879e-01
1.842806935310363770e-01
4.523662626743316650e-01
3.919770121574401855e-01
2.711102664470672607e-01
3.164803087711334229e-01
3.393033444881439209e-01
3.088499605655670166e-01
2.193082123994827271e-01
4.323033988475799561e-01
3.548238575458526611e-01
3.356186449527740479e-01
5.166921019554138184e-01
4.602104127407073975e-01
4.697062671184539795e-01
1.000746011734008789e+00
7.518026232719421387e-01
9.138912558555603027e-01
6.670260429382324219e-01
1.333470702171325684e+00
1.499727606773376465e+00
2.001301050186157227e+00
1.692835569381713867e+00
1.831500411033630371e+00
1.824373006820678711e+00
1.753974795341491699e+00
1.988123178482055664e+00
2.196802377700805664e+00
2.927509069442749023e+00
2.539574146270751953e+00
2.766090869903564453e+00
2.768421411514282227e+00
2.987383365631103516e+00
2.452345609664916992e+00
1.857512235641479492e+00
1.352386832237243652e+00
1.488814115524291992e+00
2.313804149627685547e+00
1.825194239616394043e+00
1.757960200309753418e+00
1.787978887557983398e+00
1.881891846656799316e+00
1.660067200660705566e+00
1.444663524627685547e+00
1.596714138984680176e+00
1.577157735824584961e+00
1.110749483108520508e+00
9.251720309257507324e-01
1.217694282531738281e+00
1.089547991752624512e+00
9.459730386734008789e-01
1.028249025344848633e+00
1.135739803314208984e+00
1.942350745201110840e+00
1.594482183456420898e+00
1.707912087440490723e+00
1.649944782257080078e+00
5.940546393394470215e-01
4.409265220165252686e-01
6.530056595802307129e-01
5.158607959747314453e-01
3.803374469280242920e-01
3.302164673805236816e-01
4.428605437278747559e-01
2.324142009019851685e-01
2.525077760219573975e-01
3.968861103057861328e-01
3.381140232086181641e-01
2.366608083248138428e-01
2.937852740287780762e-01
3.338359296321868896e-01
2.028017640113830566e-01
1.869989186525344849e-01
2.924942672252655029e-01
3.686329126358032227e-01
1.789683997631072998e-01
2.722439169883728027e-01
2.827405035495758057e-01
2.592678368091583252e-01
8.322051167488098145e-02
3.523937165737152100e-01
3.934807181358337402e-01
3.542562127113342285e-01
3.311552405357360840e-01
4.308600127696990967e-01
3.950688540935516357e-01
2.868467569351196289e-01
2.910086512565612793e-01
3.801515996456146240e-01
3.171356916427612305e-01
2.688848376274108887e-01
3.562861680984497070e-01
