1.713066220283508301e+00
1.347172856330871582e+00
1.420613646507263184e+00
1.385922908782958984e+00
1.284342288970947266e+00
1.382786750793457031e+00
1.744081258773803711e+00
1.714265346527099609e+00
1.318438410758972168e+00
1.435710668563842773e+00
1.469634890556335449e+00
1.324186205863952637e+00
1.328396320343017578e+00
1.475644826889038086e+00
1.138490319252014160e+00
1.253189682960510254e+00
1.187345623970031738e+00
1.237290024757385254e+00
9.855478405952453613e-01
1.060577750205993652e+00
1.247685790061950684e+00
1.089008331298828125e+00
1.023389220237731934e+00
1.039719223976135254e+00
4.131220281124114990e-01
3.942238092422485352e-01
2.984989285469055176e-01
3.687455654144287109e-01
3.365804553031921387e-01
2.702057361602783203e-01
3.553663194179534912e-01
1.099480986595153809e+00
4.436949193477630615e-01
4.307377636432647705e-01
4.003548324108123779e-01
3.354139029979705811e-01
3.338819742202758789e-01
4.714623987674713135e-01
4.538872539997100830e-01
4.182638227939605713e-01
4.872348308563232422e-01
4.778869748115539551e-01
3.481216132640838623e-01
4.087408483028411865e-01
4.592200815677642822e-01
3.730209469795227051e-01
3.807154297828674316e-01
4.465701878070831299e-01
3.977275788784027100e-01
3.769339621067047119e-01
3.942978084087371826e-01
4.317294359207153320e-01
3.265945315361022949e-01
4.427018463611602783e-01
5.355086922645568848e-01
3.518885672092437744e-01
1.433764815330505371e+00
1.723937273025512695e+00
1.955004453659057617e+00
1.674027562141418457e+00
1.375297546386718750e+00
5.937637686729431152e-01
4.415089786052703857e-01
4.105986952781677246e-01
5.757668018341064453e-01
4.412072002887725830e-01
5.538650155067443848e-01
5.790899395942687988e-01
5.223736166954040527e-01
4.297863543033599854e-01
5.542558431625366211e-01
6.219901442527770996e-01
5.496904850006103516e-01
5.776115059852600098e-01
6.169042587280273438e-01
5.199333429336547852e-01
6.714853644371032715e-01
1.872231841087341309e+00
1.639015078544616699e+00
2.166594743728637695e+00
1.797160029411315918e+00
1.876584529876708984e+00
1.664597988128662109e+00
1.828510999679565430e+00
1.536032438278198242e+00
1.425658702850341797e+00
1.407485961914062500e+00
1.374549269676208496e+00
1.507931351661682129e+00
1.417408347129821777e+00
1.397080659866333008e+00
1.467657089233398438e+00
1.343331456184387207e+00
1.409023404121398926e+00
1.481706738471984863e+00
1.545437216758728027e+00
1.517693281173706055e+00
1.594628214836120605e+00
2.105251550674438477e+00
1.301601171493530273e+00
1.364649653434753418e+00
1.492900133132934570e+00
1.437098979949951172e+00
1.412298560142517090e+00
1.455382704734802246e+00
1.447625160217285156e+00
1.382791399955749512e+00
1.305827736854553223e+00
1.396513223648071289e+00
1.412834405899047852e+00
6.625843048095703125e-01
4.118957221508026123e-01
3.703506886959075928e-01
3.304423093795776367e-01
3.683451116085052490e-01
3.423047065734863281e-01
3.043725788593292236e-01
3.605730831623077393e-01
3.921880722045898438e-01
3.740079700946807861e-01
2.950842380523681641e-01
3.360053896903991699e-01
4.505479037761688232e-01
1.090113520622253418e+00
3.107985258102416992e-01
4.889273643493652344e-01
4.175150096416473389e-01
3.854433596134185791e-01
7.662675976753234863e-01
1.407636165618896484e+00
1.457214236259460449e+00
1.364755153656005859e+00
1.514292359352111816e+00
1.271971702575683594e+00
1.396181941032409668e+00
1.392711520195007324e+00
1.314296483993530273e+00
1.237076878547668457e+00
1.387246012687683105e+00
1.345692276954650879e+00
1.288907885551452637e+00
1.325529575347900391e+00
1.447319746017456055e+00
1.864297032356262207e+00
1.373216032981872559e+00
1.311360120773315430e+00
1.477748990058898926e+00
2.019252777099609375e+00
1.087937712669372559e+00
1.419288039207458496e+00
1.352662324905395508e+00
1.295703887939453125e+00
1.339275836944580078e+00
1.814903497695922852e+00
1.782064914703369141e+00
7.747210264205932617e-01
6.874350905418395996e-01
4.286036193370819092e-01
4.484971165657043457e-01
5.738127827644348145e-01
5.125190019607543945e-01
4.509955048561096191e-01
5.445125102996826172e-01
4.041740894317626953e-01
3.801266551017761230e-01
3.881651461124420166e-01
3.704946041107177734e-01
2.804501354694366455e-01
3.445794582366943359e-01
1.209422826766967773e+00
1.396571874618530273e+00
1.269321203231811523e+00
1.460860252380371094e+00
1.795760154724121094e+00
8.438836336135864258e-01
3.955627679824829102e-01
4.328244626522064209e-01
2.720566987991333008e-01
3.582108914852142334e-01
4.679813683032989502e-01
3.514535725116729736e-01
3.915250301361083984e-01
4.519222378730773926e-01
4.504201710224151611e-01
4.085763990879058838e-01
4.051682651042938232e-01
4.741833806037902832e-01
4.450467526912689209e-01
3.606169223785400391e-01
4.535205066204071045e-01
4.131826162338256836e-01
1.073384165763854980e+00
6.283861994743347168e-01
5.322238802909851074e-01
3.948903977870941162e-01
4.121703505516052246e-01
1.538439273834228516e+00
6.829936504364013672e-01
4.777472019195556641e-01
1.544807910919189453e+00
1.648438096046447754e+00
1.927351355552673340e+00
1.240790843963623047e+00
1.481014370918273926e+00
1.444344997406005859e+00
1.246754169464111328e+00
1.478750348091125488e+00
5.781021118164062500e-01
8.146398663520812988e-01
5.074106454849243164e-01
6.087476611137390137e-01
5.766532421112060547e-01
5.787922739982604980e-01
6.375857591629028320e-01
4.918963909149169922e-01
3.951562941074371338e-01
5.136331915855407715e-01
4.662940204143524170e-01
3.691388964653015137e-01
3.849486112594604492e-01
4.238313138484954834e-01
3.627055585384368896e-01
3.433169722557067871e-01
4.021699130535125732e-01
3.895789384841918945e-01
2.922856807708740234e-01
4.069509804248809814e-01
4.486023485660552979e-01
1.164124846458435059e+00
3.526483476161956787e-01
3.741834163665771484e-01
2.892941832542419434e-01
3.597463965415954590e-01
3.321145772933959961e-01
3.704967796802520752e-01
2.701119780540466309e-01
5.095488429069519043e-01
3.942884802818298340e-01
3.523811101913452148e-01
4.563371241092681885e-01
4.424472153186798096e-01
4.631290137767791748e-01
4.178378880023956299e-01
4.885384142398834229e-01
5.178000330924987793e-01
4.179897308349609375e-01
3.976848423480987549e-01
4.239719212055206299e-01
3.370795845985412598e-01
3.282911777496337891e-01
4.279041290283203125e-01
3.134123384952545166e-01
3.185892105102539062e-01
1.226493597030639648e+00
1.738045573234558105e+00
1.639540553092956543e+00
1.133719921112060547e+00
9.194129705429077148e-01
3.378657102584838867e-01
3.463095724582672119e-01
7.885106205940246582e-01
1.389747500419616699e+00
1.159748554229736328e+00
1.162797927856445312e+00
1.452113270759582520e+00
1.133774757385253906e+00
1.136741876602172852e+00
1.397839307785034180e+00
1.180123686790466309e+00
1.085048675537109375e+00
1.384238600730895996e+00
1.334716558456420898e+00
1.246505022048950195e+00
1.647008061408996582e+00
1.278645157814025879e+00
1.220045804977416992e+00
1.052139639854431152e+00
1.307273030281066895e+00
1.354332566261291504e+00
1.900820851325988770e+00
1.232910037040710449e+00
1.384671449661254883e+00
1.469057440757751465e+00
2.435646057128906250e+00
2.432827234268188477e+00
2.208034753799438477e+00
2.052106380462646484e+00
2.292920112609863281e+00
1.153969287872314453e+00
5.022466182708740234e-01
7.377770543098449707e-01
7.669621706008911133e-01
5.770805478096008301e-01
5.856946110725402832e-01
5.852785706520080566e-01
4.411178529262542725e-01
1.265168786048889160e+00
1.066509008407592773e+00
1.012948632240295410e+00
1.230710864067077637e+00
1.345780730247497559e+00
1.042110681533813477e+00
1.287499070167541504e+00
1.791622996330261230e+00
5.941593050956726074e-01
4.979399740695953369e-01
5.516056418418884277e-01
5.943933725357055664e-01
4.993746280670166016e-01
4.723395109176635742e-01
4.113351702690124512e-01
4.108612835407257080e-01
3.380592167377471924e-01
3.813894391059875488e-01
3.518880009651184082e-01
3.409635722637176514e-01
3.819409310817718506e-01
3.183992803096771240e-01
3.571342527866363525e-01
4.168530404567718506e-01
3.226162791252136230e-01
3.867148756980895996e-01
5.009594559669494629e-01
4.222733378410339355e-01
4.249279797077178955e-01
4.482378065586090088e-01
4.988327324390411377e-01
4.273918271064758301e-01
1.034088969230651855e+00
8.546279668807983398e-01
4.900920093059539795e-01
4.518698751926422119e-01
4.489184021949768066e-01
3.895915448665618896e-01
1.291361093521118164e+00
2.188706874847412109e+00
2.174921512603759766e+00
1.880700349807739258e+00
1.509579539299011230e+00
1.921549797058105469e+00
2.571077346801757812e+00
1.328037619590759277e+00
1.478461146354675293e+00
2.192704200744628906e+00
1.654659271240234375e+00
1.500296831130981445e+00
1.568657517433166504e+00
3.530116319656372070e+00
1.538542032241821289e+00
1.280891656875610352e+00
1.354566454887390137e+00
1.639370560646057129e+00
7.161992192268371582e-01
4.424907863140106201e-01
6.559739112854003906e-01
5.103968977928161621e-01
2.915681004524230957e-01
4.108637273311614990e-01
4.578419327735900879e-01
4.122350513935089111e-01
3.703830242156982422e-01
3.967723548412322998e-01
4.234259128570556641e-01
4.252078235149383545e-01
4.256480336189270020e-01
3.329135775566101074e-01
3.347248136997222900e-01
3.720215857028961182e-01
9.242173433303833008e-01
5.728660225868225098e-01
4.393586814403533936e-01
4.354135990142822266e-01
3.719519674777984619e-01
4.236235320568084717e-01
3.716471791267395020e-01
3.227335810661315918e-01
3.860586881637573242e-01
4.584134221076965332e-01
2.728743553161621094e-01
3.434463441371917725e-01
4.534209966659545898e-01
3.773983120918273926e-01
3.929503262042999268e-01
4.669798016548156738e-01
4.319248795509338379e-01
4.429707527160644531e-01
4.649536609649658203e-01
4.392547905445098877e-01
4.615756869316101074e-01
4.353711009025573730e-01
4.397769570350646973e-01
3.170800507068634033e-01
1.202071547508239746e+00
1.389384508132934570e+00
5.720639824867248535e-01
5.608544945716857910e-01
9.268958568572998047e-01
7.733593583106994629e-01
7.178342342376708984e-01
1.346365928649902344e+00
1.432574152946472168e+00
1.446641683578491211e+00
1.883428812026977539e+00
2.142958402633666992e+00
1.382788896560668945e+00
1.537561655044555664e+00
1.358187794685363770e+00
4.201216697692871094e-01
1.220970869064331055e+00
1.875849723815917969e+00
1.693551778793334961e+00
1.604397654533386230e+00
1.573651790618896484e+00
1.512168049812316895e+00
1.699666619300842285e+00
2.689111709594726562e+00
2.335848808288574219e+00
2.680727005004882812e+00
3.248073577880859375e+00
2.973917961120605469e+00
1.950639486312866211e+00
8.742763996124267578e-01
1.176750063896179199e+00
9.779805541038513184e-01
8.729478716850280762e-01
1.382741451263427734e+00
6.000853180885314941e-01
3.330793976783752441e-01
3.934615254402160645e-01
4.237808883190155029e-01
3.638899326324462891e-01
3.796031475067138672e-01
2.959350347518920898e-01
4.298463761806488037e-01
1.271965980529785156e+00
4.034082591533660889e-01
4.183156490325927734e-01
4.412203431129455566e-01
4.168314039707183838e-01
4.661627113819122314e-01
4.763942360877990723e-01
5.020259618759155273e-01
1.386623263359069824e+00
1.613359808921813965e+00
1.478244066238403320e+00
1.123382329940795898e+00
3.486807942390441895e-01
3.391838371753692627e-01
3.749070167541503906e-01
2.915719449520111084e-01
4.176657497882843018e-01
4.558497965335845947e-01
3.286688923835754395e-01
3.338745534420013428e-01
3.859918117523193359e-01
3.968650102615356445e-01
4.072892367839813232e-01
1.161008596420288086e+00
4.450475871562957764e-01
4.428975582122802734e-01
3.408640623092651367e-01
3.347253501415252686e-01
4.579019546508789062e-01
4.118293821811676025e-01
4.497067034244537354e-01
5.400668978691101074e-01
5.310176014900207520e-01
4.606558084487915039e-01
4.137483537197113037e-01
6.010161638259887695e-01
5.759049654006958008e-01
5.432366132736206055e-01
7.657887339591979980e-01
1.876719117164611816e+00
2.304322004318237305e+00
2.524418830871582031e+00
2.332113265991210938e+00
2.029879808425903320e+00
2.113675355911254883e+00
2.025399208068847656e+00
2.222359418869018555e+00
1.858375072479248047e+00
4.329998970031738281e+00
4.252877712249755859e+00
4.762663841247558594e+00
3.398681640625000000e+00
2.528480052947998047e+00
1.752249598503112793e+00
1.850408196449279785e+00
2.213511705398559570e+00
3.110744237899780273e+00
2.450558900833129883e+00
3.694064855575561523e+00
5.049034595489501953e+00
3.398012638092041016e+00
3.033009052276611328e+00
3.066750288009643555e+00
1.304746389389038086e+00
1.638203501701354980e+00
4.947220802307128906e+00
3.931795120239257812e+00
2.832024097442626953e+00
3.109685182571411133e+00
1.555299520492553711e+00
2.859787046909332275e-01
3.654015958309173584e-01
1.365635633468627930e+00
2.395625114440917969e+00
2.759536981582641602e+00
2.787122011184692383e+00
2.590682029724121094e+00
1.145625114440917969e+00
7.467260360717773438e-01
1.556465029716491699e+00
4.492998600006103516e+00
2.890340805053710938e+00
1.480910181999206543e+00
1.793164730072021484e+00
1.163850784301757812e+00
3.313857614994049072e-01
1.464391946792602539e+00
1.031599044799804688e+00
5.512605309486389160e-01
5.931985974311828613e-01
6.620525717735290527e-01
1.851682424545288086e+00
2.084892749786376953e+00
4.923659265041351318e-01
6.434821486473083496e-01
4.084461927413940430e-01
5.688041448593139648e-01
6.790175437927246094e-01
5.667462348937988281e-01
4.478784799575805664e-01
4.353223145008087158e-01
6.540247797966003418e-01
4.776087701320648193e-01
8.213374018669128418e-01
1.350845813751220703e+00
9.755243659019470215e-01
7.177270650863647461e-01
9.704135060310363770e-01
1.332005381584167480e+00
1.172385096549987793e+00
1.702255487442016602e+00
3.234262704849243164e+00
2.394328355789184570e+00
2.334339618682861328e+00
4.407616138458251953e+00
4.242768287658691406e+00
4.097234725952148438e+00
3.052490472793579102e+00
2.636924505233764648e+00
2.020077705383300781e+00
4.980088233947753906e+00
4.208317756652832031e+00
4.788391113281250000e+00
4.626911640167236328e+00
3.837121248245239258e+00
2.863310813903808594e+00
3.653066873550415039e+00
2.597418308258056641e+00
2.167440891265869141e+00
2.159682273864746094e+00
2.843172311782836914e+00
2.327785730361938477e+00
1.200313687324523926e+00
3.901544809341430664e+00
1.969240546226501465e+00
1.781357765197753906e+00
1.781243443489074707e+00
1.344223022460937500e+00
3.944406211376190186e-01
-3.658110648393630981e-02
5.918475985527038574e-01
3.500107228755950928e-01
2.771730124950408936e-01
2.580516934394836426e-01
4.489860832691192627e-01
3.425231873989105225e-01
4.518860578536987305e-01
1.165260195732116699e+00
4.797385036945343018e-01
3.619876801967620850e-01
4.096919596195220947e-01
4.281346499919891357e-01
3.273085355758666992e-01
3.440161943435668945e-01
6.454167366027832031e-01
2.547126114368438721e-01
3.279142975807189941e-01
4.577517509460449219e-01
4.252486824989318848e-01
3.171227872371673584e-01
4.314928948879241943e-01
4.757890403270721436e-01
3.811446726322174072e-01
3.906098306179046631e-01
5.149069428443908691e-01
3.966662883758544922e-01
4.021082222461700439e-01
4.872972965240478516e-01
1.297664284706115723e+00
3.627831339836120605e-01
3.923988640308380127e-01
5.704791545867919922e-01
2.266156673431396484e-01
3.734389543533325195e-01
5.046257972717285156e-01
5.837685465812683105e-01
3.898798823356628418e-01
2.633639574050903320e-01
7.490309476852416992e-01
5.638728737831115723e-01
3.548265993595123291e-01
7.279635071754455566e-01
8.369807600975036621e-01
1.964708089828491211e+00
2.783350229263305664e+00
2.700948953628540039e+00
2.549134731292724609e+00
2.809000253677368164e+00
2.289459228515625000e+00
2.022947311401367188e+00
1.811063051223754883e+00
2.551024913787841797e+00
1.454184889793395996e+00
1.576208829879760742e+00
2.179913997650146484e+00
1.447569251060485840e+00
1.715022683143615723e+00
2.150820016860961914e+00
1.337988734245300293e+00
1.389705777168273926e+00
1.407437443733215332e+00
1.451735258102416992e+00
1.233837008476257324e+00
1.466671347618103027e+00
1.524507403373718262e+00
1.435835957527160645e+00
1.460169792175292969e+00
1.334133744239807129e+00
1.572739005088806152e+00
1.413737058639526367e+00
1.458667397499084473e+00
1.437115907669067383e+00
1.484193325042724609e+00
1.370554566383361816e+00
1.406167507171630859e+00
1.537167191505432129e+00
1.923417687416076660e+00
1.582331061363220215e+00
2.318330526351928711e+00
1.487706184387207031e+00
1.522860646247863770e+00
1.658452987670898438e+00
2.451892614364624023e+00
1.198969841003417969e+00
1.562261343002319336e+00
1.526469349861145020e+00
1.313885331153869629e+00
1.358773231506347656e+00
1.490327358245849609e+00
1.257413268089294434e+00
1.385161519050598145e+00
1.841847896575927734e+00
1.531465053558349609e+00
1.362056136131286621e+00
1.489987254142761230e+00
1.495087981224060059e+00
1.688110113143920898e+00
1.475157499313354492e+00
1.489871859550476074e+00
8.254743814468383789e-01
1.086670517921447754e+00
1.131470203399658203e+00
5.646036267280578613e-01
4.619928598403930664e-01
9.597001671791076660e-01
8.748512268066406250e-01
8.384217023849487305e-01
6.749019622802734375e-01
8.642842173576354980e-01
1.073972105979919434e+00
1.058765649795532227e+00
1.081247210502624512e+00
1.136600494384765625e+00
1.005080938339233398e+00
1.437881827354431152e+00
1.555082440376281738e+00
1.396284461021423340e+00
1.726062059402465820e+00
2.532043695449829102e+00
1.636600017547607422e+00
1.803116202354431152e+00
1.937772750854492188e+00
1.577988266944885254e+00
1.236248493194580078e+00
2.630258798599243164e+00
2.405897140502929688e+00
2.852801084518432617e+00
2.610671997070312500e+00
2.623632907867431641e+00
2.521307706832885742e+00
1.375993728637695312e+00
1.427157640457153320e+00
1.943922162055969238e+00
1.944278478622436523e+00
1.768131375312805176e+00
1.800732851028442383e+00
1.742615580558776855e+00
1.514003157615661621e+00
7.515762448310852051e-01
8.278938531875610352e-01
6.814438700675964355e-01
3.800033330917358398e-01
3.055747747421264648e-01
3.473059237003326416e-01
2.364845573902130127e-01
3.490064144134521484e-01
3.469213545322418213e-01
2.910135984420776367e-01
2.978208065032958984e-01
3.766017556190490723e-01
3.961208164691925049e-01
2.759494483470916748e-01
3.111658394336700439e-01
3.687658607959747314e-01
3.285406231880187988e-01
3.519356846809387207e-01
7.007332444190979004e-01
9.622489809989929199e-01
3.441359698772430420e-01
1.064542889595031738e+00
1.561792135238647461e+00
1.373584151268005371e+00
1.158925175666809082e+00
3.552912175655364990e-01
4.934351742267608643e-01
3.856291770935058594e-01
3.542912900447845459e-01
4.036982655525207520e-01
4.159139990806579590e-01
3.411140441894531250e-01
2.940963804721832275e-01
4.268335103988647461e-01
3.759326934814453125e-01
3.015860915184020996e-01
4.639408886432647705e-01
4.577783346176147461e-01
3.362145423889160156e-01
5.977938771247863770e-01
1.189486265182495117e+00
5.289108753204345703e-01
3.947994112968444824e-01
3.986406028270721436e-01
6.620594263076782227e-01
3.257788121700286865e-01
5.124669075012207031e-01
6.576935648918151855e-01
8.073258399963378906e-01
1.705805420875549316e+00
2.251430988311767578e+00
2.221387147903442383e+00
2.546449422836303711e+00
2.489896297454833984e+00
2.702157020568847656e+00
2.287711620330810547e+00
2.177128791809082031e+00
1.984083056449890137e+00
2.007425785064697266e+00
1.515816807746887207e+00
1.290129542350769043e+00
2.612312793731689453e+00
1.814677357673645020e+00
1.382496953010559082e+00
1.468137860298156738e+00
1.616067647933959961e+00
1.461438536643981934e+00
1.422209739685058594e+00
7.963728904724121094e-01
2.493118286132812500e+00
1.018885016441345215e+00
5.003175139427185059e-01
1.628238439559936523e+00
6.628044247627258301e-01
6.615473628044128418e-01
1.285814166069030762e+00
2.389580488204956055e+00
3.226557016372680664e+00
3.255381584167480469e+00
2.077288389205932617e+00
1.846118330955505371e+00
2.160183906555175781e+00
1.881623268127441406e+00
1.860294103622436523e+00
2.277588605880737305e+00
2.070916414260864258e+00
1.613493084907531738e+00
1.914649844169616699e+00
1.876717805862426758e+00
9.322832226753234863e-01
8.478898406028747559e-01
7.176733016967773438e-01
5.591348409652709961e-01
5.886960029602050781e-01
1.525424242019653320e+00
5.362693071365356445e-01
3.345389664173126221e-01
5.159013271331787109e-01
7.096447348594665527e-01
1.365985870361328125e+00
2.200927257537841797e+00
2.275845050811767578e+00
2.219256877899169922e+00
1.949415087699890137e+00
1.527650475502014160e+00
1.587279438972473145e+00
2.805169105529785156e+00
1.551949262619018555e+00
1.398795366287231445e+00
1.452410578727722168e+00
1.415873885154724121e+00
1.377843976020812988e+00
1.437931656837463379e+00
1.649852633476257324e+00
1.543796777725219727e+00
2.099148750305175781e+00
1.424087524414062500e+00
1.326222777366638184e+00
1.400698781013488770e+00
1.119013786315917969e+00
2.442488193511962891e+00
3.458050012588500977e+00
3.213162660598754883e+00
2.021829128265380859e+00
2.079042673110961914e+00
2.028537750244140625e+00
1.711275577545166016e+00
1.622470855712890625e+00
3.427584171295166016e+00
1.245678305625915527e+00
9.399968981742858887e-01
1.230750322341918945e+00
1.085507273674011230e+00
8.079743385314941406e-01
1.217633962631225586e+00
1.793460488319396973e+00
2.617980003356933594e+00
6.559656858444213867e-01
5.363931655883789062e-01
5.335178971290588379e-01
5.184814333915710449e-01
3.519707918167114258e-01
6.321144700050354004e-01
1.737833142280578613e+00
1.149966001510620117e+00
1.751760125160217285e+00
6.936941146850585938e-01
8.067784309387207031e-01
7.935707569122314453e-01
4.893678426742553711e-01
4.277898371219635010e-01
4.171507060527801514e-01
4.044336676597595215e-01
4.281384944915771484e-01
3.957370817661285400e-01
5.262518525123596191e-01
1.287079095840454102e+00
5.036113262176513672e-01
4.842962026596069336e-01
4.760949313640594482e-01
4.697673916816711426e-01
3.685509562492370605e-01
3.553718030452728271e-01
4.266287386417388916e-01
3.584825396537780762e-01
3.092907071113586426e-01
3.132854104042053223e-01
4.108609855175018311e-01
4.554079473018646240e-01
4.693883061408996582e-01
5.744321942329406738e-01
4.530016183853149414e-01
4.025470614433288574e-01
5.227121114730834961e-01
4.327120780944824219e-01
4.464498758316040039e-01
4.717211425304412842e-01
5.250167250633239746e-01
5.162708163261413574e-01
1.250729918479919434e+00
6.804056167602539062e-01
4.069657921791076660e-01
5.064071416854858398e-01
5.403519868850708008e-01
5.232979059219360352e-01
4.870634973049163818e-01
4.922965764999389648e-01
5.412041544914245605e-01
3.711052834987640381e-01
4.163865447044372559e-01
5.110903978347778320e-01
3.702487349510192871e-01
4.756470620632171631e-01
4.066500365734100342e-01
3.631314933300018311e-01
4.597142934799194336e-01
1.344617486000061035e+00
1.316988945007324219e+00
1.305272698402404785e+00
5.268918275833129883e-01
1.005293607711791992e+00
5.507521033287048340e-01
6.459887623786926270e-01
8.128952383995056152e-01
1.277494192123413086e+00
5.382680296897888184e-01
5.555011034011840820e-01
6.319686770439147949e-01
5.363147854804992676e-01
1.506959915161132812e+00
2.666025400161743164e+00
2.355439662933349609e+00
1.500844240188598633e+00
1.908296346664428711e+00
1.819535493850708008e+00
1.633970618247985840e+00
1.656424999237060547e+00
2.153064966201782227e+00
1.756058216094970703e+00
1.776734471321105957e+00
2.258719921112060547e+00
2.142609357833862305e+00
1.966529488563537598e+00
2.200386524200439453e+00
2.348051071166992188e+00
2.318072795867919922e+00
1.966221451759338379e+00
2.112380743026733398e+00
1.544634103775024414e+00
9.499735236167907715e-01
9.946786165237426758e-01
2.430224895477294922e+00
1.339713931083679199e+00
8.772676587104797363e-01
6.665630936622619629e-01
7.528622746467590332e-01
7.991242408752441406e-01
1.308789014816284180e+00
1.639383435249328613e+00
2.499992370605468750e+00
1.243852853775024414e+00
8.368639945983886719e-01
1.083398342132568359e+00
1.395590662956237793e+00
2.190751791000366211e+00
1.596545219421386719e+00
1.851986169815063477e+00
2.047236442565917969e+00
1.924619078636169434e+00
1.856516480445861816e+00
1.013977527618408203e+00
1.006387233734130859e+00
8.195856809616088867e-01
1.552722215652465820e+00
1.011124968528747559e+00
1.122829794883728027e+00
1.102691054344177246e+00
1.254556894302368164e+00
1.265072941780090332e+00
1.685696125030517578e+00
1.573955774307250977e+00
1.689540147781372070e+00
1.649886965751647949e+00
1.599478363990783691e+00
1.789989590644836426e+00
2.570848703384399414e+00
2.174486875534057617e+00
2.139743566513061523e+00
1.322888970375061035e+00
1.011308073997497559e+00
2.384035825729370117e+00
2.614524602890014648e+00
2.525617122650146484e+00
2.531844139099121094e+00
2.462929248809814453e+00
2.317362546920776367e+00
1.709271073341369629e+00
1.579098939895629883e+00
1.521616458892822266e+00
1.463503599166870117e+00
2.115667819976806641e+00
2.065823316574096680e+00
1.609689950942993164e+00
1.817080378532409668e+00
1.670647978782653809e+00
1.327587008476257324e+00
1.349760651588439941e+00
1.798651933670043945e+00
1.475676298141479492e+00
9.794946908950805664e-01
7.878960967063903809e-01
7.391664385795593262e-01
7.232608199119567871e-01
3.387041687965393066e-01
3.821944594383239746e-01
3.323053419589996338e-01
3.468722999095916748e-01
2.739060521125793457e-01
4.694074988365173340e-01
3.486309051513671875e-01
3.267608880996704102e-01
3.799624741077423096e-01
3.726753294467926025e-01
3.396829664707183838e-01
3.695878684520721436e-01
3.285836577415466309e-01
3.722285330295562744e-01
3.723672330379486084e-01
1.001148104667663574e+00
4.154107570648193359e-01
3.777000904083251953e-01
3.698279857635498047e-01
4.520935416221618652e-01
4.435671865940093994e-01
4.524169862270355225e-01
4.550431072711944580e-01
4.429880082607269287e-01
1.577407717704772949e+00
1.238483190536499023e+00
1.169156432151794434e+00
6.624365448951721191e-01
4.570196270942687988e-01
3.947185575962066650e-01
3.897140622138977051e-01
4.804021120071411133e-01
3.849379122257232666e-01
3.262354433536529541e-01
4.147452414035797119e-01
4.739300906658172607e-01
4.048629105091094971e-01
4.366760849952697754e-01
5.156990885734558105e-01
5.701039433479309082e-01
4.860858023166656494e-01
5.152281522750854492e-01
6.368733644485473633e-01
1.519194841384887695e+00
2.171672105789184570e+00
2.574426889419555664e+00
2.744987010955810547e+00
2.502397298812866211e+00
2.558936595916748047e+00
2.530823945999145508e+00
2.271595716476440430e+00
2.303953170776367188e+00
1.862136840820312500e+00
1.760442137718200684e+00
1.771218299865722656e+00
1.615636467933654785e+00
1.605340003967285156e+00
1.870195031166076660e+00
2.002616167068481445e+00
1.252216100692749023e+00
1.488235473632812500e+00
1.516285538673400879e+00
1.323857545852661133e+00
1.205146908760070801e+00
1.477640509605407715e+00
1.468445062637329102e+00
1.367431998252868652e+00
1.258331418037414551e+00
1.361684799194335938e+00
1.287713170051574707e+00
1.343225121498107910e+00
1.284283041954040527e+00
1.241592288017272949e+00
1.385799050331115723e+00
1.280980467796325684e+00
1.247727751731872559e+00
1.322952032089233398e+00
1.536994457244873047e+00
1.677839994430541992e+00
1.495008945465087891e+00
1.436035513877868652e+00
1.595438718795776367e+00
1.544978141784667969e+00
1.480924487113952637e+00
1.477725744247436523e+00
2.031950473785400391e+00
3.104143142700195312e+00
1.635816097259521484e+00
1.438675045967102051e+00
1.602624177932739258e+00
1.529048919677734375e+00
1.401128292083740234e+00
8.051185011863708496e-01
7.916964888572692871e-01
1.431868314743041992e+00
9.552611112594604492e-01
5.066387653350830078e-01
4.594264924526214600e-01
5.118663311004638672e-01
5.748872160911560059e-01
5.339729189872741699e-01
4.961114823818206787e-01
3.896449804306030273e-01
5.285227298736572266e-01
5.642623901367187500e-01
4.125620424747467041e-01
6.148951053619384766e-01
6.842215657234191895e-01
6.600283384323120117e-01
8.599022030830383301e-01
1.278943896293640137e+00
1.227557420730590820e+00
1.248150110244750977e+00
1.365223407745361328e+00
1.969111561775207520e+00
1.986994981765747070e+00
2.252865314483642578e+00
2.463483095169067383e+00
2.384197235107421875e+00
1.904893159866333008e+00
1.157491445541381836e+00
1.921445846557617188e+00
2.557728767395019531e+00
3.278093338012695312e+00
2.493673324584960938e+00
2.706889629364013672e+00
2.455120801925659180e+00
2.817853212356567383e+00
2.554259777069091797e+00
2.766914367675781250e+00
2.847496986389160156e+00
2.769595861434936523e+00
3.005633354187011719e+00
2.453890085220336914e+00
2.207778930664062500e+00
2.402437448501586914e+00
2.461365938186645508e+00
2.472960233688354492e+00
1.872010707855224609e+00
7.913711071014404297e-01
9.512669444084167480e-01
7.017139792442321777e-01
3.546670973300933838e-01
3.113766014575958252e-01
3.218063116073608398e-01
3.283956348896026611e-01
1.107873916625976562e+00
3.150081336498260498e-01
3.222308754920959473e-01
3.382042050361633301e-01
4.267512857913970947e-01
3.741315901279449463e-01
1.828589439392089844e-01
4.039923846721649170e-01
2.989254295825958252e-01
3.728066086769104004e-01
3.255365192890167236e-01
4.409862756729125977e-01
2.561499774456024170e-01
2.560258209705352783e-01
2.844182550907135010e-01
2.605665326118469238e-01
2.731846272945404053e-01
2.922341525554656982e-01
3.512775897979736328e-01
1.572584807872772217e-01
2.829844355583190918e-01
2.713328301906585693e-01
3.358165621757507324e-01
2.319992184638977051e-01
2.209149748086929321e-01
3.341215252876281738e-01
2.914310395717620850e-01
2.553501725196838379e-01
3.300281465053558350e-01
3.844064474105834961e-01
2.540144920349121094e-01
3.136688768863677979e-01
4.551028609275817871e-01
4.781777858734130859e-01
4.215414822101593018e-01
4.918393790721893311e-01
6.265721917152404785e-01
5.367720127105712891e-01
1.596577644348144531e+00
1.637934565544128418e+00
1.553758025169372559e+00
1.544870734214782715e+00
2.494437932968139648e+00
2.240834712982177734e+00
2.034527063369750977e+00
2.032422542572021484e+00
2.547413110733032227e+00
2.113107919692993164e+00
1.851064324378967285e+00
1.943465232849121094e+00
2.167199611663818359e+00
1.700232625007629395e+00
1.612543821334838867e+00
1.888902544975280762e+00
2.623173475265502930e+00
1.394627809524536133e+00
1.706832170486450195e+00
2.498939275741577148e+00
1.647955060005187988e+00
1.954285502433776855e+00
1.850654840469360352e+00
9.834200143814086914e-01
9.875772595405578613e-01
1.133270978927612305e+00
1.859626412391662598e+00
9.417001605033874512e-01
1.237535119056701660e+00
9.902058839797973633e-01
9.431621432304382324e-01
2.207552909851074219e+00
1.460182666778564453e+00
2.045276641845703125e+00
1.504645228385925293e+00
2.243997573852539062e+00
2.715417385101318359e+00
1.461302638053894043e+00
5.284541845321655273e-01
5.698353052139282227e-01
5.623080730438232422e-01
4.650010764598846436e-01
6.807485222816467285e-01
1.675749421119689941e+00
1.044778227806091309e+00
3.548937737941741943e-01
4.096122086048126221e-01
5.125046968460083008e-01
5.299014449119567871e-01
6.390056014060974121e-01
9.721921682357788086e-01
5.088343024253845215e-01
4.220082759857177734e-01
5.120165348052978516e-01
5.240845680236816406e-01
4.778708219528198242e-01
4.945598244667053223e-01
5.484197735786437988e-01
6.045215725898742676e-01
5.283519625663757324e-01
5.669049620628356934e-01
5.591216683387756348e-01
1.502144575119018555e+00
5.523506402969360352e-01
7.612612247467041016e-01
7.569811344146728516e-01
8.022243380546569824e-01
2.507410526275634766e+00
2.462417364120483398e+00
2.761409521102905273e+00
2.950279474258422852e+00
2.944177865982055664e+00
2.613974571228027344e+00
2.754231214523315430e+00
2.852663755416870117e+00
3.078791618347167969e+00
3.056328296661376953e+00
2.441491603851318359e+00
2.938998937606811523e+00
2.101032972335815430e+00
2.235916852951049805e+00
2.371723890304565430e+00
2.456348896026611328e+00
2.787865877151489258e+00
2.476833105087280273e+00
2.864891529083251953e+00
3.617176771163940430e+00
3.864352464675903320e+00
4.189865112304687500e+00
3.576112031936645508e+00
2.828342676162719727e+00
2.180283308029174805e+00
2.353622198104858398e+00
2.596743822097778320e+00
2.495529890060424805e+00
2.498727083206176758e+00
2.530731678009033203e+00
2.145909547805786133e+00
2.177655458450317383e+00
2.312577962875366211e+00
2.248946905136108398e+00
2.317971229553222656e+00
2.116318702697753906e+00
1.810213088989257812e+00
6.267890334129333496e-01
7.332538962364196777e-01
7.465613484382629395e-01
8.024611473083496094e-01
5.949089527130126953e-01
1.101555943489074707e+00
9.663695096969604492e-01
7.928600311279296875e-01
5.961216092109680176e-01
5.012741088867187500e-01
5.871571898460388184e-01
4.046570658683776855e-01
3.611437380313873291e-01
3.210667967796325684e-01
3.904913961887359619e-01
3.419505953788757324e-01
2.915431559085845947e-01
4.394957423210144043e-01
4.607517421245574951e-01
2.756876945495605469e-01
3.230660557746887207e-01
2.617492675781250000e-01
3.861121535301208496e-01
2.750232815742492676e-01
3.017017841339111328e-01
4.256123900413513184e-01
3.803478777408599854e-01
2.723724842071533203e-01
3.017919361591339111e-01
3.721600174903869629e-01
3.784242570400238037e-01
3.445693254470825195e-01
4.155848026275634766e-01
4.274200797080993652e-01
3.787057399749755859e-01
2.989980578422546387e-01
3.784275352954864502e-01
5.022005438804626465e-01
4.647853672504425049e-01
4.433651566505432129e-01
5.057929158210754395e-01
7.015278339385986328e-01
5.279216170310974121e-01
5.254092812538146973e-01
1.842331886291503906e+00
2.202307462692260742e+00
2.691427230834960938e+00
2.313143014907836914e+00
2.568650484085083008e+00
2.804424524307250977e+00
2.876875638961791992e+00
3.028510093688964844e+00
1.987578272819519043e+00
2.412969827651977539e+00
1.604018330574035645e+00
2.984456300735473633e+00
1.801080107688903809e+00
1.750866532325744629e+00
1.336459755897521973e+00
1.504604339599609375e+00
1.382834672927856445e+00
1.431952714920043945e+00
1.819371223449707031e+00
4.841535091400146484e+00
3.589596271514892578e+00
2.994390964508056641e+00
2.642228364944458008e+00
2.094510316848754883e+00
1.606450915336608887e+00
1.887913227081298828e+00
3.460650444030761719e+00
5.349694728851318359e+00
3.686204433441162109e+00
2.755794286727905273e+00
2.636273860931396484e+00
1.736188054084777832e+00
1.437658071517944336e+00
1.525860905647277832e+00
2.009576559066772461e+00
1.267960786819458008e+00
1.684606671333312988e+00
1.784295558929443359e+00
1.802116274833679199e+00
1.546225786209106445e+00
1.626613020896911621e+00
2.854861497879028320e+00
2.868885993957519531e+00
2.665322780609130859e+00
2.401831865310668945e+00
1.929571509361267090e+00
1.244093418121337891e+00
1.497122526168823242e+00
1.523357868194580078e+00
2.260068655014038086e+00
1.766098976135253906e+00
1.466560959815979004e+00
1.688729882240295410e+00
1.399918437004089355e+00
1.587666749954223633e+00
1.688285350799560547e+00
1.549065232276916504e+00
1.654438614845275879e+00
1.550281405448913574e+00
1.716045379638671875e+00
1.756866216659545898e+00
1.626059651374816895e+00
1.624472856521606445e+00
9.438350796699523926e-01
7.310364246368408203e-01
1.592814564704895020e+00
1.646169662475585938e+00
1.717907667160034180e+00
2.059179306030273438e+00
2.033920288085937500e+00
2.087557554244995117e+00
1.531188011169433594e+00
1.826147198677062988e+00
1.850257158279418945e+00
1.633104205131530762e+00
1.223880887031555176e+00
1.156936883926391602e+00
1.220524311065673828e+00
5.801019072532653809e-01
3.462388515472412109e-01
5.849266052246093750e-01
7.966809272766113281e-01
3.856467306613922119e-01
4.993195235729217529e-01
4.191206693649291992e-01
5.768522024154663086e-01
3.924503922462463379e-01
4.276779890060424805e-01
4.061287045478820801e-01
3.985455036163330078e-01
5.183402895927429199e-01
1.056760191917419434e+00
4.030832052230834961e-01
3.649109601974487305e-01
4.926951229572296143e-01
3.338471651077270508e-01
4.247700870037078857e-01
4.051021933555603027e-01
1.393074989318847656e+00
1.421030759811401367e+00
1.322808861732482910e+00
1.107188105583190918e+00
1.276415944099426270e+00
2.417431324720382690e-01
7.257844209671020508e-01
7.552014589309692383e-01
4.702829718589782715e-01
8.720233440399169922e-01
7.092127203941345215e-01
4.498273134231567383e-01
4.092783629894256592e-01
5.546604394912719727e-01
3.360429406166076660e-01
3.236959278583526611e-01
3.727962076663970947e-01
4.797911345958709717e-01
4.092405140399932861e-01
3.722578585147857666e-01
4.346430897712707520e-01
5.556395053863525391e-01
3.327951729297637939e-01
4.239894747734069824e-01
5.077373385429382324e-01
5.306083559989929199e-01
4.472236335277557373e-01
5.765962004661560059e-01
3.762300908565521240e-01
4.674687981605529785e-01
3.492133617401123047e-01
3.723748922348022461e-01
4.522634744644165039e-01
5.219655036926269531e-01
4.427427053451538086e-01
4.750497937202453613e-01
4.248600006103515625e-01
5.432560443878173828e-01
4.119806885719299316e-01
3.845029175281524658e-01
3.978983461856842041e-01
4.324629306793212891e-01
1.205642700195312500e+00
1.405140519142150879e+00
1.378961682319641113e+00
1.182871222496032715e+00
1.226588249206542969e+00
2.594279348850250244e-01
5.171177983283996582e-01
1.230369329452514648e+00
4.251461625099182129e-01
4.789946079254150391e-01
1.460258841514587402e+00
7.353202700614929199e-01
8.759207129478454590e-01
7.847949862480163574e-01
7.775900363922119141e-01
9.026080369949340820e-01
1.015467047691345215e+00
1.117152690887451172e+00
1.195752978324890137e+00
1.496329545974731445e+00
9.288438558578491211e-01
1.114847540855407715e+00
1.105201721191406250e+00
1.170789480209350586e+00
1.168624162673950195e+00
1.115212321281433105e+00
1.556497097015380859e+00
1.866948604583740234e+00
1.845409989356994629e+00
1.784595370292663574e+00
2.083465814590454102e+00
2.623426198959350586e+00
1.728610038757324219e+00
1.942227482795715332e+00
3.005941867828369141e+00
2.539384603500366211e+00
2.772999763488769531e+00
2.465168714523315430e+00
2.063767910003662109e+00
1.737083196640014648e+00
5.739018321037292480e-01
9.346550107002258301e-01
7.033972144126892090e-01
6.289744377136230469e-01
5.315884947776794434e-01
1.843532443046569824e+00
1.416819810867309570e+00
2.784217357635498047e+00
2.446368932723999023e+00
1.583718061447143555e+00
1.561137914657592773e+00
8.831536173820495605e-01
1.046784043312072754e+00
1.962182283401489258e+00
3.331195831298828125e+00
2.538663625717163086e+00
2.910611867904663086e+00
3.783298015594482422e+00
1.482104778289794922e+00
1.743299245834350586e+00
1.996483206748962402e+00
1.865206241607666016e+00
2.234751224517822266e+00
2.900949954986572266e+00
3.847421407699584961e+00
3.444942951202392578e+00
2.477044820785522461e+00
2.586872100830078125e+00
2.391709804534912109e+00
2.229235172271728516e+00
2.360584259033203125e+00
2.732903242111206055e+00
1.940579056739807129e+00
1.274561405181884766e+00
1.322648286819458008e+00
1.671690344810485840e+00
1.545355319976806641e+00
1.910211682319641113e+00
2.085884094238281250e+00
1.758320569992065430e+00
6.421796083450317383e-01
6.042562723159790039e-01
1.640348076820373535e+00
2.813423156738281250e+00
1.974577069282531738e+00
2.104581594467163086e+00
2.196475744247436523e+00
1.507771253585815430e+00
1.433401942253112793e+00
1.327306509017944336e+00
1.571887731552124023e+00
9.502262473106384277e-01
7.328940033912658691e-01
6.520869135856628418e-01
5.515461564064025879e-01
6.837852001190185547e-01
6.267191171646118164e-01
5.136362314224243164e-01
5.633077025413513184e-01
6.625832319259643555e-01
5.546717047691345215e-01
4.490814805030822754e-01
2.786915302276611328e-01
3.407516777515411377e-01
3.147850036621093750e-01
2.048673629760742188e-01
2.415295988321304321e-01
3.386896550655364990e-01
2.688316702842712402e-01
9.693195819854736328e-01
1.229171276092529297e+00
1.332279562950134277e+00
4.962095916271209717e-01
3.605338633060455322e-01
2.893202304840087891e-01
3.301953375339508057e-01
3.201027810573577881e-01
2.517564594745635986e-01
2.750657498836517334e-01
2.936528921127319336e-01
4.974126219749450684e-01
3.866850137710571289e-01
3.382222950458526611e-01
3.877581059932708740e-01
5.168077945709228516e-01
3.475531339645385742e-01
3.422570228576660156e-01
4.769660234451293945e-01
4.858744740486145020e-01
4.166595339775085449e-01
4.722413718700408936e-01
4.298587143421173096e-01
3.943101465702056885e-01
3.989999592304229736e-01
2.836247384548187256e-01
2.607027590274810791e-01
3.332583904266357422e-01
5.717055201530456543e-01
3.950285613536834717e-01
2.888871431350708008e-01
4.947952628135681152e-01
5.044306516647338867e-01
3.776789605617523193e-01
3.678835332393646240e-01
4.914493560791015625e-01
4.909003376960754395e-01
4.511720240116119385e-01
4.840196371078491211e-01
1.799878835678100586e+00
1.976054430007934570e+00
2.378283739089965820e+00
2.249173879623413086e+00
2.275693893432617188e+00
2.527335882186889648e+00
2.522025585174560547e+00
2.427167892456054688e+00
2.075949668884277344e+00
2.344645738601684570e+00
2.071962356567382812e+00
1.769597768783569336e+00
2.687993764877319336e+00
2.823581695556640625e+00
1.340062022209167480e+00
1.688910007476806641e+00
1.680739164352416992e+00
1.543102264404296875e+00
1.374050378799438477e+00
1.685161948204040527e+00
2.799175977706909180e+00
1.952535986900329590e+00
1.098322391510009766e+00
1.298292756080627441e+00
1.644752502441406250e+00
1.375804066658020020e+00
1.301005721092224121e+00
1.620656609535217285e+00
1.509045600891113281e+00
1.439402699470520020e+00
1.326411128044128418e+00
1.369741916656494141e+00
1.510646820068359375e+00
1.455541372299194336e+00
1.736374378204345703e+00
1.784838199615478516e+00
9.897900819778442383e-01
7.655839920043945312e-01
1.048515796661376953e+00
6.181916594505310059e-01
7.954581975936889648e-01
9.113183021545410156e-01
1.119155526161193848e+00
1.200811505317687988e+00
1.246709942817687988e+00
9.141094088554382324e-01
1.078131318092346191e+00
1.474365353584289551e+00
1.568840026855468750e+00
1.636771321296691895e+00
1.870693087577819824e+00
2.419368505477905273e+00
1.634514451026916504e+00
1.626937031745910645e+00
1.979405760765075684e+00
6.981474161148071289e-01
1.127385258674621582e+00
1.198634266853332520e+00
1.139288544654846191e+00
1.536126375198364258e+00
1.841050267219543457e+00
2.869811296463012695e+00
2.761891126632690430e+00
3.063274145126342773e+00
2.941477537155151367e+00
1.933021068572998047e+00
1.596787810325622559e+00
1.979726552963256836e+00
2.466976165771484375e+00
2.621645689010620117e+00
2.377645492553710938e+00
2.558597087860107422e+00
2.421658515930175781e+00
3.161923646926879883e+00
2.576548099517822266e+00
3.002867221832275391e+00
2.558142185211181641e+00
2.639309644699096680e+00
1.799088597297668457e+00
2.379427671432495117e+00
3.502929210662841797e+00
1.637858152389526367e+00
1.893442630767822266e+00
8.874747753143310547e-01
9.629254341125488281e-01
9.142382740974426270e-01
1.109074711799621582e+00
2.120556831359863281e+00
1.932142257690429688e+00
6.637412905693054199e-01
7.311734557151794434e-01
3.116230070590972900e-01
3.483872413635253906e-01
3.676439821720123291e-01
4.257467091083526611e-01
3.063340187072753906e-01
3.201962411403656006e-01
4.277396798133850098e-01
3.087143003940582275e-01
6.539061069488525391e-01
8.164894580841064453e-01
7.146111130714416504e-01
6.392432451248168945e-01
6.147130727767944336e-01
7.029408216476440430e-01
5.914816856384277344e-01
7.942159771919250488e-01
8.330296277999877930e-01
8.029649257659912109e-01
9.807453751564025879e-01
1.561728239059448242e+00
1.520431876182556152e+00
7.049173712730407715e-01
3.593505918979644775e-01
3.629319667816162109e-01
4.111926555633544922e-01
2.768909633159637451e-01
2.533481717109680176e-01
2.668743431568145752e-01
4.054818153381347656e-01
3.390572071075439453e-01
2.954893410205841064e-01
4.070581495761871338e-01
3.771477639675140381e-01
4.429921209812164307e-01
2.804076671600341797e-01
3.021501898765563965e-01
3.878115415573120117e-01
3.329291939735412598e-01
4.201748371124267578e-01
4.576544463634490967e-01
5.269480347633361816e-01
5.274606347084045410e-01
5.997583270072937012e-01
5.021744966506958008e-01
6.537821888923645020e-01
6.016008257865905762e-01
7.146023511886596680e-01
5.559571981430053711e-01
5.266944766044616699e-01
4.075575768947601318e-01
4.220370650291442871e-01
4.297277033329010010e-01
4.741093516349792480e-01
1.598523139953613281e+00
1.851822257041931152e+00
2.297398805618286133e+00
2.071162700653076172e+00
2.408571720123291016e+00
1.639944314956665039e+00
2.082081556320190430e+00
1.599270939826965332e+00
1.528671503067016602e+00
1.514910697937011719e+00
1.691951870918273926e+00
1.697962045669555664e+00
1.607782721519470215e+00
7.855372428894042969e-01
8.733677864074707031e-01
1.046730637550354004e+00
9.641945362091064453e-01
1.049969077110290527e+00
7.864214777946472168e-01
4.282094836235046387e-01
2.584052681922912598e-01
4.439950585365295410e-01
3.860345780849456787e-01
5.664093494415283203e-01
6.106770038604736328e-01
6.772058010101318359e-01
5.581853389739990234e-01
1.523027539253234863e+00
1.589645743370056152e+00
1.642644405364990234e+00
7.715900540351867676e-01
8.543678522109985352e-01
1.211418747901916504e+00
1.748338818550109863e+00
9.504625201225280762e-01
6.470327973365783691e-01
1.422299027442932129e+00
1.786264300346374512e+00
1.870236396789550781e+00
1.776497960090637207e+00
2.337502479553222656e+00
2.319826602935791016e+00
2.162571430206298828e+00
2.401410341262817383e+00
1.918362498283386230e+00
1.688989162445068359e+00
1.421113252639770508e+00
2.423280000686645508e+00
2.370899915695190430e+00
2.494391679763793945e+00
3.141881704330444336e+00
2.886516332626342773e+00
1.088349699974060059e+00
1.076778650283813477e+00
1.558578014373779297e+00
2.352968454360961914e+00
2.062463760375976562e+00
2.985069036483764648e+00
3.609995365142822266e+00
3.961834907531738281e+00
2.848080158233642578e+00
2.807983875274658203e+00
3.540097713470458984e+00
3.439698457717895508e+00
2.640075445175170898e+00
2.113360404968261719e+00
2.215929508209228516e+00
1.557209253311157227e+00
1.818106889724731445e+00
1.888250946998596191e+00
1.865315318107604980e+00
2.026688337326049805e+00
1.798883557319641113e+00
2.633826017379760742e+00
2.533327102661132812e+00
2.913963317871093750e+00
2.312183380126953125e+00
1.823602199554443359e+00
1.932549357414245605e+00
1.959187507629394531e+00
1.766064405441284180e+00
1.807980895042419434e+00
1.905768513679504395e+00
1.816044211387634277e+00
1.730341553688049316e+00
1.864789843559265137e+00
1.994019865989685059e+00
1.654952764511108398e+00
1.799964070320129395e+00
1.866520524024963379e+00
1.659843564033508301e+00
1.584139823913574219e+00
1.725985527038574219e+00
1.723681211471557617e+00
1.545745849609375000e+00
1.716136336326599121e+00
1.820382952690124512e+00
1.606023550033569336e+00
1.645757079124450684e+00
1.886648893356323242e+00
1.737443685531616211e+00
1.786510229110717773e+00
1.883348226547241211e+00
1.950233817100524902e+00
1.781410574913024902e+00
2.685099840164184570e+00
1.670132875442504883e+00
1.680413246154785156e+00
1.624731063842773438e+00
1.788291811943054199e+00
1.848562121391296387e+00
1.652518272399902344e+00
1.640164613723754883e+00
1.647967934608459473e+00
1.538636088371276855e+00
1.698170065879821777e+00
1.665405750274658203e+00
1.697181463241577148e+00
7.770314216613769531e-01
5.373489856719970703e-01
7.354748845100402832e-01
5.528004169464111328e-01
5.140445828437805176e-01
1.321149826049804688e+00
1.336602330207824707e+00
4.309720993041992188e-01
3.765392899513244629e-01
5.007621049880981445e-01
3.875010013580322266e-01
3.973216414451599121e-01
6.250550746917724609e-01
4.187372028827667236e-01
3.205769658088684082e-01
4.469670951366424561e-01
4.910286068916320801e-01
4.106935262680053711e-01
3.550031185150146484e-01
4.366571605205535889e-01
4.221579432487487793e-01
3.586727380752563477e-01
4.241051375865936279e-01
3.446893692016601562e-01
4.002681970596313477e-01
2.851021289825439453e-01
3.716641664505004883e-01
2.613227665424346924e-01
3.699713349342346191e-01
3.197434544563293457e-01
2.900915443897247314e-01
3.464663624763488770e-01
3.754508197307586670e-01
3.158145248889923096e-01
3.255260884761810303e-01
3.296452462673187256e-01
4.046595394611358643e-01
1.477211833000183105e+00
9.794557690620422363e-01
5.064784288406372070e-01
5.965417623519897461e-01
1.401049613952636719e+00
1.134484410285949707e+00
1.466745972633361816e+00
1.681014895439147949e+00
1.747427940368652344e+00
1.457747340202331543e+00
1.380610942840576172e+00
1.585907578468322754e+00
1.144183993339538574e+00
4.371228516101837158e-01
6.090165376663208008e-01
6.604295969009399414e-01
6.070767045021057129e-01
6.190263032913208008e-01
6.454373002052307129e-01
2.201703310012817383e+00
1.784174919128417969e+00
1.683541774749755859e+00
1.808437466621398926e+00
1.549937367439270020e+00
1.399876952171325684e+00
5.640524029731750488e-01
1.105084180831909180e+00
9.862182736396789551e-01
1.085256695747375488e+00
1.220846652984619141e+00
1.980495572090148926e+00
1.672618150711059570e+00
1.682768225669860840e+00
2.028435707092285156e+00
1.797721624374389648e+00
1.923292756080627441e+00
1.427318334579467773e+00
8.461018800735473633e-01
2.048568487167358398e+00
3.934983968734741211e+00
3.904717445373535156e+00
3.313673257827758789e+00
3.459378242492675781e+00
3.796810388565063477e+00
3.709319829940795898e+00
3.782994747161865234e+00
2.295221805572509766e+00
2.171741724014282227e+00
2.491411447525024414e+00
2.471785068511962891e+00
2.212507963180541992e+00
2.419713735580444336e+00
2.351113796234130859e+00
2.141543149948120117e+00
2.202816247940063477e+00
2.823570013046264648e+00
3.008967399597167969e+00
2.803843021392822266e+00
2.589410781860351562e+00
2.623488187789916992e+00
2.532040834426879883e+00
1.941074848175048828e+00
2.082015752792358398e+00
1.945203304290771484e+00
2.145119428634643555e+00
1.351408004760742188e+00
1.174441933631896973e+00
1.177919387817382812e+00
1.963405370712280273e+00
1.851506233215332031e+00
2.969484329223632812e+00
3.264070987701416016e+00
2.050729274749755859e+00
2.702460527420043945e+00
2.785064935684204102e+00
2.967086315155029297e+00
2.505214452743530273e+00
1.673777818679809570e+00
3.364967107772827148e+00
2.941743850708007812e+00
1.311561584472656250e+00
1.343515872955322266e+00
1.250098705291748047e+00
8.996998071670532227e-01
8.170655965805053711e-01
9.408550858497619629e-01
5.679404735565185547e-01
4.181259572505950928e-01
3.730776906013488770e-01
4.064778983592987061e-01
3.172590136528015137e-01
3.079854547977447510e-01
3.683547079563140869e-01
3.090270459651947021e-01
3.274085819721221924e-01
2.244464457035064697e-01
1.890631467103958130e-01
2.422203272581100464e-01
2.184417843818664551e-01
9.998133033514022827e-02
2.252640873193740845e-01
3.003581464290618896e-01
3.045271635055541992e-01
4.180138409137725830e-01
3.748034238815307617e-01
4.554844200611114502e-01
3.673742711544036865e-01
3.313386142253875732e-01
3.918166756629943848e-01
4.230186045169830322e-01
1.761780828237533569e-01
2.981086373329162598e-01
4.429192245006561279e-01
4.772486090660095215e-01
2.954586446285247803e-01
1.309817790985107422e+00
1.317987561225891113e+00
1.230821609497070312e+00
2.472557872533798218e-01
3.550710976123809814e-01
3.952289223670959473e-01
3.641245663166046143e-01
2.920124232769012451e-01
2.261072099208831787e-01
4.196310341358184814e-01
1.960446983575820923e-01
4.112255573272705078e-01
4.818252325057983398e-01
5.749724507331848145e-01
5.197828412055969238e-01
5.822601914405822754e-01
6.621320247650146484e-01
7.434166073799133301e-01
2.327936649322509766e+00
2.121309280395507812e+00
2.014790534973144531e+00
1.983600616455078125e+00
2.246784925460815430e+00
2.436258077621459961e+00
3.608166933059692383e+00
2.518621683120727539e+00
1.731030344963073730e+00
2.163933277130126953e+00
1.639699220657348633e+00
1.237959146499633789e+00
1.710633873939514160e+00
2.319332122802734375e+00
1.359900116920471191e+00
1.435981512069702148e+00
1.542995333671569824e+00
1.357986092567443848e+00
1.372240543365478516e+00
1.495051145553588867e+00
1.211742520332336426e+00
1.370509386062622070e+00
1.369613289833068848e+00
1.278783798217773438e+00
1.250692605972290039e+00
1.247833013534545898e+00
1.526706814765930176e+00
1.265630125999450684e+00
1.070220589637756348e+00
1.178295373916625977e+00
1.412633776664733887e+00
2.529945611953735352e+00
4.540636062622070312e+00
4.048812389373779297e+00
3.215134143829345703e+00
2.262167930603027344e+00
1.896544337272644043e+00
1.680664777755737305e+00
3.269520044326782227e+00
2.929580450057983398e+00
2.865653991699218750e+00
2.810705423355102539e+00
2.373422861099243164e+00
7.643905878067016602e-01
6.347806453704833984e-01
5.543575882911682129e-01
3.880530297756195068e-01
3.423524200916290283e-01
5.631898045539855957e-01
6.385843157768249512e-01
4.466365277767181396e-01
2.495445013046264648e-01
3.490650653839111328e-01
5.466600656509399414e-01
4.246220886707305908e-01
5.201254487037658691e-01
3.460335433483123779e-01
6.193064451217651367e-01
4.899497628211975098e-01
6.754929423332214355e-01
8.683641552925109863e-01
6.111848950386047363e-01
1.179633855819702148e+00
7.722023725509643555e-01
9.092242121696472168e-01
8.499546051025390625e-01
1.008262872695922852e+00
1.115324497222900391e+00
1.143678188323974609e+00
1.300483584403991699e+00
1.165047764778137207e+00
1.691755652427673340e+00
1.793987631797790527e+00
1.524243712425231934e+00
1.536652684211730957e+00
1.607346653938293457e+00
1.477004289627075195e+00
2.408071994781494141e+00
1.020513415336608887e+00
2.451759815216064453e+00
2.474389314651489258e+00
2.923482656478881836e+00
2.520311832427978516e+00
3.786409139633178711e+00
2.940114021301269531e+00
1.524435043334960938e+00
1.221839427947998047e+00
1.386687159538269043e+00
1.162544608116149902e+00
1.486811041831970215e+00
1.857975721359252930e+00
2.160433053970336914e+00
1.386159777641296387e+00
8.240496516227722168e-01
1.111878156661987305e+00
1.085448265075683594e+00
6.042751669883728027e-01
5.760636329650878906e-01
1.028773069381713867e+00
7.372844815254211426e-01
2.946810424327850342e-01
2.807908356189727783e-01
2.083171606063842773e-01
4.816281497478485107e-01
4.611053466796875000e-01
3.728710114955902100e-01
2.352831810712814331e-01
3.315872251987457275e-01
3.514804244041442871e-01
2.475197464227676392e-01
2.105113118886947632e-01
2.417795807123184204e-01
2.939469814300537109e-01
2.501532733440399170e-01
2.825524806976318359e-01
3.799145221710205078e-01
3.751676976680755615e-01
8.067049980163574219e-01
1.403107285499572754e+00
1.230706810951232910e+00
1.035194873809814453e+00
3.704765141010284424e-01
2.913247048854827881e-01
3.439739644527435303e-01
3.045904934406280518e-01
2.903066873550415039e-01
3.128482401371002197e-01
3.241221606731414795e-01
3.281637430191040039e-01
3.695963621139526367e-01
3.973107039928436279e-01
4.056438207626342773e-01
2.814604640007019043e-01
3.484138250350952148e-01
4.577194154262542725e-01
3.916862010955810547e-01
4.121023714542388916e-01
3.350315392017364502e-01
4.745210707187652588e-01
5.361481308937072754e-01
6.218202114105224609e-01
4.953960776329040527e-01
5.145311355590820312e-01
1.923442959785461426e+00
2.037244319915771484e+00
2.793098449707031250e+00
2.485562801361083984e+00
2.714877605438232422e+00
2.722595930099487305e+00
2.171647310256958008e+00
2.276221990585327148e+00
2.043775320053100586e+00
2.466398954391479492e+00
1.628631234169006348e+00
1.443815946578979492e+00
1.467674851417541504e+00
1.464754939079284668e+00
1.520139694213867188e+00
1.531814575195312500e+00
1.484328269958496094e+00
1.460449099540710449e+00
1.862887620925903320e+00
1.829602241516113281e+00
1.375106811523437500e+00
1.299867749214172363e+00
1.602582335472106934e+00
1.487322688102722168e+00
1.552926182746887207e+00
1.344281673431396484e+00
1.480938196182250977e+00
1.371946096420288086e+00
1.519262790679931641e+00
1.032298803329467773e+00
4.658389985561370850e-01
5.075188875198364258e-01
3.490096926689147949e-01
3.667145073413848877e-01
3.981971144676208496e-01
4.373303651809692383e-01
3.361287415027618408e-01
4.953374266624450684e-01
4.626312255859375000e-01
4.102533161640167236e-01
3.947426676750183105e-01
4.300360679626464844e-01
4.084582626819610596e-01
3.315003216266632080e-01
3.329253494739532471e-01
3.835175335407257080e-01
4.494567215442657471e-01
3.954676687717437744e-01
3.319487571716308594e-01
3.569470345973968506e-01
4.016112983226776123e-01
3.896619975566864014e-01
2.185887098312377930e-01
3.610557615756988525e-01
3.330991268157958984e-01
3.415690362453460693e-01
2.907274365425109863e-01
2.934048175811767578e-01
3.398504555225372314e-01
3.720939457416534424e-01
3.710148334503173828e-01
1.503385663032531738e+00
7.206083536148071289e-01
9.945563673973083496e-01
1.221201896667480469e+00
1.192605257034301758e+00
9.860316514968872070e-01
2.247618913650512695e+00
2.372159004211425781e+00
2.307621717453002930e+00
2.550209999084472656e+00
1.927308320999145508e+00
1.957511663436889648e+00
2.472789287567138672e+00
2.021213293075561523e+00
1.887341022491455078e+00
2.036242485046386719e+00
2.066266775131225586e+00
1.962698101997375488e+00
2.678087472915649414e+00
2.044365167617797852e+00
1.691983461380004883e+00
1.700814366340637207e+00
1.838973402976989746e+00
2.758204698562622070e+00
2.625724315643310547e+00
2.791260719299316406e+00
2.553088188171386719e+00
2.424730062484741211e+00
2.473548412322998047e+00
2.509497404098510742e+00
2.259891510009765625e+00
1.462947726249694824e+00
9.016391038894653320e-01
9.175150990486145020e-01
7.651021480560302734e-01
6.537928581237792969e-01
5.981512665748596191e-01
5.724716186523437500e-01
8.253603577613830566e-01
6.395671963691711426e-01
4.152674078941345215e-01
4.013062119483947754e-01
5.276039838790893555e-01
4.478036463260650635e-01
3.547213673591613770e-01
3.854131996631622314e-01
4.168357849121093750e-01
4.255194664001464844e-01
3.890872001647949219e-01
3.238444924354553223e-01
3.755782842636108398e-01
3.927606642246246338e-01
3.352943956851959229e-01
2.318588793277740479e-01
3.362945616245269775e-01
3.941865265369415283e-01
3.083494603633880615e-01
1.997960060834884644e-01
3.163090050220489502e-01
3.602216839790344238e-01
3.625953793525695801e-01
2.720136642456054688e-01
3.039633631706237793e-01
3.234698176383972168e-01
4.175583124160766602e-01
3.083245158195495605e-01
3.194912672042846680e-01
4.651337563991546631e-01
4.526998400688171387e-01
5.179669260978698730e-01
4.667257070541381836e-01
4.434098601341247559e-01
1.346472024917602539e+00
1.625160813331604004e+00
1.351266503334045410e+00
1.108771800994873047e+00
3.672021329402923584e-01
4.311757683753967285e-01
5.011233687400817871e-01
4.432221055030822754e-01
5.046753883361816406e-01
5.072154402732849121e-01
6.801421642303466797e-01
7.688972949981689453e-01
2.147538185119628906e+00
2.583925247192382812e+00
2.536240577697753906e+00
2.380294322967529297e+00
2.333349466323852539e+00
2.809072732925415039e+00
2.726627349853515625e+00
2.166647195816040039e+00
1.479722857475280762e+00
1.673007369041442871e+00
1.408633112907409668e+00
1.413853287696838379e+00
1.564973831176757812e+00
1.598566174507141113e+00
1.301333308219909668e+00
1.360782980918884277e+00
1.432612299919128418e+00
1.292141675949096680e+00
1.337771654129028320e+00
1.279862403869628906e+00
1.332136988639831543e+00
1.400738000869750977e+00
1.629606962203979492e+00
1.417637705802917480e+00
1.346588015556335449e+00
1.441888213157653809e+00
1.416906118392944336e+00
1.325492620468139648e+00
1.368697285652160645e+00
1.443020820617675781e+00
1.406602501869201660e+00
1.402229309082031250e+00
1.467792391777038574e+00
1.494194626808166504e+00
1.350966095924377441e+00
1.363924145698547363e+00
1.813341140747070312e+00
1.338431119918823242e+00
1.339964985847473145e+00
8.540937900543212891e-01
3.651151359081268311e-01
3.752343058586120605e-01
2.976039946079254150e-01
3.119418025016784668e-01
3.381828367710113525e-01
3.681483268737792969e-01
2.831371128559112549e-01
2.645365595817565918e-01
2.964327931404113770e-01
3.674515485763549805e-01
2.703422307968139648e-01
2.128526568412780762e-01
3.108407557010650635e-01
4.431963264942169189e-01
1.210640907287597656e+00
8.254349231719970703e-01
8.437438607215881348e-01
8.887923955917358398e-01
1.004048109054565430e+00
8.691582083702087402e-01
8.128439784049987793e-01
8.857877254486083984e-01
8.868103623390197754e-01
1.180879592895507812e+00
1.187968015670776367e+00
1.131012439727783203e+00
1.223690748214721680e+00
1.314297080039978027e+00
1.590672969818115234e+00
1.788777589797973633e+00
2.037474870681762695e+00
1.967640399932861328e+00
1.911182522773742676e+00
1.859029650688171387e+00
1.334226727485656738e+00
1.272925257682800293e+00
2.765249967575073242e+00
2.232093572616577148e+00
3.113096714019775391e+00
3.943720817565917969e+00
2.865399360656738281e+00
2.456944942474365234e+00
2.445666074752807617e+00
1.667513012886047363e+00
1.047647476196289062e+00
1.310321569442749023e+00
2.129333734512329102e+00
2.313112974166870117e+00
1.260262250900268555e+00
1.379633784294128418e+00
1.418028354644775391e+00
9.921793937683105469e-01
1.264403820037841797e+00
1.192616462707519531e+00
1.025955677032470703e+00
6.396055817604064941e-01
7.517713904380798340e-01
7.770341634750366211e-01
6.891874074935913086e-01
6.003906726837158203e-01
5.397942066192626953e-01
5.152922868728637695e-01
5.322816967964172363e-01
4.213731884956359863e-01
4.426574409008026123e-01
5.495465993881225586e-01
5.438724756240844727e-01
4.027496278285980225e-01
4.707004129886627197e-01
3.950302004814147949e-01
4.891970753669738770e-01
4.911574423313140869e-01
4.224336743354797363e-01
3.892272710800170898e-01
4.392539858818054199e-01
4.090694785118103027e-01
4.374098479747772217e-01
4.053823351860046387e-01
4.632616639137268066e-01
4.193166494369506836e-01
4.798270463943481445e-01
1.429146766662597656e+00
1.241644382476806641e+00
1.387135505676269531e+00
1.191849589347839355e+00
4.154310226440429688e-01
4.365294575691223145e-01
5.812994837760925293e-01
5.042988061904907227e-01
6.065205931663513184e-01
5.471773147583007812e-01
5.639356374740600586e-01
6.329967975616455078e-01
5.083357095718383789e-01
5.444872975349426270e-01
5.433042645454406738e-01
5.603534579277038574e-01
6.099185943603515625e-01
5.964611768722534180e-01
4.886384606361389160e-01
4.443132877349853516e-01
6.611387133598327637e-01
6.302561163902282715e-01
6.030017137527465820e-01
2.147324800491333008e+00
2.597011566162109375e+00
2.604807853698730469e+00
2.448674917221069336e+00
2.504408597946166992e+00
2.556099653244018555e+00
2.670163154602050781e+00
2.042879819869995117e+00
1.917421817779541016e+00
1.346808910369873047e+00
1.466787099838256836e+00
1.577198863029479980e+00
1.326356053352355957e+00
1.351258635520935059e+00
1.274378299713134766e+00
1.437526226043701172e+00
1.235410809516906738e+00
1.298016428947448730e+00
1.334817409515380859e+00
1.454192757606506348e+00
1.365863323211669922e+00
1.211649894714355469e+00
1.143633842468261719e+00
1.263694763183593750e+00
1.350442647933959961e+00
1.255555987358093262e+00
1.219282627105712891e+00
1.239417076110839844e+00
1.375346302986145020e+00
1.318142652511596680e+00
1.254854559898376465e+00
1.368443489074707031e+00
1.347959280014038086e+00
1.303938031196594238e+00
1.326014995574951172e+00
1.281072020530700684e+00
2.457485198974609375e+00
1.347903370857238770e+00
1.147100090980529785e+00
8.305304050445556641e-01
7.867586016654968262e-01
1.372977852821350098e+00
4.339795112609863281e-01
3.886664509773254395e-01
3.598489165306091309e-01
9.669278264045715332e-01
4.028323888778686523e-01
3.280743658542633057e-01
3.735872507095336914e-01
3.605092167854309082e-01
2.796609997749328613e-01
3.183093667030334473e-01
3.314762115478515625e-01
3.344825208187103271e-01
3.722340166568756104e-01
3.502168357372283936e-01
4.467050433158874512e-01
3.330533802509307861e-01
4.644493162631988525e-01
5.841706395149230957e-01
6.139196157455444336e-01
6.053784489631652832e-01
6.602857112884521484e-01
6.866999864578247070e-01
6.701515913009643555e-01
6.617132425308227539e-01
6.233973503112792969e-01
7.161238193511962891e-01
9.855374097824096680e-01
2.953340291976928711e+00
3.834914684295654297e+00
3.002665042877197266e+00
2.866212844848632812e+00
3.390980005264282227e+00
2.277041912078857422e+00
2.336673021316528320e+00
3.092520236968994141e+00
2.916331768035888672e+00
2.531737327575683594e+00
3.412624835968017578e+00
2.732472181320190430e+00
1.358768939971923828e+00
1.654146075248718262e+00
1.919722318649291992e+00
1.768469095230102539e+00
2.711251735687255859e+00
1.408569455146789551e+00
2.613518714904785156e+00
2.536072015762329102e+00
9.575095772743225098e-01
1.252234935760498047e+00
1.623636007308959961e+00
7.628449201583862305e-01
6.824287176132202148e-01
1.320699453353881836e+00
8.042690753936767578e-01
6.878290176391601562e-01
9.868928194046020508e-01
6.273139119148254395e-01
3.286190032958984375e-01
3.660035133361816406e-01
4.439533948898315430e-01
4.337437748908996582e-01
2.883340120315551758e-01
4.151393771171569824e-01
4.028691351413726807e-01
3.848748803138732910e-01
3.533026278018951416e-01
2.902573645114898682e-01
3.002627491950988770e-01
3.044767379760742188e-01
3.279444575309753418e-01
2.956762909889221191e-01
2.940536141395568848e-01
2.224787026643753052e-01
3.352749347686767578e-01
2.422759681940078735e-01
1.188731670379638672e+00
1.135584712028503418e+00
1.033620834350585938e+00
3.374597728252410889e-01
2.565663456916809082e-01
3.068548142910003662e-01
2.167632132768630981e-01
2.741116285324096680e-01
3.666736781597137451e-01
2.786931693553924561e-01
2.810188829898834229e-01
3.389248251914978027e-01
5.065274834632873535e-01
3.578825294971466064e-01
3.941613137722015381e-01
3.997948467731475830e-01
3.862705826759338379e-01
2.890436649322509766e-01
3.148398399353027344e-01
5.345847010612487793e-01
3.581489622592926025e-01
4.578907191753387451e-01
5.600554943084716797e-01
4.316030740737915039e-01
3.860354125499725342e-01
4.933238923549652100e-01
1.671106457710266113e+00
1.955865502357482910e+00
2.177983045578002930e+00
2.419821977615356445e+00
2.647790670394897461e+00
1.892956376075744629e+00
1.894863009452819824e+00
2.165838956832885742e+00
1.829453349113464355e+00
1.582950592041015625e+00
1.625759720802307129e+00
1.611008882522583008e+00
1.427864313125610352e+00
1.295763134956359863e+00
1.487052440643310547e+00
1.358648061752319336e+00
1.463357210159301758e+00
1.363133668899536133e+00
1.371219754219055176e+00
1.321900248527526855e+00
1.454355120658874512e+00
1.365475296974182129e+00
1.356568455696105957e+00
1.233994007110595703e+00
1.320902228355407715e+00
1.287546992301940918e+00
1.254930496215820312e+00
1.446604132652282715e+00
1.376454234123229980e+00
1.178987503051757812e+00
1.395597219467163086e+00
1.413708806037902832e+00
1.337121248245239258e+00
1.440156221389770508e+00
1.338447809219360352e+00
1.517179965972900391e+00
1.318264842033386230e+00
1.424757122993469238e+00
2.233238935470581055e+00
1.503274440765380859e+00
1.436056852340698242e+00
1.451494812965393066e+00
1.538271546363830566e+00
1.311481237411499023e+00
1.375007033348083496e+00
2.207864284515380859e+00
1.714856386184692383e+00
1.300906062126159668e+00
1.261495113372802734e+00
1.445659279823303223e+00
1.267720699310302734e+00
1.834553241729736328e+00
1.633025765419006348e+00
1.608703970909118652e+00
1.711022257804870605e+00
1.700611710548400879e+00
1.803265213966369629e+00
1.771844387054443359e+00
1.583836674690246582e+00
1.705330848693847656e+00
9.972838759422302246e-01
1.600800395011901855e+00
1.046747922897338867e+00
1.486823320388793945e+00
9.184697866439819336e-01
6.372392773628234863e-01
6.332243084907531738e-01
6.912264227867126465e-01
6.096639633178710938e-01
9.707040786743164062e-01
1.218504786491394043e+00
1.260707616806030273e+00
1.236746549606323242e+00
1.397060155868530273e+00
1.453286886215209961e+00
1.274471163749694824e+00
9.667532444000244141e-01
1.557164788246154785e+00
1.725616931915283203e+00
1.472932100296020508e+00
1.604497671127319336e+00
1.858717799186706543e+00
2.928877353668212891e+00
1.698514342308044434e+00
1.224511861801147461e+00
1.062470197677612305e+00
1.643755078315734863e+00
1.047008872032165527e+00
2.330676555633544922e+00
2.097743749618530273e+00
1.882345318794250488e+00
1.894008159637451172e+00
1.820023894309997559e+00
9.119679331779479980e-01
5.264782309532165527e-01
3.792226910591125488e-01
3.936704099178314209e-01
4.138525128364562988e-01
4.082107543945312500e-01
3.185790777206420898e-01
3.365541398525238037e-01
4.204618334770202637e-01
3.433317542076110840e-01
3.372193872928619385e-01
4.232397973537445068e-01
4.063559174537658691e-01
3.322752118110656738e-01
3.530701994895935059e-01
3.558591306209564209e-01
2.966123223304748535e-01
3.661608397960662842e-01
3.810314536094665527e-01
3.136782050132751465e-01
2.691320776939392090e-01
3.881368935108184814e-01
3.457630276679992676e-01
2.774150669574737549e-01
2.814423739910125732e-01
3.381033539772033691e-01
2.396772503852844238e-01
7.529231309890747070e-01
2.805849909782409668e-01
3.265366852283477783e-01
3.353853821754455566e-01
3.604442477226257324e-01
4.709399640560150146e-01
3.561055362224578857e-01
2.789538502693176270e-01
4.648590981960296631e-01
4.691081643104553223e-01
3.527919948101043701e-01
3.648457229137420654e-01
4.027973115444183350e-01
3.606933951377868652e-01
4.037007391452789307e-01
4.383099973201751709e-01
5.450856685638427734e-01
1.412827253341674805e+00
1.514253377914428711e+00
1.453184366226196289e+00
1.250207185745239258e+00
6.179885864257812500e-01
4.343648850917816162e-01
6.145099997520446777e-01
4.623585045337677002e-01
1.579194664955139160e+00
2.036674499511718750e+00
2.536138772964477539e+00
2.825512170791625977e+00
2.112900733947753906e+00
2.511855840682983398e+00
2.387412071228027344e+00
2.502863645553588867e+00
2.284266233444213867e+00
2.312349319458007812e+00
2.133665084838867188e+00
1.328472852706909180e+00
1.606949806213378906e+00
1.321620702743530273e+00
2.676239252090454102e+00
1.365318775177001953e+00
1.310489892959594727e+00
1.573220133781433105e+00
1.544972062110900879e+00
1.570446729660034180e+00
7.360951900482177734e-01
2.354135751724243164e+00
1.432242512702941895e+00
6.180872321128845215e-01
8.032192587852478027e-01
1.891367435455322266e+00
1.943848133087158203e+00
2.666364192962646484e+00
3.251571655273437500e+00
3.163350820541381836e+00
2.586277246475219727e+00
1.538940310478210449e+00
2.638894081115722656e+00
1.782638072967529297e+00
8.306046724319458008e-01
1.148261427879333496e+00
6.436364650726318359e-01
5.494561195373535156e-01
2.029329776763916016e+00
5.038906335830688477e-01
8.350828886032104492e-01
1.851934909820556641e+00
1.571632027626037598e+00
1.427737355232238770e+00
7.896686792373657227e-01
1.338955402374267578e+00
2.150427579879760742e+00
5.012365579605102539e-01
5.465438365936279297e-01
5.635477900505065918e-01
4.994908273220062256e-01
1.601435422897338867e+00
1.549250006675720215e+00
1.503939151763916016e+00
1.286052942276000977e+00
1.516490817070007324e+00
1.450507044792175293e+00
1.674064040184020996e+00
1.514267683029174805e+00
1.396520733833312988e+00
1.600274085998535156e+00
1.485449552536010742e+00
1.371096968650817871e+00
1.764664888381958008e+00
2.114647865295410156e+00
2.042114973068237305e+00
1.977815985679626465e+00
2.207898855209350586e+00
3.085237979888916016e+00
4.816419124603271484e+00
5.062513351440429688e+00
5.095932483673095703e+00
4.857048034667968750e+00
4.325798988342285156e+00
4.154602527618408203e+00
3.477530479431152344e+00
3.227455854415893555e+00
2.524422168731689453e+00
2.958244562149047852e+00
2.835872411727905273e+00
2.196831941604614258e+00
2.640924692153930664e+00
1.979449152946472168e+00
1.603641390800476074e+00
1.704713106155395508e+00
1.673422336578369141e+00
1.753322720527648926e+00
1.566966056823730469e+00
2.565275669097900391e+00
1.586290121078491211e+00
1.709057569503784180e+00
1.857450842857360840e+00
1.864177227020263672e+00
1.478629946708679199e+00
1.808320164680480957e+00
1.293761372566223145e+00
8.944541215896606445e-01
7.871524691581726074e-01
7.257422208786010742e-01
8.128637075424194336e-01
7.516949176788330078e-01
8.326894640922546387e-01
6.899554729461669922e-01
5.395855903625488281e-01
6.786625981330871582e-01
7.257115244865417480e-01
4.933540523052215576e-01
4.525581300258636475e-01
4.828958511352539062e-01
3.410106897354125977e-01
3.276615738868713379e-01
4.360689520835876465e-01
3.093625307083129883e-01
2.782332301139831543e-01
3.411968052387237549e-01
8.934950828552246094e-01
1.279515624046325684e+00
1.155462026596069336e+00
1.079495429992675781e+00
2.172598838806152344e-01
2.182808965444564819e-01
3.482370078563690186e-01
3.660706579685211182e-01
2.373276799917221069e-01
3.137924969196319580e-01
4.284764528274536133e-01
3.031917810440063477e-01
2.772544324398040771e-01
4.331879019737243652e-01
4.327485263347625732e-01
4.322562515735626221e-01
5.782188773155212402e-01
5.280197858810424805e-01
4.180522263050079346e-01
3.954558670520782471e-01
4.449724853038787842e-01
3.600196540355682373e-01
3.833763599395751953e-01
4.623094499111175537e-01
3.301925957202911377e-01
3.153795301914215088e-01
4.094060957431793213e-01
3.577865958213806152e-01
4.496845006942749023e-01
4.965234398841857910e-01
1.478471875190734863e+00
1.778126358985900879e+00
1.602955341339111328e+00
2.157615423202514648e+00
2.492683649063110352e+00
2.211539983749389648e+00
1.649015545845031738e+00
1.618358254432678223e+00
1.490253448486328125e+00
1.469045877456665039e+00
1.556725978851318359e+00
1.390620946884155273e+00
1.339712500572204590e+00
1.445276379585266113e+00
1.468584537506103516e+00
1.268049597740173340e+00
1.340424299240112305e+00
1.517471909523010254e+00
3.917328119277954102e-01
3.598275184631347656e-01
3.850516676902770996e-01
3.168640434741973877e-01
2.596211731433868408e-01
3.296814262866973877e-01
4.830627739429473877e-01
2.674809098243713379e-01
2.003104835748672485e-01
4.227795898914337158e-01
4.438352584838867188e-01
2.798219025135040283e-01
3.646804392337799072e-01
4.675052464008331299e-01
4.101878106594085693e-01
4.125549197196960449e-01
4.774451255798339844e-01
4.651257991790771484e-01
3.410847187042236328e-01
4.563697576522827148e-01
4.451594054698944092e-01
3.767782747745513916e-01
2.669765949249267578e-01
3.726224303245544434e-01
3.853487968444824219e-01
3.333088159561157227e-01
2.883414030075073242e-01
3.799153268337249756e-01
2.797089815139770508e-01
2.460017800331115723e-01
2.978471219539642334e-01
3.051855564117431641e-01
2.792114913463592529e-01
3.407371640205383301e-01
2.820363342761993408e-01
2.913540303707122803e-01
3.820294439792633057e-01
4.508759975433349609e-01
3.955920934677124023e-01
3.246327936649322510e-01
5.042450428009033203e-01
4.555458128452301025e-01
3.410233259201049805e-01
4.117786884307861328e-01
4.396563470363616943e-01
4.200728833675384521e-01
1.656412959098815918e+00
1.338964462280273438e+00
1.294355034828186035e+00
8.130410313606262207e-01
2.886125147342681885e-01
5.861186385154724121e-01
2.616382539272308350e-01
4.043360948562622070e-01
4.096275568008422852e-01
5.163286924362182617e-01
3.853433132171630859e-01
3.557415604591369629e-01
3.850116431713104248e-01
4.742642343044281006e-01
4.240960776805877686e-01
4.960550069808959961e-01
4.659801721572875977e-01
3.609614670276641846e-01
3.969869911670684814e-01
1.614045381546020508e+00
1.909808993339538574e+00
1.439281821250915527e+00
1.327945470809936523e+00
1.467848896980285645e+00
5.834587812423706055e-01
1.057124733924865723e+00
1.392270803451538086e+00
1.957911372184753418e+00
1.824652552604675293e+00
1.851007699966430664e+00
1.273658990859985352e+00
9.262418150901794434e-01
4.543422460556030273e-01
3.871879875659942627e-01
3.546807765960693359e-01
4.952006638050079346e-01
3.306763768196105957e-01
2.245593816041946411e-01
3.669880628585815430e-01
4.541065096855163574e-01
3.532187640666961670e-01
2.871989905834197998e-01
4.127229452133178711e-01
4.372552633285522461e-01
2.573390305042266846e-01
3.169594407081604004e-01
4.277451634407043457e-01
3.026992082595825195e-01
2.453793138265609741e-01
4.082414507865905762e-01
3.041933178901672363e-01
2.683495283126831055e-01
2.945735752582550049e-01
3.342043161392211914e-01
2.996402680873870850e-01
2.791881859302520752e-01
3.886215090751647949e-01
2.396969795227050781e-01
3.441677689552307129e-01
3.967866003513336182e-01
2.804942727088928223e-01
2.590458393096923828e-01
4.358803927898406982e-01
4.832916557788848877e-01
3.183008730411529541e-01
3.654394149780273438e-01
4.822078645229339600e-01
4.335872828960418701e-01
3.484288752079010010e-01
3.183614313602447510e-01
4.064592421054840088e-01
2.741080522537231445e-01
3.058554530143737793e-01
4.289125502109527588e-01
2.931647300720214844e-01
3.338117897510528564e-01
4.050868451595306396e-01
8.784292936325073242e-01
1.188906908035278320e+00
2.122452497482299805e+00
2.659616470336914062e+00
1.944398283958435059e+00
2.013720273971557617e+00
2.240480422973632812e+00
2.015078783035278320e+00
2.076526165008544922e+00
2.161393880844116211e+00
2.070057868957519531e+00
1.675104260444641113e+00
2.337940454483032227e+00
2.535186529159545898e+00
2.381321668624877930e+00
2.486052274703979492e+00
1.329721689224243164e+00
1.760444641113281250e+00
1.583310961723327637e+00
1.459519028663635254e+00
1.474522113800048828e+00
1.497867822647094727e+00
2.726462364196777344e+00
2.414790630340576172e+00
3.328660488128662109e+00
2.863726377487182617e+00
2.695703744888305664e+00
1.606497168540954590e+00
2.621109485626220703e+00
2.810429811477661133e+00
2.351892232894897461e+00
3.183937788009643555e+00
1.756731629371643066e+00
2.136669874191284180e+00
2.120616436004638672e+00
2.029752969741821289e+00
1.929451704025268555e+00
1.656153678894042969e+00
2.173879384994506836e+00
1.778295278549194336e+00
1.895434856414794922e+00
1.886839151382446289e+00
1.836017251014709473e+00
1.640087962150573730e+00
2.505725622177124023e+00
2.407934904098510742e+00
1.277886152267456055e+00
1.563047170639038086e+00
1.512815237045288086e+00
1.709584951400756836e+00
1.883865952491760254e+00
1.917276859283447266e+00
2.835390567779541016e+00
2.553491830825805664e+00
5.104613304138183594e-01
5.764931440353393555e-01
7.806980013847351074e-01
7.499571442604064941e-01
8.193576335906982422e-01
1.148237586021423340e+00
7.629942893981933594e-01
8.399903178215026855e-01
8.365128636360168457e-01
7.521446943283081055e-01
7.315571904182434082e-01
8.134346604347229004e-01
6.909693479537963867e-01
7.015092372894287109e-01
7.199198007583618164e-01
9.873327612876892090e-01
1.058952927589416504e+00
3.394788265228271484e+00
3.894837141036987305e+00
4.578950405120849609e+00
3.453414440155029297e+00
3.025493621826171875e+00
3.169222831726074219e+00
1.655528187751770020e+00
1.382519245147705078e+00
1.875488758087158203e+00
3.843702554702758789e+00
3.117655754089355469e+00
1.360977053642272949e+00
1.357671380043029785e+00
1.755689859390258789e+00
1.788697838783264160e+00
1.578823804855346680e+00
1.866408944129943848e+00
2.102281093597412109e+00
2.070591688156127930e+00
2.593023777008056641e+00
2.501401185989379883e+00
2.700468540191650391e+00
2.019355058670043945e+00
1.644144058227539062e+00
1.827307224273681641e+00
1.352490663528442383e+00
3.289106488227844238e-01
4.998493492603302002e-01
2.997145652770996094e-01
2.782853245735168457e-01
2.520102858543395996e-01
3.826376795768737793e-01
3.134372830390930176e-01
3.658853769302368164e-01
4.704279601573944092e-01
4.513436257839202881e-01
3.086512386798858643e-01
4.084941446781158447e-01
3.231734931468963623e-01
4.250222742557525635e-01
3.386446833610534668e-01
3.528155386447906494e-01
2.910700738430023193e-01
2.900696098804473877e-01
3.428337275981903076e-01
3.294495344161987305e-01
2.635311782360076904e-01
3.026748299598693848e-01
3.656995296478271484e-01
2.585247755050659180e-01
1.837993711233139038e-01
3.441562652587890625e-01
4.078779816627502441e-01
2.604911625385284424e-01
2.678833007812500000e-01
3.706437051296234131e-01
1.804753839969635010e-01
1.779416352510452271e-01
3.327710330486297607e-01
4.023995995521545410e-01
3.011510968208312988e-01
2.511756718158721924e-01
4.974687993526458740e-01
3.903022706508636475e-01
2.808601856231689453e-01
4.749683737754821777e-01
4.657910466194152832e-01
5.133835077285766602e-01
6.924670338630676270e-01
4.617357552051544189e-01
4.962545633316040039e-01
5.511958599090576172e-01
5.277122259140014648e-01
6.238904595375061035e-01
6.081758737564086914e-01
1.660161495208740234e+00
1.908695936203002930e+00
2.575337409973144531e+00
2.037909269332885742e+00
2.233638286590576172e+00
2.298611402511596680e+00
2.577500343322753906e+00
2.442287683486938477e+00
1.606028556823730469e+00
2.190566778182983398e+00
1.939618587493896484e+00
1.432531356811523438e+00
1.327108383178710938e+00
1.262710690498352051e+00
1.247157335281372070e+00
1.162018656730651855e+00
1.223203659057617188e+00
1.322757959365844727e+00
1.410812377929687500e+00
1.943185091018676758e+00
1.516154289245605469e+00
1.480190157890319824e+00
1.549280047416687012e+00
1.616105198860168457e+00
1.614375114440917969e+00
1.529226303100585938e+00
1.371921539306640625e+00
1.457420587539672852e+00
1.986418366432189941e+00
2.272946834564208984e+00
1.663078188896179199e+00
1.417498469352722168e+00
1.538220763206481934e+00
1.802909493446350098e+00
1.095438599586486816e+00
6.633577942848205566e-01
5.598622560501098633e-01
6.083531975746154785e-01
4.273287951946258545e-01
2.089699983596801758e+00
6.649264693260192871e-01
4.874179065227508545e-01
5.095483064651489258e-01
6.354941129684448242e-01
1.614617109298706055e+00
1.598144650459289551e+00
1.791538000106811523e+00
2.658395767211914062e+00
4.188843965530395508e-01
4.135537445545196533e-01
4.103347361087799072e-01
4.867351353168487549e-01
4.184751510620117188e-01
7.397713661193847656e-01
7.182543873786926270e-01
4.133021235466003418e-01
6.916027665138244629e-01
7.426721453666687012e-01
5.747559070587158203e-01
5.598806142807006836e-01
6.930932998657226562e-01
1.249240756034851074e+00
1.177501082420349121e+00
1.380878448486328125e+00
7.346062660217285156e-01
7.141605019569396973e-01
8.007491230964660645e-01
1.365836501121520996e+00
1.479533433914184570e+00
1.872942566871643066e+00
1.884869456291198730e+00
2.008672237396240234e+00
1.948009252548217773e+00
3.120141029357910156e+00
2.709665775299072266e+00
2.482588768005371094e+00
2.629609346389770508e+00
2.254792690277099609e+00
1.571880340576171875e+00
1.683273673057556152e+00
3.196518898010253906e+00
2.558248996734619141e+00
3.126393556594848633e+00
2.474936008453369141e+00
2.712636470794677734e+00
2.521857738494873047e+00
2.112997531890869141e+00
1.224599003791809082e+00
1.428814053535461426e+00
1.131558418273925781e+00
1.078309178352355957e+00
1.252513408660888672e+00
8.273719549179077148e-01
5.901547670364379883e-01
7.028355598449707031e-01
7.307088971138000488e-01
6.644747257232666016e-01
6.749170422554016113e-01
6.592783927917480469e-01
5.664014220237731934e-01
5.184987187385559082e-01
6.477753520011901855e-01
5.870678424835205078e-01
2.484889477491378784e-01
4.082995355129241943e-01
5.029732584953308105e-01
4.290386140346527100e-01
3.253438174724578857e-01
4.059494435787200928e-01
3.590381145477294922e-01
2.027669548988342285e-01
2.730497717857360840e-01
3.710109889507293701e-01
3.029097318649291992e-01
2.305133342742919922e-01
2.584082782268524170e-01
3.317201435565948486e-01
2.552468478679656982e-01
1.928580403327941895e-01
2.959084510803222656e-01
1.249650239944458008e+00
1.234471559524536133e+00
1.154123306274414062e+00
9.494812488555908203e-01
2.242562323808670044e-01
1.982147395610809326e-01
4.118047058582305908e-01
3.456391096115112305e-01
2.531190216541290283e-01
3.787709772586822510e-01
4.473247826099395752e-01
3.296666145324707031e-01
3.607347905635833740e-01
3.285296559333801270e-01
3.625328838825225830e-01
3.220160007476806641e-01
3.478946685791015625e-01
4.463182985782623291e-01
3.530471622943878174e-01
4.348472952842712402e-01
4.629283547401428223e-01
6.017255187034606934e-01
4.317648112773895264e-01
6.889881491661071777e-01
1.897232651710510254e+00
1.752732634544372559e+00
1.971700310707092285e+00
1.814007163047790527e+00
2.769577980041503906e+00
1.860089063644409180e+00
3.951072216033935547e+00
2.841561317443847656e+00
1.673943996429443359e+00
2.018417119979858398e+00
1.702158451080322266e+00
1.718004345893859863e+00
1.347080588340759277e+00
2.189098119735717773e+00
1.617961049079895020e+00
1.322705030441284180e+00
1.569695711135864258e+00
1.616652250289916992e+00
1.376521110534667969e+00
1.431111812591552734e+00
1.385004401206970215e+00
1.283905863761901855e+00
1.715312480926513672e+00
1.291131377220153809e+00
1.342364907264709473e+00
1.374218702316284180e+00
1.395672321319580078e+00
1.233041048049926758e+00
1.311934828758239746e+00
1.514175534248352051e+00
1.414505004882812500e+00
1.318212032318115234e+00
1.293731808662414551e+00
1.466605067253112793e+00
2.282616376876831055e+00
1.388680338859558105e+00
1.480136752128601074e+00
1.767379879951477051e+00
1.290945291519165039e+00
2.270792245864868164e+00
2.618835210800170898e+00
1.476720929145812988e+00
1.547753334045410156e+00
1.713380932807922363e+00
1.682348012924194336e+00
1.350206851959228516e+00
1.816627025604248047e+00
2.935751438140869141e+00
2.350301504135131836e+00
1.223480701446533203e+00
1.558685779571533203e+00
1.511234760284423828e+00
1.490612149238586426e+00
1.550349354743957520e+00
1.816659927368164062e+00
1.590626358985900879e+00
3.975151777267456055e-01
5.882193446159362793e-01
1.158811688423156738e+00
8.604786396026611328e-01
7.615796923637390137e-01
2.410849094390869141e+00
2.180287122726440430e+00
2.301046371459960938e+00
2.050111293792724609e+00
2.321039915084838867e+00
9.008666872978210449e-01
9.523718357086181641e-01
2.183903932571411133e+00
2.460043668746948242e+00
2.308015108108520508e+00
2.492387771606445312e+00
2.273852109909057617e+00
1.918730378150939941e+00
1.532069802284240723e+00
1.907679080963134766e+00
1.667328000068664551e+00
1.952178001403808594e+00
1.578473210334777832e+00
2.250632286071777344e+00
2.834630489349365234e+00
2.686443805694580078e+00
2.505049943923950195e+00
1.833405375480651855e+00
1.898984074592590332e+00
2.008198976516723633e+00
2.101991415023803711e+00
1.946125388145446777e+00
2.144086122512817383e+00
1.312139034271240234e+00
6.725283265113830566e-01
7.223064303398132324e-01
5.620833039283752441e-01
7.094202637672424316e-01
3.961320817470550537e-01
4.146479368209838867e-01
3.580859005451202393e-01
4.349731206893920898e-01
2.984901666641235352e-01
3.802889287471771240e-01
4.404542446136474609e-01
3.513384461402893066e-01
2.320702075958251953e-01
3.658719360828399658e-01
3.628209531307220459e-01
3.030826747417449951e-01
3.343753516674041748e-01
4.014067947864532471e-01
2.336679250001907349e-01
2.872631251811981201e-01
2.618613541126251221e-01
2.859474420547485352e-01
2.414284646511077881e-01
3.138487040996551514e-01
2.775636017322540283e-01
3.428937494754791260e-01
1.943233609199523926e-01
2.823096215724945068e-01
2.925104498863220215e-01
1.885947138071060181e-01
2.367334365844726562e-01
4.255589544773101807e-01
2.671843469142913818e-01
2.758376300334930420e-01
3.624059557914733887e-01
5.796428322792053223e-01
2.881095409393310547e-01
3.576676249504089355e-01
3.958996236324310303e-01
3.940105438232421875e-01
2.978375256061553955e-01
4.090538620948791504e-01
3.863911628723144531e-01
1.592181682586669922e+00
1.272490501403808594e+00
1.390351772308349609e+00
1.178011417388916016e+00
3.775822222232818604e-01
4.869681298732757568e-01
6.085957884788513184e-01
4.762467741966247559e-01
4.518531560897827148e-01
1.755380868911743164e+00
1.065279364585876465e+00
2.316852331161499023e+00
1.845425605773925781e+00
2.128677845001220703e+00
2.745997428894042969e+00
1.948577761650085449e+00
2.374486684799194336e+00
3.029570102691650391e+00
1.809564590454101562e+00
2.180926799774169922e+00
1.960222005844116211e+00
2.072819948196411133e+00
1.836035609245300293e+00
1.084664940834045410e+00
1.551098704338073730e+00
1.683032274246215820e+00
1.343981623649597168e+00
6.528258919715881348e-01
1.132737040519714355e+00
8.999871015548706055e-01
7.818478941917419434e-01
9.447541236877441406e-01
1.242614150047302246e+00
7.885095477104187012e-01
7.106646299362182617e-01
7.590221166610717773e-01
4.509856402873992920e-01
4.747370481491088867e-01
6.094386577606201172e-01
1.729532957077026367e+00
1.355846166610717773e+00
1.312318325042724609e+00
5.759542584419250488e-01
4.641376733779907227e-01
7.958227396011352539e-01
5.695244669914245605e-01
5.138204097747802734e-01
5.136918425559997559e-01
5.225312113761901855e-01
4.529531300067901611e-01
4.439769685268402100e-01
3.401064574718475342e-01
3.647887110710144043e-01
4.648703336715698242e-01
3.429746031761169434e-01
2.672676742076873779e-01
3.430634140968322754e-01
3.871929049491882324e-01
2.947994470596313477e-01
3.537658452987670898e-01
3.503755331039428711e-01
2.551698088645935059e-01
3.070277571678161621e-01
4.149165451526641846e-01
3.480536639690399170e-01
3.953793942928314209e-01
4.113540947437286377e-01
4.980463385581970215e-01
3.383204340934753418e-01
7.871642708778381348e-01
6.947894096374511719e-01
8.778060078620910645e-01
6.865363717079162598e-01
1.244452834129333496e+00
1.538143515586853027e+00
1.931157112121582031e+00
1.627392530441284180e+00
1.898654937744140625e+00
1.840624570846557617e+00
1.744386792182922363e+00
1.922357201576232910e+00
2.119577646255493164e+00
2.588250160217285156e+00
2.606800079345703125e+00
2.916660308837890625e+00
3.097958087921142578e+00
2.830882787704467773e+00
2.563743352890014648e+00
1.985340595245361328e+00
1.529890418052673340e+00
1.506276845932006836e+00
2.282323122024536133e+00
1.646581053733825684e+00
1.600663304328918457e+00
1.524706363677978516e+00
1.601309657096862793e+00
1.554471254348754883e+00
1.391728639602661133e+00
1.494771361351013184e+00
1.547849297523498535e+00
1.182142972946166992e+00
9.380502700805664062e-01
1.221003413200378418e+00
1.192840695381164551e+00
9.242965579032897949e-01
9.051173925399780273e-01
1.059644699096679688e+00
1.829737067222595215e+00
1.523807644844055176e+00
1.512361288070678711e+00
1.548454761505126953e+00
5.813271403312683105e-01
4.935143887996673584e-01
6.018587350845336914e-01
4.473267197608947754e-01
3.292494416236877441e-01
4.020975232124328613e-01
4.884666204452514648e-01
3.257080912590026855e-01
2.820267379283905029e-01
3.324857056140899658e-01
3.310551941394805908e-01
2.523970305919647217e-01
2.726468443870544434e-01
3.652393221855163574e-01
2.354301065206527710e-01
2.050065994262695312e-01
2.856113910675048828e-01
3.772919476032257080e-01
2.012799680233001709e-01
2.202198654413223267e-01
2.980143427848815918e-01
3.131733238697052002e-01
2.065396308898925781e-01
2.527676224708557129e-01
3.381636440753936768e-01
3.237957060337066650e-01
2.568311095237731934e-01
4.166375994682312012e-01
4.106488525867462158e-01
3.299505710601806641e-01
3.716301918029785156e-01
4.432601928710937500e-01
3.407297432422637939e-01
3.055728673934936523e-01
4.144366085529327393e-01
