1.732359409332275391e+00
1.267075181007385254e+00
1.378224968910217285e+00
1.492099761962890625e+00
1.320020794868469238e+00
1.380020022392272949e+00
1.854834556579589844e+00
1.818455815315246582e+00
1.202505350112915039e+00
1.396839499473571777e+00
1.490337491035461426e+00
1.327894806861877441e+00
1.412181854248046875e+00
1.426033854484558105e+00
1.158332109451293945e+00
1.231537818908691406e+00
1.222284555435180664e+00
1.228538990020751953e+00
1.056868076324462891e+00
1.062933921813964844e+00
1.206488370895385742e+00
1.168016433715820312e+00
1.040993690490722656e+00
1.064318060874938965e+00
3.570216000080108643e-01
3.293308317661285400e-01
3.392967581748962402e-01
3.673125803470611572e-01
3.195175826549530029e-01
2.834632992744445801e-01
3.886335790157318115e-01
1.235763072967529297e+00
5.265725255012512207e-01
3.694979846477508545e-01
3.560562133789062500e-01
3.157457411289215088e-01
2.958237528800964355e-01
5.755938291549682617e-01
4.838713705539703369e-01
3.341278433799743652e-01
5.128969550132751465e-01
5.051448941230773926e-01
3.260224759578704834e-01
3.887229263782501221e-01
5.190833210945129395e-01
3.604099750518798828e-01
3.661509752273559570e-01
4.333808720111846924e-01
3.816246092319488525e-01
3.683922588825225830e-01
4.212509393692016602e-01
4.045049250125885010e-01
3.354873657226562500e-01
4.104213416576385498e-01
4.963896870613098145e-01
3.156034648418426514e-01
1.577063798904418945e+00
1.730994939804077148e+00
1.983065247535705566e+00
1.629100680351257324e+00
1.445610284805297852e+00
5.583519935607910156e-01
4.499999880790710449e-01
4.771831035614013672e-01
7.131391763687133789e-01
4.980320930480957031e-01
5.299779176712036133e-01
6.375536918640136719e-01
5.296615958213806152e-01
4.222936332225799561e-01
5.279668569564819336e-01
6.420165300369262695e-01
4.635587930679321289e-01
4.830449521541595459e-01
6.025979518890380859e-01
4.894632399082183838e-01
6.682781577110290527e-01
1.820423007011413574e+00
1.754429221153259277e+00
2.128313302993774414e+00
1.872374892234802246e+00
1.938620805740356445e+00
1.759995341300964355e+00
1.836730480194091797e+00
1.651062011718750000e+00
1.448619246482849121e+00
1.458515644073486328e+00
1.452338576316833496e+00
1.486652016639709473e+00
1.411513566970825195e+00
1.420902490615844727e+00
1.458176255226135254e+00
1.397360205650329590e+00
1.419688224792480469e+00
1.498100876808166504e+00
1.533683419227600098e+00
1.537857890129089355e+00
1.669420003890991211e+00
2.193836688995361328e+00
1.205790758132934570e+00
1.363025069236755371e+00
1.556941151618957520e+00
1.497150778770446777e+00
1.420180797576904297e+00
1.497501134872436523e+00
1.475080966949462891e+00
1.375775814056396484e+00
1.326425313949584961e+00
1.435420632362365723e+00
1.359166383743286133e+00
6.959225535392761230e-01
3.850702941417694092e-01
3.690377771854400635e-01
3.619737029075622559e-01
3.894555866718292236e-01
3.533768951892852783e-01
3.388066887855529785e-01
3.435063660144805908e-01
4.196666777133941650e-01
3.548033237457275391e-01
2.924646735191345215e-01
3.572288155555725098e-01
6.381049156188964844e-01
1.189798474311828613e+00
3.628327250480651855e-01
5.908718109130859375e-01
4.250551462173461914e-01
3.371204435825347900e-01
1.048745274543762207e+00
1.481108903884887695e+00
1.548510670661926270e+00
1.427727222442626953e+00
1.627375006675720215e+00
1.353558301925659180e+00
1.392512321472167969e+00
1.429207921028137207e+00
1.344570636749267578e+00
1.282308220863342285e+00
1.416397213935852051e+00
1.386762261390686035e+00
1.309672713279724121e+00
1.361105322837829590e+00
1.399547219276428223e+00
1.982977271080017090e+00
1.409208655357360840e+00
1.354212880134582520e+00
1.496523976325988770e+00
2.027695894241333008e+00
1.197950959205627441e+00
1.436293125152587891e+00
1.395589232444763184e+00
1.289631009101867676e+00
1.376224875450134277e+00
1.965208649635314941e+00
1.863241434097290039e+00
7.812807559967041016e-01
6.174765825271606445e-01
4.571939706802368164e-01
4.341209530830383301e-01
6.170799136161804199e-01
4.919909536838531494e-01
3.764389455318450928e-01
5.689351558685302734e-01
4.263272583484649658e-01
3.401190638542175293e-01
3.847139775753021240e-01
4.237827956676483154e-01
3.064014613628387451e-01
3.327647447586059570e-01
1.382750511169433594e+00
1.440350890159606934e+00
1.315032958984375000e+00
1.761270999908447266e+00
1.847713589668273926e+00
9.057648181915283203e-01
3.256831467151641846e-01
5.305603742599487305e-01
3.171189725399017334e-01
3.248860836029052734e-01
4.767842888832092285e-01
3.946190476417541504e-01
3.732939660549163818e-01
5.212640762329101562e-01
5.760548710823059082e-01
4.046414494514465332e-01
4.041022956371307373e-01
5.276628732681274414e-01
4.125587642192840576e-01
3.580171167850494385e-01
5.179145932197570801e-01
4.437620639801025391e-01
1.145830154418945312e+00
6.903980970382690430e-01
5.016739964485168457e-01
3.696372210979461670e-01
3.822210431098937988e-01
1.554841876029968262e+00
7.411555647850036621e-01
4.201219379901885986e-01
1.648131847381591797e+00
1.669690728187561035e+00
1.972400665283203125e+00
1.260673642158508301e+00
1.522601842880249023e+00
1.458055973052978516e+00
1.355878591537475586e+00
1.501038908958435059e+00
5.811815857887268066e-01
8.116072416305541992e-01
5.550737977027893066e-01
6.236651539802551270e-01
6.150538325309753418e-01
5.951647162437438965e-01
5.671557188034057617e-01
4.592631161212921143e-01
3.845347166061401367e-01
4.433119893074035645e-01
4.528133273124694824e-01
4.033915400505065918e-01
3.820083439350128174e-01
3.932299315929412842e-01
3.475627303123474121e-01
2.925822734832763672e-01
3.594210445880889893e-01
3.632893860340118408e-01
3.235903978347778320e-01
3.498610556125640869e-01
5.443080067634582520e-01
1.175306081771850586e+00
3.041870296001434326e-01
3.733251988887786865e-01
2.868357896804809570e-01
3.527733385562896729e-01
3.146627545356750488e-01
3.158682584762573242e-01
3.302249610424041748e-01
5.327572822570800781e-01
5.210157632827758789e-01
3.468106091022491455e-01
4.148156940937042236e-01
5.069520473480224609e-01
3.987809419631958008e-01
3.919597566127777100e-01
5.404778122901916504e-01
5.083315968513488770e-01
4.152558743953704834e-01
4.203932881355285645e-01
4.297644197940826416e-01
3.212485313415527344e-01
3.108807504177093506e-01
4.328817427158355713e-01
3.596479892730712891e-01
2.973068952560424805e-01
1.341345548629760742e+00
1.682064056396484375e+00
1.715875148773193359e+00
1.167239427566528320e+00
9.383774995803833008e-01
3.230959475040435791e-01
3.680671751499176025e-01
1.138195395469665527e+00
1.329251289367675781e+00
1.188514113426208496e+00
1.049616336822509766e+00
1.418839931488037109e+00
1.108650445938110352e+00
1.090680241584777832e+00
1.281325817108154297e+00
1.262900948524475098e+00
1.128618478775024414e+00
1.369489669799804688e+00
1.343304872512817383e+00
1.309085965156555176e+00
1.760618329048156738e+00
1.286717057228088379e+00
1.202904224395751953e+00
1.118728160858154297e+00
1.263468623161315918e+00
1.362816214561462402e+00
1.959958791732788086e+00
1.222193002700805664e+00
1.335068464279174805e+00
1.493782639503479004e+00
2.519170045852661133e+00
2.282491922378540039e+00
2.291522979736328125e+00
2.148309946060180664e+00
2.344171762466430664e+00
1.148059129714965820e+00
5.723545551300048828e-01
9.095841050148010254e-01
8.080650568008422852e-01
5.760238766670227051e-01
5.934395194053649902e-01
5.861529111862182617e-01
4.603362083435058594e-01
1.296244978904724121e+00
1.147897362709045410e+00
1.040189266204833984e+00
1.235356330871582031e+00
1.367532610893249512e+00
1.147620797157287598e+00
1.296007275581359863e+00
1.880017638206481934e+00
6.266928315162658691e-01
4.695826470851898193e-01
6.613453626632690430e-01
5.818226933479309082e-01
5.071307420730590820e-01
4.005154371261596680e-01
3.519198000431060791e-01
3.580664396286010742e-01
3.235772550106048584e-01
3.789696991443634033e-01
3.448077738285064697e-01
3.523098528385162354e-01
4.051150679588317871e-01
2.804948091506958008e-01
3.506049513816833496e-01
4.656921029090881348e-01
3.587448298931121826e-01
3.690426945686340332e-01
6.220200061798095703e-01
3.950049877166748047e-01
3.924369513988494873e-01
4.292200803756713867e-01
5.491543412208557129e-01
4.141718149185180664e-01
1.126443505287170410e+00
9.368579387664794922e-01
4.033921062946319580e-01
3.734271824359893799e-01
4.148375988006591797e-01
4.107033908367156982e-01
1.405841946601867676e+00
2.235805511474609375e+00
2.198750257492065430e+00
1.804533839225769043e+00
1.522390246391296387e+00
1.957415223121643066e+00
2.808130502700805664e+00
1.304767251014709473e+00
1.545139908790588379e+00
2.288780212402343750e+00
1.638955354690551758e+00
1.413268923759460449e+00
1.483188748359680176e+00
3.126441478729248047e+00
1.971024155616760254e+00
1.295977711677551270e+00
1.393727064132690430e+00
1.741564989089965820e+00
7.016659975051879883e-01
4.028493762016296387e-01
7.427023053169250488e-01
4.918012917041778564e-01
3.125982582569122314e-01
4.603044092655181885e-01
4.964642524719238281e-01
3.549771010875701904e-01
3.929889798164367676e-01
4.169802367687225342e-01
3.789255619049072266e-01
3.389905989170074463e-01
4.365741312503814697e-01
3.213962614536285400e-01
3.356463313102722168e-01
3.827607631683349609e-01
1.083478093147277832e+00
7.035482525825500488e-01
4.184757173061370850e-01
3.388927578926086426e-01
3.324443101882934570e-01
3.472434282302856445e-01
3.415350615978240967e-01
3.047453463077545166e-01
3.665385246276855469e-01
5.343012809753417969e-01
2.662376165390014648e-01
3.485289216041564941e-01
5.135877132415771484e-01
4.077787697315216064e-01
3.496694564819335938e-01
4.940302670001983643e-01
4.037023782730102539e-01
3.582917451858520508e-01
4.181511700153350830e-01
4.136828184127807617e-01
4.159586727619171143e-01
4.035872519016265869e-01
3.681110441684722900e-01
3.517948091030120850e-01
1.287088990211486816e+00
1.312764525413513184e+00
5.842509269714355469e-01
6.156332492828369141e-01
9.661850333213806152e-01
7.126408815383911133e-01
7.650955319404602051e-01
1.275069236755371094e+00
1.358116269111633301e+00
1.448025584220886230e+00
1.951353549957275391e+00
2.071849346160888672e+00
1.372128725051879883e+00
1.461172699928283691e+00
1.341428399085998535e+00
4.438585340976715088e-01
1.610696077346801758e+00
1.816681265830993652e+00
1.688637495040893555e+00
1.578586697578430176e+00
1.532441735267639160e+00
1.597381591796875000e+00
1.803076148033142090e+00
2.813447475433349609e+00
2.464982986450195312e+00
2.558716773986816406e+00
3.621770858764648438e+00
3.192027091979980469e+00
2.063380241394042969e+00
9.953117370605468750e-01
1.237453937530517578e+00
1.039316296577453613e+00
9.076645970344543457e-01
1.290156126022338867e+00
7.238879203796386719e-01
3.627587258815765381e-01
3.865164518356323242e-01
3.277035355567932129e-01
3.471008837223052979e-01
3.221897780895233154e-01
3.299727737903594971e-01
4.892604053020477295e-01
1.319995880126953125e+00
3.213765323162078857e-01
4.181791245937347412e-01
5.132573843002319336e-01
4.015899002552032471e-01
4.262929856777191162e-01
4.530961811542510986e-01
5.227025151252746582e-01
1.462573885917663574e+00
1.559884667396545410e+00
1.604781150817871094e+00
1.184220075607299805e+00
2.766130566596984863e-01
3.316724598407745361e-01
3.697641193866729736e-01
3.090755641460418701e-01
3.879118859767913818e-01
4.297389388084411621e-01
3.659075796604156494e-01
3.364735543727874756e-01
3.916272819042205811e-01
3.910423517227172852e-01
4.529476463794708252e-01
1.311386466026306152e+00
3.813866972923278809e-01
4.470945596694946289e-01
3.068723678588867188e-01
3.454053103923797607e-01
4.919089972972869873e-01
3.684073388576507568e-01
4.198462069034576416e-01
5.616039037704467773e-01
5.691758394241333008e-01
3.981919288635253906e-01
4.223969578742980957e-01
5.981299281120300293e-01
5.828560590744018555e-01
4.343276023864746094e-01
6.794451475143432617e-01
1.985473513603210449e+00
2.462126731872558594e+00
2.512427568435668945e+00
2.466040372848510742e+00
2.016968488693237305e+00
1.944170475006103516e+00
2.021221637725830078e+00
2.244752407073974609e+00
1.888375163078308105e+00
4.112069606781005859e+00
4.660800933837890625e+00
4.991580963134765625e+00
3.374422788619995117e+00
2.459126472473144531e+00
1.824982643127441406e+00
1.990905523300170898e+00
1.817900776863098145e+00
2.734959363937377930e+00
2.494091510772705078e+00
3.799180746078491211e+00
5.235155105590820312e+00
3.122981309890747070e+00
3.330151081085205078e+00
3.137228488922119141e+00
1.358049631118774414e+00
1.551528811454772949e+00
4.684408664703369141e+00
4.109222888946533203e+00
3.146593332290649414e+00
3.066670179367065430e+00
2.040218353271484375e+00
5.886488556861877441e-01
4.649100899696350098e-01
1.018137812614440918e+00
2.343522310256958008e+00
2.850160360336303711e+00
2.594294548034667969e+00
2.544806241989135742e+00
6.873558759689331055e-01
7.751535773277282715e-01
1.432002663612365723e+00
4.186287879943847656e+00
2.968896627426147461e+00
1.639209151268005371e+00
1.988124847412109375e+00
1.072139501571655273e+00
3.939639627933502197e-01
1.059353590011596680e+00
9.389361143112182617e-01
3.022453188896179199e-01
6.266199350357055664e-01
8.516112565994262695e-01
1.661671519279479980e+00
7.949171066284179688e-01
4.647478163242340088e-01
4.581998884677886963e-01
3.728224933147430420e-01
5.270823240280151367e-01
8.976273536682128906e-01
5.110533833503723145e-01
3.117008507251739502e-01
5.718746185302734375e-01
5.212958455085754395e-01
4.162566065788269043e-01
7.930266857147216797e-01
1.258717656135559082e+00
1.061323285102844238e+00
8.815120458602905273e-01
1.110955357551574707e+00
1.266046524047851562e+00
1.154231309890747070e+00
1.670740604400634766e+00
2.936331272125244141e+00
2.600679397583007812e+00
2.782327651977539062e+00
5.012683391571044922e+00
4.225111007690429688e+00
3.966695308685302734e+00
3.207277297973632812e+00
2.795011520385742188e+00
2.361918687820434570e+00
5.065324306488037109e+00
4.672321796417236328e+00
4.780334472656250000e+00
3.919141054153442383e+00
3.850300073623657227e+00
3.409812688827514648e+00
3.730852603912353516e+00
2.955310583114624023e+00
2.311624526977539062e+00
2.457270383834838867e+00
3.189717054367065430e+00
2.626458406448364258e+00
1.556520104408264160e+00
2.076736927032470703e+00
1.883168935775756836e+00
1.548597574234008789e+00
1.666225314140319824e+00
1.676616430282592773e+00
4.011483490467071533e-01
3.324339091777801514e-01
4.318116605281829834e-01
2.992157042026519775e-01
2.969464361667633057e-01
3.581961095333099365e-01
4.556877911090850830e-01
3.498210310935974121e-01
3.833895325660705566e-01
1.347362637519836426e+00
6.365619897842407227e-01
2.722573578357696533e-01
3.862801790237426758e-01
4.907002449035644531e-01
2.687398493289947510e-01
4.971590936183929443e-01
5.908588767051696777e-01
2.809909284114837646e-01
2.903988063335418701e-01
5.682038664817810059e-01
4.698581099510192871e-01
2.675335407257080078e-01
4.527308344841003418e-01
5.095908045768737793e-01
3.583520650863647461e-01
4.070335030555725098e-01
5.829547643661499023e-01
4.065568447113037109e-01
3.846164047718048096e-01
5.552610158920288086e-01
1.343040347099304199e+00
3.565764427185058594e-01
3.529808223247528076e-01
5.319749712944030762e-01
3.067027032375335693e-01
2.944061160087585449e-01
4.774306118488311768e-01
4.206164181232452393e-01
3.581086695194244385e-01
4.597751498222351074e-01
6.742258071899414062e-01
4.847580790519714355e-01
4.367010295391082764e-01
6.058632731437683105e-01
6.302136182785034180e-01
1.674458742141723633e+00
2.704508304595947266e+00
3.041926145553588867e+00
2.742669820785522461e+00
2.579169988632202148e+00
2.537976264953613281e+00
1.935948133468627930e+00
1.883141756057739258e+00
2.546081781387329102e+00
1.428225040435791016e+00
1.410956621170043945e+00
2.295652627944946289e+00
1.489561796188354492e+00
1.827688455581665039e+00
2.170551061630249023e+00
1.277113437652587891e+00
1.466267943382263184e+00
1.400396704673767090e+00
1.469741225242614746e+00
1.378196120262145996e+00
1.460429310798645020e+00
1.557394742965698242e+00
1.438637971878051758e+00
1.373175501823425293e+00
1.313161969184875488e+00
1.471987724304199219e+00
1.432967782020568848e+00
1.411189556121826172e+00
1.476600289344787598e+00
1.414683818817138672e+00
1.393570780754089355e+00
1.405970454216003418e+00
1.517656564712524414e+00
1.863153696060180664e+00
1.653878927230834961e+00
2.310755014419555664e+00
1.417733907699584961e+00
1.584182381629943848e+00
1.776945590972900391e+00
2.581073284149169922e+00
1.225069642066955566e+00
1.522241711616516113e+00
1.464099287986755371e+00
1.334187746047973633e+00
1.439212203025817871e+00
1.543315172195434570e+00
1.288736343383789062e+00
1.424812555313110352e+00
1.988500118255615234e+00
1.449127197265625000e+00
1.437508463859558105e+00
1.584844589233398438e+00
1.665716886520385742e+00
1.795164823532104492e+00
1.662014961242675781e+00
1.588732719421386719e+00
9.211934804916381836e-01
1.178963899612426758e+00
1.226728558540344238e+00
5.825532078742980957e-01
5.304324030876159668e-01
1.088025689125061035e+00
9.147911071777343750e-01
8.875622153282165527e-01
7.350673079490661621e-01
9.484388232231140137e-01
1.121339797973632812e+00
1.099863409996032715e+00
1.170440316200256348e+00
1.171262383460998535e+00
1.114869952201843262e+00
1.394674062728881836e+00
1.643868565559387207e+00
1.457578420639038086e+00
1.757430911064147949e+00
2.685048341751098633e+00
1.563790798187255859e+00
1.805759310722351074e+00
2.057137727737426758e+00
1.582119226455688477e+00
1.220538616180419922e+00
2.680380582809448242e+00
2.489176988601684570e+00
2.685751199722290039e+00
2.660132884979248047e+00
2.655512094497680664e+00
2.674940824508666992e+00
1.425408124923706055e+00
1.483283042907714844e+00
2.002050876617431641e+00
1.972889900207519531e+00
1.743183016777038574e+00
1.838330626487731934e+00
1.940147280693054199e+00
1.599034070968627930e+00
8.540809154510498047e-01
9.006339311599731445e-01
8.581041097640991211e-01
3.462196588516235352e-01
3.746800720691680908e-01
3.722246885299682617e-01
2.900443971157073975e-01
3.363581597805023193e-01
3.295421600341796875e-01
2.826544344425201416e-01
2.724771797657012939e-01
3.671039938926696777e-01
3.458589613437652588e-01
2.632348835468292236e-01
3.124058544635772705e-01
3.854984343051910400e-01
2.958574593067169189e-01
2.970067560672760010e-01
1.113150000572204590e+00
1.166767716407775879e+00
3.601457476615905762e-01
1.308775663375854492e+00
1.521293640136718750e+00
1.401868820190429688e+00
1.189740061759948730e+00
3.167119324207305908e-01
5.108913779258728027e-01
3.966062664985656738e-01
3.735343515872955322e-01
4.163539111614227295e-01
4.276566207408905029e-01
2.871644496917724609e-01
3.259188830852508545e-01
4.250088334083557129e-01
3.280107975006103516e-01
2.925910353660583496e-01
3.939255774021148682e-01
5.133969187736511230e-01
3.160343468189239502e-01
7.665981650352478027e-01
1.296738386154174805e+00
4.794805943965911865e-01
3.768251538276672363e-01
3.568615019321441650e-01
6.104623675346374512e-01
3.282100558280944824e-01
4.056564271450042725e-01
5.372631549835205078e-01
6.779110431671142578e-01
1.522747755050659180e+00
2.159091234207153320e+00
2.260521888732910156e+00
2.768256902694702148e+00
2.547382831573486328e+00
2.789553642272949219e+00
2.262569665908813477e+00
2.195025920867919922e+00
1.975370764732360840e+00
2.100192070007324219e+00
1.476074576377868652e+00
1.408898711204528809e+00
2.751853942871093750e+00
2.205981254577636719e+00
1.360798001289367676e+00
1.422326683998107910e+00
1.579147458076477051e+00
1.394011259078979492e+00
1.374929666519165039e+00
8.351596593856811523e-01
2.666755914688110352e+00
1.106744647026062012e+00
5.577234625816345215e-01
1.597324013710021973e+00
6.414642333984375000e-01
5.218199491500854492e-01
1.380982637405395508e+00
2.600023746490478516e+00
3.100130796432495117e+00
3.072607994079589844e+00
2.021718263626098633e+00
1.911832213401794434e+00
2.154090881347656250e+00
1.954054474830627441e+00
2.010482788085937500e+00
2.194912910461425781e+00
2.179153680801391602e+00
1.754601597785949707e+00
1.905675053596496582e+00
1.962757587432861328e+00
9.814267754554748535e-01
7.890220880508422852e-01
7.734791040420532227e-01
5.996724963188171387e-01
6.148087382316589355e-01
1.433913111686706543e+00
5.422171950340270996e-01
3.850522041320800781e-01
4.849178791046142578e-01
8.612756729125976562e-01
1.335582971572875977e+00
2.231430053710937500e+00
2.354362487792968750e+00
2.140432834625244141e+00
2.054577112197875977e+00
1.597258806228637695e+00
1.604368805885314941e+00
2.847821235656738281e+00
1.492102742195129395e+00
1.401277065277099609e+00
1.439609408378601074e+00
1.521984100341796875e+00
1.507713437080383301e+00
1.478663444519042969e+00
1.495443940162658691e+00
1.608327388763427734e+00
2.083298206329345703e+00
1.416450858116149902e+00
1.372099637985229492e+00
1.303541421890258789e+00
1.136291265487670898e+00
2.426270961761474609e+00
3.448054313659667969e+00
2.957869052886962891e+00
2.166946411132812500e+00
2.157379150390625000e+00
2.007763385772705078e+00
1.613428115844726562e+00
1.625615239143371582e+00
3.130743741989135742e+00
1.330609440803527832e+00
1.061585068702697754e+00
1.349451780319213867e+00
1.206286907196044922e+00
8.358177542686462402e-01
1.303247570991516113e+00
1.666981577873229980e+00
2.721798419952392578e+00
5.661865472793579102e-01
5.112038850784301758e-01
6.048321723937988281e-01
5.603871941566467285e-01
3.851056694984436035e-01
5.248227119445800781e-01
1.663451194763183594e+00
1.191863536834716797e+00
1.798884034156799316e+00
8.197770118713378906e-01
7.975652217864990234e-01
7.820739746093750000e-01
5.205327868461608887e-01
4.585847258567810059e-01
4.116454720497131348e-01
3.516361117362976074e-01
4.001566469669342041e-01
3.992162048816680908e-01
5.912809967994689941e-01
1.308530330657958984e+00
5.763791203498840332e-01
4.707763195037841797e-01
3.916122019290924072e-01
4.098791778087615967e-01
3.491971790790557861e-01
3.634478151798248291e-01
4.361769556999206543e-01
3.193874061107635498e-01
3.244518935680389404e-01
3.706228733062744141e-01
4.137266874313354492e-01
5.035315752029418945e-01
4.562738239765167236e-01
5.578122735023498535e-01
4.449563026428222656e-01
4.146399796009063721e-01
5.523582696914672852e-01
4.411394894123077393e-01
4.571270644664764404e-01
4.933998286724090576e-01
5.141822099685668945e-01
4.479530155658721924e-01
1.237493991851806641e+00
6.137660741806030273e-01
3.497903347015380859e-01
4.175191223621368408e-01
4.127804934978485107e-01
4.445248842239379883e-01
4.357216656208038330e-01
4.487254321575164795e-01
4.122399687767028809e-01
4.240610003471374512e-01
4.407291710376739502e-01
4.750273227691650391e-01
3.875851333141326904e-01
4.317543804645538330e-01
4.179044961929321289e-01
4.043799638748168945e-01
3.874152004718780518e-01
1.587798237800598145e+00
1.342191696166992188e+00
1.289293527603149414e+00
5.893683433532714844e-01
1.084841132164001465e+00
5.926070809364318848e-01
6.254722476005554199e-01
7.919034361839294434e-01
1.301552653312683105e+00
5.209833979606628418e-01
5.424526929855346680e-01
5.448126196861267090e-01
4.409393966197967529e-01
1.506201505661010742e+00
2.431240797042846680e+00
2.455662012100219727e+00
1.528539061546325684e+00
1.855985283851623535e+00
1.865376949310302734e+00
1.634756684303283691e+00
1.762186765670776367e+00
2.190172672271728516e+00
1.872675061225891113e+00
1.846901416778564453e+00
2.199111700057983398e+00
2.076258897781372070e+00
1.802015423774719238e+00
2.212958574295043945e+00
2.270966291427612305e+00
2.305689334869384766e+00
2.033981084823608398e+00
2.198394775390625000e+00
1.514622926712036133e+00
9.858526587486267090e-01
9.893364310264587402e-01
2.584489345550537109e+00
1.461985707283020020e+00
9.078402519226074219e-01
7.993051409721374512e-01
7.471561431884765625e-01
9.151573181152343750e-01
1.292255759239196777e+00
1.504918694496154785e+00
2.674243927001953125e+00
1.288537621498107910e+00
8.628920316696166992e-01
1.129612922668457031e+00
1.367558717727661133e+00
2.305501937866210938e+00
1.459821343421936035e+00
1.856213092803955078e+00
2.162431240081787109e+00
1.884441614151000977e+00
1.865775823593139648e+00
1.112786293029785156e+00
9.304607510566711426e-01
9.684942960739135742e-01
1.488084673881530762e+00
9.796695709228515625e-01
1.183468461036682129e+00
1.128861308097839355e+00
1.200065970420837402e+00
1.228931188583374023e+00
1.754032015800476074e+00
1.658718585968017578e+00
1.730650424957275391e+00
1.693868160247802734e+00
1.721287846565246582e+00
1.830821990966796875e+00
2.702002525329589844e+00
2.329984188079833984e+00
2.133366823196411133e+00
1.340484380722045898e+00
1.076948046684265137e+00
2.298022985458374023e+00
2.689045906066894531e+00
2.548912525177001953e+00
2.650468826293945312e+00
2.601992130279541016e+00
2.434352874755859375e+00
1.778137087821960449e+00
1.760846734046936035e+00
1.550236701965332031e+00
1.530497312545776367e+00
2.141010284423828125e+00
2.223266601562500000e+00
1.654813051223754883e+00
1.897937893867492676e+00
1.756274700164794922e+00
1.305848240852355957e+00
1.313453435897827148e+00
1.831505060195922852e+00
1.477873802185058594e+00
1.037901639938354492e+00
7.261232137680053711e-01
7.842423915863037109e-01
6.988425254821777344e-01
3.014704287052154541e-01
3.740383982658386230e-01
3.438964188098907471e-01
3.699765503406524658e-01
3.242257833480834961e-01
3.968759775161743164e-01
3.383607268333435059e-01
3.386438786983489990e-01
3.739465773105621338e-01
3.716093599796295166e-01
3.289229869842529297e-01
3.359423577785491943e-01
3.709726333618164062e-01
3.541679382324218750e-01
4.528478682041168213e-01
1.120532035827636719e+00
3.627387285232543945e-01
3.268812298774719238e-01
3.529961705207824707e-01
4.216985404491424561e-01
4.960032105445861816e-01
4.169393777847290039e-01
4.127632379531860352e-01
4.503203928470611572e-01
1.627265334129333496e+00
1.264817118644714355e+00
1.314462304115295410e+00
7.828568220138549805e-01
3.670568466186523438e-01
3.739953637123107910e-01
3.447633683681488037e-01
4.704375565052032471e-01
3.716000318527221680e-01
3.415589034557342529e-01
4.527311027050018311e-01
4.642687141895294189e-01
3.643123209476470947e-01
3.689615726470947266e-01
4.768377244472503662e-01
4.936051368713378906e-01
3.900846540927886963e-01
4.756733775138854980e-01
5.182336568832397461e-01
1.466197967529296875e+00
1.974923968315124512e+00
2.615713357925415039e+00
2.673721551895141602e+00
2.474061012268066406e+00
2.565701246261596680e+00
2.530358076095581055e+00
2.139005422592163086e+00
2.341642379760742188e+00
1.797472476959228516e+00
1.682246327400207520e+00
1.870205521583557129e+00
1.706866979598999023e+00
1.748798966407775879e+00
1.820561647415161133e+00
1.963221907615661621e+00
1.219648838043212891e+00
1.347078561782836914e+00
1.543009042739868164e+00
1.402153611183166504e+00
1.262982964515686035e+00
1.370978832244873047e+00
1.422977685928344727e+00
1.312331199645996094e+00
1.229196190834045410e+00
1.279593229293823242e+00
1.364288091659545898e+00
1.283649921417236328e+00
1.265131831169128418e+00
1.321623444557189941e+00
1.380209922790527344e+00
1.266685366630554199e+00
1.274684667587280273e+00
1.338464260101318359e+00
1.524097681045532227e+00
1.770316839218139648e+00
1.553702950477600098e+00
1.465010881423950195e+00
1.563689708709716797e+00
1.665012478828430176e+00
1.522401213645935059e+00
1.539687514305114746e+00
2.113053798675537109e+00
3.583089351654052734e+00
1.703759789466857910e+00
1.456435799598693848e+00
1.647835612297058105e+00
1.618028283119201660e+00
1.428849697113037109e+00
6.633685231208801270e-01
8.658185601234436035e-01
2.236556053161621094e+00
1.085568428039550781e+00
4.716559052467346191e-01
5.606042742729187012e-01
4.236769974231719971e-01
5.321846604347229004e-01
7.011380791664123535e-01
5.084697604179382324e-01
3.937449455261230469e-01
5.205091834068298340e-01
5.432609915733337402e-01
4.248679578304290771e-01
5.559078454971313477e-01
6.401343345642089844e-01
6.374218463897705078e-01
8.104683756828308105e-01
1.331514477729797363e+00
1.217404842376708984e+00
1.203136920928955078e+00
1.295975208282470703e+00
1.934735774993896484e+00
2.078835725784301758e+00
2.163703918457031250e+00
2.463725566864013672e+00
2.384472131729125977e+00
1.923457980155944824e+00
1.322266697883605957e+00
1.969729304313659668e+00
2.760190486907958984e+00
3.164410114288330078e+00
2.675005912780761719e+00
2.806315898895263672e+00
2.608254432678222656e+00
2.724441528320312500e+00
2.570740699768066406e+00
2.831411123275756836e+00
2.758113622665405273e+00
2.795395851135253906e+00
2.974171400070190430e+00
2.597685098648071289e+00
2.333846807479858398e+00
2.560277223587036133e+00
2.542932033538818359e+00
2.497763395309448242e+00
1.985499501228332520e+00
8.722999095916748047e-01
9.615620970726013184e-01
8.515095710754394531e-01
4.455105364322662354e-01
3.595824837684631348e-01
2.819872796535491943e-01
4.758674204349517822e-01
1.174024462699890137e+00
3.110268712043762207e-01
2.576531469821929932e-01
4.484008848667144775e-01
4.633510112762451172e-01
2.949661016464233398e-01
2.764962911605834961e-01
5.056287050247192383e-01
3.380860686302185059e-01
2.909686565399169922e-01
2.983638048171997070e-01
3.891143500804901123e-01
2.593492567539215088e-01
2.574549615383148193e-01
3.297567963600158691e-01
2.855319082736968994e-01
2.669535577297210693e-01
2.956759929656982422e-01
3.725292086601257324e-01
2.605067789554595947e-01
3.011982440948486328e-01
3.276086747646331787e-01
3.105178475379943848e-01
2.500225305557250977e-01
2.686219811439514160e-01
3.462890088558197021e-01
2.654621899127960205e-01
2.555362880229949951e-01
3.078481554985046387e-01
4.169920086860656738e-01
2.286933213472366333e-01
3.241662979125976562e-01
5.376576185226440430e-01
5.157755613327026367e-01
3.876920342445373535e-01
4.416232705116271973e-01
6.043360233306884766e-01
4.633304774761199951e-01
1.521962165832519531e+00
1.541867375373840332e+00
1.552131056785583496e+00
1.679840564727783203e+00
2.603893995285034180e+00
2.301084041595458984e+00
1.996043324470520020e+00
2.015712022781372070e+00
2.521224737167358398e+00
2.125665903091430664e+00
1.804135560989379883e+00
1.971386790275573730e+00
2.204443454742431641e+00
1.680349349975585938e+00
1.707798361778259277e+00
1.794828295707702637e+00
2.708199739456176758e+00
1.476817965507507324e+00
1.724849939346313477e+00
2.440963029861450195e+00
1.603184461593627930e+00
1.862712979316711426e+00
1.927579045295715332e+00
9.849297404289245605e-01
1.054770946502685547e+00
1.236414074897766113e+00
1.870551109313964844e+00
8.788267374038696289e-01
1.175073981285095215e+00
1.074944853782653809e+00
9.117118716239929199e-01
2.125371217727661133e+00
1.413473129272460938e+00
2.090855360031127930e+00
1.529158592224121094e+00
2.215938329696655273e+00
2.894394636154174805e+00
1.575836300849914551e+00
5.557011961936950684e-01
5.501471161842346191e-01
6.014602184295654297e-01
6.447969675064086914e-01
6.343031525611877441e-01
1.738603591918945312e+00
1.878408074378967285e+00
3.182583749294281006e-01
3.482696413993835449e-01
5.275349020957946777e-01
5.452276468276977539e-01
7.793741226196289062e-01
1.086639046669006348e+00
5.293115973472595215e-01
4.117899239063262939e-01
4.992183744907379150e-01
4.789214134216308594e-01
5.541914701461791992e-01
5.623573660850524902e-01
5.892261266708374023e-01
6.283428668975830078e-01
5.444198846817016602e-01
5.330206751823425293e-01
6.521885991096496582e-01
1.487281084060668945e+00
5.124597549438476562e-01
7.579835057258605957e-01
8.710423707962036133e-01
7.492896914482116699e-01
2.598292589187622070e+00
2.545094013214111328e+00
2.698726177215576172e+00
2.929521560668945312e+00
2.873341560363769531e+00
2.565873146057128906e+00
2.912898778915405273e+00
2.740428924560546875e+00
2.931433916091918945e+00
2.896733760833740234e+00
2.387369871139526367e+00
2.973237752914428711e+00
2.214039325714111328e+00
2.202517986297607422e+00
2.484547376632690430e+00
2.480252981185913086e+00
2.697563171386718750e+00
2.638784885406494141e+00
2.614475965499877930e+00
4.060698032379150391e+00
3.933198213577270508e+00
4.106130599975585938e+00
3.695228576660156250e+00
3.251586437225341797e+00
2.441062927246093750e+00
2.534013271331787109e+00
2.499109983444213867e+00
2.411677122116088867e+00
2.402587175369262695e+00
2.479470014572143555e+00
2.288133859634399414e+00
2.170643091201782227e+00
2.298316717147827148e+00
2.165730237960815430e+00
2.088857173919677734e+00
2.105659961700439453e+00
1.737537384033203125e+00
5.277698040008544922e-01
7.249029278755187988e-01
8.659537434577941895e-01
8.831158280372619629e-01
6.971516013145446777e-01
1.138597249984741211e+00
1.084590077400207520e+00
7.876192927360534668e-01
6.133313775062561035e-01
5.966982841491699219e-01
4.715583324432373047e-01
4.138379693031311035e-01
2.828474044799804688e-01
2.693464457988739014e-01
4.548035562038421631e-01
3.063403367996215820e-01
2.626891434192657471e-01
3.396399319171905518e-01
4.793366789817810059e-01
2.652185261249542236e-01
2.844747304916381836e-01
3.050465881824493408e-01
4.539201259613037109e-01
2.537763118743896484e-01
3.033504784107208252e-01
3.646664619445800781e-01
3.790856599807739258e-01
2.232924997806549072e-01
2.942953705787658691e-01
3.713991045951843262e-01
3.736088871955871582e-01
3.293026089668273926e-01
3.420901000499725342e-01
4.458150565624237061e-01
4.113697111606597900e-01
3.109676539897918701e-01
4.068893194198608398e-01
4.926057755947113037e-01
5.436156392097473145e-01
4.154927134513854980e-01
5.056923031806945801e-01
6.164341568946838379e-01
4.622875154018402100e-01
4.702045619487762451e-01
1.803747415542602539e+00
2.451831102371215820e+00
2.775610446929931641e+00
2.396493911743164062e+00
2.421604871749877930e+00
2.667793512344360352e+00
2.581469535827636719e+00
2.787676811218261719e+00
2.071505069732666016e+00
2.409696340560913086e+00
1.613237619400024414e+00
3.062887907028198242e+00
2.151205539703369141e+00
1.745712161064147949e+00
1.367200374603271484e+00
1.560328125953674316e+00
1.485585451126098633e+00
1.442003607749938965e+00
1.865595698356628418e+00
5.019832611083984375e+00
4.251296043395996094e+00
3.212158918380737305e+00
2.738292932510375977e+00
2.027188539505004883e+00
1.809173464775085449e+00
1.991449117660522461e+00
3.513003826141357422e+00
4.156103610992431641e+00
3.296537399291992188e+00
2.938863754272460938e+00
2.724821567535400391e+00
1.708089470863342285e+00
1.355084419250488281e+00
1.749593615531921387e+00
1.690720438957214355e+00
1.491161465644836426e+00
1.533987641334533691e+00
1.552909731864929199e+00
1.675816297531127930e+00
1.605702877044677734e+00
1.613451957702636719e+00
2.829758167266845703e+00
2.694277286529541016e+00
3.039746522903442383e+00
2.673474311828613281e+00
1.976819396018981934e+00
1.344641923904418945e+00
1.435662627220153809e+00
1.484840750694274902e+00
2.146579980850219727e+00
1.718899607658386230e+00
1.484246253967285156e+00
1.661838173866271973e+00
1.412825703620910645e+00
1.612375497817993164e+00
1.699537873268127441e+00
1.649778604507446289e+00
1.586121916770935059e+00
1.601807117462158203e+00
1.683947920799255371e+00
1.713387966156005859e+00
1.699001193046569824e+00
1.630882620811462402e+00
1.025953173637390137e+00
6.423849463462829590e-01
1.627880930900573730e+00
1.735637068748474121e+00
1.641551375389099121e+00
2.115055799484252930e+00
2.016103982925415039e+00
2.021631479263305664e+00
1.513049244880676270e+00
1.812930464744567871e+00
1.930652022361755371e+00
1.595161914825439453e+00
1.238259792327880859e+00
1.206151485443115234e+00
1.213691115379333496e+00
4.582380056381225586e-01
3.782929480075836182e-01
4.636911749839782715e-01
6.522694230079650879e-01
4.200298488140106201e-01
4.491595923900604248e-01
4.436050057411193848e-01
6.602953076362609863e-01
4.890737533569335938e-01
3.875903487205505371e-01
3.674063384532928467e-01
4.346475005149841309e-01
5.397862195968627930e-01
9.883378744125366211e-01
2.755276262760162354e-01
3.492541909217834473e-01
5.876569151878356934e-01
3.887429237365722656e-01
4.104739725589752197e-01
4.146221578121185303e-01
1.453932404518127441e+00
1.371908307075500488e+00
1.357086539268493652e+00
1.165980458259582520e+00
1.347292184829711914e+00
2.422025203704833984e-01
8.673560023307800293e-01
8.552998304367065430e-01
5.004674196243286133e-01
9.745806455612182617e-01
6.815055608749389648e-01
4.007999598979949951e-01
4.545382261276245117e-01
4.838754832744598389e-01
3.996662795543670654e-01
3.640730381011962891e-01
4.178077280521392822e-01
4.066497683525085449e-01
3.621688783168792725e-01
3.569333255290985107e-01
4.181733727455139160e-01
4.439415931701660156e-01
3.643602728843688965e-01
3.550957739353179932e-01
3.773865103721618652e-01
3.853205442428588867e-01
3.494666218757629395e-01
5.338325500488281250e-01
3.747732639312744141e-01
4.470964670181274414e-01
3.394500017166137695e-01
3.433934450149536133e-01
3.754368424415588379e-01
5.133774280548095703e-01
4.117252230644226074e-01
4.609351158142089844e-01
4.393715560436248779e-01
5.533168315887451172e-01
4.080671072006225586e-01
4.125784933567047119e-01
3.595928847789764404e-01
4.301574826240539551e-01
1.371675848960876465e+00
1.411704063415527344e+00
1.364156842231750488e+00
1.242213129997253418e+00
1.267804861068725586e+00
2.353163510560989380e-01
4.900289773941040039e-01
1.409375309944152832e+00
3.992502093315124512e-01
4.122871160507202148e-01
1.570407271385192871e+00
7.549086809158325195e-01
8.473964929580688477e-01
8.535039424896240234e-01
9.057859182357788086e-01
9.048010706901550293e-01
1.065770268440246582e+00
1.191226243972778320e+00
1.141373395919799805e+00
1.361075162887573242e+00
9.536310434341430664e-01
1.133068442344665527e+00
1.138172388076782227e+00
1.166596651077270508e+00
1.075148224830627441e+00
1.114327788352966309e+00
1.537535309791564941e+00
1.907361626625061035e+00
1.750199913978576660e+00
1.804234981536865234e+00
2.224720239639282227e+00
2.969977378845214844e+00
1.886963486671447754e+00
1.962357163429260254e+00
3.075785160064697266e+00
2.712998628616333008e+00
2.808814764022827148e+00
2.422140359878540039e+00
1.947206974029541016e+00
2.013037681579589844e+00
6.140887141227722168e-01
1.035038709640502930e+00
8.734968900680541992e-01
6.469215154647827148e-01
5.834335684776306152e-01
2.015783071517944336e+00
1.420721650123596191e+00
2.931515693664550781e+00
2.468609809875488281e+00
1.570914626121520996e+00
1.652277827262878418e+00
9.992532730102539062e-01
1.230773091316223145e+00
1.975272893905639648e+00
3.119714021682739258e+00
2.791175365447998047e+00
3.106873035430908203e+00
3.407979965209960938e+00
1.440994977951049805e+00
1.782586216926574707e+00
2.003439188003540039e+00
1.963428616523742676e+00
2.381138801574707031e+00
2.893592834472656250e+00
4.061395168304443359e+00
3.294795036315917969e+00
2.549258232116699219e+00
2.543419361114501953e+00
2.402561902999877930e+00
2.222995996475219727e+00
2.190107107162475586e+00
2.585176467895507812e+00
2.107446432113647461e+00
1.246305465698242188e+00
1.220891594886779785e+00
1.667646050453186035e+00
1.507018923759460449e+00
1.838848352432250977e+00
2.217050313949584961e+00
1.799444317817687988e+00
6.724071502685546875e-01
6.260045766830444336e-01
1.725270986557006836e+00
2.635134935379028320e+00
2.395143747329711914e+00
2.252006769180297852e+00
2.284357070922851562e+00
1.455495595932006836e+00
1.378715038299560547e+00
1.233503699302673340e+00
1.478003144264221191e+00
9.789385199546813965e-01
8.900305032730102539e-01
7.545441389083862305e-01
5.576344132423400879e-01
6.859075427055358887e-01
6.137343049049377441e-01
6.084036231040954590e-01
5.069071054458618164e-01
6.193574070930480957e-01
5.458624362945556641e-01
4.547142088413238525e-01
3.413673043251037598e-01
3.535715043544769287e-01
3.413771688938140869e-01
2.408191412687301636e-01
2.871057987213134766e-01
3.440698981285095215e-01
3.278386592864990234e-01
1.065168142318725586e+00
1.333606719970703125e+00
1.382194399833679199e+00
7.038475275039672852e-01
2.164614349603652954e-01
3.117927014827728271e-01
2.645968496799468994e-01
3.618659973144531250e-01
2.379073947668075562e-01
2.295312434434890747e-01
3.542937636375427246e-01
4.153553843498229980e-01
3.973282277584075928e-01
3.905185461044311523e-01
4.439744949340820312e-01
4.533541202545166016e-01
4.595547616481781006e-01
3.754916787147521973e-01
3.814143836498260498e-01
4.296942651271820068e-01
3.991967439651489258e-01
3.764189481735229492e-01
4.645112752914428711e-01
4.119129776954650879e-01
4.198355078697204590e-01
3.548965156078338623e-01
3.767393529415130615e-01
4.403942227363586426e-01
4.735921323299407959e-01
3.921379148960113525e-01
3.411285579204559326e-01
3.936643600463867188e-01
3.973931968212127686e-01
3.572079837322235107e-01
3.565336763858795166e-01
3.898201286792755127e-01
4.175125360488891602e-01
4.719675481319427490e-01
4.655128419399261475e-01
1.739430069923400879e+00
1.912786602973937988e+00
2.328966140747070312e+00
2.763317108154296875e+00
2.240501165390014648e+00
2.469799757003784180e+00
2.498955726623535156e+00
2.443541288375854492e+00
2.102608203887939453e+00
2.356207847595214844e+00
1.988425493240356445e+00
1.807812571525573730e+00
2.595095396041870117e+00
2.800221920013427734e+00
1.255576252937316895e+00
1.672360539436340332e+00
1.782275080680847168e+00
1.443200349807739258e+00
1.328646063804626465e+00
1.554126381874084473e+00
2.881629228591918945e+00
2.347022056579589844e+00
1.189635634422302246e+00
1.322175502777099609e+00
1.606502175331115723e+00
1.370016813278198242e+00
1.328251957893371582e+00
1.486531734466552734e+00
1.380742788314819336e+00
1.348675012588500977e+00
1.294018745422363281e+00
1.296540737152099609e+00
1.419137358665466309e+00
1.419699192047119141e+00
1.774421453475952148e+00
1.852617979049682617e+00
1.048060297966003418e+00
7.416048049926757812e-01
1.192520618438720703e+00
6.918530464172363281e-01
9.092069268226623535e-01
9.448215365409851074e-01
1.188592433929443359e+00
1.233691930770874023e+00
1.173584461212158203e+00
8.951454162597656250e-01
1.089968204498291016e+00
1.465993762016296387e+00
1.670427560806274414e+00
1.632658720016479492e+00
1.875207424163818359e+00
2.333253145217895508e+00
1.655390501022338867e+00
1.755808830261230469e+00
1.945728182792663574e+00
7.902692556381225586e-01
1.086749196052551270e+00
1.319269180297851562e+00
1.219916105270385742e+00
1.557551026344299316e+00
1.900152802467346191e+00
2.844425916671752930e+00
2.780056715011596680e+00
2.996732950210571289e+00
2.891744613647460938e+00
1.955521702766418457e+00
1.666129112243652344e+00
2.071627616882324219e+00
2.637413978576660156e+00
2.645968675613403320e+00
2.317803859710693359e+00
2.482818365097045898e+00
2.426594257354736328e+00
3.092091560363769531e+00
2.650730371475219727e+00
2.887988567352294922e+00
2.473063230514526367e+00
2.802994966506958008e+00
1.779342532157897949e+00
2.365344762802124023e+00
3.474634647369384766e+00
1.648999452590942383e+00
1.852875351905822754e+00
1.188259124755859375e+00
1.131536006927490234e+00
1.020065546035766602e+00
1.088746547698974609e+00
2.055600881576538086e+00
2.405997991561889648e+00
7.317348122596740723e-01
5.729320645332336426e-01
3.708629906177520752e-01
3.443930745124816895e-01
4.445884823799133301e-01
4.228196144104003906e-01
2.831988036632537842e-01
2.682842910289764404e-01
3.449741601943969727e-01
2.595726549625396729e-01
8.128455877304077148e-01
9.742314219474792480e-01
8.770952224731445312e-01
7.715250849723815918e-01
6.598570346832275391e-01
6.944906711578369141e-01
7.341817021369934082e-01
8.578826189041137695e-01
8.166072964668273926e-01
8.253228068351745605e-01
1.048531770706176758e+00
1.498097777366638184e+00
1.454973459243774414e+00
7.824941873550415039e-01
2.366632670164108276e-01
3.229553401470184326e-01
3.816062510013580322e-01
3.356057703495025635e-01
2.568536102771759033e-01
3.312881886959075928e-01
3.916344046592712402e-01
3.638290762901306152e-01
2.846495807170867920e-01
3.550911247730255127e-01
3.725886940956115723e-01
3.566847145557403564e-01
3.341859281063079834e-01
3.261814713478088379e-01
4.578918218612670898e-01
3.998573422431945801e-01
3.977818787097930908e-01
4.172937870025634766e-01
4.659985303878784180e-01
4.246407151222229004e-01
4.932331740856170654e-01
4.802447855472564697e-01
5.575888752937316895e-01
4.436652958393096924e-01
6.089416742324829102e-01
5.086317062377929688e-01
4.639688432216644287e-01
4.027383625507354736e-01
4.500451982021331787e-01
4.447844624519348145e-01
5.001555085182189941e-01
1.474474072456359863e+00
1.901692748069763184e+00
2.289436817169189453e+00
2.050951480865478516e+00
2.381259202957153320e+00
1.712468981742858887e+00
2.038451671600341797e+00
1.749265551567077637e+00
1.576082825660705566e+00
1.620787858963012695e+00
1.708882927894592285e+00
1.654511213302612305e+00
1.700214266777038574e+00
8.622506856918334961e-01
8.109584450721740723e-01
1.242600440979003906e+00
1.071720123291015625e+00
1.092160105705261230e+00
7.135070562362670898e-01
3.905563652515411377e-01
3.787561655044555664e-01
4.351345598697662354e-01
3.522298038005828857e-01
5.288538336753845215e-01
6.255404949188232422e-01
7.448509335517883301e-01
6.092423796653747559e-01
1.522683620452880859e+00
1.611381888389587402e+00
1.667890787124633789e+00
9.781770706176757812e-01
9.413122534751892090e-01
1.277774333953857422e+00
1.807528018951416016e+00
9.845430254936218262e-01
5.682266354560852051e-01
1.452454209327697754e+00
1.906869292259216309e+00
1.968980789184570312e+00
1.905493974685668945e+00
2.507186651229858398e+00
2.245940446853637695e+00
2.238184928894042969e+00
2.350382089614868164e+00
1.978280067443847656e+00
1.687203764915466309e+00
1.463832855224609375e+00
2.434478044509887695e+00
2.395151376724243164e+00
2.494996547698974609e+00
3.110251903533935547e+00
2.856583356857299805e+00
1.193346738815307617e+00
1.178207993507385254e+00
1.554941296577453613e+00
2.587275981903076172e+00
2.335660696029663086e+00
2.809114933013916016e+00
3.275744199752807617e+00
4.074685573577880859e+00
2.702684402465820312e+00
2.970296144485473633e+00
3.507352590560913086e+00
3.137063741683959961e+00
2.574925661087036133e+00
1.995941877365112305e+00
2.224960803985595703e+00
1.575910687446594238e+00
1.833659768104553223e+00
1.860983967781066895e+00
1.822585582733154297e+00
1.873616933822631836e+00
1.807033061981201172e+00
2.557928323745727539e+00
2.491614580154418945e+00
2.817053318023681641e+00
2.303913593292236328e+00
1.872946977615356445e+00
1.969101667404174805e+00
1.941408395767211914e+00
1.822685956954956055e+00
1.837946891784667969e+00
1.869196176528930664e+00
1.856400847434997559e+00
1.695533275604248047e+00
1.823325991630554199e+00
1.962907791137695312e+00
1.721556186676025391e+00
1.772343993186950684e+00
1.894638299942016602e+00
1.713183045387268066e+00
1.675197124481201172e+00
1.788749575614929199e+00
1.806564331054687500e+00
1.674680948257446289e+00
1.763698935508728027e+00
1.931654095649719238e+00
1.698122620582580566e+00
1.690153002738952637e+00
1.894976258277893066e+00
1.801150083541870117e+00
1.810543894767761230e+00
1.945165514945983887e+00
1.965025544166564941e+00
1.814691901206970215e+00
2.882515668869018555e+00
1.711700439453125000e+00
1.717688322067260742e+00
1.691054463386535645e+00
1.904676556587219238e+00
1.855829000473022461e+00
1.638476014137268066e+00
1.619723320007324219e+00
1.742770791053771973e+00
1.582991957664489746e+00
1.551471233367919922e+00
1.727797865867614746e+00
1.706123590469360352e+00
8.165103197097778320e-01
5.299181938171386719e-01
7.372935414314270020e-01
5.464375019073486328e-01
5.797376632690429688e-01
1.455641150474548340e+00
1.276888966560363770e+00
3.431259095668792725e-01
3.780835568904876709e-01
4.337753057479858398e-01
3.663132190704345703e-01
3.521198928356170654e-01
7.964515089988708496e-01
4.213737547397613525e-01
3.301534056663513184e-01
4.348574578762054443e-01
4.956715404987335205e-01
4.246407151222229004e-01
4.001155197620391846e-01
4.659300148487091064e-01
4.460839629173278809e-01
3.480045795440673828e-01
4.078218042850494385e-01
3.701368868350982666e-01
3.602359294891357422e-01
3.671826720237731934e-01
3.855716288089752197e-01
3.336410224437713623e-01
3.885571062564849854e-01
3.391361534595489502e-01
3.006500601768493652e-01
3.552706539630889893e-01
4.133640527725219727e-01
3.742998838424682617e-01
3.099175691604614258e-01
3.668038547039031982e-01
4.209508001804351807e-01
1.450720787048339844e+00
9.479613304138183594e-01
3.882813453674316406e-01
5.819159150123596191e-01
1.407667636871337891e+00
1.124342560768127441e+00
1.451212763786315918e+00
1.723578929901123047e+00
1.821147918701171875e+00
1.435957074165344238e+00
1.362838149070739746e+00
1.425604343414306641e+00
1.153546333312988281e+00
4.123844206333160400e-01
6.231081485748291016e-01
6.133300065994262695e-01
5.489718317985534668e-01
6.379393339157104492e-01
6.213852167129516602e-01
2.434399366378784180e+00
1.900279760360717773e+00
1.695226550102233887e+00
1.766932487487792969e+00
1.563317775726318359e+00
1.393056631088256836e+00
6.322874426841735840e-01
1.080562233924865723e+00
1.019983291625976562e+00
1.069041609764099121e+00
1.100363850593566895e+00
1.977357149124145508e+00
1.706445097923278809e+00
1.716460108757019043e+00
1.989460825920104980e+00
1.811241745948791504e+00
1.813153624534606934e+00
1.375493764877319336e+00
9.058470129966735840e-01
2.065820932388305664e+00
3.919167280197143555e+00
3.731421709060668945e+00
3.155762195587158203e+00
3.512216091156005859e+00
3.597485303878784180e+00
3.521132946014404297e+00
3.661290168762207031e+00
2.487176656723022461e+00
2.310304403305053711e+00
2.402836084365844727e+00
2.302235603332519531e+00
2.241348505020141602e+00
2.460704803466796875e+00
2.332298994064331055e+00
2.254646062850952148e+00
2.188163518905639648e+00
2.600616455078125000e+00
2.806509494781494141e+00
2.527479410171508789e+00
2.524129390716552734e+00
2.560225963592529297e+00
2.397256135940551758e+00
1.945258140563964844e+00
1.955384373664855957e+00
1.941493988037109375e+00
2.156886339187622070e+00
1.264263510704040527e+00
1.037321925163269043e+00
1.105676174163818359e+00
2.020727872848510742e+00
1.987561583518981934e+00
2.830075740814208984e+00
3.220345735549926758e+00
2.141065835952758789e+00
2.900912523269653320e+00
2.855525255203247070e+00
2.934643030166625977e+00
2.376686811447143555e+00
1.918761372566223145e+00
3.185214042663574219e+00
2.836568117141723633e+00
1.447890996932983398e+00
1.441392421722412109e+00
1.261663079261779785e+00
9.278571009635925293e-01
7.876707911491394043e-01
9.883937835693359375e-01
6.079280972480773926e-01
4.866646826267242432e-01
4.857108294963836670e-01
4.001418352127075195e-01
3.471241891384124756e-01
2.862829566001892090e-01
2.974505126476287842e-01
2.633469700813293457e-01
3.409756124019622803e-01
2.454450875520706177e-01
2.378991842269897461e-01
3.013081550598144531e-01
2.897012233734130859e-01
2.079057395458221436e-01
2.559660673141479492e-01
3.041047751903533936e-01
3.157081902027130127e-01
4.085105955600738525e-01
4.100345969200134277e-01
4.254139363765716553e-01
3.730053305625915527e-01
3.456884622573852539e-01
4.178636372089385986e-01
3.867168128490447998e-01
2.495477944612503052e-01
3.052436709403991699e-01
4.232713282108306885e-01
4.292957186698913574e-01
3.190140724182128906e-01
1.519139528274536133e+00
1.367500782012939453e+00
1.316319584846496582e+00
3.976541459560394287e-01
2.890622913837432861e-01
3.999560177326202393e-01
3.856445252895355225e-01
4.031643271446228027e-01
3.521631956100463867e-01
5.014506578445434570e-01
4.314583539962768555e-01
5.012012124061584473e-01
4.933732450008392334e-01
5.575584769248962402e-01
4.907972812652587891e-01
4.767171442508697510e-01
4.813090860843658447e-01
5.806309580802917480e-01
2.200267791748046875e+00
1.964624285697937012e+00
1.951767683029174805e+00
1.890084743499755859e+00
2.195737361907958984e+00
2.224366664886474609e+00
3.535800695419311523e+00
2.982938051223754883e+00
1.467329263687133789e+00
2.401957511901855469e+00
1.696887612342834473e+00
1.400380015373229980e+00
1.647728443145751953e+00
1.921335697174072266e+00
1.350952386856079102e+00
1.319807767868041992e+00
1.480084896087646484e+00
1.350525379180908203e+00
1.368488669395446777e+00
1.449732661247253418e+00
1.194828987121582031e+00
1.309255242347717285e+00
1.343363523483276367e+00
1.215632796287536621e+00
1.167761564254760742e+00
1.257806301116943359e+00
1.414708495140075684e+00
1.329494357109069824e+00
1.178625464439392090e+00
1.185950756072998047e+00
1.427417278289794922e+00
2.606853723526000977e+00
3.681455850601196289e+00
3.233510971069335938e+00
3.044400691986083984e+00
2.316019535064697266e+00
2.053780078887939453e+00
1.679331302642822266e+00
2.973505735397338867e+00
3.006766080856323242e+00
3.019264698028564453e+00
3.039160728454589844e+00
2.610038042068481445e+00
9.082136154174804688e-01
6.059724092483520508e-01
5.428026914596557617e-01
4.581870138645172119e-01
4.617697596549987793e-01
4.970332682132720947e-01
5.942259430885314941e-01
3.816300928592681885e-01
2.514516711235046387e-01
3.341714143753051758e-01
4.068799912929534912e-01
4.101360142230987549e-01
4.412612020969390869e-01
4.809368550777435303e-01
6.284780502319335938e-01
5.268518328666687012e-01
7.152810096740722656e-01
6.868693828582763672e-01
6.732809543609619141e-01
1.221006512641906738e+00
8.562838435173034668e-01
8.469754457473754883e-01
8.643540740013122559e-01
1.014963746070861816e+00
1.153462171554565430e+00
1.147938489913940430e+00
1.187314629554748535e+00
1.175960898399353027e+00
1.692338705062866211e+00
1.820534586906433105e+00
1.642259836196899414e+00
1.572203159332275391e+00
1.533000111579895020e+00
1.596459507942199707e+00
2.376252889633178711e+00
1.035982966423034668e+00
2.356754302978515625e+00
2.505423784255981445e+00
2.890744686126708984e+00
2.532705783843994141e+00
3.769907712936401367e+00
3.214936494827270508e+00
1.620521187782287598e+00
1.525798439979553223e+00
1.609492897987365723e+00
1.186534285545349121e+00
1.501296281814575195e+00
1.676106095314025879e+00
2.759149074554443359e+00
1.906365513801574707e+00
8.787137866020202637e-01
1.183219313621520996e+00
1.166929125785827637e+00
6.152593493461608887e-01
7.524780035018920898e-01
9.936850070953369141e-01
7.769088745117187500e-01
2.761931121349334717e-01
3.344833254814147949e-01
3.030314147472381592e-01
4.735822677612304688e-01
4.230698645114898682e-01
2.924345135688781738e-01
2.961748540401458740e-01
2.955444455146789551e-01
3.201877474784851074e-01
2.839624285697937012e-01
2.150731235742568970e-01
2.864652276039123535e-01
3.671336174011230469e-01
2.600865960121154785e-01
2.579028308391571045e-01
3.549543321132659912e-01
4.049725532531738281e-01
1.001558423042297363e+00
1.495689034461975098e+00
1.346786737442016602e+00
1.205092310905456543e+00
6.089540123939514160e-01
1.994462609291076660e-01
2.759069800376892090e-01
2.951302826404571533e-01
2.486608028411865234e-01
3.056331574916839600e-01
3.023174107074737549e-01
2.739932239055633545e-01
3.388313651084899902e-01
4.217659831047058105e-01
4.120922386646270752e-01
3.089407086372375488e-01
3.455941677093505859e-01
4.389387667179107666e-01
4.568159878253936768e-01
4.022663831710815430e-01
4.227861762046813965e-01
5.287505388259887695e-01
4.846528172492980957e-01
4.558456838130950928e-01
4.164290130138397217e-01
5.045767426490783691e-01
1.826629638671875000e+00
2.185267925262451172e+00
2.662879467010498047e+00
2.553819656372070312e+00
2.669036626815795898e+00
2.654742956161499023e+00
2.140240907669067383e+00
2.211354494094848633e+00
1.845367312431335449e+00
2.386244297027587891e+00
1.709005236625671387e+00
1.336492419242858887e+00
1.400357246398925781e+00
1.507166028022766113e+00
1.550997376441955566e+00
1.587335586547851562e+00
1.461115360260009766e+00
1.485023021697998047e+00
1.917596459388732910e+00
1.800836443901062012e+00
1.371037244796752930e+00
1.324683189392089844e+00
1.568112850189208984e+00
1.613476872444152832e+00
1.644415140151977539e+00
1.375345230102539062e+00
1.457576513290405273e+00
1.327374815940856934e+00
1.398621678352355957e+00
1.008403539657592773e+00
2.929202318191528320e-01
7.783413529396057129e-01
3.310444951057434082e-01
3.958275318145751953e-01
3.525379002094268799e-01
3.715739846229553223e-01
3.468007445335388184e-01
5.425831079483032227e-01
4.430447518825531006e-01
4.611302912235260010e-01
3.986260890960693359e-01
4.176216125488281250e-01
4.757676422595977783e-01
3.316447734832763672e-01
2.937378585338592529e-01
3.092219233512878418e-01
3.602463603019714355e-01
2.754593491554260254e-01
2.650049924850463867e-01
3.252958357334136963e-01
3.610387742519378662e-01
3.218065798282623291e-01
2.689374685287475586e-01
3.037945032119750977e-01
3.242506980895996094e-01
3.435381650924682617e-01
2.510654628276824951e-01
3.166938424110412598e-01
3.686233162879943848e-01
3.763082027435302734e-01
3.739638626575469971e-01
1.567515850067138672e+00
7.664090394973754883e-01
1.043820261955261230e+00
1.230431318283081055e+00
1.226819038391113281e+00
1.034210920333862305e+00
2.174850463867187500e+00
2.282175779342651367e+00
2.280400991439819336e+00
2.540142059326171875e+00
1.934830069541931152e+00
1.992292523384094238e+00
2.431879997253417969e+00
1.978756189346313477e+00
1.903897285461425781e+00
2.121954202651977539e+00
1.976217269897460938e+00
1.904682636260986328e+00
2.729743957519531250e+00
2.139390707015991211e+00
1.768755197525024414e+00
1.786323547363281250e+00
1.904165625572204590e+00
2.664246082305908203e+00
2.633002042770385742e+00
2.884867191314697266e+00
2.479779958724975586e+00
2.451256036758422852e+00
2.481005430221557617e+00
2.543825149536132812e+00
2.296087265014648438e+00
1.415574312210083008e+00
9.525023102760314941e-01
9.367350935935974121e-01
8.003714084625244141e-01
6.553031802177429199e-01
6.705136895179748535e-01
5.683217644691467285e-01
8.150400519371032715e-01
6.225556135177612305e-01
3.603071868419647217e-01
2.978177964687347412e-01
5.968830585479736328e-01
4.714308679103851318e-01
3.600076138973236084e-01
3.455412685871124268e-01
3.860016763210296631e-01
4.388617277145385742e-01
3.549499511718750000e-01
3.026805818080902100e-01
3.013407886028289795e-01
3.183455467224121094e-01
2.850050926208496094e-01
2.393960207700729370e-01
3.239793479442596436e-01
3.691331446170806885e-01
3.922283649444580078e-01
2.260606139898300171e-01
3.263763487339019775e-01
3.733896315097808838e-01
3.944628238677978516e-01
2.800921797752380371e-01
3.201904892921447754e-01
3.341864943504333496e-01
3.980359435081481934e-01
3.470186591148376465e-01
3.578573167324066162e-01
3.974989950656890869e-01
4.233272373676300049e-01
5.147254467010498047e-01
4.218553304672241211e-01
4.247100651264190674e-01
1.487920284271240234e+00
1.662491917610168457e+00
1.419874668121337891e+00
1.241058111190795898e+00
3.793970346450805664e-01
4.407861828804016113e-01
5.390801429748535156e-01
4.313144683837890625e-01
4.950479865074157715e-01
5.572860240936279297e-01
5.503209233283996582e-01
7.000145912170410156e-01
2.172468662261962891e+00
2.488041639328002930e+00
2.358291387557983398e+00
2.259408235549926758e+00
2.293036937713623047e+00
2.864384174346923828e+00
2.985950469970703125e+00
2.338626146316528320e+00
1.599344134330749512e+00
1.562162995338439941e+00
1.534224510192871094e+00
1.433786988258361816e+00
1.514866590499877930e+00
1.532524228096008301e+00
1.389888048171997070e+00
1.297416210174560547e+00
1.361527442932128906e+00
1.315685391426086426e+00
1.370059013366699219e+00
1.282052993774414062e+00
1.346479415893554688e+00
1.321478366851806641e+00
1.678300976753234863e+00
1.368958473205566406e+00
1.334621667861938477e+00
1.380032300949096680e+00
1.411015510559082031e+00
1.316556692123413086e+00
1.374055624008178711e+00
1.389185786247253418e+00
1.429649829864501953e+00
1.349699258804321289e+00
1.412584424018859863e+00
1.507619380950927734e+00
1.412122368812561035e+00
1.381469726562500000e+00
1.886476516723632812e+00
1.341911911964416504e+00
1.325699567794799805e+00
9.789873361587524414e-01
2.915149331092834473e-01
3.414281606674194336e-01
3.890970647335052490e-01
2.385112345218658447e-01
2.759952247142791748e-01
3.681409060955047607e-01
2.877874672412872314e-01
2.390410751104354858e-01
3.021576106548309326e-01
3.669491410255432129e-01
3.106181919574737549e-01
2.036292701959609985e-01
3.130938410758972168e-01
4.315227568149566650e-01
1.249240756034851074e+00
8.770390748977661133e-01
9.087393283843994141e-01
9.222298860549926758e-01
1.056789994239807129e+00
8.541014790534973145e-01
8.806996345520019531e-01
8.842670321464538574e-01
9.487628340721130371e-01
1.261439681053161621e+00
1.206795334815979004e+00
1.168147802352905273e+00
1.241293549537658691e+00
1.270080447196960449e+00
1.517000198364257812e+00
1.743608951568603516e+00
1.997737765312194824e+00
1.936974287033081055e+00
1.945671796798706055e+00
1.802230834960937500e+00
1.316836357116699219e+00
1.309912562370300293e+00
2.724958181381225586e+00
2.414914846420288086e+00
2.871950387954711914e+00
4.287664413452148438e+00
3.001694917678833008e+00
2.417716503143310547e+00
2.647597312927246094e+00
1.798756361007690430e+00
1.109334349632263184e+00
1.233909845352172852e+00
1.893938183784484863e+00
2.627559185028076172e+00
1.517321705818176270e+00
1.391190052032470703e+00
1.544785737991333008e+00
1.183284521102905273e+00
1.268972277641296387e+00
1.294960260391235352e+00
9.968551993370056152e-01
8.703022599220275879e-01
1.018300890922546387e+00
8.758308291435241699e-01
8.001274466514587402e-01
6.085209250450134277e-01
6.386089324951171875e-01
6.502447128295898438e-01
5.981920957565307617e-01
3.736497461795806885e-01
4.345150887966156006e-01
5.314797163009643555e-01
5.190657973289489746e-01
4.068298339843750000e-01
5.131233930587768555e-01
3.817430138587951660e-01
4.838538169860839844e-01
4.005921781063079834e-01
4.174738824367523193e-01
3.592056035995483398e-01
4.063967764377593994e-01
4.762062132358551025e-01
3.731733560562133789e-01
3.489581644535064697e-01
4.073130786418914795e-01
5.111191868782043457e-01
5.241311192512512207e-01
1.562269330024719238e+00
1.269175648689270020e+00
1.524540066719055176e+00
1.328698158264160156e+00
3.613314926624298096e-01
3.842850029468536377e-01
6.515384316444396973e-01
5.770608186721801758e-01
5.524756312370300293e-01
5.957164764404296875e-01
5.735551118850708008e-01
5.725560188293457031e-01
4.906396567821502686e-01
4.840062260627746582e-01
4.788498878479003906e-01
4.945932626724243164e-01
6.253069639205932617e-01
4.752866029739379883e-01
4.248690307140350342e-01
4.543740451335906982e-01
6.387429833412170410e-01
6.318359971046447754e-01
6.116108298301696777e-01
2.213613510131835938e+00
2.705038547515869141e+00
2.613116979598999023e+00
2.484158754348754883e+00
2.550380706787109375e+00
2.636046886444091797e+00
2.558224201202392578e+00
2.100356817245483398e+00
1.884152650833129883e+00
1.335252642631530762e+00
1.561178922653198242e+00
1.522527098655700684e+00
1.401020526885986328e+00
1.349149107933044434e+00
1.336546897888183594e+00
1.433096289634704590e+00
1.272312402725219727e+00
1.340986490249633789e+00
1.305561304092407227e+00
1.366052508354187012e+00
1.346673488616943359e+00
1.275499343872070312e+00
1.169578790664672852e+00
1.272546768188476562e+00
1.363338351249694824e+00
1.266412377357482910e+00
1.195716023445129395e+00
1.242607831954956055e+00
1.327216982841491699e+00
1.340697884559631348e+00
1.269619941711425781e+00
1.293975949287414551e+00
1.372470736503601074e+00
1.374793529510498047e+00
1.352881550788879395e+00
1.314157843589782715e+00
2.541890144348144531e+00
1.337375283241271973e+00
1.207074642181396484e+00
8.708505034446716309e-01
8.854231834411621094e-01
1.319257736206054688e+00
4.356693327426910400e-01
4.005995988845825195e-01
3.538343608379364014e-01
1.052809238433837891e+00
3.335100114345550537e-01
3.118280470371246338e-01
3.078021109104156494e-01
3.440915644168853760e-01
2.360509335994720459e-01
2.722250223159790039e-01
3.740965127944946289e-01
3.254137039184570312e-01
3.432224094867706299e-01
3.738498389720916748e-01
4.482542574405670166e-01
3.475260138511657715e-01
4.698084890842437744e-01
7.106956243515014648e-01
7.074651122093200684e-01
6.148901581764221191e-01
6.296914815902709961e-01
6.734827160835266113e-01
5.989617705345153809e-01
7.090066075325012207e-01
6.394778490066528320e-01
7.360175848007202148e-01
9.686524271965026855e-01
2.936750888824462891e+00
3.745396852493286133e+00
3.005992412567138672e+00
3.062348604202270508e+00
3.175318002700805664e+00
2.362869262695312500e+00
2.362468957901000977e+00
2.864139556884765625e+00
2.937314987182617188e+00
2.474391460418701172e+00
3.452503919601440430e+00
2.985748052597045898e+00
1.483914613723754883e+00
1.766598939895629883e+00
1.990673422813415527e+00
1.884523272514343262e+00
2.707296371459960938e+00
1.361097335815429688e+00
2.734994649887084961e+00
2.559717655181884766e+00
1.045142769813537598e+00
1.296540975570678711e+00
1.712678432464599609e+00
9.242716431617736816e-01
8.328720331192016602e-01
1.239113688468933105e+00
7.893595099449157715e-01
7.372239232063293457e-01
1.021758913993835449e+00
6.284703612327575684e-01
2.660372555255889893e-01
3.135310113430023193e-01
4.874746501445770264e-01
4.587234258651733398e-01
3.148384690284729004e-01
3.808324635028839111e-01
3.995583057403564453e-01
3.167694807052612305e-01
3.280362784862518311e-01
3.280782103538513184e-01
3.015238940715789795e-01
2.593884468078613281e-01
2.794321477413177490e-01
2.911690175533294678e-01
2.334853857755661011e-01
2.342383265495300293e-01
3.055980801582336426e-01
2.193391919136047363e-01
1.424441099166870117e+00
1.227890133857727051e+00
1.118979573249816895e+00
6.277308464050292969e-01
1.638858914375305176e-01
2.972534298896789551e-01
2.462819069623947144e-01
2.386630922555923462e-01
3.620910346508026123e-01
3.252032101154327393e-01
3.051932454109191895e-01
4.014923274517059326e-01
5.086690187454223633e-01
3.554507195949554443e-01
3.388976752758026123e-01
3.649504184722900391e-01
3.992156684398651123e-01
3.299267292022705078e-01
3.861740827560424805e-01
5.374141931533813477e-01
4.135000109672546387e-01
4.082118272781372070e-01
5.118386745452880859e-01
5.154622197151184082e-01
3.954435288906097412e-01
5.535073280334472656e-01
1.743959784507751465e+00
1.777685642242431641e+00
2.191633224487304688e+00
2.387654542922973633e+00
2.591758012771606445e+00
1.858161568641662598e+00
1.798421740531921387e+00
2.066729307174682617e+00
1.920992851257324219e+00
1.662277579307556152e+00
1.608760118484497070e+00
1.531406164169311523e+00
1.444680452346801758e+00
1.358542203903198242e+00
1.448202967643737793e+00
1.340134859085083008e+00
1.399355888366699219e+00
1.348469972610473633e+00
1.353481054306030273e+00
1.232410550117492676e+00
1.387759685516357422e+00
1.370904803276062012e+00
1.303266763687133789e+00
1.329983115196228027e+00
1.327741503715515137e+00
1.284190177917480469e+00
1.248905539512634277e+00
1.370919704437255859e+00
1.364412307739257812e+00
1.290175318717956543e+00
1.396587848663330078e+00
1.449826717376708984e+00
1.364691853523254395e+00
1.345408558845520020e+00
1.392029285430908203e+00
1.518927574157714844e+00
1.318964719772338867e+00
1.343073010444641113e+00
2.384558677673339844e+00
1.465773463249206543e+00
1.453387260437011719e+00
1.516455531120300293e+00
1.704273104667663574e+00
1.294560313224792480e+00
1.329876542091369629e+00
2.205758571624755859e+00
1.764466762542724609e+00
1.225128650665283203e+00
1.343740701675415039e+00
1.517599582672119141e+00
1.310605525970458984e+00
1.884111523628234863e+00
1.765830636024475098e+00
1.697345614433288574e+00
1.745035648345947266e+00
1.774910092353820801e+00
1.800287723541259766e+00
1.864622950553894043e+00
1.583644628524780273e+00
1.710952639579772949e+00
1.111950516700744629e+00
1.552516698837280273e+00
1.056290030479431152e+00
1.466833591461181641e+00
8.842204213142395020e-01
6.977623105049133301e-01
7.316942811012268066e-01
7.189909219741821289e-01
6.762387752532958984e-01
1.040562272071838379e+00
1.324301600456237793e+00
1.185070633888244629e+00
1.232318520545959473e+00
1.293231487274169922e+00
1.306921958923339844e+00
1.212674379348754883e+00
9.519839882850646973e-01
1.421718001365661621e+00
1.734306573867797852e+00
1.429650902748107910e+00
1.614713549613952637e+00
1.842769384384155273e+00
2.851388216018676758e+00
1.660911202430725098e+00
1.293565630912780762e+00
1.138431668281555176e+00
1.667150735855102539e+00
1.093211650848388672e+00
2.286522865295410156e+00
2.084292888641357422e+00
1.924963593482971191e+00
1.961200475692749023e+00
1.921906113624572754e+00
1.026098489761352539e+00
4.230071008205413818e-01
4.913243651390075684e-01
4.463906586170196533e-01
4.314542412757873535e-01
4.545642733573913574e-01
3.218246698379516602e-01
3.375847637653350830e-01
3.547005355358123779e-01
3.457616567611694336e-01
3.599421083927154541e-01
4.142551422119140625e-01
4.484800994396209717e-01
3.118921816349029541e-01
3.591614663600921631e-01
3.234418630599975586e-01
2.997433543205261230e-01
3.390191197395324707e-01
3.475567102432250977e-01
2.773917615413665771e-01
2.404417097568511963e-01
3.132703602313995361e-01
3.128948211669921875e-01
2.765102684497833252e-01
2.898667752742767334e-01
3.884137570858001709e-01
3.036974668502807617e-01
9.825064539909362793e-01
3.314002752304077148e-01
4.043383002281188965e-01
3.220639526844024658e-01
3.080775737762451172e-01
4.546130597591400146e-01
3.477011620998382568e-01
2.819935977458953857e-01
3.939982056617736816e-01
5.178098678588867188e-01
3.453559875488281250e-01
3.337871134281158447e-01
4.496853351593017578e-01
3.574771285057067871e-01
3.465576171875000000e-01
3.762235045433044434e-01
4.673303663730621338e-01
1.402828454971313477e+00
1.415146946907043457e+00
1.443223118782043457e+00
1.257955670356750488e+00
5.294442772865295410e-01
3.428559303283691406e-01
4.617530405521392822e-01
3.868311047554016113e-01
1.644474267959594727e+00
2.058453559875488281e+00
2.426701784133911133e+00
2.819283962249755859e+00
2.211115598678588867e+00
2.357679128646850586e+00
2.366691350936889648e+00
2.549189567565917969e+00
2.365045785903930664e+00
2.334301710128784180e+00
2.131246566772460938e+00
1.268993377685546875e+00
1.555609583854675293e+00
1.408472657203674316e+00
2.910798788070678711e+00
1.531803846359252930e+00
1.327616810798645020e+00
1.533689379692077637e+00
1.487285733222961426e+00
1.647709250450134277e+00
7.037584781646728516e-01
2.291999101638793945e+00
1.883574604988098145e+00
5.198667049407958984e-01
8.374908566474914551e-01
1.868342638015747070e+00
1.933621287345886230e+00
2.534521579742431641e+00
3.190163850784301758e+00
3.119010925292968750e+00
2.727789163589477539e+00
1.583176136016845703e+00
2.636062145233154297e+00
1.699546337127685547e+00
5.887352228164672852e-01
1.203625321388244629e+00
6.803332567214965820e-01
5.805931091308593750e-01
2.633259773254394531e+00
4.208063781261444092e-01
8.042427897453308105e-01
1.815136671066284180e+00
1.485503792762756348e+00
1.449164152145385742e+00
8.141344189643859863e-01
1.296317100524902344e+00
2.387556791305541992e+00
2.791322767734527588e-01
5.102396011352539062e-01
5.746846795082092285e-01
4.143661558628082275e-01
1.652567028999328613e+00
1.505881309509277344e+00
1.503173828125000000e+00
1.393292665481567383e+00
1.469384908676147461e+00
1.502395391464233398e+00
1.696655988693237305e+00
1.600680589675903320e+00
1.418306827545166016e+00
1.626413464546203613e+00
1.524195790290832520e+00
1.431147694587707520e+00
1.797318935394287109e+00
2.103650093078613281e+00
2.134515047073364258e+00
1.995386838912963867e+00
2.242196798324584961e+00
3.039725542068481445e+00
4.854164600372314453e+00
5.067913532257080078e+00
4.840989112854003906e+00
5.211352825164794922e+00
4.220198631286621094e+00
4.165401458740234375e+00
3.750174045562744141e+00
3.425503015518188477e+00
2.642262220382690430e+00
2.859811782836914062e+00
3.236261606216430664e+00
2.481973648071289062e+00
2.692928791046142578e+00
2.015416145324707031e+00
1.576585412025451660e+00
1.659941077232360840e+00
1.875647425651550293e+00
1.631428122520446777e+00
1.535566687583923340e+00
2.471244335174560547e+00
1.660634040832519531e+00
1.802610397338867188e+00
1.860787153244018555e+00
1.894374370574951172e+00
1.408075332641601562e+00
1.638317584991455078e+00
1.147112131118774414e+00
8.177171349525451660e-01
8.613187074661254883e-01
8.421809077262878418e-01
8.973173499107360840e-01
8.652470707893371582e-01
8.339596390724182129e-01
7.153401970863342285e-01
5.573523640632629395e-01
6.730288267135620117e-01
7.063884139060974121e-01
5.565810203552246094e-01
5.306152105331420898e-01
5.216280817985534668e-01
2.913378477096557617e-01
3.210051059722900391e-01
3.845643103122711182e-01
3.213926851749420166e-01
2.348240762948989868e-01
2.833289802074432373e-01
1.123902320861816406e+00
1.369507193565368652e+00
1.229546546936035156e+00
1.234681248664855957e+00
1.684391945600509644e-01
2.225760072469711304e-01
3.364590406417846680e-01
3.081847429275512695e-01
2.242118269205093384e-01
3.331926167011260986e-01
4.303140044212341309e-01
3.120909035205841064e-01
3.437325060367584229e-01
4.047817885875701904e-01
4.557179510593414307e-01
4.007330834865570068e-01
4.410378038883209229e-01
3.868020474910736084e-01
3.418050408363342285e-01
4.339013993740081787e-01
4.419935941696166992e-01
3.506910204887390137e-01
3.412746489048004150e-01
3.935073018074035645e-01
3.363800942897796631e-01
3.350800573825836182e-01
3.997416794300079346e-01
4.024417996406555176e-01
2.917689979076385498e-01
3.501384258270263672e-01
1.512475013732910156e+00
1.771924376487731934e+00
1.580860257148742676e+00
2.098510742187500000e+00
2.606682777404785156e+00
2.414809703826904297e+00
1.534677863121032715e+00
1.697354435920715332e+00
1.505783200263977051e+00
1.434719562530517578e+00
1.483277916908264160e+00
1.413277149200439453e+00
1.303850889205932617e+00
1.365206599235534668e+00
1.409146666526794434e+00
1.292382121086120605e+00
1.306018710136413574e+00
1.443856596946716309e+00
3.458975851535797119e-01
3.216497898101806641e-01
4.349059462547302246e-01
3.821865022182464600e-01
2.862037420272827148e-01
2.799159288406372070e-01
4.567416906356811523e-01
2.939963340759277344e-01
2.710822820663452148e-01
3.818576037883758545e-01
4.214433729648590088e-01
2.967625260353088379e-01
3.435102105140686035e-01
5.033369660377502441e-01
3.840443491935729980e-01
3.283268213272094727e-01
4.302394390106201172e-01
4.593864679336547852e-01
3.091632723808288574e-01
3.316740989685058594e-01
4.015682637691497803e-01
2.897694706916809082e-01
2.372194081544876099e-01
3.342467844486236572e-01
3.064387440681457520e-01
2.588668465614318848e-01
2.758038938045501709e-01
3.395091891288757324e-01
2.828833162784576416e-01
2.711749374866485596e-01
2.752833962440490723e-01
2.509643435478210449e-01
2.719766795635223389e-01
3.074312508106231689e-01
3.247243463993072510e-01
2.910766303539276123e-01
4.005346298217773438e-01
4.111049473285675049e-01
3.804807960987091064e-01
3.710995316505432129e-01
4.555364847183227539e-01
4.412266612052917480e-01
3.655057251453399658e-01
4.104750752449035645e-01
4.664573669433593750e-01
3.563379943370819092e-01
1.630951404571533203e+00
1.301672697067260742e+00
1.301269769668579102e+00
7.335252165794372559e-01
2.791618704795837402e-01
5.072664618492126465e-01
3.767311573028564453e-01
4.170882403850555420e-01
4.330799281597137451e-01
5.209743380546569824e-01
3.704293668270111084e-01
4.385421574115753174e-01
4.866449534893035889e-01
3.712905645370483398e-01
3.632696568965911865e-01
5.149225592613220215e-01
4.731508493423461914e-01
3.914101719856262207e-01
4.330571591854095459e-01
1.621261000633239746e+00
1.804596304893493652e+00
1.331746459007263184e+00
1.302724599838256836e+00
1.467960953712463379e+00
7.194346785545349121e-01
1.046111941337585449e+00
1.336637139320373535e+00
1.963562607765197754e+00
1.793693780899047852e+00
1.719231486320495605e+00
1.360031723976135254e+00
9.618359208106994629e-01
4.984459578990936279e-01
3.339252769947052002e-01
3.525773584842681885e-01
3.961364626884460449e-01
3.335873186588287354e-01
2.412812709808349609e-01
3.828764259815216064e-01
5.422723293304443359e-01
3.088417351245880127e-01
2.701777815818786621e-01
4.387181103229522705e-01
4.219885468482971191e-01
2.811551094055175781e-01
3.414267897605895996e-01
4.054012298583984375e-01
2.762786448001861572e-01
3.137812614440917969e-01
3.792122900485992432e-01
3.248655200004577637e-01
3.040055632591247559e-01
3.196634054183959961e-01
3.286927342414855957e-01
2.917689979076385498e-01
3.197119235992431641e-01
3.770586848258972168e-01
2.743629813194274902e-01
3.111384212970733643e-01
3.895781040191650391e-01
2.888912558555603027e-01
2.914063930511474609e-01
4.197445213794708252e-01
4.961490333080291748e-01
3.002438545227050781e-01
3.601616621017456055e-01
5.202252268791198730e-01
4.026325643062591553e-01
3.197434544563293457e-01
3.698098957538604736e-01
3.911130726337432861e-01
2.780646681785583496e-01
2.970788478851318359e-01
4.316466748714447021e-01
3.526406884193420410e-01
3.653678596019744873e-01
4.415383040904998779e-01
1.121960043907165527e+00
1.209226012229919434e+00
2.058613777160644531e+00
2.615694046020507812e+00
1.941044092178344727e+00
2.040769100189208984e+00
2.123378038406372070e+00
1.969811320304870605e+00
2.003863811492919922e+00
2.253715515136718750e+00
2.069722890853881836e+00
1.690041780471801758e+00
2.336570739746093750e+00
2.695271492004394531e+00
2.700668334960937500e+00
2.448187351226806641e+00
1.314752340316772461e+00
1.681915283203125000e+00
1.509778976440429688e+00
1.441280364990234375e+00
1.631135344505310059e+00
1.571308255195617676e+00
2.878480434417724609e+00
2.587329864501953125e+00
3.038419246673583984e+00
3.026777744293212891e+00
2.624567508697509766e+00
1.666773319244384766e+00
2.482203245162963867e+00
3.023694276809692383e+00
2.449342250823974609e+00
2.908268213272094727e+00
1.769136786460876465e+00
2.034039020538330078e+00
1.929603815078735352e+00
1.973365783691406250e+00
1.784669399261474609e+00
1.790650963783264160e+00
1.996653437614440918e+00
1.891746520996093750e+00
1.783507704734802246e+00
1.850735187530517578e+00
1.754313349723815918e+00
1.631747722625732422e+00
2.469114542007446289e+00
2.416811227798461914e+00
1.298791646957397461e+00
1.455187797546386719e+00
1.415888428688049316e+00
1.579714298248291016e+00
1.830784201622009277e+00
1.894624352455139160e+00
2.667893171310424805e+00
2.538463115692138672e+00
4.463215768337249756e-01
6.080848574638366699e-01
8.304786086082458496e-01
7.964860796928405762e-01
9.448232054710388184e-01
8.263947963714599609e-01
8.768924474716186523e-01
8.118637800216674805e-01
7.660973668098449707e-01
7.246880531311035156e-01
6.987405419349670410e-01
7.582836747169494629e-01
5.998986363410949707e-01
7.356237173080444336e-01
7.055170536041259766e-01
1.009753704071044922e+00
1.087209105491638184e+00
3.264352798461914062e+00
3.584964990615844727e+00
4.411190509796142578e+00
3.321678400039672852e+00
3.149909257888793945e+00
3.349427700042724609e+00
1.985921978950500488e+00
1.446398854255676270e+00
1.930253744125366211e+00
3.326572895050048828e+00
2.914358139038085938e+00
1.414383649826049805e+00
1.542568802833557129e+00
1.907832503318786621e+00
1.751786708831787109e+00
1.756001710891723633e+00
1.881331920623779297e+00
2.012906789779663086e+00
2.180089950561523438e+00
2.670663833618164062e+00
2.773584127426147461e+00
2.625196456909179688e+00
2.038491725921630859e+00
1.678183674812316895e+00
1.895846724510192871e+00
1.350179195404052734e+00
3.154606521129608154e-01
4.491749405860900879e-01
3.353368639945983887e-01
2.965040504932403564e-01
3.019073605537414551e-01
3.320770263671875000e-01
2.962576448917388916e-01
2.663913965225219727e-01
4.232573509216308594e-01
4.636333286762237549e-01
3.555285632610321045e-01
3.915853202342987061e-01
4.475465416908264160e-01
3.989130556583404541e-01
3.212797641754150391e-01
3.629327714443206787e-01
3.079602420330047607e-01
2.663343846797943115e-01
2.922982871532440186e-01
3.350844383239746094e-01
2.480561435222625732e-01
2.066616117954254150e-01
3.557711541652679443e-01
2.689177393913269043e-01
2.003241926431655884e-01
3.155313730239868164e-01
3.417422771453857422e-01
2.372651845216751099e-01
2.661189436912536621e-01
4.181484282016754150e-01
2.495910972356796265e-01
2.401758283376693726e-01
3.829435706138610840e-01
5.460833907127380371e-01
3.155560493469238281e-01
4.566482305526733398e-01
4.347160160541534424e-01
4.036631882190704346e-01
3.619104027748107910e-01
4.729597866535186768e-01
3.965226709842681885e-01
4.212010502815246582e-01
5.119453072547912598e-01
4.832612276077270508e-01
4.454803764820098877e-01
4.560559093952178955e-01
4.638040959835052490e-01
3.885543644428253174e-01
4.972635209560394287e-01
1.689879179000854492e+00
1.827154278755187988e+00
2.604753732681274414e+00
2.074288368225097656e+00
2.163987636566162109e+00
2.107901573181152344e+00
2.542678833007812500e+00
2.427277326583862305e+00
1.580859184265136719e+00
2.236832618713378906e+00
2.154664993286132812e+00
1.344065785408020020e+00
1.356464505195617676e+00
1.282089710235595703e+00
1.400787234306335449e+00
1.234642863273620605e+00
1.239427804946899414e+00
1.317551374435424805e+00
1.372373223304748535e+00
1.931165099143981934e+00
1.433330059051513672e+00
1.539575338363647461e+00
1.574303030967712402e+00
1.567559123039245605e+00
1.596723675727844238e+00
1.595235347747802734e+00
1.371580839157104492e+00
1.395186662673950195e+00
1.946599245071411133e+00
2.412021398544311523e+00
1.601948857307434082e+00
1.567847728729248047e+00
1.519399046897888184e+00
1.925168991088867188e+00
9.738326072692871094e-01
6.109124422073364258e-01
5.847295522689819336e-01
6.253407001495361328e-01
4.268326759338378906e-01
2.310651302337646484e+00
6.369690299034118652e-01
3.524164557456970215e-01
5.407518744468688965e-01
7.416264414787292480e-01
1.583092570304870605e+00
1.541070818901062012e+00
1.843339800834655762e+00
2.776279211044311523e+00
6.272895336151123047e-01
3.740485608577728271e-01
4.274293780326843262e-01
3.908833563327789307e-01
5.993764996528625488e-01
7.196016311645507812e-01
6.712065935134887695e-01
4.768001735210418701e-01
7.456080317497253418e-01
6.622890830039978027e-01
5.258549451828002930e-01
6.195667982101440430e-01
7.136262655258178711e-01
1.297067523002624512e+00
1.097243905067443848e+00
1.301270604133605957e+00
7.508923411369323730e-01
7.165503501892089844e-01
8.175392746925354004e-01
1.341040492057800293e+00
1.352128267288208008e+00
1.930386424064636230e+00
1.901985168457031250e+00
1.984633088111877441e+00
2.017865896224975586e+00
3.198629856109619141e+00
2.944493532180786133e+00
2.461096763610839844e+00
2.650952816009521484e+00
2.231045961380004883e+00
1.469112992286682129e+00
1.503575682640075684e+00
2.921236515045166016e+00
2.428686857223510742e+00
2.905107975006103516e+00
2.668310880661010742e+00
2.715267896652221680e+00
2.511956930160522461e+00
2.259381294250488281e+00
1.230469703674316406e+00
1.353658914566040039e+00
1.110820770263671875e+00
1.162747740745544434e+00
1.182924985885620117e+00
9.069302678108215332e-01
7.475519180297851562e-01
7.655034065246582031e-01
7.995496392250061035e-01
6.674588322639465332e-01
7.143688201904296875e-01
6.529313921928405762e-01
6.608824133872985840e-01
6.225451827049255371e-01
6.846911311149597168e-01
5.267854928970336914e-01
2.912693321704864502e-01
4.477203190326690674e-01
5.814874768257141113e-01
3.948175013065338135e-01
2.721531987190246582e-01
2.860296666622161865e-01
3.683719933032989502e-01
2.541241347789764404e-01
2.611643373966217041e-01
3.475123047828674316e-01
3.120870590209960938e-01
1.944889128208160400e-01
2.304914146661758423e-01
3.633612096309661865e-01
2.652061879634857178e-01
2.021820247173309326e-01
2.805784046649932861e-01
1.552976012229919434e+00
1.332418441772460938e+00
1.165567159652709961e+00
1.132968068122863770e+00
1.985847651958465576e-01
2.046346515417098999e-01
3.243192434310913086e-01
3.730618059635162354e-01
2.765924930572509766e-01
3.580776751041412354e-01
4.260177910327911377e-01
3.139767050743103027e-01
3.078185319900512695e-01
3.614120781421661377e-01
3.693666756153106689e-01
3.544014692306518555e-01
3.796264529228210449e-01
4.626030027866363525e-01
3.931424915790557861e-01
4.163248538970947266e-01
4.820636808872222900e-01
5.466365218162536621e-01
4.081970453262329102e-01
4.677239656448364258e-01
2.023193120956420898e+00
1.701848506927490234e+00
1.844294190406799316e+00
1.889296412467956543e+00
2.987777948379516602e+00
1.958363294601440430e+00
3.718452692031860352e+00
2.977199077606201172e+00
1.622559666633605957e+00
1.791771531105041504e+00
1.763137578964233398e+00
1.817590951919555664e+00
1.375138521194458008e+00
1.880606412887573242e+00
1.519116997718811035e+00
1.273793101310729980e+00
1.516992688179016113e+00
1.492837309837341309e+00
1.391776919364929199e+00
1.339557409286499023e+00
1.313935279846191406e+00
1.346593499183654785e+00
1.755417346954345703e+00
1.262878537178039551e+00
1.320333838462829590e+00
1.452979326248168945e+00
1.387603998184204102e+00
1.220781445503234863e+00
1.305061101913452148e+00
1.460248947143554688e+00
1.359744668006896973e+00
1.316399931907653809e+00
1.367074370384216309e+00
1.499449372291564941e+00
2.281020164489746094e+00
1.304662227630615234e+00
1.385627985000610352e+00
1.794166088104248047e+00
1.325667738914489746e+00
2.237152338027954102e+00
2.734022140502929688e+00
1.336589694023132324e+00
1.565628647804260254e+00
1.825836181640625000e+00
1.709367275238037109e+00
1.445434570312500000e+00
1.617163181304931641e+00
2.919267892837524414e+00
2.494494438171386719e+00
1.339877486228942871e+00
1.572076559066772461e+00
1.618243932723999023e+00
1.344745278358459473e+00
1.508565545082092285e+00
1.916948437690734863e+00
1.543045163154602051e+00
3.468309044837951660e-01
6.134848594665527344e-01
1.221941947937011719e+00
8.685708045959472656e-01
9.088059067726135254e-01
2.446767330169677734e+00
2.336515903472900391e+00
2.373019456863403320e+00
2.154660463333129883e+00
2.433726549148559570e+00
8.502572178840637207e-01
9.874207377433776855e-01
2.170017242431640625e+00
2.594517469406127930e+00
2.502332925796508789e+00
2.439371109008789062e+00
2.211722612380981445e+00
2.058338880538940430e+00
1.388539552688598633e+00
1.737259984016418457e+00
1.652065753936767578e+00
1.951011180877685547e+00
1.701898097991943359e+00
2.265835046768188477e+00
2.810581684112548828e+00
2.618188858032226562e+00
2.653469562530517578e+00
2.026051044464111328e+00
2.049171447753906250e+00
2.077342748641967773e+00
2.280505895614624023e+00
2.068332195281982422e+00
2.138461828231811523e+00
1.377413272857666016e+00
7.564864158630371094e-01
6.897898912429809570e-01
6.142603158950805664e-01
7.300332188606262207e-01
3.729340732097625732e-01
3.660363852977752686e-01
3.019120097160339355e-01
3.697676956653594971e-01
3.291570544242858887e-01
3.708808124065399170e-01
4.686567485332489014e-01
3.945732712745666504e-01
2.973957061767578125e-01
3.722819983959197998e-01
3.354799449443817139e-01
2.614598274230957031e-01
2.971610724925994873e-01
3.621395528316497803e-01
2.791158258914947510e-01
2.649767696857452393e-01
2.689196467399597168e-01
3.389297425746917725e-01
2.485374659299850464e-01
2.660748064517974854e-01
2.915681004524230957e-01
3.029982447624206543e-01
2.271405607461929321e-01
3.550930321216583252e-01
3.368005454540252686e-01
2.575399279594421387e-01
2.716664075851440430e-01
3.726758658885955811e-01
2.710173428058624268e-01
2.910909056663513184e-01
3.458723723888397217e-01
5.664718747138977051e-01
3.018503189086914062e-01
4.004614353179931641e-01
4.544129669666290283e-01
4.570289552211761475e-01
3.254027366638183594e-01
3.941925466060638428e-01
4.445670843124389648e-01
1.514856696128845215e+00
1.371941208839416504e+00
1.352134943008422852e+00
1.261221289634704590e+00
2.408586144447326660e-01
4.025914669036865234e-01
4.620043635368347168e-01
4.004238843917846680e-01
3.800055086612701416e-01
1.619540452957153320e+00
9.617539644241333008e-01
2.114761352539062500e+00
1.793860435485839844e+00
1.975635051727294922e+00
2.790153503417968750e+00
2.017838001251220703e+00
2.392980098724365234e+00
3.483668804168701172e+00
2.074213981628417969e+00
2.069238424301147461e+00
1.860465884208679199e+00
2.061397075653076172e+00
1.781484365463256836e+00
8.627443313598632812e-01
1.375162363052368164e+00
2.382087469100952148e+00
1.509137630462646484e+00
8.067888617515563965e-01
1.129420161247253418e+00
9.542069435119628906e-01
7.024608850479125977e-01
9.957125186920166016e-01
1.000101327896118164e+00
7.988498806953430176e-01
6.395532488822937012e-01
5.286161899566650391e-01
4.562554359436035156e-01
3.749042749404907227e-01
6.761537790298461914e-01
1.787980437278747559e+00
1.342556595802307129e+00
1.313486814498901367e+00
7.621271014213562012e-01
4.469597041606903076e-01
1.034872651100158691e+00
4.417441487312316895e-01
5.681268572807312012e-01
5.089899897575378418e-01
6.143444180488586426e-01
5.160400271415710449e-01
5.298718214035034180e-01
3.573589920997619629e-01
3.572052419185638428e-01
3.843359947204589844e-01
3.588122725486755371e-01
2.577216625213623047e-01
3.675721585750579834e-01
3.601460158824920654e-01
3.249773383140563965e-01
3.014309704303741455e-01
3.240785896778106689e-01
2.546325922012329102e-01
2.663719356060028076e-01
3.809374570846557617e-01
3.637964725494384766e-01
3.491963744163513184e-01
3.897532522678375244e-01
4.603025019168853760e-01
3.624892830848693848e-01
8.874166607856750488e-01
7.431622147560119629e-01
9.351140856742858887e-01
6.881285905838012695e-01
1.339675545692443848e+00
1.562257289886474609e+00
1.969335436820983887e+00
1.681674838066101074e+00
1.868159055709838867e+00
1.831060767173767090e+00
1.782654762268066406e+00
1.931058168411254883e+00
2.089895963668823242e+00
2.675737380981445312e+00
2.785920858383178711e+00
2.935232162475585938e+00
2.907119274139404297e+00
2.858175754547119141e+00
2.578113555908203125e+00
1.922042369842529297e+00
1.444399595260620117e+00
1.401987791061401367e+00
2.386082172393798828e+00
1.672944307327270508e+00
1.706910014152526855e+00
1.619719982147216797e+00
1.651322126388549805e+00
1.583175897598266602e+00
1.430513978004455566e+00
1.490337252616882324e+00
1.541046500205993652e+00
1.141214370727539062e+00
1.058600664138793945e+00
1.224692225456237793e+00
1.241963148117065430e+00
9.806215167045593262e-01
1.009371042251586914e+00
1.144044756889343262e+00
1.875179290771484375e+00
1.544415116310119629e+00
1.623946309089660645e+00
1.624186396598815918e+00
5.599856376647949219e-01
5.323730111122131348e-01
6.765221953392028809e-01
4.805353283882141113e-01
3.336588442325592041e-01
3.443053662776947021e-01
4.111915528774261475e-01
2.700546979904174805e-01
2.330904006958007812e-01
3.328965902328491211e-01
3.429485857486724854e-01
2.339206486940383911e-01
2.654901444911956787e-01
3.567044436931610107e-01
2.368099093437194824e-01
1.795042604207992554e-01
2.844481170177459717e-01
3.560762107372283936e-01
2.209988534450531006e-01
1.982256919145584106e-01
3.041549623012542725e-01
2.798679471015930176e-01
2.171995788812637329e-01
2.938274741172790527e-01
3.456292450428009033e-01
3.418532907962799072e-01
3.029587864875793457e-01
3.788702189922332764e-01
4.309150874614715576e-01
3.729283213615417480e-01
3.400924801826477051e-01
4.039586484432220459e-01
3.643287718296051025e-01
3.504783213138580322e-01
3.945954740047454834e-01
