1.735858321189880371e+00
1.281511425971984863e+00
1.442466020584106445e+00
1.465540409088134766e+00
1.293117761611938477e+00
1.361868381500244141e+00
1.833333015441894531e+00
1.793887615203857422e+00
1.271851301193237305e+00
1.464880466461181641e+00
1.467012643814086914e+00
1.324881911277770996e+00
1.395985603332519531e+00
1.414918899536132812e+00
1.161991477012634277e+00
1.220073938369750977e+00
1.226002693176269531e+00
1.254426717758178711e+00
1.020595669746398926e+00
1.005436897277832031e+00
1.280132412910461426e+00
1.093195438385009766e+00
1.043043494224548340e+00
1.064594149589538574e+00
4.152331352233886719e-01
3.440707325935363770e-01
3.251733183860778809e-01
3.868817985057830811e-01
3.254718184471130371e-01
2.767281532287597656e-01
3.812310099601745605e-01
1.145596385002136230e+00
4.965349733829498291e-01
3.718129992485046387e-01
4.042960703372955322e-01
3.336668014526367188e-01
3.221335709095001221e-01
4.953790903091430664e-01
4.542748034000396729e-01
3.529402613639831543e-01
4.753175973892211914e-01
4.832450449466705322e-01
3.618309199810028076e-01
4.079308807849884033e-01
5.144467353820800781e-01
3.767196238040924072e-01
3.906758725643157959e-01
4.437437057495117188e-01
3.759609162807464600e-01
3.673959076404571533e-01
4.298790097236633301e-01
4.332909882068634033e-01
3.559775352478027344e-01
4.218095541000366211e-01
4.990075826644897461e-01
3.491023480892181396e-01
1.421336412429809570e+00
1.691353797912597656e+00
1.907407641410827637e+00
1.724821209907531738e+00
1.450724959373474121e+00
5.888445377349853516e-01
4.863341450691223145e-01
4.712757468223571777e-01
5.717266201972961426e-01
4.549682736396789551e-01
5.191647410392761230e-01
6.571695208549499512e-01
5.656599998474121094e-01
4.681052565574645996e-01
5.513718128204345703e-01
6.350796818733215332e-01
4.782926440238952637e-01
5.238997936248779297e-01
5.747025012969970703e-01
5.310246944427490234e-01
6.672179102897644043e-01
1.848777532577514648e+00
1.656927943229675293e+00
2.117579936981201172e+00
1.888782978057861328e+00
1.960140228271484375e+00
1.750026941299438477e+00
1.840033531188964844e+00
1.592354297637939453e+00
1.454795479774475098e+00
1.449698686599731445e+00
1.416021108627319336e+00
1.472437262535095215e+00
1.419032573699951172e+00
1.406088590621948242e+00
1.478907704353332520e+00
1.386358261108398438e+00
1.407950520515441895e+00
1.495911598205566406e+00
1.490676879882812500e+00
1.512206435203552246e+00
1.586504817008972168e+00
2.176507472991943359e+00
1.284164905548095703e+00
1.348953127861022949e+00
1.533499956130981445e+00
1.444749832153320312e+00
1.389225602149963379e+00
1.478430986404418945e+00
1.430071592330932617e+00
1.361702561378479004e+00
1.367345690727233887e+00
1.450719118118286133e+00
1.354365825653076172e+00
6.911579370498657227e-01
3.903697133064270020e-01
3.601641058921813965e-01
3.436357378959655762e-01
3.726871013641357422e-01
3.837047517299652100e-01
3.365820944309234619e-01
3.373281955718994141e-01
4.480081200599670410e-01
3.798136413097381592e-01
3.312818706035614014e-01
3.707974851131439209e-01
5.322219729423522949e-01
1.123425364494323730e+00
3.543266654014587402e-01
5.325944423675537109e-01
4.519123733043670654e-01
3.786122798919677734e-01
8.261010050773620605e-01
1.501033902168273926e+00
1.555579662322998047e+00
1.400683999061584473e+00
1.588016986846923828e+00
1.333790302276611328e+00
1.399364709854125977e+00
1.437308669090270996e+00
1.323040008544921875e+00
1.285273075103759766e+00
1.418842911720275879e+00
1.355433702468872070e+00
1.287372469902038574e+00
1.385054588317871094e+00
1.422140598297119141e+00
1.874193549156188965e+00
1.436995029449462891e+00
1.348323583602905273e+00
1.507699728012084961e+00
2.014217853546142578e+00
1.217371940612792969e+00
1.412153840065002441e+00
1.339102625846862793e+00
1.308370471000671387e+00
1.387451291084289551e+00
1.891118049621582031e+00
1.828689217567443848e+00
7.384852766990661621e-01
6.604816913604736328e-01
4.963132143020629883e-01
5.072957873344421387e-01
6.219322681427001953e-01
4.885000586509704590e-01
3.943871557712554932e-01
5.592310428619384766e-01
3.927357196807861328e-01
3.740290999412536621e-01
3.748447895050048828e-01
4.157676100730895996e-01
3.155933320522308350e-01
3.319501280784606934e-01
1.219270348548889160e+00
1.459648728370666504e+00
1.311493039131164551e+00
1.725921154022216797e+00
1.841478586196899414e+00
8.969618678092956543e-01
3.359851241111755371e-01
4.680227339267730713e-01
3.182255029678344727e-01
3.534917533397674561e-01
4.973608255386352539e-01
3.977577388286590576e-01
4.165315330028533936e-01
5.110111832618713379e-01
5.401044487953186035e-01
3.985361754894256592e-01
4.030809998512268066e-01
4.971448183059692383e-01
4.333501756191253662e-01
3.627600967884063721e-01
4.727939665317535400e-01
4.530262947082519531e-01
1.035584688186645508e+00
6.549564599990844727e-01
5.156437158584594727e-01
3.840435147285461426e-01
4.054818153381347656e-01
1.516136765480041504e+00
6.903539896011352539e-01
4.706801176071166992e-01
1.563766479492187500e+00
1.695315122604370117e+00
1.939627885818481445e+00
1.377566218376159668e+00
1.540094852447509766e+00
1.437788009643554688e+00
1.374486804008483887e+00
1.491736292839050293e+00
5.629253387451171875e-01
8.072235584259033203e-01
5.703374743461608887e-01
6.196556091308593750e-01
6.373930573463439941e-01
5.952072143554687500e-01
5.795441269874572754e-01
4.778055846691131592e-01
4.477337300777435303e-01
4.645414352416992188e-01
4.877671003341674805e-01
3.987472355365753174e-01
3.915790319442749023e-01
4.288020730018615723e-01
3.370217680931091309e-01
3.524098992347717285e-01
3.971898257732391357e-01
3.535942733287811279e-01
3.662104308605194092e-01
3.449585437774658203e-01
4.903181493282318115e-01
1.180137634277343750e+00
3.236326277256011963e-01
3.724500238895416260e-01
3.259260058403015137e-01
3.598395884037017822e-01
3.697600066661834717e-01
3.450119793415069580e-01
3.433948159217834473e-01
4.932337105274200439e-01
4.897176027297973633e-01
3.708648979663848877e-01
4.395401477813720703e-01
4.943413436412811279e-01
4.356161355972290039e-01
3.882857561111450195e-01
4.943128526210784912e-01
5.085563659667968750e-01
4.007555544376373291e-01
3.997257649898529053e-01
4.342681467533111572e-01
3.315521180629730225e-01
3.238719105720520020e-01
4.207433164119720459e-01
3.571654856204986572e-01
3.378281593322753906e-01
1.251801371574401855e+00
1.718275427818298340e+00
1.639610409736633301e+00
1.145527005195617676e+00
9.601581692695617676e-01
3.284726440906524658e-01
3.531000614166259766e-01
7.896393537521362305e-01
1.360284090042114258e+00
1.160871028900146484e+00
1.113280534744262695e+00
1.459089517593383789e+00
1.160073637962341309e+00
1.075564861297607422e+00
1.316502690315246582e+00
1.229068994522094727e+00
1.131983518600463867e+00
1.398653388023376465e+00
1.373041749000549316e+00
1.295004963874816895e+00
1.651039242744445801e+00
1.246247529983520508e+00
1.220956563949584961e+00
1.101566076278686523e+00
1.334959626197814941e+00
1.369250893592834473e+00
1.927772283554077148e+00
1.207868695259094238e+00
1.362404227256774902e+00
1.507220864295959473e+00
2.421421527862548828e+00
2.349178791046142578e+00
2.310849428176879883e+00
2.160704612731933594e+00
2.304044008255004883e+00
1.167747616767883301e+00
5.801073908805847168e-01
8.355680704116821289e-01
7.470596432685852051e-01
5.745448470115661621e-01
6.491082906723022461e-01
5.820705294609069824e-01
4.746361672878265381e-01
1.208438754081726074e+00
1.092305660247802734e+00
1.043855309486389160e+00
1.256810188293457031e+00
1.361839890480041504e+00
1.090499401092529297e+00
1.278486490249633789e+00
1.780354022979736328e+00
6.360102295875549316e-01
4.726382791996002197e-01
6.067346334457397461e-01
5.847396850585937500e-01
4.718976616859436035e-01
4.243282377719879150e-01
3.879551887512207031e-01
3.802426159381866455e-01
3.879866898059844971e-01
3.840544819831848145e-01
3.394381999969482422e-01
3.715397417545318604e-01
4.050673842430114746e-01
2.890560030937194824e-01
3.586415052413940430e-01
4.345367550849914551e-01
3.413294851779937744e-01
3.641292154788970947e-01
5.434882044792175293e-01
4.345551133155822754e-01
4.145213067531585693e-01
4.501838982105255127e-01
5.450741648674011230e-01
4.151355624198913574e-01
1.027245283126831055e+00
9.016648530960083008e-01
4.557393193244934082e-01
4.109325408935546875e-01
4.301182925701141357e-01
4.053176343441009521e-01
1.270975828170776367e+00
2.239332199096679688e+00
2.154541730880737305e+00
1.829708576202392578e+00
1.548698425292968750e+00
1.908050656318664551e+00
2.795591115951538086e+00
1.289464592933654785e+00
1.523509979248046875e+00
2.195211410522460938e+00
1.611942768096923828e+00
1.399297237396240234e+00
1.562037467956542969e+00
3.113364458084106445e+00
1.903056979179382324e+00
1.299572229385375977e+00
1.379392623901367188e+00
1.629098773002624512e+00
6.774672865867614746e-01
4.319380223751068115e-01
6.995379328727722168e-01
4.542712569236755371e-01
2.619608640670776367e-01
4.723830819129943848e-01
4.875968992710113525e-01
3.893667757511138916e-01
3.766675591468811035e-01
4.670697152614593506e-01
4.347990751266479492e-01
3.886672854423522949e-01
4.393183887004852295e-01
3.140671551227569580e-01
3.530408740043640137e-01
3.596649765968322754e-01
9.614338278770446777e-01
6.432250142097473145e-01
4.345548450946807861e-01
3.721016347408294678e-01
3.390147089958190918e-01
3.739314973354339600e-01
3.518137335777282715e-01
2.964141368865966797e-01
3.665601909160614014e-01
4.765828251838684082e-01
2.773171961307525635e-01
3.677007257938385010e-01
4.602063000202178955e-01
3.845530748367309570e-01
3.701325058937072754e-01
4.888506233692169189e-01
4.071025550365447998e-01
3.862741291522979736e-01
4.323160052299499512e-01
4.214551448822021484e-01
4.226143062114715576e-01
4.305519163608551025e-01
3.988069891929626465e-01
3.749089539051055908e-01
1.200785756111145020e+00
1.392439365386962891e+00
5.519518256187438965e-01
5.819153785705566406e-01
9.457329511642456055e-01
7.296983003616333008e-01
7.249174714088439941e-01
1.350473046302795410e+00
1.410391688346862793e+00
1.470114350318908691e+00
1.876751422882080078e+00
2.092760562896728516e+00
1.388975858688354492e+00
1.508644819259643555e+00
1.350443959236145020e+00
3.638663589954376221e-01
1.394915342330932617e+00
1.923089146614074707e+00
1.704270720481872559e+00
1.634624004364013672e+00
1.526739358901977539e+00
1.614519476890563965e+00
1.749419569969177246e+00
2.713254213333129883e+00
2.453845262527465820e+00
2.568638563156127930e+00
3.458663463592529297e+00
3.291452169418334961e+00
2.043510913848876953e+00
9.535148739814758301e-01
1.130347728729248047e+00
9.440494179725646973e-01
8.734187483787536621e-01
1.319354414939880371e+00
6.835716962814331055e-01
3.176740109920501709e-01
3.784694671630859375e-01
3.611684143543243408e-01
3.580922186374664307e-01
3.649416565895080566e-01
3.100063800811767578e-01
4.636755585670471191e-01
1.272828221321105957e+00
3.506348431110382080e-01
3.891776502132415771e-01
4.917042553424835205e-01
4.241791367530822754e-01
4.353080689907073975e-01
4.457470774650573730e-01
5.074846148490905762e-01
1.346804499626159668e+00
1.622188568115234375e+00
1.577304482460021973e+00
1.177999973297119141e+00
3.102262318134307861e-01
3.282761275768280029e-01
4.145574867725372314e-01
3.067098259925842285e-01
3.757701516151428223e-01
4.233927428722381592e-01
3.673142492771148682e-01
3.669200837612152100e-01
3.925715386867523193e-01
4.071318805217742920e-01
4.641502797603607178e-01
1.182896733283996582e+00
4.302556216716766357e-01
4.510470330715179443e-01
3.704304695129394531e-01
3.598291575908660889e-01
4.905557930469512939e-01
4.257847964763641357e-01
4.087584018707275391e-01
5.132064223289489746e-01
5.842292904853820801e-01
4.367835223674774170e-01
4.132360517978668213e-01
6.441528797149658203e-01
6.012483239173889160e-01
4.944044053554534912e-01
7.415439486503601074e-01
1.992722272872924805e+00
2.326378583908081055e+00
2.405794143676757812e+00
2.349117755889892578e+00
1.990000486373901367e+00
1.979228138923645020e+00
2.001729965209960938e+00
2.288014650344848633e+00
1.911854386329650879e+00
4.207465171813964844e+00
4.575766086578369141e+00
4.671262741088867188e+00
3.174993038177490234e+00
2.577357530593872070e+00
1.659655809402465820e+00
1.842719197273254395e+00
1.878694057464599609e+00
2.963706731796264648e+00
2.683024406433105469e+00
3.851317405700683594e+00
5.176188945770263672e+00
3.267384767532348633e+00
3.117222547531127930e+00
2.928995609283447266e+00
1.543356537818908691e+00
1.610148787498474121e+00
4.929521560668945312e+00
4.269485473632812500e+00
2.814457178115844727e+00
3.153485059738159180e+00
1.882782220840454102e+00
4.079972207546234131e-01
5.123413801193237305e-01
8.323128819465637207e-01
2.229694128036499023e+00
2.752042770385742188e+00
2.931158781051635742e+00
2.447483539581298828e+00
7.212703227996826172e-01
8.071561455726623535e-01
1.530727505683898926e+00
4.872833728790283203e+00
2.807334423065185547e+00
1.575316905975341797e+00
1.679962873458862305e+00
1.192186474800109863e+00
3.987614810466766357e-01
8.118462562561035156e-01
7.815381288528442383e-01
6.110848784446716309e-01
4.800082147121429443e-01
6.727281212806701660e-01
1.677211761474609375e+00
8.879150152206420898e-01
5.189133882522583008e-01
4.525120854377746582e-01
4.441781342029571533e-01
5.092687010765075684e-01
6.342458724975585938e-01
5.013141036033630371e-01
4.129334390163421631e-01
5.373870730400085449e-01
5.266010165214538574e-01
4.601879417896270752e-01
7.183040380477905273e-01
1.187430024147033691e+00
9.280220866203308105e-01
8.724997043609619141e-01
1.011850237846374512e+00
1.217388391494750977e+00
1.228016257286071777e+00
1.677598714828491211e+00
3.055525541305541992e+00
2.443905353546142578e+00
2.518938541412353516e+00
4.427168369293212891e+00
4.091450214385986328e+00
3.768535852432250977e+00
3.178895473480224609e+00
3.022473096847534180e+00
2.257190942764282227e+00
4.720804214477539062e+00
4.153450489044189453e+00
4.620584487915039062e+00
4.138722419738769531e+00
3.868486642837524414e+00
3.287132024765014648e+00
3.568528413772583008e+00
3.004117012023925781e+00
2.265995025634765625e+00
2.303648948669433594e+00
3.035325765609741211e+00
2.223907232284545898e+00
1.199385046958923340e+00
2.442645549774169922e+00
1.864639639854431152e+00
1.505745172500610352e+00
1.721702814102172852e+00
1.226986765861511230e+00
2.946810424327850342e-01
3.304828703403472900e-01
4.534278512001037598e-01
2.746658623218536377e-01
4.050506651401519775e-01
3.341270089149475098e-01
4.557157456874847412e-01
4.401198625564575195e-01
2.938927114009857178e-01
1.220400929450988770e+00
5.938712358474731445e-01
2.741713821887969971e-01
3.722866475582122803e-01
3.970448076725006104e-01
3.457265496253967285e-01
3.387005925178527832e-01
5.949709415435791016e-01
2.619866430759429932e-01
3.250760138034820557e-01
4.281760454177856445e-01
3.818112611770629883e-01
3.345778882503509521e-01
4.289144575595855713e-01
4.916061162948608398e-01
3.796779811382293701e-01
3.681886196136474609e-01
5.199379920959472656e-01
4.445860087871551514e-01
3.502760231494903564e-01
4.499512016773223877e-01
1.228452086448669434e+00
3.510481715202331543e-01
3.868445456027984619e-01
4.927877783775329590e-01
3.284742832183837891e-01
3.671993911266326904e-01
4.774897992610931396e-01
3.998998105525970459e-01
3.836299180984497070e-01
4.275140762329101562e-01
6.703144311904907227e-01
4.880398511886596680e-01
5.189855098724365234e-01
6.775240302085876465e-01
7.100989222526550293e-01
1.936734557151794434e+00
2.707757234573364258e+00
2.696193456649780273e+00
2.685900926589965820e+00
2.703716516494750977e+00
2.482680797576904297e+00
1.906575798988342285e+00
1.917134046554565430e+00
2.469252109527587891e+00
1.444299817085266113e+00
1.533308148384094238e+00
2.283183574676513672e+00
1.532116413116455078e+00
1.870956778526306152e+00
2.274230480194091797e+00
1.423219203948974609e+00
1.435404539108276367e+00
1.389991879463195801e+00
1.566811084747314453e+00
1.377788543701171875e+00
1.378853678703308105e+00
1.448690056800842285e+00
1.425106406211853027e+00
1.429325819015502930e+00
1.345970153808593750e+00
1.560928702354431152e+00
1.408133625984191895e+00
1.468265295028686523e+00
1.494603872299194336e+00
1.450049519538879395e+00
1.439561724662780762e+00
1.453679084777832031e+00
1.526932954788208008e+00
1.852106213569641113e+00
1.616235971450805664e+00
2.321767807006835938e+00
1.458274722099304199e+00
1.555966496467590332e+00
1.733934998512268066e+00
2.477516889572143555e+00
1.224228262901306152e+00
1.506911158561706543e+00
1.461312532424926758e+00
1.337153553962707520e+00
1.445989370346069336e+00
1.520751476287841797e+00
1.327093005180358887e+00
1.449880123138427734e+00
1.906082391738891602e+00
1.434237360954284668e+00
1.444184064865112305e+00
1.554996728897094727e+00
1.641704797744750977e+00
1.761510848999023438e+00
1.638625383377075195e+00
1.564568758010864258e+00
8.691335320472717285e-01
1.156533479690551758e+00
1.251667380332946777e+00
5.858988165855407715e-01
4.963551461696624756e-01
9.798630475997924805e-01
9.042180776596069336e-01
8.643074631690979004e-01
6.728618741035461426e-01
9.558246731758117676e-01
1.131851196289062500e+00
1.039916515350341797e+00
1.120708584785461426e+00
1.154772877693176270e+00
1.039430856704711914e+00
1.432588696479797363e+00
1.611990094184875488e+00
1.423810124397277832e+00
1.712982892990112305e+00
2.570900917053222656e+00
1.637738108634948730e+00
1.774790287017822266e+00
2.028737783432006836e+00
1.622916221618652344e+00
1.224237799644470215e+00
2.607591390609741211e+00
2.511509895324707031e+00
2.698140382766723633e+00
2.569431066513061523e+00
2.589309930801391602e+00
2.544232845306396484e+00
1.333820462226867676e+00
1.436561226844787598e+00
1.837799668312072754e+00
1.879915714263916016e+00
1.709041953086853027e+00
1.842837572097778320e+00
1.863307237625122070e+00
1.575686454772949219e+00
7.999706864356994629e-01
8.524110913276672363e-01
7.331289052963256836e-01
3.505169749259948730e-01
3.490565717220306396e-01
3.878290951251983643e-01
2.784083783626556396e-01
3.517032563686370850e-01
3.348994255065917969e-01
2.963173985481262207e-01
2.848636507987976074e-01
3.480890095233917236e-01
3.749341666698455811e-01
2.632864117622375488e-01
3.028633892536163330e-01
3.524205684661865234e-01
3.031586110591888428e-01
2.980529665946960449e-01
7.382040619850158691e-01
1.078946709632873535e+00
3.547715246677398682e-01
1.124839425086975098e+00
1.519274830818176270e+00
1.449060559272766113e+00
1.257041811943054199e+00
3.558429777622222900e-01
4.935316741466522217e-01
4.154737889766693115e-01
3.475630283355712891e-01
3.859043717384338379e-01
4.046066403388977051e-01
3.093304634094238281e-01
3.246243000030517578e-01
4.701530337333679199e-01
3.601150512695312500e-01
3.098274171352386475e-01
4.023436903953552246e-01
4.932627677917480469e-01
3.076335191726684570e-01
5.755464434623718262e-01
1.230249643325805664e+00
4.554961919784545898e-01
4.045115113258361816e-01
4.055281579494476318e-01
6.050349473953247070e-01
4.076008796691894531e-01
4.466710686683654785e-01
6.030784845352172852e-01
6.886995434761047363e-01
1.542672753334045410e+00
2.058824062347412109e+00
2.315888881683349609e+00
2.795422554016113281e+00
2.509399652481079102e+00
2.827982902526855469e+00
2.310358762741088867e+00
2.191193580627441406e+00
1.979845404624938965e+00
2.118285894393920898e+00
1.478688120841979980e+00
1.458057522773742676e+00
2.747325181961059570e+00
2.078413486480712891e+00
1.342630863189697266e+00
1.435704588890075684e+00
1.551752448081970215e+00
1.421694159507751465e+00
1.442516207695007324e+00
8.174573183059692383e-01
2.473125219345092773e+00
1.143012762069702148e+00
5.300483703613281250e-01
1.567860126495361328e+00
7.347638607025146484e-01
5.412058234214782715e-01
1.409376978874206543e+00
2.573908090591430664e+00
3.110649108886718750e+00
3.039923429489135742e+00
2.084415912628173828e+00
1.810875296592712402e+00
2.105255126953125000e+00
1.970486879348754883e+00
1.903288006782531738e+00
2.214653968811035156e+00
2.096769094467163086e+00
1.694919586181640625e+00
1.958723783493041992e+00
1.962052941322326660e+00
9.106179475784301758e-01
8.158486485481262207e-01
7.683611512184143066e-01
6.216297149658203125e-01
6.030154228210449219e-01
1.423420906066894531e+00
5.327731966972351074e-01
3.675406277179718018e-01
5.190443992614746094e-01
6.978957653045654297e-01
1.407623052597045898e+00
2.174234867095947266e+00
2.250123977661132812e+00
2.183089971542358398e+00
2.073834657669067383e+00
1.599082589149475098e+00
1.551738739013671875e+00
2.839756488800048828e+00
1.545605778694152832e+00
1.418512940406799316e+00
1.467355251312255859e+00
1.513656973838806152e+00
1.452001333236694336e+00
1.454754948616027832e+00
1.552155375480651855e+00
1.575335860252380371e+00
2.103294849395751953e+00
1.474059700965881348e+00
1.362111210823059082e+00
1.262555360794067383e+00
1.104942202568054199e+00
2.460222959518432617e+00
3.464173316955566406e+00
2.926138401031494141e+00
2.113707780838012695e+00
2.122678518295288086e+00
2.010833263397216797e+00
1.585447072982788086e+00
1.601387739181518555e+00
3.127582311630249023e+00
1.315352082252502441e+00
1.021001577377319336e+00
1.238231301307678223e+00
1.194296717643737793e+00
8.573141694068908691e-01
1.337039470672607422e+00
1.691046237945556641e+00
2.679687261581420898e+00
4.752578437328338623e-01
5.344339013099670410e-01
5.567455291748046875e-01
5.618503093719482422e-01
3.927063941955566406e-01
6.091703176498413086e-01
1.576292991638183594e+00
1.134005546569824219e+00
1.754437446594238281e+00
8.437449336051940918e-01
7.326239943504333496e-01
7.505242228507995605e-01
5.034266114234924316e-01
4.466063678264617920e-01
4.141852557659149170e-01
3.640061616897583008e-01
3.735779225826263428e-01
3.844820857048034668e-01
5.280213952064514160e-01
1.248900532722473145e+00
5.596353411674499512e-01
4.425061345100402832e-01
4.220238924026489258e-01
4.691183269023895264e-01
3.954281806945800781e-01
3.709200024604797363e-01
4.618610143661499023e-01
3.875832259654998779e-01
3.251426219940185547e-01
3.283024132251739502e-01
4.383486211299896240e-01
4.432042837142944336e-01
4.067306220531463623e-01
5.541750192642211914e-01
4.487210512161254883e-01
4.430614709854125977e-01
5.362547636032104492e-01
4.665390551090240479e-01
4.607366621494293213e-01
4.461716711521148682e-01
5.230391025543212891e-01
4.751493036746978760e-01
1.189711928367614746e+00
6.743009090423583984e-01
3.928524851799011230e-01
4.540486931800842285e-01
5.008352994918823242e-01
4.303331971168518066e-01
4.691605269908905029e-01
4.091763794422149658e-01
3.826486468315124512e-01
4.005009233951568604e-01
3.906989097595214844e-01
5.201430320739746094e-01
4.068257212638854980e-01
4.771913290023803711e-01
4.122959077358245850e-01
3.818096220493316650e-01
4.229270517826080322e-01
1.548609137535095215e+00
1.387191534042358398e+00
1.282611846923828125e+00
5.944789052009582520e-01
1.088857769966125488e+00
6.006011962890625000e-01
6.074807643890380859e-01
7.111780047416687012e-01
1.300088047981262207e+00
5.285400152206420898e-01
5.596534013748168945e-01
5.733588337898254395e-01
4.938636124134063721e-01
1.415553450584411621e+00
2.559183359146118164e+00
2.420470237731933594e+00
1.496904969215393066e+00
1.839255928993225098e+00
1.885406613349914551e+00
1.590797662734985352e+00
1.765645861625671387e+00
2.117239475250244141e+00
1.791490554809570312e+00
1.821950554847717285e+00
2.185981988906860352e+00
2.084345102310180664e+00
1.949146747589111328e+00
2.132686614990234375e+00
2.284892082214355469e+00
2.356391191482543945e+00
2.035994529724121094e+00
2.145773649215698242e+00
1.528289198875427246e+00
9.897220730781555176e-01
1.041036486625671387e+00
2.545451402664184570e+00
1.466604471206665039e+00
9.043022394180297852e-01
7.453536391258239746e-01
7.278544306755065918e-01
8.663574457168579102e-01
1.298267483711242676e+00
1.491755723953247070e+00
2.695505857467651367e+00
1.252044200897216797e+00
8.612934947013854980e-01
1.056649446487426758e+00
1.362740516662597656e+00
2.347283840179443359e+00
1.511161327362060547e+00
1.781355261802673340e+00
2.132072925567626953e+00
1.895221233367919922e+00
1.869900107383728027e+00
1.075636982917785645e+00
9.684904813766479492e-01
8.829817771911621094e-01
1.522903442382812500e+00
1.030200362205505371e+00
1.134966254234313965e+00
1.122179388999938965e+00
1.212941169738769531e+00
1.221763014793395996e+00
1.690566301345825195e+00
1.610170722007751465e+00
1.641953110694885254e+00
1.619437694549560547e+00
1.707577466964721680e+00
1.823760986328125000e+00
2.634184598922729492e+00
2.299813032150268555e+00
2.107409477233886719e+00
1.366224050521850586e+00
1.098129987716674805e+00
2.249297380447387695e+00
2.703728199005126953e+00
2.417278289794921875e+00
2.617412567138671875e+00
2.526994705200195312e+00
2.389659643173217773e+00
1.760734319686889648e+00
1.683001279830932617e+00
1.515313386917114258e+00
1.466758012771606445e+00
2.114401102066040039e+00
2.179312705993652344e+00
1.588487863540649414e+00
1.825631141662597656e+00
1.676349401473999023e+00
1.298253536224365234e+00
1.370122075080871582e+00
1.750252008438110352e+00
1.446877121925354004e+00
1.006745815277099609e+00
6.972039937973022461e-01
7.172309160232543945e-01
6.166783571243286133e-01
3.206674158573150635e-01
3.765491545200347900e-01
3.667726218700408936e-01
3.324755728244781494e-01
2.778229117393493652e-01
3.930131196975708008e-01
3.486755788326263428e-01
3.289210796356201172e-01
3.713549971580505371e-01
4.082121253013610840e-01
3.387606441974639893e-01
3.303800821304321289e-01
3.578762114048004150e-01
3.594265282154083252e-01
4.373004734516143799e-01
1.056704163551330566e+00
3.701763749122619629e-01
3.507066369056701660e-01
3.303101956844329834e-01
3.930670917034149170e-01
5.091300606727600098e-01
4.296460151672363281e-01
4.421561360359191895e-01
4.519995152950286865e-01
1.607967734336853027e+00
1.276560068130493164e+00
1.285171151161193848e+00
7.310923337936401367e-01
4.068750739097595215e-01
3.774199485778808594e-01
3.850173950195312500e-01
5.079908967018127441e-01
3.854660987854003906e-01
3.542156517505645752e-01
4.440388977527618408e-01
4.489622414112091064e-01
4.088452756404876709e-01
4.179376661777496338e-01
5.096930265426635742e-01
5.468878149986267090e-01
4.080857634544372559e-01
4.469128251075744629e-01
5.452057123184204102e-01
1.475439786911010742e+00
2.047455310821533203e+00
2.605040311813354492e+00
2.719158172607421875e+00
2.466640710830688477e+00
2.547041177749633789e+00
2.533863306045532227e+00
2.201016187667846680e+00
2.311580181121826172e+00
1.830368041992187500e+00
1.711563587188720703e+00
1.894354820251464844e+00
1.614655733108520508e+00
1.622761964797973633e+00
1.820454716682434082e+00
1.997278928756713867e+00
1.246360301971435547e+00
1.364268898963928223e+00
1.468692541122436523e+00
1.372620105743408203e+00
1.251208782196044922e+00
1.429527521133422852e+00
1.438133716583251953e+00
1.334697127342224121e+00
1.195515871047973633e+00
1.267498970031738281e+00
1.366193890571594238e+00
1.295333623886108398e+00
1.270247101783752441e+00
1.279961347579956055e+00
1.389584660530090332e+00
1.295327305793762207e+00
1.275689244270324707e+00
1.340044140815734863e+00
1.516343712806701660e+00
1.747485518455505371e+00
1.531481266021728516e+00
1.428723335266113281e+00
1.529700756072998047e+00
1.602945446968078613e+00
1.511394619941711426e+00
1.459736466407775879e+00
2.039053678512573242e+00
3.300674438476562500e+00
1.574028968811035156e+00
1.470690727233886719e+00
1.612299084663391113e+00
1.588805556297302246e+00
1.504733681678771973e+00
7.617674469947814941e-01
8.311328887939453125e-01
1.667549252510070801e+00
1.184058070182800293e+00
4.804541766643524170e-01
4.963603615760803223e-01
4.539346694946289062e-01
5.162028670310974121e-01
6.778855323791503906e-01
5.157256722450256348e-01
4.087775647640228271e-01
5.221135020256042480e-01
5.317019820213317871e-01
4.285433292388916016e-01
5.631289482116699219e-01
6.840766072273254395e-01
6.100679636001586914e-01
7.927303910255432129e-01
1.272489428520202637e+00
1.170693278312683105e+00
1.195703625679016113e+00
1.324712276458740234e+00
1.843990683555603027e+00
2.002063989639282227e+00
2.150831937789916992e+00
2.403052091598510742e+00
2.389955043792724609e+00
1.929874420166015625e+00
1.299207925796508789e+00
1.907006621360778809e+00
2.754528999328613281e+00
3.225920200347900391e+00
2.490878105163574219e+00
2.850137710571289062e+00
2.522886037826538086e+00
2.650144815444946289e+00
2.441590547561645508e+00
2.747823715209960938e+00
2.775544643402099609e+00
2.671556472778320312e+00
2.905795335769653320e+00
2.479132890701293945e+00
2.272753953933715820e+00
2.554087638854980469e+00
2.495551824569702148e+00
2.484292984008789062e+00
1.945473313331604004e+00
9.118695259094238281e-01
9.867519736289978027e-01
8.269273638725280762e-01
4.245236814022064209e-01
3.653547167778015137e-01
2.818743586540222168e-01
4.381359219551086426e-01
1.243551850318908691e+00
3.246643245220184326e-01
2.874475717544555664e-01
4.442096650600433350e-01
4.368408322334289551e-01
3.053319156169891357e-01
2.789900302886962891e-01
4.701001346111297607e-01
3.235410749912261963e-01
2.945620715618133545e-01
2.883759438991546631e-01
3.962545990943908691e-01
2.903713881969451904e-01
2.648303806781768799e-01
3.044496178627014160e-01
2.591464221477508545e-01
2.741848230361938477e-01
2.793405950069427490e-01
3.740372955799102783e-01
2.822739779949188232e-01
2.983081638813018799e-01
3.012895286083221436e-01
3.236033022403717041e-01
2.419270426034927368e-01
2.647706270217895508e-01
3.493728935718536377e-01
2.871518433094024658e-01
2.523200213909149170e-01
3.279940783977508545e-01
4.619024097919464111e-01
2.745825350284576416e-01
3.239215314388275146e-01
4.727588891983032227e-01
4.961778223514556885e-01
3.832637071609497070e-01
4.859934151172637939e-01
6.471608281135559082e-01
5.202718377113342285e-01
1.431079506874084473e+00
1.515918254852294922e+00
1.606962323188781738e+00
1.675158500671386719e+00
2.606500625610351562e+00
2.279469251632690430e+00
2.012649297714233398e+00
2.082398176193237305e+00
2.517149209976196289e+00
2.162306070327758789e+00
1.842727184295654297e+00
1.928996205329895020e+00
2.161911249160766602e+00
1.678045868873596191e+00
1.714753031730651855e+00
1.815248847007751465e+00
2.646690130233764648e+00
1.484632730484008789e+00
1.708428502082824707e+00
2.419243574142456055e+00
1.707786798477172852e+00
1.905022501945495605e+00
1.937192797660827637e+00
9.152302145957946777e-01
1.003803372383117676e+00
1.179443597793579102e+00
1.778072357177734375e+00
9.823315739631652832e-01
1.226441264152526855e+00
9.922081828117370605e-01
9.293522834777832031e-01
2.146836519241333008e+00
1.426754236221313477e+00
2.028250932693481445e+00
1.488063335418701172e+00
2.179440975189208984e+00
2.918282270431518555e+00
1.417436838150024414e+00
5.432483553886413574e-01
4.842279553413391113e-01
5.611831545829772949e-01
5.820880532264709473e-01
7.308236956596374512e-01
1.714519739151000977e+00
1.354647517204284668e+00
2.806611955165863037e-01
4.151070415973663330e-01
5.054620504379272461e-01
5.129907131195068359e-01
7.034566998481750488e-01
1.021864771842956543e+00
5.327970385551452637e-01
4.606988430023193359e-01
5.228382349014282227e-01
4.715133905410766602e-01
5.260613560676574707e-01
5.208674669265747070e-01
5.532479882240295410e-01
5.754751563072204590e-01
5.661574602127075195e-01
5.490107536315917969e-01
5.867288112640380859e-01
1.504696488380432129e+00
5.044509172439575195e-01
7.499014735221862793e-01
8.926036953926086426e-01
7.406144738197326660e-01
2.465593576431274414e+00
2.564843893051147461e+00
2.728541612625122070e+00
2.937602281570434570e+00
2.956841468811035156e+00
2.588547468185424805e+00
2.907873630523681641e+00
2.811621427536010742e+00
2.964858055114746094e+00
2.901916503906250000e+00
2.539395570755004883e+00
2.881665945053100586e+00
2.152749538421630859e+00
2.276480197906494141e+00
2.392744302749633789e+00
2.439244985580444336e+00
2.657693624496459961e+00
2.621352434158325195e+00
2.683925390243530273e+00
3.773585557937622070e+00
3.945586442947387695e+00
4.096566677093505859e+00
3.528983831405639648e+00
3.082408905029296875e+00
2.354832887649536133e+00
2.371054410934448242e+00
2.590844154357910156e+00
2.459713935852050781e+00
2.302981615066528320e+00
2.295774459838867188e+00
2.142441749572753906e+00
2.145332813262939453e+00
2.317099332809448242e+00
2.188462734222412109e+00
2.191576480865478516e+00
2.047274351119995117e+00
1.716391324996948242e+00
5.919506549835205078e-01
6.676318049430847168e-01
8.796465396881103516e-01
8.374272584915161133e-01
6.560435295104980469e-01
1.148221969604492188e+00
1.038897156715393066e+00
7.483372092247009277e-01
5.664504766464233398e-01
5.782139301300048828e-01
4.706063866615295410e-01
4.108908772468566895e-01
3.083582520484924316e-01
3.246276080608367920e-01
4.411718249320983887e-01
3.377629220485687256e-01
2.770296633243560791e-01
3.352420330047607422e-01
4.583545029163360596e-01
2.809638082981109619e-01
2.909552156925201416e-01
3.357932567596435547e-01
4.011667072772979736e-01
2.665813267230987549e-01
2.866367995738983154e-01
3.802842795848846436e-01
3.740666508674621582e-01
2.449728250503540039e-01
3.033778667449951172e-01
3.413176834583282471e-01
3.727194368839263916e-01
3.238044679164886475e-01
3.369101881980895996e-01
4.573989808559417725e-01
3.835649490356445312e-01
3.211092650890350342e-01
3.611357808113098145e-01
5.141451954841613770e-01
5.203576087951660156e-01
4.432914257049560547e-01
5.467683076858520508e-01
6.619886755943298340e-01
5.463862419128417969e-01
4.877734184265136719e-01
1.857297062873840332e+00
2.494797706604003906e+00
2.836753368377685547e+00
2.440453290939331055e+00
2.483680486679077148e+00
2.734596729278564453e+00
2.705292463302612305e+00
2.824405193328857422e+00
2.098721265792846680e+00
2.448356628417968750e+00
1.654259920120239258e+00
3.045102119445800781e+00
2.100864171981811523e+00
1.803440690040588379e+00
1.334332227706909180e+00
1.537798643112182617e+00
1.464622735977172852e+00
1.442796945571899414e+00
1.778927564620971680e+00
4.784319877624511719e+00
4.183054924011230469e+00
3.126082658767700195e+00
2.796532869338989258e+00
1.672923803329467773e+00
1.753807067871093750e+00
1.831677675247192383e+00
3.128247976303100586e+00
5.350870132446289062e+00
3.500315427780151367e+00
2.870893478393554688e+00
2.804409742355346680e+00
1.608407139778137207e+00
1.545176625251770020e+00
1.598697185516357422e+00
2.107586383819580078e+00
1.557915568351745605e+00
1.478897809982299805e+00
1.471440672874450684e+00
1.594600319862365723e+00
1.525010108947753906e+00
1.571029186248779297e+00
2.728240728378295898e+00
2.559033632278442383e+00
2.907945871353149414e+00
2.628009080886840820e+00
2.051165819168090820e+00
1.460762381553649902e+00
1.468414068222045898e+00
1.473202824592590332e+00
2.216723680496215820e+00
1.753850936889648438e+00
1.503934979438781738e+00
1.731652498245239258e+00
1.495107889175415039e+00
1.622026801109313965e+00
1.616741657257080078e+00
1.593645572662353516e+00
1.608157157897949219e+00
1.605968713760375977e+00
1.611192822456359863e+00
1.644833683967590332e+00
1.696649909019470215e+00
1.587824821472167969e+00
9.407594203948974609e-01
6.878626942634582520e-01
1.665562868118286133e+00
1.662410497665405273e+00
1.592005610466003418e+00
2.133884429931640625e+00
2.085675477981567383e+00
2.060410022735595703e+00
1.505541443824768066e+00
1.698053359985351562e+00
1.831668615341186523e+00
1.531069278717041016e+00
1.164366841316223145e+00
1.183775186538696289e+00
1.259301185607910156e+00
4.809160232543945312e-01
4.468517005443572998e-01
4.985021650791168213e-01
7.112410664558410645e-01
4.852764010429382324e-01
4.453452527523040771e-01
4.138840138912200928e-01
5.836926102638244629e-01
4.638545513153076172e-01
3.753225505352020264e-01
3.692405819892883301e-01
4.079380035400390625e-01
5.679349899291992188e-01
9.873604774475097656e-01
3.317747116088867188e-01
3.478598594665527344e-01
5.409319996833801270e-01
4.178422689437866211e-01
3.963083028793334961e-01
3.675598204135894775e-01
1.361750245094299316e+00
1.488028526306152344e+00
1.316252470016479492e+00
1.189697027206420898e+00
1.304364800453186035e+00
3.100897073745727539e-01
8.343206048011779785e-01
6.564149260520935059e-01
5.019667744636535645e-01
9.911904335021972656e-01
7.058438062667846680e-01
4.402722418308258057e-01
4.686951041221618652e-01
5.137976408004760742e-01
4.086624681949615479e-01
3.500945866107940674e-01
3.813233673572540283e-01
4.425319135189056396e-01
3.740825355052947998e-01
3.832776844501495361e-01
3.889276683330535889e-01
4.432278573513031006e-01
3.702448904514312744e-01
3.991145193576812744e-01
4.316080212593078613e-01
4.637799859046936035e-01
4.061758518218994141e-01
5.710759162902832031e-01
4.106195271015167236e-01
4.681781530380249023e-01
3.720292747020721436e-01
3.823899030685424805e-01
4.446709752082824707e-01
5.350443720817565918e-01
4.493046104907989502e-01
4.593333005905151367e-01
4.169018268585205078e-01
5.407063961029052734e-01
4.469279050827026367e-01
4.129630625247955322e-01
3.701149821281433105e-01
4.218076467514038086e-01
1.230360031127929688e+00
1.439655780792236328e+00
1.381273150444030762e+00
1.257264733314514160e+00
1.252836585044860840e+00
2.328872978687286377e-01
4.915052652359008789e-01
1.260740518569946289e+00
4.591962397098541260e-01
4.135268628597259521e-01
1.498386979103088379e+00
7.813668251037597656e-01
8.742783665657043457e-01
8.693234920501708984e-01
8.087560534477233887e-01
8.719975948333740234e-01
1.056037068367004395e+00
1.157866120338439941e+00
1.127600431442260742e+00
1.433103680610656738e+00
9.711357951164245605e-01
1.114500522613525391e+00
1.162922143936157227e+00
1.147794365882873535e+00
1.158433437347412109e+00
1.142659664154052734e+00
1.568598031997680664e+00
1.813491582870483398e+00
1.769208908081054688e+00
1.780373692512512207e+00
2.172748327255249023e+00
2.982814311981201172e+00
1.795018792152404785e+00
1.948099136352539062e+00
3.064314603805541992e+00
2.687342643737792969e+00
2.828480482101440430e+00
2.381532192230224609e+00
1.999511957168579102e+00
1.902701377868652344e+00
5.706395506858825684e-01
9.114057421684265137e-01
8.368146419525146484e-01
6.262948513031005859e-01
5.647919178009033203e-01
1.925605297088623047e+00
1.494997739791870117e+00
2.947661399841308594e+00
2.409687519073486328e+00
1.582991123199462891e+00
1.601678013801574707e+00
9.846142530441284180e-01
1.116499543190002441e+00
1.962716221809387207e+00
3.170690059661865234e+00
2.631871461868286133e+00
3.041014194488525391e+00
3.604436397552490234e+00
1.376027226448059082e+00
1.759750247001647949e+00
1.937778592109680176e+00
1.906728744506835938e+00
2.415651798248291016e+00
2.889812231063842773e+00
4.046520233154296875e+00
3.433562994003295898e+00
2.518753767013549805e+00
2.490044116973876953e+00
2.422225236892700195e+00
2.198470115661621094e+00
2.323704481124877930e+00
2.625863075256347656e+00
1.953763365745544434e+00
1.242097496986389160e+00
1.153498291969299316e+00
1.657699227333068848e+00
1.468590021133422852e+00
1.866403698921203613e+00
2.113258600234985352e+00
1.844561100006103516e+00
6.206626892089843750e-01
6.178869009017944336e-01
1.652445077896118164e+00
3.016138076782226562e+00
2.135500192642211914e+00
2.173669576644897461e+00
2.273665904998779297e+00
1.536378622055053711e+00
1.358276367187500000e+00
1.231630802154541016e+00
1.403895258903503418e+00
9.131059646606445312e-01
8.797986507415771484e-01
7.406485080718994141e-01
5.288949608802795410e-01
6.631749868392944336e-01
5.986208319664001465e-01
5.656481981277465820e-01
4.907040596008300781e-01
5.937330722808837891e-01
5.712088346481323242e-01
3.999897241592407227e-01
3.157216012477874756e-01
3.617368936538696289e-01
3.319421708583831787e-01
2.596329450607299805e-01
2.649953961372375488e-01
3.592447936534881592e-01
3.365366160869598389e-01
9.967655539512634277e-01
1.281146526336669922e+00
1.374036431312561035e+00
6.297588944435119629e-01
2.933900356292724609e-01
3.341089189052581787e-01
3.168429434299468994e-01
3.880522251129150391e-01
2.415775656700134277e-01
2.464951574802398682e-01
3.196656107902526855e-01
3.647182583808898926e-01
4.220058023929595947e-01
3.499967157840728760e-01
4.030672907829284668e-01
4.351471662521362305e-01
4.713278114795684814e-01
3.469698727130889893e-01
3.855212032794952393e-01
4.446071088314056396e-01
4.479294419288635254e-01
3.804607987403869629e-01
3.989300727844238281e-01
4.144283831119537354e-01
4.358302056789398193e-01
3.403035402297973633e-01
3.222352564334869385e-01
4.442074596881866455e-01
4.892436861991882324e-01
4.018957912921905518e-01
3.474147319793701172e-01
4.065209329128265381e-01
3.961638510227203369e-01
3.914247155189514160e-01
3.652809858322143555e-01
4.044772684574127197e-01
4.401615262031555176e-01
4.709827303886413574e-01
4.753743112087249756e-01
1.780118227005004883e+00
1.906179428100585938e+00
2.235199213027954102e+00
2.577362537384033203e+00
2.310276508331298828e+00
2.504048109054565430e+00
2.540535449981689453e+00
2.438220024108886719e+00
2.061402797698974609e+00
2.290102005004882812e+00
2.035116195678710938e+00
1.789918065071105957e+00
2.554922103881835938e+00
2.867372274398803711e+00
1.239589452743530273e+00
1.643176436424255371e+00
1.723238587379455566e+00
1.422576427459716797e+00
1.379600286483764648e+00
1.689768433570861816e+00
2.838843822479248047e+00
2.203090906143188477e+00
1.156042456626892090e+00
1.312919497489929199e+00
1.519784927368164062e+00
1.343256831169128418e+00
1.285702109336853027e+00
1.602940559387207031e+00
1.498386979103088379e+00
1.416417121887207031e+00
1.332195043563842773e+00
1.305491089820861816e+00
1.454851150512695312e+00
1.411761045455932617e+00
1.727080583572387695e+00
1.866411924362182617e+00
1.012814521789550781e+00
7.250007987022399902e-01
1.129089951515197754e+00
6.580956578254699707e-01
9.028552770614624023e-01
9.651675820350646973e-01
1.131218552589416504e+00
1.266233205795288086e+00
1.277927041053771973e+00
8.640465736389160156e-01
1.048375725746154785e+00
1.509296298027038574e+00
1.616938471794128418e+00
1.589936494827270508e+00
1.852688908576965332e+00
2.358851909637451172e+00
1.731895685195922852e+00
1.703955531120300293e+00
1.898273944854736328e+00
7.227827906608581543e-01
1.073952436447143555e+00
1.285298824310302734e+00
1.193469166755676270e+00
1.558192133903503418e+00
1.864326119422912598e+00
2.757853269577026367e+00
2.671959638595581055e+00
2.965275526046752930e+00
2.937896013259887695e+00
1.974177956581115723e+00
1.724340677261352539e+00
2.038014888763427734e+00
2.471553087234497070e+00
2.573477983474731445e+00
2.353056192398071289e+00
2.502740859985351562e+00
2.372276306152343750e+00
3.036074161529541016e+00
2.520747900009155273e+00
2.823666810989379883e+00
2.473628759384155273e+00
2.701970577239990234e+00
1.820096015930175781e+00
2.396887063980102539e+00
3.571338653564453125e+00
1.628157258033752441e+00
1.881166100502014160e+00
1.008769392967224121e+00
1.040712237358093262e+00
9.562774896621704102e-01
1.118098855018615723e+00
2.100247144699096680e+00
2.177960872650146484e+00
6.277056336402893066e-01
6.148279309272766113e-01
3.489858508110046387e-01
3.254052102565765381e-01
4.396851360797882080e-01
4.069761931896209717e-01
3.203812837600708008e-01
2.697586715221405029e-01
3.870350420475006104e-01
2.862928211688995361e-01
6.837402582168579102e-01
8.904194235801696777e-01
7.503781318664550781e-01
6.927775740623474121e-01
6.787654161453247070e-01
6.814532279968261719e-01
6.545853018760681152e-01
8.465887308120727539e-01
8.113539814949035645e-01
8.184967041015625000e-01
1.021754026412963867e+00
1.496484994888305664e+00
1.408678531646728516e+00
7.501221299171447754e-01
2.782664000988006592e-01
3.298371136188507080e-01
3.942372202873229980e-01
3.084865212440490723e-01
2.597916424274444580e-01
3.299475610256195068e-01
3.664228618144989014e-01
3.357669413089752197e-01
2.915061414241790771e-01
3.354067802429199219e-01
3.758027851581573486e-01
3.457292914390563965e-01
3.357809185981750488e-01
3.267288208007812500e-01
4.426113963127136230e-01
3.859775662422180176e-01
4.398926198482513428e-01
4.049018323421478271e-01
4.723397791385650635e-01
4.510719776153564453e-01
5.695258378982543945e-01
4.972212910652160645e-01
5.685648918151855469e-01
5.163865089416503906e-01
6.096357107162475586e-01
5.265089273452758789e-01
4.504294991493225098e-01
4.403599500656127930e-01
4.150667488574981689e-01
4.376148581504821777e-01
5.216387510299682617e-01
1.450193405151367188e+00
1.897538542747497559e+00
2.321090698242187500e+00
2.089289188385009766e+00
2.440471172332763672e+00
1.730638146400451660e+00
2.081150054931640625e+00
1.821248531341552734e+00
1.585765242576599121e+00
1.597089052200317383e+00
1.699577808380126953e+00
1.669866800308227539e+00
1.665104031562805176e+00
8.464461565017700195e-01
7.734459638595581055e-01
1.168087482452392578e+00
1.046167373657226562e+00
9.399924874305725098e-01
7.166470885276794434e-01
4.510281383991241455e-01
4.085446000099182129e-01
4.502653181552886963e-01
3.888002336025238037e-01
5.462538599967956543e-01
5.860375165939331055e-01
7.867816090583801270e-01
5.971009135246276855e-01
1.525165557861328125e+00
1.570071816444396973e+00
1.602093338966369629e+00
8.927807807922363281e-01
9.200381636619567871e-01
1.274626612663269043e+00
1.731603741645812988e+00
9.293172359466552734e-01
6.068785786628723145e-01
1.460943579673767090e+00
1.813336133956909180e+00
1.845768570899963379e+00
1.855304956436157227e+00
2.328471183776855469e+00
2.246988773345947266e+00
2.208440065383911133e+00
2.368008613586425781e+00
1.925222396850585938e+00
1.635975956916809082e+00
1.497705817222595215e+00
2.410814285278320312e+00
2.357970952987670898e+00
2.439961194992065430e+00
3.107067584991455078e+00
2.896378278732299805e+00
1.082825183868408203e+00
1.091883540153503418e+00
1.478735804557800293e+00
2.499576568603515625e+00
2.306540489196777344e+00
2.931616306304931641e+00
3.466464281082153320e+00
3.906894683837890625e+00
2.635217905044555664e+00
2.895625352859497070e+00
3.793470859527587891e+00
3.180797576904296875e+00
2.812589406967163086e+00
1.982710003852844238e+00
2.299211263656616211e+00
1.555747389793395996e+00
1.800322532653808594e+00
1.803431630134582520e+00
1.780512928962707520e+00
1.845798969268798828e+00
1.778487086296081543e+00
2.548678398132324219e+00
2.558078050613403320e+00
2.936955451965332031e+00
2.282505035400390625e+00
1.861012816429138184e+00
1.975429415702819824e+00
1.934710860252380371e+00
1.867303848266601562e+00
1.930813193321228027e+00
1.883502483367919922e+00
1.806172847747802734e+00
1.700997114181518555e+00
1.820382118225097656e+00
1.934603691101074219e+00
1.708305120468139648e+00
1.801390409469604492e+00
1.829019546508789062e+00
1.740166306495666504e+00
1.628442645072937012e+00
1.763280987739562988e+00
1.768247842788696289e+00
1.641024231910705566e+00
1.683295130729675293e+00
1.878322839736938477e+00
1.665992617607116699e+00
1.664818406105041504e+00
1.814565777778625488e+00
1.774724245071411133e+00
1.792989015579223633e+00
1.945659995079040527e+00
1.995825886726379395e+00
1.777751684188842773e+00
2.788667201995849609e+00
1.776773452758789062e+00
1.722949147224426270e+00
1.641177415847778320e+00
1.793291926383972168e+00
1.811290025711059570e+00
1.600525736808776855e+00
1.597113490104675293e+00
1.721932411193847656e+00
1.589155077934265137e+00
1.562321424484252930e+00
1.670694828033447266e+00
1.685457706451416016e+00
8.242796063423156738e-01
5.916967988014221191e-01
6.773806810379028320e-01
5.363994836807250977e-01
5.544189810752868652e-01
1.283587455749511719e+00
1.321478724479675293e+00
3.450928330421447754e-01
3.825373649597167969e-01
4.530293047428131104e-01
3.280891776084899902e-01
3.298058509826660156e-01
5.811821818351745605e-01
4.104602634906768799e-01
3.412957787513732910e-01
4.576064646244049072e-01
5.206621289253234863e-01
4.345871806144714355e-01
3.692817091941833496e-01
4.522031843662261963e-01
4.322524070739746094e-01
3.855806589126586914e-01
4.022935032844543457e-01
3.611023426055908203e-01
3.621296882629394531e-01
2.891730368137359619e-01
3.151004910469055176e-01
3.437451124191284180e-01
3.747209012508392334e-01
3.177266418933868408e-01
2.822649478912353516e-01
3.297661244869232178e-01
3.882514834403991699e-01
3.914554119110107422e-01
3.047771453857421875e-01
3.386123478412628174e-01
4.313991665840148926e-01
1.452798962593078613e+00
1.015576601028442383e+00
4.170487523078918457e-01
5.958294272422790527e-01
1.420271277427673340e+00
1.163028120994567871e+00
1.459122419357299805e+00
1.699416995048522949e+00
1.772472620010375977e+00
1.461550354957580566e+00
1.394713521003723145e+00
1.490511059761047363e+00
1.179216980934143066e+00
3.953042924404144287e-01
5.794377923011779785e-01
5.886409282684326172e-01
5.688340663909912109e-01
6.079275608062744141e-01
6.578204631805419922e-01
2.260573148727416992e+00
1.935002446174621582e+00
1.724278450012207031e+00
1.809500217437744141e+00
1.578868150711059570e+00
1.429945588111877441e+00
6.560289859771728516e-01
1.075489521026611328e+00
1.015959858894348145e+00
1.060989141464233398e+00
1.158495426177978516e+00
1.944908380508422852e+00
1.722289562225341797e+00
1.660498857498168945e+00
1.958144307136535645e+00
1.795006155967712402e+00
1.781138181686401367e+00
1.401213288307189941e+00
8.418725728988647461e-01
2.034926891326904297e+00
3.909179210662841797e+00
3.465689659118652344e+00
3.099107503890991211e+00
3.478323936462402344e+00
3.460041046142578125e+00
3.350596427917480469e+00
3.626120805740356445e+00
2.552191019058227539e+00
2.271228551864624023e+00
2.432639837265014648e+00
2.463260412216186523e+00
2.275016069412231445e+00
2.256917715072631836e+00
2.247336149215698242e+00
2.214317321777343750e+00
2.267374277114868164e+00
2.548499345779418945e+00
2.680194377899169922e+00
2.651210308074951172e+00
2.571118831634521484e+00
2.632758140563964844e+00
2.419686794281005859e+00
1.892330884933471680e+00
1.958397865295410156e+00
1.908174872398376465e+00
2.078937530517578125e+00
1.260468363761901855e+00
1.055942535400390625e+00
1.159608006477355957e+00
2.007035493850708008e+00
1.880733251571655273e+00
2.810893297195434570e+00
3.131855964660644531e+00
2.058187246322631836e+00
2.967682838439941406e+00
2.851002216339111328e+00
2.974712848663330078e+00
2.421825647354125977e+00
1.849597692489624023e+00
3.243108510971069336e+00
2.750219583511352539e+00
1.299536585807800293e+00
1.406277775764465332e+00
1.151887416839599609e+00
9.069302678108215332e-01
7.780625820159912109e-01
9.607721567153930664e-01
5.872855186462402344e-01
4.176772534847259521e-01
4.749598801136016846e-01
4.256916046142578125e-01
3.936484754085540771e-01
3.367358744144439697e-01
3.144525289535522461e-01
3.042560815811157227e-01
3.699069321155548096e-01
2.142343819141387939e-01
2.212614268064498901e-01
3.192018270492553711e-01
3.041617870330810547e-01
2.278586924076080322e-01
2.301008105278015137e-01
2.836757302284240723e-01
3.603104948997497559e-01
3.622453510761260986e-01
3.744238018989562988e-01
4.339093267917633057e-01
3.574543893337249756e-01
3.615082800388336182e-01
4.000535905361175537e-01
3.929939270019531250e-01
2.767574787139892578e-01
3.301514983177185059e-01
3.628903031349182129e-01
3.961646854877471924e-01
3.313449025154113770e-01
1.377869129180908203e+00
1.343167185783386230e+00
1.326396584510803223e+00
2.887632548809051514e-01
2.950842380523681641e-01
3.649424612522125244e-01
3.624193966388702393e-01
4.109202027320861816e-01
3.127868473529815674e-01
5.199369192123413086e-01
4.338641166687011719e-01
4.898085892200469971e-01
5.495468378067016602e-01
5.731069445610046387e-01
5.614843964576721191e-01
5.556085705757141113e-01
5.709369182586669922e-01
6.505127549171447754e-01
2.082961797714233398e+00
2.033602952957153320e+00
1.971447944641113281e+00
1.897387742996215820e+00
2.162093877792358398e+00
2.279977560043334961e+00
3.569368362426757812e+00
2.763192653656005859e+00
1.398617744445800781e+00
2.248774766921997070e+00
1.497329831123352051e+00
1.269432663917541504e+00
1.655993819236755371e+00
1.951469421386718750e+00
1.224915623664855957e+00
1.331601142883300781e+00
1.490953207015991211e+00
1.363075017929077148e+00
1.340680360794067383e+00
1.459628939628601074e+00
1.185629963874816895e+00
1.367987394332885742e+00
1.350483775138854980e+00
1.256746649742126465e+00
1.229340434074401855e+00
1.199198126792907715e+00
1.425870299339294434e+00
1.307114005088806152e+00
1.159514784812927246e+00
1.178375720977783203e+00
1.429497718811035156e+00
2.507734537124633789e+00
4.290583133697509766e+00
3.764208555221557617e+00
3.022709608078002930e+00
2.291356325149536133e+00
1.876769781112670898e+00
1.644691705703735352e+00
3.096346378326416016e+00
3.266960382461547852e+00
2.947662115097045898e+00
3.073737382888793945e+00
2.551427364349365234e+00
6.993720531463623047e-01
5.279630422592163086e-01
5.538948774337768555e-01
5.803012251853942871e-01
5.521423220634460449e-01
5.986438393592834473e-01
5.541558265686035156e-01
4.401403963565826416e-01
3.504133522510528564e-01
3.532264232635498047e-01
4.424282908439636230e-01
3.912306427955627441e-01
3.791744410991668701e-01
4.063370227813720703e-01
5.840116739273071289e-01
5.025787949562072754e-01
6.926243305206298828e-01
6.526194810867309570e-01
6.773088574409484863e-01
1.281852126121520996e+00
8.636356592178344727e-01
9.546372890472412109e-01
9.524258375167846680e-01
1.007504224777221680e+00
1.199444532394409180e+00
1.163680791854858398e+00
1.183962941169738770e+00
1.244437217712402344e+00
1.716360330581665039e+00
1.781741738319396973e+00
1.611034035682678223e+00
1.564492225646972656e+00
1.601760029792785645e+00
1.597812414169311523e+00
2.344766855239868164e+00
1.123094320297241211e+00
2.382273912429809570e+00
2.493410348892211914e+00
2.998121500015258789e+00
2.439657211303710938e+00
3.484759330749511719e+00
3.068282365798950195e+00
1.567214846611022949e+00
1.455017805099487305e+00
1.500162601470947266e+00
1.223234295845031738e+00
1.436888694763183594e+00
1.751859068870544434e+00
2.462914466857910156e+00
1.802419900894165039e+00
9.609676003456115723e-01
1.180957198143005371e+00
1.027181982994079590e+00
6.157404184341430664e-01
6.489843726158142090e-01
1.048286080360412598e+00
6.759635806083679199e-01
3.172883391380310059e-01
2.966353595256805420e-01
3.223789036273956299e-01
4.969584345817565918e-01
4.309255182743072510e-01
3.127056956291198730e-01
2.949222326278686523e-01
2.677662670612335205e-01
3.683700561523437500e-01
2.503818571567535400e-01
2.276331186294555664e-01
2.920294106006622314e-01
3.456618785858154297e-01
2.592631876468658447e-01
2.547630667686462402e-01
3.237066268920898438e-01
4.489688277244567871e-01
8.849309086799621582e-01
1.481856703758239746e+00
1.295063853263854980e+00
1.191050291061401367e+00
5.862376093864440918e-01
2.752181589603424072e-01
3.419280946254730225e-01
2.835526466369628906e-01
2.647895514965057373e-01
3.268571197986602783e-01
3.384950459003448486e-01
2.741305232048034668e-01
3.296252191066741943e-01
3.877542614936828613e-01
4.006634652614593506e-01
3.030448555946350098e-01
3.335546851158142090e-01
3.752910196781158447e-01
4.783540368080139160e-01
4.141688048839569092e-01
3.797717094421386719e-01
4.794660508632659912e-01
5.273169875144958496e-01
5.454447269439697266e-01
4.316614568233489990e-01
5.012439489364624023e-01
1.991189837455749512e+00
2.186902761459350586e+00
2.682442665100097656e+00
2.575130224227905273e+00
2.636083602905273438e+00
2.671397209167480469e+00
2.159892797470092773e+00
2.199055194854736328e+00
1.909534692764282227e+00
2.464928150177001953e+00
1.719639062881469727e+00
1.448475956916809082e+00
1.524180650711059570e+00
1.437790751457214355e+00
1.524910926818847656e+00
1.480102181434631348e+00
1.485495567321777344e+00
1.445915818214416504e+00
1.844833374023437500e+00
1.795098304748535156e+00
1.386392712593078613e+00
1.296221137046813965e+00
1.572728633880615234e+00
1.581729412078857422e+00
1.638995647430419922e+00
1.393703460693359375e+00
1.410488128662109375e+00
1.376194953918457031e+00
1.453349113464355469e+00
9.001389145851135254e-01
3.565057218074798584e-01
5.570760369300842285e-01
3.370050489902496338e-01
4.068917930126190186e-01
3.767289519309997559e-01
3.917311429977416992e-01
3.614386618137359619e-01
5.036313533782958984e-01
4.322121143341064453e-01
4.487934112548828125e-01
4.033232927322387695e-01
4.396042823791503906e-01
4.695294499397277832e-01
3.475361466407775879e-01
3.114670515060424805e-01
3.363417088985443115e-01
3.788296282291412354e-01
3.310044705867767334e-01
2.808818519115447998e-01
3.308178186416625977e-01
3.836587071418762207e-01
3.426997065544128418e-01
2.339875251054763794e-01
3.216100633144378662e-01
3.350364565849304199e-01
3.701777458190917969e-01
2.748218178749084473e-01
2.870005369186401367e-01
3.497996628284454346e-01
3.655386269092559814e-01
3.962367773056030273e-01
1.547562599182128906e+00
7.693010568618774414e-01
1.068933129310607910e+00
1.323944211006164551e+00
1.282037973403930664e+00
1.031923294067382812e+00
2.220515251159667969e+00
2.265843629837036133e+00
2.237772703170776367e+00
2.502075910568237305e+00
1.959148883819580078e+00
1.984417438507080078e+00
2.464443206787109375e+00
1.989916920661926270e+00
1.893140912055969238e+00
2.091201543807983398e+00
2.009330511093139648e+00
1.962463259696960449e+00
2.722419500350952148e+00
2.185175657272338867e+00
1.693016290664672852e+00
1.746670126914978027e+00
1.874245882034301758e+00
2.702074766159057617e+00
2.613405227661132812e+00
2.834849596023559570e+00
2.506003856658935547e+00
2.459588527679443359e+00
2.487951755523681641e+00
2.580983877182006836e+00
2.210364103317260742e+00
1.478333950042724609e+00
9.900737404823303223e-01
9.391685724258422852e-01
7.416209578514099121e-01
6.527337431907653809e-01
7.116445302963256836e-01
5.835914611816406250e-01
7.976723909378051758e-01
6.030880808830261230e-01
3.810437917709350586e-01
3.542762100696563721e-01
4.974167346954345703e-01
4.708785712718963623e-01
3.838771581649780273e-01
3.537307679653167725e-01
3.826478123664855957e-01
4.470279514789581299e-01
3.755187988281250000e-01
3.153260946273803711e-01
3.151539564132690430e-01
3.432942032814025879e-01
3.334820568561553955e-01
2.451770305633544922e-01
3.073745071887969971e-01
3.498492538928985596e-01
3.920296430587768555e-01
2.274683862924575806e-01
2.952689826488494873e-01
3.391558825969696045e-01
4.207235872745513916e-01
2.681110799312591553e-01
3.024777472019195557e-01
3.440268635749816895e-01
4.346027970314025879e-01
3.730749487876892090e-01
3.471184372901916504e-01
4.146536886692047119e-01
4.777581691741943359e-01
5.394888520240783691e-01
4.414741694927215576e-01
4.197143614292144775e-01
1.327733039855957031e+00
1.639248967170715332e+00
1.381642699241638184e+00
1.193976879119873047e+00
3.592998981475830078e-01
4.131678044795989990e-01
5.248451828956604004e-01
4.457108974456787109e-01
4.712801277637481689e-01
5.209916234016418457e-01
6.165539622306823730e-01
7.287474274635314941e-01
2.060060501098632812e+00
2.537612676620483398e+00
2.388220548629760742e+00
2.325282573699951172e+00
2.340861558914184570e+00
2.748853445053100586e+00
2.948059558868408203e+00
2.307707309722900391e+00
1.610617518424987793e+00
1.565997600555419922e+00
1.552577257156372070e+00
1.363988280296325684e+00
1.522855639457702637e+00
1.566461086273193359e+00
1.318942785263061523e+00
1.328661441802978516e+00
1.367789745330810547e+00
1.292433381080627441e+00
1.334439635276794434e+00
1.267733573913574219e+00
1.386038064956665039e+00
1.342213392257690430e+00
1.657495021820068359e+00
1.365724921226501465e+00
1.385144829750061035e+00
1.414960861206054688e+00
1.396470189094543457e+00
1.320363402366638184e+00
1.352429032325744629e+00
1.416326999664306641e+00
1.402032494544982910e+00
1.372836470603942871e+00
1.429206252098083496e+00
1.500528216361999512e+00
1.399982213973999023e+00
1.391839385032653809e+00
1.835159063339233398e+00
1.314900636672973633e+00
1.365154266357421875e+00
9.034818410873413086e-01
3.551275730133056641e-01
3.709380924701690674e-01
3.706428706645965576e-01
2.752455770969390869e-01
2.875097990036010742e-01
3.595205247402191162e-01
2.846843898296356201e-01
2.311651408672332764e-01
2.742278277873992920e-01
3.701739013195037842e-01
3.362726569175720215e-01
2.476019710302352905e-01
2.760634720325469971e-01
4.288429021835327148e-01
1.215297818183898926e+00
8.542831540107727051e-01
8.551148176193237305e-01
8.955411911010742188e-01
1.062044501304626465e+00
8.429226279258728027e-01
8.388736844062805176e-01
8.880161643028259277e-01
9.319639205932617188e-01
1.238681077957153320e+00
1.201634049415588379e+00
1.170853137969970703e+00
1.263972997665405273e+00
1.285094976425170898e+00
1.541244387626647949e+00
1.673553347587585449e+00
1.947716474533081055e+00
1.865293383598327637e+00
1.885736942291259766e+00
1.787284493446350098e+00
1.272400617599487305e+00
1.286596417427062988e+00
2.651260852813720703e+00
2.381519556045532227e+00
2.891664505004882812e+00
4.126733303070068359e+00
3.053516864776611328e+00
2.469161987304687500e+00
2.497750997543334961e+00
1.728742718696594238e+00
1.050731658935546875e+00
1.279414534568786621e+00
1.997311472892761230e+00
2.454087972640991211e+00
1.332439064979553223e+00
1.451066970825195312e+00
1.450181365013122559e+00
1.151535749435424805e+00
1.326901674270629883e+00
1.268306493759155273e+00
9.877269268035888672e-01
7.337667346000671387e-01
9.232305884361267090e-01
8.170982599258422852e-01
6.878651976585388184e-01
6.008270382881164551e-01
6.178981065750122070e-01
5.763031840324401855e-01
5.684667229652404785e-01
3.958681225776672363e-01
4.396146833896636963e-01
5.119652748107910156e-01
4.998833537101745605e-01
3.817737102508544922e-01
4.946228563785552979e-01
4.248449206352233887e-01
4.727503955364227295e-01
4.333482682704925537e-01
4.032520353794097900e-01
3.487238287925720215e-01
4.480327963829040527e-01
4.416591823101043701e-01
3.762479126453399658e-01
3.659569025039672852e-01
4.234681427478790283e-01
4.817440807819366455e-01
5.004444122314453125e-01
1.551129937171936035e+00
1.236396789550781250e+00
1.426760554313659668e+00
1.313708305358886719e+00
3.663496971130371094e-01
4.001032114028930664e-01
5.989338159561157227e-01
5.632298588752746582e-01
5.476619005203247070e-01
5.520206093788146973e-01
5.861510038375854492e-01
6.152445673942565918e-01
5.345898866653442383e-01
4.881678521633148193e-01
4.496535360813140869e-01
4.763986170291900635e-01
5.621438622474670410e-01
4.886554777622222900e-01
4.739742279052734375e-01
4.671911299228668213e-01
6.345317363739013672e-01
6.446023583412170410e-01
5.883604884147644043e-01
2.008306503295898438e+00
2.725560665130615234e+00
2.674666881561279297e+00
2.462269306182861328e+00
2.539410829544067383e+00
2.659776687622070312e+00
2.565843820571899414e+00
2.070537328720092773e+00
1.960765480995178223e+00
1.375611662864685059e+00
1.503039002418518066e+00
1.539339065551757812e+00
1.385082840919494629e+00
1.382062554359436035e+00
1.308409690856933594e+00
1.382517814636230469e+00
1.266775369644165039e+00
1.353044867515563965e+00
1.267151713371276855e+00
1.353786945343017578e+00
1.320758104324340820e+00
1.221694469451904297e+00
1.187780261039733887e+00
1.254949927330017090e+00
1.356921792030334473e+00
1.259380936622619629e+00
1.195914387702941895e+00
1.230567812919616699e+00
1.354823589324951172e+00
1.327438354492187500e+00
1.269756197929382324e+00
1.287838101387023926e+00
1.358307600021362305e+00
1.363122105598449707e+00
1.348562836647033691e+00
1.326830744743347168e+00
2.435992717742919922e+00
1.372468829154968262e+00
1.225401878356933594e+00
8.311098217964172363e-01
8.473981022834777832e-01
1.366892099380493164e+00
4.149480760097503662e-01
4.163591265678405762e-01
3.402237594127655029e-01
9.769389629364013672e-01
3.861757218837738037e-01
3.238198161125183105e-01
3.232858777046203613e-01
3.698277175426483154e-01
2.966561913490295410e-01
3.045063316822052002e-01
3.520072400569915771e-01
3.205180466175079346e-01
3.567455708980560303e-01
3.722663521766662598e-01
4.411704540252685547e-01
3.689634799957275391e-01
4.698937237262725830e-01
6.037746667861938477e-01
6.559511423110961914e-01
5.704237818717956543e-01
6.131800413131713867e-01
6.759772896766662598e-01
6.088205575942993164e-01
6.228505373001098633e-01
6.373702883720397949e-01
7.457433938980102539e-01
1.012206077575683594e+00
2.933463335037231445e+00
3.337071895599365234e+00
2.868601322174072266e+00
2.969527006149291992e+00
3.169333457946777344e+00
2.239102602005004883e+00
2.348154067993164062e+00
2.791326522827148438e+00
2.726125717163085938e+00
2.420130491256713867e+00
3.368586063385009766e+00
2.990255832672119141e+00
1.474581599235534668e+00
1.698668718338012695e+00
1.947445988655090332e+00
1.836152076721191406e+00
2.678824663162231445e+00
1.362849354743957520e+00
2.668658018112182617e+00
2.609170675277709961e+00
9.683504104614257812e-01
1.313550114631652832e+00
1.579850792884826660e+00
8.765355348587036133e-01
7.604802846908569336e-01
1.275209903717041016e+00
8.914898037910461426e-01
6.895867586135864258e-01
9.684435725212097168e-01
6.157467365264892578e-01
3.273052573204040527e-01
3.392970561981201172e-01
4.880494475364685059e-01
4.246034324169158936e-01
3.177600800991058350e-01
3.952897787094116211e-01
3.744204938411712646e-01
3.432467877864837646e-01
3.184137940406799316e-01
3.056452274322509766e-01
3.068326115608215332e-01
2.755999863147735596e-01
2.937192320823669434e-01
2.788853049278259277e-01
2.599404752254486084e-01
2.564514875411987305e-01
2.964144349098205566e-01
2.381710857152938843e-01
1.404450297355651855e+00
1.236591935157775879e+00
1.137451767921447754e+00
5.798316597938537598e-01
1.946092545986175537e-01
3.079555928707122803e-01
2.900641262531280518e-01
2.316982597112655640e-01
3.680595159530639648e-01
3.300703465938568115e-01
2.956790328025817871e-01
3.904130160808563232e-01
4.888977706432342529e-01
3.794847428798675537e-01
3.538425862789154053e-01
3.486764132976531982e-01
4.182931482791900635e-01
3.545925319194793701e-01
3.766269981861114502e-01
5.212964415550231934e-01
4.099540114402770996e-01
4.433520138263702393e-01
5.140646100044250488e-01
4.815834760665893555e-01
4.540234804153442383e-01
4.980381131172180176e-01
1.689815044403076172e+00
1.838526368141174316e+00
2.156109571456909180e+00
2.559097051620483398e+00
2.628746032714843750e+00
1.887253284454345703e+00
1.760519981384277344e+00
2.080611228942871094e+00
1.984316825866699219e+00
1.648511767387390137e+00
1.649865269660949707e+00
1.585675120353698730e+00
1.463347673416137695e+00
1.370964646339416504e+00
1.479049682617187500e+00
1.352757096290588379e+00
1.413127183914184570e+00
1.367678165435791016e+00
1.392399311065673828e+00
1.307099223136901855e+00
1.384020447731018066e+00
1.356520175933837891e+00
1.286249399185180664e+00
1.286370277404785156e+00
1.320524811744689941e+00
1.354571580886840820e+00
1.237435579299926758e+00
1.391640663146972656e+00
1.390347480773925781e+00
1.261841058731079102e+00
1.397879362106323242e+00
1.425937175750732422e+00
1.380228519439697266e+00
1.362095594406127930e+00
1.380084991455078125e+00
1.495790481567382812e+00
1.321304321289062500e+00
1.328830838203430176e+00
2.292463541030883789e+00
1.505517601966857910e+00
1.485028028488159180e+00
1.487583398818969727e+00
1.680828690528869629e+00
1.322257161140441895e+00
1.312425494194030762e+00
2.170113563537597656e+00
1.731133341789245605e+00
1.281292915344238281e+00
1.306748151779174805e+00
1.459485411643981934e+00
1.287092328071594238e+00
1.773012518882751465e+00
1.705518603324890137e+00
1.663365125656127930e+00
1.712696433067321777e+00
1.729569077491760254e+00
1.807761549949645996e+00
1.830608487129211426e+00
1.594516396522521973e+00
1.685349941253662109e+00
1.109260559082031250e+00
1.568506717681884766e+00
9.384901523590087891e-01
1.454795241355895996e+00
9.597908854484558105e-01
6.349132657051086426e-01
6.700696349143981934e-01
7.030814290046691895e-01
6.344752907752990723e-01
9.815378189086914062e-01
1.264172554016113281e+00
1.221039891242980957e+00
1.208067893981933594e+00
1.315066456794738770e+00
1.318519830703735352e+00
1.219730496406555176e+00
9.720348119735717773e-01
1.524500250816345215e+00
1.725110650062561035e+00
1.456725478172302246e+00
1.617725610733032227e+00
1.782278656959533691e+00
2.799813032150268555e+00
1.618953108787536621e+00
1.264169216156005859e+00
1.096865057945251465e+00
1.644219398498535156e+00
1.103146314620971680e+00
2.269952535629272461e+00
2.032847166061401367e+00
1.917588829994201660e+00
1.903761625289916992e+00
1.829198241233825684e+00
9.650573730468750000e-01
4.371494650840759277e-01
4.291850030422210693e-01
3.818877339363098145e-01
4.338238239288330078e-01
4.578199982643127441e-01
3.194770216941833496e-01
3.276498019695281982e-01
3.937337100505828857e-01
3.235331177711486816e-01
3.216264843940734863e-01
3.823364377021789551e-01
4.187391102313995361e-01
3.239914178848266602e-01
3.370505273342132568e-01
3.638142943382263184e-01
3.084544539451599121e-01
3.187484741210937500e-01
3.300769329071044922e-01
3.035902976989746094e-01
2.572441995143890381e-01
3.054659664630889893e-01
3.270607590675354004e-01
2.615291476249694824e-01
2.817729413509368896e-01
3.591910600662231445e-01
3.002389073371887207e-01
7.800196409225463867e-01
3.208159804344177246e-01
4.081896245479583740e-01
3.456407785415649414e-01
3.085432648658752441e-01
4.712924659252166748e-01
3.981853425502777100e-01
3.291447162628173828e-01
4.161113500595092773e-01
4.856310784816741943e-01
3.703978359699249268e-01
3.374441266059875488e-01
4.110002219676971436e-01
3.752551376819610596e-01
3.672084212303161621e-01
4.101817905902862549e-01
4.997259974479675293e-01
1.366268754005432129e+00
1.447085142135620117e+00
1.386103868484497070e+00
1.298801183700561523e+00
5.640343427658081055e-01
3.814138472080230713e-01
4.854726493358612061e-01
4.504686892032623291e-01
1.516166090965270996e+00
2.059064626693725586e+00
2.403949022293090820e+00
2.773651838302612305e+00
2.188192129135131836e+00
2.371945858001708984e+00
2.426905155181884766e+00
2.599580287933349609e+00
2.273074865341186523e+00
2.397123098373413086e+00
2.177701950073242188e+00
1.328326463699340820e+00
1.590733051300048828e+00
1.444562673568725586e+00
2.787505626678466797e+00
1.511611938476562500e+00
1.327969074249267578e+00
1.498252987861633301e+00
1.480359315872192383e+00
1.552409768104553223e+00
7.566357851028442383e-01
2.338685035705566406e+00
1.811589598655700684e+00
4.616765677928924561e-01
8.817902803421020508e-01
1.784568190574645996e+00
1.886234760284423828e+00
2.501842975616455078e+00
3.159793615341186523e+00
3.019139051437377930e+00
2.560756444931030273e+00
1.502592682838439941e+00
2.591408252716064453e+00
1.696609139442443848e+00
5.320695638656616211e-01
1.188773632049560547e+00
7.005984187126159668e-01
6.366532444953918457e-01
2.294307947158813477e+00
5.933786630630493164e-01
8.189390897750854492e-01
1.797354102134704590e+00
1.507898449897766113e+00
1.418475151062011719e+00
8.804935216903686523e-01
1.331732153892517090e+00
2.227762460708618164e+00
3.730546832084655762e-01
5.156804323196411133e-01
5.525652170181274414e-01
4.442337751388549805e-01
1.644809246063232422e+00
1.597881793975830078e+00
1.526307463645935059e+00
1.470775127410888672e+00
1.469522833824157715e+00
1.548908948898315430e+00
1.641438126564025879e+00
1.607435464859008789e+00
1.421290397644042969e+00
1.639718413352966309e+00
1.526293754577636719e+00
1.377062439918518066e+00
1.730340123176574707e+00
2.055953741073608398e+00
2.103839635848999023e+00
1.981631517410278320e+00
2.207216024398803711e+00
3.062448978424072266e+00
4.667970657348632812e+00
4.688776969909667969e+00
4.616025924682617188e+00
4.878960609436035156e+00
4.315876483917236328e+00
3.888874530792236328e+00
3.667368412017822266e+00
3.303427696228027344e+00
2.629715204238891602e+00
2.836017131805419922e+00
2.943147897720336914e+00
2.191827774047851562e+00
2.485495090484619141e+00
2.153003692626953125e+00
1.566115736961364746e+00
1.793484330177307129e+00
1.786396145820617676e+00
1.612936019897460938e+00
1.528936505317687988e+00
2.378454446792602539e+00
1.596465826034545898e+00
1.771890401840209961e+00
1.837545275688171387e+00
1.879338979721069336e+00
1.393257498741149902e+00
1.646551966667175293e+00
1.144302368164062500e+00
7.386152148246765137e-01
8.412643671035766602e-01
8.882027864456176758e-01
8.137413263320922852e-01
8.324869275093078613e-01
8.544386029243469238e-01
7.209504246711730957e-01
5.544148683547973633e-01
6.592973470687866211e-01
6.877741813659667969e-01
5.490600466728210449e-01
5.503417253494262695e-01
5.147984027862548828e-01
3.232606649398803711e-01
3.266515433788299561e-01
3.786975145339965820e-01
3.050611317157745361e-01
2.158567756414413452e-01
2.930240929126739502e-01
9.800483584403991699e-01
1.351124048233032227e+00
1.199252367019653320e+00
1.119868397712707520e+00
1.870134472846984863e-01
1.958484500646591187e-01
3.314904570579528809e-01
3.403180539608001709e-01
2.584959864616394043e-01
3.315050005912780762e-01
3.971818685531616211e-01
3.456226885318756104e-01
3.224638700485229492e-01
5.092980265617370605e-01
4.451996982097625732e-01
3.840810656547546387e-01
4.758296012878417969e-01
4.010471999645233154e-01
4.028463661670684814e-01
3.924769759178161621e-01
3.771927356719970703e-01
3.331972658634185791e-01
3.478154540061950684e-01
4.070754349231719971e-01
3.884110152721405029e-01
3.783622980117797852e-01
4.358189702033996582e-01
3.966775238513946533e-01
3.822312057018280029e-01
3.979767560958862305e-01
1.466843485832214355e+00
1.754782319068908691e+00
1.503772735595703125e+00
2.059562444686889648e+00
2.615815639495849609e+00
2.341918945312500000e+00
1.547657728195190430e+00
1.548385739326477051e+00
1.545092105865478516e+00
1.448056817054748535e+00
1.491239070892333984e+00
1.483625173568725586e+00
1.278807640075683594e+00
1.426523923873901367e+00
1.460831165313720703e+00
1.285174131393432617e+00
1.286836028099060059e+00
1.472957253456115723e+00
4.191187322139739990e-01
3.263656497001647949e-01
4.148082733154296875e-01
3.862417936325073242e-01
2.917292714118957520e-01
3.156794011592864990e-01
4.661525785923004150e-01
3.222338855266571045e-01
2.805219590663909912e-01
3.716005682945251465e-01
4.759337604045867920e-01
3.080101311206817627e-01
3.417318463325500488e-01
4.576163291931152344e-01
4.067095220088958740e-01
3.341768980026245117e-01
4.147726595401763916e-01
4.545097053050994873e-01
3.578532040119171143e-01
3.550302684307098389e-01
3.914658129215240479e-01
3.228352665901184082e-01
2.411020100116729736e-01
3.477981984615325928e-01
3.304724693298339844e-01
2.952908873558044434e-01
2.850333154201507568e-01
3.487416207790374756e-01
2.960753738880157471e-01
2.775214016437530518e-01
3.020783960819244385e-01
2.894199788570404053e-01
2.736289501190185547e-01
3.122720718383789062e-01
3.124902546405792236e-01
2.871545851230621338e-01
3.870415985584259033e-01
4.438752532005310059e-01
3.743371665477752686e-01
3.779807686805725098e-01
4.732851386070251465e-01
4.804826974868774414e-01
3.559142351150512695e-01
4.109755754470825195e-01
4.426017999649047852e-01
3.874434530735015869e-01
1.623419761657714844e+00
1.328639507293701172e+00
1.271680355072021484e+00
8.057928085327148438e-01
2.898089289665222168e-01
5.163539052009582520e-01
3.905426561832427979e-01
3.958453536033630371e-01
4.346477687358856201e-01
5.063276290893554688e-01
3.671961128711700439e-01
4.350377917289733887e-01
5.061579942703247070e-01
4.528007209300994873e-01
4.376288354396820068e-01
5.026807785034179688e-01
4.995439946651458740e-01
4.012689292430877686e-01
3.951011896133422852e-01
1.460299730300903320e+00
1.822063207626342773e+00
1.356822013854980469e+00
1.305187940597534180e+00
1.492224454879760742e+00
7.003287076950073242e-01
1.066851854324340820e+00
1.361953377723693848e+00
1.905695915222167969e+00
1.817228078842163086e+00
1.762627243995666504e+00
1.339310169219970703e+00
9.001356363296508789e-01
5.022397637367248535e-01
3.574853539466857910e-01
3.272082209587097168e-01
4.199426770210266113e-01
3.518975973129272461e-01
2.642175257205963135e-01
3.775583803653717041e-01
4.880379140377044678e-01
3.420136272907257080e-01
3.279148638248443604e-01
4.403265118598937988e-01
4.335017502307891846e-01
2.988692522048950195e-01
3.542729318141937256e-01
4.262258410453796387e-01
2.931022346019744873e-01
3.332592248916625977e-01
4.162253737449645996e-01
3.311475515365600586e-01
3.142620325088500977e-01
3.455174267292022705e-01
3.466321825981140137e-01
3.052494227886199951e-01
3.223651945590972900e-01
3.439199924468994141e-01
2.772936224937438965e-01
3.067144751548767090e-01
3.674556612968444824e-01
2.913362085819244385e-01
2.729595899581909180e-01
4.088230729103088379e-01
4.708297848701477051e-01
3.282144367694854736e-01
3.802094459533691406e-01
4.932065904140472412e-01
4.484214484691619873e-01
3.322702646255493164e-01
3.279436230659484863e-01
3.934508562088012695e-01
3.142974078655242920e-01
3.074707090854644775e-01
4.222431778907775879e-01
3.687924444675445557e-01
3.528133630752563477e-01
4.021274149417877197e-01
8.374716639518737793e-01
1.208917975425720215e+00
2.000533103942871094e+00
2.710193634033203125e+00
1.918656110763549805e+00
2.067563056945800781e+00
2.145989894866943359e+00
1.964228391647338867e+00
2.010704517364501953e+00
2.221477270126342773e+00
2.083862543106079102e+00
1.666180133819580078e+00
2.351496934890747070e+00
2.630027532577514648e+00
2.582761764526367188e+00
2.605218172073364258e+00
1.284240603446960449e+00
1.646016120910644531e+00
1.445961952209472656e+00
1.444240331649780273e+00
1.596371769905090332e+00
1.568406343460083008e+00
2.728739976882934570e+00
2.486299753189086914e+00
3.156591892242431641e+00
3.025994539260864258e+00
2.720432043075561523e+00
1.639143705368041992e+00
2.622446537017822266e+00
2.918137550354003906e+00
2.361068487167358398e+00
2.889620304107666016e+00
1.887583017349243164e+00
2.116123437881469727e+00
1.914213776588439941e+00
1.962721228599548340e+00
1.891970992088317871e+00
1.727600216865539551e+00
2.028586864471435547e+00
1.822598457336425781e+00
1.832177400588989258e+00
1.835740447044372559e+00
1.692913413047790527e+00
1.644790649414062500e+00
2.441187858581542969e+00
2.525632143020629883e+00
1.363716959953308105e+00
1.482297182083129883e+00
1.456661820411682129e+00
1.620884895324707031e+00
1.834847331047058105e+00
1.867733597755432129e+00
2.773601293563842773e+00
2.727887630462646484e+00
4.046353995800018311e-01
5.801565051078796387e-01
7.469642758369445801e-01
7.826356291770935059e-01
9.096575379371643066e-01
1.002712130546569824e+00
8.785066008567810059e-01
8.039009571075439453e-01
7.332020401954650879e-01
7.263734936714172363e-01
7.108940482139587402e-01
7.095233201980590820e-01
6.250493526458740234e-01
7.641581296920776367e-01
7.436994910240173340e-01
1.010080456733703613e+00
1.059691309928894043e+00
3.368789434432983398e+00
3.575268745422363281e+00
4.191856861114501953e+00
3.313441038131713867e+00
3.269834995269775391e+00
3.275982618331909180e+00
1.943957209587097168e+00
1.389411449432373047e+00
1.791950225830078125e+00
3.466979265213012695e+00
3.145499944686889648e+00
1.493564248085021973e+00
1.642587184906005859e+00
1.841829180717468262e+00
1.808143615722656250e+00
1.774716854095458984e+00
1.955473542213439941e+00
2.047758340835571289e+00
2.142915010452270508e+00
2.625427722930908203e+00
2.595340490341186523e+00
2.674614429473876953e+00
2.005954742431640625e+00
1.744467139244079590e+00
1.888238668441772461e+00
1.344065785408020020e+00
3.061868250370025635e-01
4.637018740177154541e-01
3.272112309932708740e-01
2.689744830131530762e-01
2.967663705348968506e-01
3.572011291980743408e-01
3.030511438846588135e-01
3.436642587184906006e-01
4.714421033859252930e-01
4.880472421646118164e-01
3.267946243286132812e-01
3.935215473175048828e-01
3.998704850673675537e-01
3.973548114299774170e-01
3.247270882129669189e-01
3.301177918910980225e-01
3.189167678356170654e-01
2.701739370822906494e-01
2.847490906715393066e-01
3.243323862552642822e-01
2.469318062067031860e-01
2.533297836780548096e-01
3.603628277778625488e-01
2.738792002201080322e-01
2.258443534374237061e-01
2.918868660926818848e-01
3.710405826568603516e-01
2.418412566184997559e-01
2.526366114616394043e-01
3.730376660823822021e-01
2.879099845886230469e-01
2.652431726455688477e-01
3.592083454132080078e-01
5.034134387969970703e-01
3.269025981426239014e-01
3.436069488525390625e-01
4.532551765441894531e-01
4.435197710990905762e-01
4.194991886615753174e-01
4.701371490955352783e-01
4.350008070468902588e-01
4.684722721576690674e-01
4.765534996986389160e-01
5.140026807785034180e-01
5.233916044235229492e-01
4.969049990177154541e-01
5.001667737960815430e-01
5.296558737754821777e-01
5.521075129508972168e-01
1.684217929840087891e+00
1.892532706260681152e+00
2.530391454696655273e+00
2.084124326705932617e+00
2.267131328582763672e+00
2.172176599502563477e+00
2.549262523651123047e+00
2.508550167083740234e+00
1.597562432289123535e+00
2.315053462982177734e+00
2.094855785369873047e+00
1.442008852958679199e+00
1.355772972106933594e+00
1.327710032463073730e+00
1.384729504585266113e+00
1.251381397247314453e+00
1.256728768348693848e+00
1.351312279701232910e+00
1.395926713943481445e+00
1.914782524108886719e+00
1.508914232254028320e+00
1.532503128051757812e+00
1.530231952667236328e+00
1.524925112724304199e+00
1.595246315002441406e+00
1.606542706489562988e+00
1.369542002677917480e+00
1.379842638969421387e+00
1.841581463813781738e+00
2.370853900909423828e+00
1.701830983161926270e+00
1.487055778503417969e+00
1.524678468704223633e+00
1.862374186515808105e+00
9.167728424072265625e-01
6.316422224044799805e-01
5.948473215103149414e-01
5.812060236930847168e-01
4.444020688533782959e-01
2.242630004882812500e+00
7.626410126686096191e-01
4.336440265178680420e-01
5.458920598030090332e-01
6.602728366851806641e-01
1.597780942916870117e+00
1.630845904350280762e+00
1.774057626724243164e+00
2.866774320602416992e+00
3.928533196449279785e-01
4.051720798015594482e-01
4.158408045768737793e-01
4.036048054695129395e-01
4.986732006072998047e-01
8.188818097114562988e-01
5.796104669570922852e-01
4.398391842842102051e-01
7.401027679443359375e-01
6.965603828430175781e-01
5.377924442291259766e-01
5.842690467834472656e-01
6.872777938842773438e-01
1.314373016357421875e+00
1.129644989967346191e+00
1.349326491355895996e+00
7.779554128646850586e-01
6.966812610626220703e-01
8.050576448440551758e-01
1.345372080802917480e+00
1.407606601715087891e+00
1.876991868019104004e+00
1.857657313346862793e+00
1.938762307167053223e+00
1.944830775260925293e+00
3.268415927886962891e+00
2.888073921203613281e+00
2.412233829498291016e+00
2.593191385269165039e+00
2.248003721237182617e+00
1.489128232002258301e+00
1.539685368537902832e+00
2.944588184356689453e+00
2.512152910232543945e+00
2.997973442077636719e+00
2.545527935028076172e+00
2.667905330657958984e+00
2.389451980590820312e+00
2.078593969345092773e+00
1.185474872589111328e+00
1.366767406463623047e+00
1.128985762596130371e+00
1.149467706680297852e+00
1.235216259956359863e+00
9.025981426239013672e-01
7.434538602828979492e-01
7.522332072257995605e-01
8.287460207939147949e-01
6.162932515144348145e-01
6.576998829841613770e-01
6.847845911979675293e-01
6.096168160438537598e-01
5.774508714675903320e-01
6.593798398971557617e-01
5.031917095184326172e-01
2.981256246566772461e-01
4.498283863067626953e-01
4.495128989219665527e-01
3.654539287090301514e-01
3.188315331935882568e-01
3.060667812824249268e-01
3.819362521171569824e-01
2.507760226726531982e-01
3.008723556995391846e-01
3.305903375148773193e-01
3.102363646030426025e-01
2.068030387163162231e-01
2.343835979700088501e-01
3.547394573688507080e-01
2.476387023925781250e-01
2.175838649272918701e-01
2.950365245342254639e-01
1.331977963447570801e+00
1.317126274108886719e+00
1.164177775382995605e+00
1.034259676933288574e+00
2.377750128507614136e-01
2.191347032785415649e-01
2.917920351028442383e-01
4.094962477684020996e-01
2.842189967632293701e-01
3.580299913883209229e-01
4.168124794960021973e-01
3.467749953269958496e-01
3.345343172550201416e-01
3.457298576831817627e-01
3.815119564533233643e-01
2.951409518718719482e-01
3.627436459064483643e-01
4.750519990921020508e-01
4.159285128116607666e-01
4.337824285030364990e-01
4.295426905155181885e-01
5.482950806617736816e-01
4.125933051109313965e-01
4.486843049526214600e-01
1.937097430229187012e+00
1.734542846679687500e+00
1.920663833618164062e+00
1.880972862243652344e+00
2.819613456726074219e+00
1.973311543464660645e+00
3.755170106887817383e+00
2.965921878814697266e+00
1.567137598991394043e+00
1.888412714004516602e+00
1.756273865699768066e+00
1.615982055664062500e+00
1.376228690147399902e+00
1.964974761009216309e+00
1.330227375030517578e+00
1.299962878227233887e+00
1.410498857498168945e+00
1.380522966384887695e+00
1.377901434898376465e+00
1.358003854751586914e+00
1.268186688423156738e+00
1.349633812904357910e+00
1.668616056442260742e+00
1.241900086402893066e+00
1.327034115791320801e+00
1.437117576599121094e+00
1.373304605484008789e+00
1.236946344375610352e+00
1.292215704917907715e+00
1.475511908531188965e+00
1.374408602714538574e+00
1.328834652900695801e+00
1.394707202911376953e+00
1.449240446090698242e+00
2.242055177688598633e+00
1.387949347496032715e+00
1.420251488685607910e+00
1.760276556015014648e+00
1.336497306823730469e+00
2.248401880264282227e+00
2.811573743820190430e+00
1.270051956176757812e+00
1.560871720314025879e+00
1.712354421615600586e+00
1.660876870155334473e+00
1.398581385612487793e+00
1.721484899520874023e+00
2.878180027008056641e+00
2.403974533081054688e+00
1.219916343688964844e+00
1.524826765060424805e+00
1.557690858840942383e+00
1.366115212440490723e+00
1.504902005195617676e+00
1.892573475837707520e+00
1.552477717399597168e+00
3.655123114585876465e-01
6.391102671623229980e-01
1.191405296325683594e+00
8.778783679008483887e-01
8.136349916458129883e-01
2.450889587402343750e+00
2.314632177352905273e+00
2.368776798248291016e+00
2.144837141036987305e+00
2.400818109512329102e+00
8.753505945205688477e-01
9.673165082931518555e-01
2.136738538742065430e+00
2.485827445983886719e+00
2.475527524948120117e+00
2.395788192749023438e+00
2.234941005706787109e+00
1.937452316284179688e+00
1.361613750457763672e+00
1.743528962135314941e+00
1.651539444923400879e+00
1.970523953437805176e+00
1.675012946128845215e+00
2.255152463912963867e+00
2.698836088180541992e+00
2.688444137573242188e+00
2.578309774398803711e+00
1.904939651489257812e+00
1.951321959495544434e+00
1.997329354286193848e+00
2.188190937042236328e+00
1.964250087738037109e+00
2.089414119720458984e+00
1.379027724266052246e+00
7.759838104248046875e-01
7.391080260276794434e-01
5.794158577919006348e-01
7.073307633399963379e-01
3.502310812473297119e-01
3.749149739742279053e-01
3.699655830860137939e-01
4.142181575298309326e-01
3.185239732265472412e-01
3.459535241127014160e-01
4.423967897891998291e-01
3.744758665561676025e-01
2.924402654170989990e-01
3.467483818531036377e-01
4.030396044254302979e-01
2.939837276935577393e-01
2.608356773853302002e-01
3.128202855587005615e-01
2.576172351837158203e-01
2.840158641338348389e-01
2.814503312110900879e-01
3.474791347980499268e-01
2.801113426685333252e-01
2.904034554958343506e-01
2.930274009704589844e-01
2.926411926746368408e-01
2.405779361724853516e-01
3.135244250297546387e-01
2.982610166072845459e-01
2.524239122867584229e-01
2.498808205127716064e-01
3.670820891857147217e-01
3.095308244228363037e-01
3.240007460117340088e-01
3.565553426742553711e-01
5.365957617759704590e-01
3.353412747383117676e-01
3.577314913272857666e-01
4.000837504863739014e-01
4.513370394706726074e-01
3.084730803966522217e-01
3.688571453094482422e-01
4.538650512695312500e-01
1.485882639884948730e+00
1.371198415756225586e+00
1.363051652908325195e+00
1.278869390487670898e+00
3.493213653564453125e-01
4.400743544101715088e-01
5.148534774780273438e-01
4.810670614242553711e-01
4.163385629653930664e-01
1.613738059997558594e+00
9.783815741539001465e-01
2.319614171981811523e+00
1.808555364608764648e+00
1.952984690666198730e+00
2.736380815505981445e+00
2.041938781738281250e+00
2.274687290191650391e+00
3.429435968399047852e+00
1.964239120483398438e+00
2.111156225204467773e+00
1.902985930442810059e+00
2.030839920043945312e+00
1.807099938392639160e+00
8.822587132453918457e-01
1.411410808563232422e+00
1.999291300773620605e+00
1.495323061943054199e+00
6.784052252769470215e-01
1.038445472717285156e+00
8.868487477302551270e-01
7.012422680854797363e-01
9.581975340843200684e-01
1.069937348365783691e+00
7.924727201461791992e-01
6.246351599693298340e-01
5.685380101203918457e-01
4.410515129566192627e-01
4.008021354675292969e-01
5.590279102325439453e-01
1.742228627204895020e+00
1.391521453857421875e+00
1.294279694557189941e+00
7.209134101867675781e-01
4.700472354888916016e-01
8.564238548278808594e-01
4.822081327438354492e-01
5.099408030509948730e-01
5.154301524162292480e-01
5.912182331085205078e-01
5.240028500556945801e-01
5.221006274223327637e-01
3.527100384235382080e-01
3.557936251163482666e-01
4.331747591495513916e-01
3.507236242294311523e-01
2.802456617355346680e-01
3.611130416393280029e-01
3.435296714305877686e-01
3.221305608749389648e-01
2.932699620723724365e-01
3.354969620704650879e-01
2.643929421901702881e-01
2.836071848869323730e-01
4.002687633037567139e-01
3.729543387889862061e-01
3.716183900833129883e-01
3.926554024219512939e-01
4.447874724864959717e-01
3.637334108352661133e-01
7.821627855300903320e-01
7.294811606407165527e-01
9.115652441978454590e-01
6.634210944175720215e-01
1.329908847808837891e+00
1.601986408233642578e+00
1.922162652015686035e+00
1.634470343589782715e+00
1.867547512054443359e+00
1.795844078063964844e+00
1.816781282424926758e+00
1.872947216033935547e+00
1.970252871513366699e+00
2.574140548706054688e+00
2.742228031158447266e+00
2.817454814910888672e+00
2.886425495147705078e+00
2.924504756927490234e+00
2.502683401107788086e+00
1.901274681091308594e+00
1.420779466629028320e+00
1.425041675567626953e+00
2.408890008926391602e+00
1.715195655822753906e+00
1.592753171920776367e+00
1.527502179145812988e+00
1.611548542976379395e+00
1.585345029830932617e+00
1.444239258766174316e+00
1.497399687767028809e+00
1.544883012771606445e+00
1.147466301918029785e+00
9.995040893554687500e-01
1.270663142204284668e+00
1.224670052528381348e+00
9.726545810699462891e-01
1.017528772354125977e+00
1.139303088188171387e+00
1.840267062187194824e+00
1.533198475837707520e+00
1.550242424011230469e+00
1.581089138984680176e+00
5.141969919204711914e-01
5.161425471305847168e-01
6.248122453689575195e-01
4.676639437675476074e-01
3.708265125751495361e-01
3.842016756534576416e-01
4.702464938163757324e-01
3.008068501949310303e-01
2.753913998603820801e-01
3.460434079170227051e-01
3.271969854831695557e-01
2.190242409706115723e-01
2.556722462177276611e-01
3.639932572841644287e-01
2.534594535827636719e-01
2.110962420701980591e-01
2.775394916534423828e-01
3.583021759986877441e-01
2.095974683761596680e-01
1.857786327600479126e-01
2.983158528804779053e-01
3.120004534721374512e-01
2.195795625448226929e-01
2.746869623661041260e-01
3.664135634899139404e-01
3.489814698696136475e-01
2.888523340225219727e-01
3.719678819179534912e-01
4.363751113414764404e-01
3.763797581195831299e-01
3.333946168422698975e-01
3.973712623119354248e-01
3.900098204612731934e-01
3.672947883605957031e-01
3.913232982158660889e-01
