1.685364484786987305e+00
1.279382467269897461e+00
1.394317507743835449e+00
1.463452696800231934e+00
1.326722741127014160e+00
1.339989900588989258e+00
1.804480075836181641e+00
1.722803235054016113e+00
1.234114885330200195e+00
1.409779071807861328e+00
1.442344665527343750e+00
1.352378249168395996e+00
1.421097993850708008e+00
1.435925245285034180e+00
1.186624169349670410e+00
1.196681857109069824e+00
1.222472310066223145e+00
1.238733172416687012e+00
1.051934599876403809e+00
1.081604123115539551e+00
1.193210482597351074e+00
1.090472221374511719e+00
1.054543733596801758e+00
1.061086773872375488e+00
3.766020536422729492e-01
3.466944098472595215e-01
3.209067285060882568e-01
3.768514692783355713e-01
3.258451521396636963e-01
2.949249744415283203e-01
3.839889764785766602e-01
1.059060335159301758e+00
5.211980342864990234e-01
3.528665304183959961e-01
3.809289634227752686e-01
3.371313810348510742e-01
3.188320696353912354e-01
5.014278888702392578e-01
4.502940773963928223e-01
3.436834216117858887e-01
4.809672832489013672e-01
4.794296026229858398e-01
3.557892441749572754e-01
4.045419394969940186e-01
5.141460299491882324e-01
3.780067861080169678e-01
3.911138772964477539e-01
4.424151480197906494e-01
3.891381919384002686e-01
3.730001151561737061e-01
4.483748674392700195e-01
4.246426522731781006e-01
3.410093188285827637e-01
3.999214768409729004e-01
5.074418783187866211e-01
3.407821059226989746e-01
1.453420639038085938e+00
1.676517724990844727e+00
1.901235818862915039e+00
1.741657614707946777e+00
1.389655590057373047e+00
5.787177681922912598e-01
4.869705736637115479e-01
4.743267297744750977e-01
6.247034072875976562e-01
4.571868181228637695e-01
5.186148881912231445e-01
6.081103682518005371e-01
5.105592012405395508e-01
4.617900252342224121e-01
5.257595777511596680e-01
6.032040119171142578e-01
4.667632579803466797e-01
5.191316008567810059e-01
5.894127488136291504e-01
4.958946704864501953e-01
6.698720455169677734e-01
1.828678846359252930e+00
1.616224169731140137e+00
2.086444854736328125e+00
1.887610077857971191e+00
1.892068862915039062e+00
1.754382133483886719e+00
1.796742320060729980e+00
1.600968360900878906e+00
1.433021426200866699e+00
1.419169902801513672e+00
1.423519372940063477e+00
1.469522833824157715e+00
1.420873165130615234e+00
1.408196926116943359e+00
1.498041391372680664e+00
1.374231576919555664e+00
1.411739706993103027e+00
1.513789892196655273e+00
1.530490994453430176e+00
1.544241666793823242e+00
1.607833743095397949e+00
2.120195388793945312e+00
1.249617099761962891e+00
1.332702994346618652e+00
1.515841245651245117e+00
1.465314626693725586e+00
1.427174448966979980e+00
1.504367232322692871e+00
1.469403624534606934e+00
1.352105021476745605e+00
1.354164838790893555e+00
1.450523972511291504e+00
1.358145594596862793e+00
6.861581206321716309e-01
4.192889630794525146e-01
3.648089766502380371e-01
3.421441018581390381e-01
3.946206867694854736e-01
3.869220912456512451e-01
3.518471717834472656e-01
3.300355374813079834e-01
4.375183880329132080e-01
3.500526547431945801e-01
3.077459037303924561e-01
3.615433871746063232e-01
5.503022670745849609e-01
1.186717867851257324e+00
3.593673110008239746e-01
5.183539986610412598e-01
4.690374433994293213e-01
3.453998267650604248e-01
9.029783010482788086e-01
1.482937693595886230e+00
1.491372585296630859e+00
1.436727881431579590e+00
1.582294344902038574e+00
1.323514103889465332e+00
1.374081134796142578e+00
1.415101170539855957e+00
1.346843481063842773e+00
1.307829737663269043e+00
1.417709589004516602e+00
1.385897755622863770e+00
1.320741415023803711e+00
1.370911121368408203e+00
1.409890890121459961e+00
1.895394563674926758e+00
1.422565698623657227e+00
1.367824792861938477e+00
1.509467959403991699e+00
1.978911876678466797e+00
1.229008436203002930e+00
1.399331808090209961e+00
1.333003640174865723e+00
1.287221908569335938e+00
1.337243199348449707e+00
1.898069381713867188e+00
1.845031499862670898e+00
7.629482746124267578e-01
6.169656515121459961e-01
4.807258248329162598e-01
4.707045257091522217e-01
5.979429483413696289e-01
5.305847525596618652e-01
4.149256050586700439e-01
5.306346416473388672e-01
4.349901080131530762e-01
3.585247397422790527e-01
3.754127323627471924e-01
4.000045359134674072e-01
3.011538386344909668e-01
3.133684694766998291e-01
1.202295422554016113e+00
1.464820623397827148e+00
1.292578577995300293e+00
1.713164091110229492e+00
1.783099293708801270e+00
9.145334362983703613e-01
3.090900778770446777e-01
4.991068243980407715e-01
3.266841471195220947e-01
3.413977324962615967e-01
4.535026848316192627e-01
3.857678771018981934e-01
4.079569280147552490e-01
5.175409913063049316e-01
5.581702589988708496e-01
4.164079129695892334e-01
3.924550414085388184e-01
4.872885346412658691e-01
4.177266061305999756e-01
3.607811033725738525e-01
4.629190564155578613e-01
4.305236935615539551e-01
1.063374161720275879e+00
6.024913191795349121e-01
4.843411743640899658e-01
3.780569434165954590e-01
3.912265300750732422e-01
1.471732854843139648e+00
6.808397769927978516e-01
4.650438427925109863e-01
1.588589310646057129e+00
1.629396677017211914e+00
1.967391252517700195e+00
1.324993133544921875e+00
1.508134484291076660e+00
1.403042793273925781e+00
1.347743034362792969e+00
1.501950740814208984e+00
5.808979272842407227e-01
8.049874901771545410e-01
6.008706092834472656e-01
6.301373839378356934e-01
6.183912158012390137e-01
5.812978148460388184e-01
5.477112531661987305e-01
4.605374038219451904e-01
4.211717247962951660e-01
4.678045511245727539e-01
4.646823108196258545e-01
3.859800398349761963e-01
3.871575593948364258e-01
4.090552330017089844e-01
3.321858346462249756e-01
3.299527764320373535e-01
3.848345875740051270e-01
3.251478374004364014e-01
3.247736990451812744e-01
3.481654822826385498e-01
4.854819476604461670e-01
1.080449581146240234e+00
3.171126544475555420e-01
4.012744128704071045e-01
3.125585317611694336e-01
3.272424936294555664e-01
3.606933951377868652e-01
3.460499942302703857e-01
3.198681473731994629e-01
4.920926690101623535e-01
4.797489345073699951e-01
3.777269423007965088e-01
4.357238709926605225e-01
4.957461059093475342e-01
4.299911260604858398e-01
4.040751457214355469e-01
5.016244053840637207e-01
5.139944553375244141e-01
3.937655091285705566e-01
4.004159569740295410e-01
4.314298629760742188e-01
3.214340806007385254e-01
3.220220208168029785e-01
4.307213127613067627e-01
3.413155078887939453e-01
3.209333121776580811e-01
1.172136187553405762e+00
1.686678767204284668e+00
1.643933296203613281e+00
1.187170147895812988e+00
9.591264724731445312e-01
3.619038164615631104e-01
3.749262094497680664e-01
7.552976608276367188e-01
1.312920212745666504e+00
1.114077806472778320e+00
1.111401796340942383e+00
1.408713936805725098e+00
1.119841337203979492e+00
1.136007070541381836e+00
1.310767769813537598e+00
1.242428898811340332e+00
1.109368801116943359e+00
1.312253952026367188e+00
1.355081677436828613e+00
1.283837914466857910e+00
1.730082511901855469e+00
1.257704019546508789e+00
1.241831064224243164e+00
1.084926128387451172e+00
1.255527734756469727e+00
1.347052812576293945e+00
1.926307559013366699e+00
1.232720613479614258e+00
1.332900047302246094e+00
1.491266727447509766e+00
2.450580120086669922e+00
2.299890518188476562e+00
2.324178218841552734e+00
2.144044876098632812e+00
2.311427116394042969e+00
1.129263401031494141e+00
5.311324000358581543e-01
8.940314650535583496e-01
8.295069336891174316e-01
6.005603075027465820e-01
6.364534497261047363e-01
5.813665986061096191e-01
4.537159204483032227e-01
1.250210523605346680e+00
1.140818834304809570e+00
1.009847760200500488e+00
1.304399609565734863e+00
1.349394202232360840e+00
1.131407380104064941e+00
1.260440945625305176e+00
1.803340315818786621e+00
5.817432403564453125e-01
4.536759257316589355e-01
5.620610713958740234e-01
6.019623279571533203e-01
4.968578517436981201e-01
4.831729531288146973e-01
3.740529417991638184e-01
3.836589753627777100e-01
3.724204003810882568e-01
3.786254227161407471e-01
3.437108397483825684e-01
3.650907576084136963e-01
4.009633064270019531e-01
2.910456657409667969e-01
3.621335029602050781e-01
4.223566651344299316e-01
3.410734832286834717e-01
3.726377785205841064e-01
5.827461481094360352e-01
4.237882792949676514e-01
3.930095434188842773e-01
4.579195082187652588e-01
5.514680147171020508e-01
4.227658808231353760e-01
1.059848427772521973e+00
9.237393140792846680e-01
4.507713019847869873e-01
4.098196923732757568e-01
4.423542916774749756e-01
4.239417612552642822e-01
1.290813446044921875e+00
2.248431921005249023e+00
2.096975803375244141e+00
1.833623766899108887e+00
1.510809898376464844e+00
1.873689770698547363e+00
2.825957775115966797e+00
1.276514530181884766e+00
1.538759708404541016e+00
2.241362571716308594e+00
1.597041964530944824e+00
1.473686337471008301e+00
1.525449991226196289e+00
3.203364610671997070e+00
1.980130553245544434e+00
1.287032485008239746e+00
1.363240242004394531e+00
1.670022964477539062e+00
7.011060118675231934e-01
4.169969558715820312e-01
6.846716403961181641e-01
4.423657953739166260e-01
2.757729291915893555e-01
4.948777556419372559e-01
4.747381508350372314e-01
3.580053150653839111e-01
4.215267002582550049e-01
4.647766053676605225e-01
4.157670736312866211e-01
3.772903084754943848e-01
4.616261124610900879e-01
3.081375956535339355e-01
3.384448587894439697e-01
3.724192976951599121e-01
9.429661631584167480e-01
6.560254096984863281e-01
4.358206391334533691e-01
3.437220752239227295e-01
3.202730119228363037e-01
3.926951587200164795e-01
3.367134034633636475e-01
3.327017128467559814e-01
3.785401880741119385e-01
4.761209785938262939e-01
2.738304138183593750e-01
3.659933507442474365e-01
4.757632613182067871e-01
3.801258504390716553e-01
3.511005342006683350e-01
4.790406525135040283e-01
4.046998322010040283e-01
3.677516877651214600e-01
4.853095412254333496e-01
4.128476679325103760e-01
4.039737284183502197e-01
3.921820521354675293e-01
3.795940876007080078e-01
3.482520878314971924e-01
1.218279719352722168e+00
1.342938899993896484e+00
5.490694046020507812e-01
6.170327663421630859e-01
9.059070348739624023e-01
6.917061209678649902e-01
7.520402669906616211e-01
1.274953365325927734e+00
1.397166728973388672e+00
1.457151412963867188e+00
1.901181221008300781e+00
2.047972440719604492e+00
1.349156498908996582e+00
1.468160033226013184e+00
1.313641190528869629e+00
4.431708455085754395e-01
1.475395917892456055e+00
1.814486265182495117e+00
1.708254694938659668e+00
1.655189394950866699e+00
1.490775823593139648e+00
1.572245121002197266e+00
1.755471348762512207e+00
2.788091659545898438e+00
2.508349657058715820e+00
2.608520746231079102e+00
3.481585741043090820e+00
3.197699069976806641e+00
2.079313993453979492e+00
9.823214411735534668e-01
1.099342942237854004e+00
8.986415266990661621e-01
1.021574735641479492e+00
1.400578379631042480e+00
5.830783843994140625e-01
3.263464570045471191e-01
3.672909438610076904e-01
3.407818377017974854e-01
3.686786890029907227e-01
3.578844368457794189e-01
3.177227973937988281e-01
4.858286976814270020e-01
1.289568543434143066e+00
3.299642801284790039e-01
3.925682604312896729e-01
4.719105362892150879e-01
4.108026027679443359e-01
4.367701113224029541e-01
4.616370797157287598e-01
5.132192969322204590e-01
1.421012639999389648e+00
1.533792734146118164e+00
1.571277856826782227e+00
1.159729123115539551e+00
2.879291772842407227e-01
3.599245548248291016e-01
4.005705416202545166e-01
2.921557724475860596e-01
4.037662446498870850e-01
4.332506954669952393e-01
3.678607940673828125e-01
3.318588435649871826e-01
4.044027030467987061e-01
4.072105586528778076e-01
4.570818543434143066e-01
1.220710396766662598e+00
3.925893604755401611e-01
4.394356906414031982e-01
3.130179047584533691e-01
3.874291777610778809e-01
4.854309856891632080e-01
3.976623713970184326e-01
4.310908019542694092e-01
5.437992811203002930e-01
5.476054549217224121e-01
4.199813306331634521e-01
4.282368719577789307e-01
6.213701367378234863e-01
5.597835779190063477e-01
4.759606122970581055e-01
6.998876333236694336e-01
1.888256430625915527e+00
2.296356916427612305e+00
2.380915641784667969e+00
2.331891298294067383e+00
1.907407402992248535e+00
1.938679814338684082e+00
2.019211053848266602e+00
2.305397510528564453e+00
1.900626778602600098e+00
4.195608139038085938e+00
4.575508594512939453e+00
4.710106372833251953e+00
3.210568666458129883e+00
2.604032754898071289e+00
1.778056740760803223e+00
1.855882525444030762e+00
1.767699360847473145e+00
2.930918693542480469e+00
2.311136484146118164e+00
3.722199201583862305e+00
5.056923866271972656e+00
3.248748779296875000e+00
3.124362707138061523e+00
3.102926492691040039e+00
1.594616413116455078e+00
1.477297902107238770e+00
4.438271999359130859e+00
4.118999481201171875e+00
2.781510114669799805e+00
2.943593025207519531e+00
1.972701907157897949e+00
6.112120747566223145e-01
2.239928245544433594e-01
7.723262310028076172e-01
2.472931146621704102e+00
2.980504512786865234e+00
2.790055990219116211e+00
2.579995393753051758e+00
6.969888210296630859e-01
6.660620570182800293e-01
1.603102803230285645e+00
5.066278457641601562e+00
2.870948553085327148e+00
1.268228650093078613e+00
1.832605481147766113e+00
1.032045602798461914e+00
3.113080859184265137e-01
7.886257767677307129e-01
8.503295779228210449e-01
3.506022095680236816e-01
5.606960654258728027e-01
7.544416189193725586e-01
1.597759842872619629e+00
8.066822290420532227e-01
5.005348920822143555e-01
5.052389502525329590e-01
3.732780516147613525e-01
5.231049060821533203e-01
7.937193512916564941e-01
4.839179515838623047e-01
3.967265784740447998e-01
5.125236511230468750e-01
5.385190844535827637e-01
4.107933044433593750e-01
8.733872771263122559e-01
1.104171633720397949e+00
9.170096516609191895e-01
8.482434153556823730e-01
1.079156994819641113e+00
1.201465487480163574e+00
1.195437192916870117e+00
1.646089315414428711e+00
3.136528253555297852e+00
2.714863061904907227e+00
2.738024473190307617e+00
4.183484554290771484e+00
4.193265438079833984e+00
3.917867183685302734e+00
3.113510608673095703e+00
2.928275585174560547e+00
2.406921625137329102e+00
4.710532665252685547e+00
4.284797668457031250e+00
4.730192661285400391e+00
4.317098617553710938e+00
3.868391513824462891e+00
3.252989292144775391e+00
3.646687984466552734e+00
2.999539136886596680e+00
1.860957145690917969e+00
2.132422924041748047e+00
3.187771797180175781e+00
2.482693910598754883e+00
1.510450601577758789e+00
2.095106840133666992e+00
2.093503713607788086e+00
1.747075438499450684e+00
1.774207592010498047e+00
1.354621529579162598e+00
3.309485614299774170e-01
4.035705327987670898e-01
4.160367846488952637e-01
3.028447628021240234e-01
2.925575971603393555e-01
3.107675611972808838e-01
5.570735931396484375e-01
3.729020059108734131e-01
3.135137557983398438e-01
1.197245478630065918e+00
6.069687604904174805e-01
3.067703843116760254e-01
3.901156187057495117e-01
4.751920402050018311e-01
3.872340321540832520e-01
3.634253442287445068e-01
4.451591372489929199e-01
2.700445652008056641e-01
3.156459629535675049e-01
4.786903560161590576e-01
4.134547710418701172e-01
3.008419275283813477e-01
4.285134375095367432e-01
4.619035124778747559e-01
3.783458471298217773e-01
3.660670816898345947e-01
5.350216031074523926e-01
4.396736323833465576e-01
3.608904778957366943e-01
4.862787723541259766e-01
1.325287818908691406e+00
3.379775285720825195e-01
4.001179933547973633e-01
4.911560714244842529e-01
3.037610650062561035e-01
3.296775817871093750e-01
4.384330511093139648e-01
4.345345497131347656e-01
3.602934777736663818e-01
4.117904603481292725e-01
6.374939084053039551e-01
5.055308341979980469e-01
4.829123020172119141e-01
6.353389620780944824e-01
6.372291445732116699e-01
1.805615901947021484e+00
2.706515789031982422e+00
2.919248580932617188e+00
2.751165390014648438e+00
2.653088092803955078e+00
2.457113504409790039e+00
1.931154727935791016e+00
1.776494145393371582e+00
2.443054437637329102e+00
1.429018259048461914e+00
1.450318932533264160e+00
2.292929887771606445e+00
1.424472093582153320e+00
1.789655804634094238e+00
2.186488389968872070e+00
1.365420699119567871e+00
1.407591223716735840e+00
1.367594003677368164e+00
1.458898544311523438e+00
1.399589180946350098e+00
1.419192194938659668e+00
1.452655076980590820e+00
1.437901735305786133e+00
1.400843143463134766e+00
1.379683136940002441e+00
1.572949886322021484e+00
1.441219449043273926e+00
1.481806516647338867e+00
1.494418621063232422e+00
1.420200228691101074e+00
1.410701632499694824e+00
1.466327905654907227e+00
1.531230211257934570e+00
1.837516784667968750e+00
1.656761288642883301e+00
2.291731357574462891e+00
1.452928900718688965e+00
1.594146966934204102e+00
1.695154786109924316e+00
2.544454097747802734e+00
1.244689941406250000e+00
1.499133110046386719e+00
1.476403474807739258e+00
1.317696452140808105e+00
1.451744556427001953e+00
1.549355268478393555e+00
1.321293950080871582e+00
1.435769557952880859e+00
1.954935669898986816e+00
1.484809279441833496e+00
1.467871069908142090e+00
1.591217875480651855e+00
1.593986272811889648e+00
1.787738204002380371e+00
1.655852675437927246e+00
1.606988430023193359e+00
9.315985441207885742e-01
1.168229699134826660e+00
1.226202845573425293e+00
5.354963541030883789e-01
5.052742958068847656e-01
9.704949259757995605e-01
9.419443607330322266e-01
8.483733534812927246e-01
6.391571760177612305e-01
9.001424908638000488e-01
1.124973297119140625e+00
1.068070292472839355e+00
1.101164817810058594e+00
1.130428552627563477e+00
1.088165998458862305e+00
1.406607508659362793e+00
1.586834549903869629e+00
1.416949152946472168e+00
1.703803300857543945e+00
2.650932073593139648e+00
1.549886107444763184e+00
1.760078072547912598e+00
2.040217161178588867e+00
1.603985428810119629e+00
1.223992228507995605e+00
2.603892326354980469e+00
2.521230459213256836e+00
2.719853878021240234e+00
2.624932765960693359e+00
2.649954795837402344e+00
2.628279209136962891e+00
1.349316596984863281e+00
1.507403135299682617e+00
1.966251850128173828e+00
1.973636031150817871e+00
1.754293799400329590e+00
1.847354769706726074e+00
1.879082441329956055e+00
1.586900353431701660e+00
8.376119732856750488e-01
8.282123804092407227e-01
7.732083201408386230e-01
3.584090769290924072e-01
3.471850454807281494e-01
3.891132473945617676e-01
2.868708968162536621e-01
3.425166010856628418e-01
3.281407058238983154e-01
2.869955897331237793e-01
2.677969634532928467e-01
3.559715151786804199e-01
3.571476638317108154e-01
2.643819749355316162e-01
2.773766815662384033e-01
3.513165116310119629e-01
2.901589572429656982e-01
2.964305877685546875e-01
8.172785639762878418e-01
1.120466232299804688e+00
3.571364283561706543e-01
1.204490184783935547e+00
1.507711768150329590e+00
1.377906918525695801e+00
1.208528757095336914e+00
3.100949227809906006e-01
5.067716836929321289e-01
4.051893651485443115e-01
3.495329618453979492e-01
4.138426184654235840e-01
4.146717786788940430e-01
3.020778298377990723e-01
3.282306194305419922e-01
4.494558870792388916e-01
3.361180424690246582e-01
3.000569045543670654e-01
3.936969935894012451e-01
4.855170547962188721e-01
3.322091400623321533e-01
5.794640779495239258e-01
1.145251512527465820e+00
4.820094108581542969e-01
3.987080454826354980e-01
3.933302462100982666e-01
5.759822130203247070e-01
3.544034063816070557e-01
4.367747604846954346e-01
5.099838376045227051e-01
6.357671022415161133e-01
1.552462100982666016e+00
2.079193115234375000e+00
2.294861316680908203e+00
2.802583694458007812e+00
2.402768135070800781e+00
2.883321523666381836e+00
2.321696996688842773e+00
2.140096187591552734e+00
1.983371973037719727e+00
2.176259517669677734e+00
1.494638442993164062e+00
1.404919028282165527e+00
2.663260698318481445e+00
2.094598293304443359e+00
1.335924744606018066e+00
1.487131953239440918e+00
1.492299795150756836e+00
1.399019122123718262e+00
1.462578773498535156e+00
8.853179216384887695e-01
2.568487167358398438e+00
1.037979483604431152e+00
5.390850901603698730e-01
1.598919272422790527e+00
7.029260396957397461e-01
5.549378395080566406e-01
1.347908854484558105e+00
2.588991880416870117e+00
2.967625379562377930e+00
3.022387742996215820e+00
1.952023386955261230e+00
1.853658199310302734e+00
2.049773931503295898e+00
1.923560500144958496e+00
1.939512491226196289e+00
2.164557456970214844e+00
2.103851079940795898e+00
1.743771791458129883e+00
1.893162846565246582e+00
1.907578706741333008e+00
9.462649822235107422e-01
7.501100897789001465e-01
7.779608964920043945e-01
6.269348263740539551e-01
6.502024531364440918e-01
1.438947439193725586e+00
5.633943080902099609e-01
4.081877171993255615e-01
5.355634689331054688e-01
7.422862052917480469e-01
1.422382950782775879e+00
2.145442962646484375e+00
2.363100290298461914e+00
2.131173610687255859e+00
2.078685045242309570e+00
1.585117340087890625e+00
1.569864034652709961e+00
2.866945505142211914e+00
1.511179924011230469e+00
1.389172673225402832e+00
1.457856059074401855e+00
1.472682595252990723e+00
1.443148255348205566e+00
1.434296846389770508e+00
1.510114789009094238e+00
1.581947922706604004e+00
2.033737421035766602e+00
1.462161064147949219e+00
1.368773698806762695e+00
1.262448191642761230e+00
1.126022219657897949e+00
2.361884117126464844e+00
3.423389196395874023e+00
2.848829507827758789e+00
2.153759241104125977e+00
2.125695466995239258e+00
1.944050192832946777e+00
1.614295601844787598e+00
1.666514039039611816e+00
3.045761823654174805e+00
1.342716932296752930e+00
1.062147021293640137e+00
1.222528219223022461e+00
1.128677725791931152e+00
8.813881874084472656e-01
1.314781665802001953e+00
1.755796194076538086e+00
2.678972244262695312e+00
4.830548167228698730e-01
5.395992994308471680e-01
5.957269072532653809e-01
5.151576995849609375e-01
3.675299584865570068e-01
5.512068271636962891e-01
1.574395418167114258e+00
1.290142774581909180e+00
1.786940813064575195e+00
8.494799137115478516e-01
7.691987752914428711e-01
7.833260893821716309e-01
4.999853074550628662e-01
4.297411441802978516e-01
4.915631115436553955e-01
3.989023864269256592e-01
4.001437723636627197e-01
3.730212152004241943e-01
5.550926923751831055e-01
1.326328039169311523e+00
5.377061367034912109e-01
4.629741311073303223e-01
3.985213935375213623e-01
4.428964555263519287e-01
3.849688768386840820e-01
3.756563961505889893e-01
4.362632930278778076e-01
3.692666292190551758e-01
3.336777687072753906e-01
3.597850501537322998e-01
4.400140643119812012e-01
4.637958705425262451e-01
4.038988947868347168e-01
5.584936738014221191e-01
4.607646465301513672e-01
4.167058467864990234e-01
5.645954012870788574e-01
4.366824030876159668e-01
4.447658061981201172e-01
4.845363199710845947e-01
5.367289781570434570e-01
4.571542143821716309e-01
1.209255933761596680e+00
6.427363157272338867e-01
3.936997354030609131e-01
4.089688956737518311e-01
4.598916172981262207e-01
4.405586719512939453e-01
4.574014544486999512e-01
4.383006691932678223e-01
4.161031246185302734e-01
4.295265078544616699e-01
4.189559221267700195e-01
4.933178722858428955e-01
3.909039199352264404e-01
4.241709113121032715e-01
4.229125380516052246e-01
4.006349444389343262e-01
4.092564284801483154e-01
1.541641592979431152e+00
1.373652100563049316e+00
1.299054741859436035e+00
6.349826455116271973e-01
1.076479315757751465e+00
5.779529809951782227e-01
5.876686573028564453e-01
6.883730888366699219e-01
1.308590650558471680e+00
5.462571382522583008e-01
5.295829176902770996e-01
5.979358553886413574e-01
5.209069252014160156e-01
1.455712080001831055e+00
2.421059846878051758e+00
2.502224206924438477e+00
1.519346117973327637e+00
1.856429338455200195e+00
1.868980288505554199e+00
1.657110810279846191e+00
1.743826031684875488e+00
2.151678562164306641e+00
1.852103471755981445e+00
1.845731496810913086e+00
2.172805786132812500e+00
2.101856231689453125e+00
1.861483335494995117e+00
2.137293815612792969e+00
2.317307710647583008e+00
2.332777023315429688e+00
2.024967908859252930e+00
2.173404693603515625e+00
1.523593544960021973e+00
9.846025109291076660e-01
1.009973526000976562e+00
2.544253587722778320e+00
1.406953334808349609e+00
9.157411456108093262e-01
7.721725106239318848e-01
7.135075926780700684e-01
8.797216415405273438e-01
1.292820334434509277e+00
1.538042902946472168e+00
2.525856733322143555e+00
1.248639345169067383e+00
8.986933231353759766e-01
1.132384896278381348e+00
1.349331974983215332e+00
2.317394256591796875e+00
1.488260388374328613e+00
1.759117960929870605e+00
2.142238616943359375e+00
1.880420327186584473e+00
1.868845701217651367e+00
1.087856769561767578e+00
1.021957039833068848e+00
9.338732361793518066e-01
1.503421306610107422e+00
1.013563990592956543e+00
1.185524702072143555e+00
1.122792243957519531e+00
1.196193456649780273e+00
1.174114108085632324e+00
1.697837114334106445e+00
1.619156718254089355e+00
1.678182840347290039e+00
1.683056354522705078e+00
1.688525676727294922e+00
1.835356354713439941e+00
2.629455566406250000e+00
2.302668571472167969e+00
2.165518283843994141e+00
1.303836345672607422e+00
1.048277020454406738e+00
2.300237417221069336e+00
2.645742416381835938e+00
2.499302625656127930e+00
2.581535339355468750e+00
2.512585639953613281e+00
2.273977279663085938e+00
1.789181590080261230e+00
1.740708947181701660e+00
1.510998249053955078e+00
1.512339711189270020e+00
2.105088472366333008e+00
2.188784837722778320e+00
1.611902952194213867e+00
1.852439522743225098e+00
1.696908950805664062e+00
1.313915729522705078e+00
1.338094830513000488e+00
1.765630483627319336e+00
1.447115063667297363e+00
9.968653321266174316e-01
6.037212014198303223e-01
7.463368177413940430e-01
6.284105777740478516e-01
2.804813981056213379e-01
3.455464839935302734e-01
3.398929238319396973e-01
3.377648293972015381e-01
3.102152645587921143e-01
4.074756205081939697e-01
3.258711695671081543e-01
3.338183760643005371e-01
3.657765388488769531e-01
3.958848416805267334e-01
3.531340658664703369e-01
3.204237520694732666e-01
3.443031609058380127e-01
3.323253691196441650e-01
4.621638953685760498e-01
1.069773197174072266e+00
3.789601027965545654e-01
3.364664316177368164e-01
3.073728680610656738e-01
4.036297500133514404e-01
5.264557600021362305e-01
4.405002892017364502e-01
4.208916127681732178e-01
4.174264669418334961e-01
1.585954666137695312e+00
1.297669172286987305e+00
1.307461857795715332e+00
7.511941194534301758e-01
4.225112497806549072e-01
3.747773766517639160e-01
3.782970607280731201e-01
4.484537839889526367e-01
3.749267458915710449e-01
3.680531978607177734e-01
4.258209764957427979e-01
4.236800074577331543e-01
4.093885421752929688e-01
4.429899454116821289e-01
5.149836540222167969e-01
5.103645920753479004e-01
4.205127954483032227e-01
4.514118731021881104e-01
5.796241760253906250e-01
1.523000121116638184e+00
1.990957975387573242e+00
2.623864173889160156e+00
2.741231441497802734e+00
2.473379373550415039e+00
2.547515869140625000e+00
2.478715658187866211e+00
2.181854963302612305e+00
2.320959329605102539e+00
1.768507480621337891e+00
1.696405768394470215e+00
1.914891600608825684e+00
1.681290268898010254e+00
1.653693914413452148e+00
1.826062798500061035e+00
1.961737155914306641e+00
1.243780732154846191e+00
1.396988034248352051e+00
1.485252737998962402e+00
1.420142650604248047e+00
1.284752368927001953e+00
1.403487682342529297e+00
1.425817966461181641e+00
1.343756556510925293e+00
1.243732452392578125e+00
1.266578793525695801e+00
1.352305412292480469e+00
1.283967018127441406e+00
1.268528223037719727e+00
1.274176001548767090e+00
1.341148018836975098e+00
1.277866959571838379e+00
1.234162926673889160e+00
1.328618168830871582e+00
1.502894282341003418e+00
1.757037520408630371e+00
1.522580265998840332e+00
1.434469223022460938e+00
1.535126566886901855e+00
1.648143410682678223e+00
1.543953299522399902e+00
1.503015637397766113e+00
2.039906024932861328e+00
3.533214807510375977e+00
1.649353265762329102e+00
1.469760775566101074e+00
1.603363752365112305e+00
1.613538742065429688e+00
1.484021544456481934e+00
7.447426915168762207e-01
8.392201066017150879e-01
1.895549416542053223e+00
1.155540347099304199e+00
5.336253643035888672e-01
5.296103358268737793e-01
4.773829281330108643e-01
4.966580271720886230e-01
6.714044809341430664e-01
5.024206638336181641e-01
4.228193461894989014e-01
5.252785086631774902e-01
5.397555232048034668e-01
4.252185225486755371e-01
5.551370978355407715e-01
6.351512074470520020e-01
6.064981222152709961e-01
8.615568876266479492e-01
1.297020912170410156e+00
1.164659857749938965e+00
1.180187821388244629e+00
1.358911752700805664e+00
1.849328756332397461e+00
2.034193515777587891e+00
2.125561952590942383e+00
2.436750888824462891e+00
2.373805284500122070e+00
1.924328327178955078e+00
1.292623877525329590e+00
1.894095063209533691e+00
2.789173841476440430e+00
3.343450784683227539e+00
2.554272413253784180e+00
2.702030181884765625e+00
2.584837675094604492e+00
2.751058101654052734e+00
2.529223442077636719e+00
2.827731847763061523e+00
2.734162330627441406e+00
2.702977657318115234e+00
2.919186592102050781e+00
2.563700437545776367e+00
2.296580791473388672e+00
2.604521274566650391e+00
2.537581443786621094e+00
2.490021467208862305e+00
2.036659479141235352e+00
9.482455849647521973e-01
1.013938903808593750e+00
8.311646580696105957e-01
4.197538197040557861e-01
3.765332400798797607e-01
2.988963723182678223e-01
4.197875559329986572e-01
1.220458030700683594e+00
3.449640274047851562e-01
2.692652940750122070e-01
4.139054119586944580e-01
4.332380890846252441e-01
3.052162528038024902e-01
2.590134739875793457e-01
4.353310763835906982e-01
3.220691680908203125e-01
2.799277007579803467e-01
2.879645228385925293e-01
3.624646365642547607e-01
2.588076293468475342e-01
2.534599900245666504e-01
3.326696157455444336e-01
2.439687997102737427e-01
2.494436353445053101e-01
3.008753657341003418e-01
3.745644092559814453e-01
2.610264718532562256e-01
2.890082895755767822e-01
2.928963899612426758e-01
3.211311995983123779e-01
2.604843080043792725e-01
2.810994684696197510e-01
3.587051033973693848e-01
2.857314646244049072e-01
2.816753685474395752e-01
3.188350796699523926e-01
4.140504002571105957e-01
2.766703367233276367e-01
3.315186798572540283e-01
4.679649174213409424e-01
4.718436598777770996e-01
3.987464010715484619e-01
4.777137637138366699e-01
6.238964796066284180e-01
5.070644021034240723e-01
1.493966341018676758e+00
1.537450551986694336e+00
1.527075409889221191e+00
1.627238988876342773e+00
2.554391145706176758e+00
2.288336992263793945e+00
1.950472354888916016e+00
1.999880671501159668e+00
2.487650871276855469e+00
2.070515871047973633e+00
1.777258872985839844e+00
1.995940446853637695e+00
2.150620698928833008e+00
1.720789432525634766e+00
1.771950364112854004e+00
1.817675948143005371e+00
2.639614582061767578e+00
1.496896147727966309e+00
1.723653793334960938e+00
2.473432302474975586e+00
1.622072339057922363e+00
1.903894782066345215e+00
1.893739461898803711e+00
8.991900086402893066e-01
1.008482217788696289e+00
1.237825155258178711e+00
1.794080018997192383e+00
9.251243472099304199e-01
1.209383010864257812e+00
1.052711486816406250e+00
9.195793271064758301e-01
2.114053964614868164e+00
1.438706517219543457e+00
2.035924434661865234e+00
1.505833387374877930e+00
2.172715663909912109e+00
2.874087095260620117e+00
1.459400415420532227e+00
4.990848898887634277e-01
5.239346027374267578e-01
5.886699557304382324e-01
5.995222926139831543e-01
6.533019542694091797e-01
1.796820402145385742e+00
1.610510349273681641e+00
3.288780450820922852e-01
4.046060740947723389e-01
4.863884150981903076e-01
5.179592967033386230e-01
7.538243532180786133e-01
1.103972077369689941e+00
5.295141339302062988e-01
4.318664968013763428e-01
5.132362842559814453e-01
4.972210228443145752e-01
5.301262140274047852e-01
5.266731381416320801e-01
5.738149285316467285e-01
6.098996400833129883e-01
5.556669235229492188e-01
5.389735698699951172e-01
5.636577010154724121e-01
1.449274659156799316e+00
4.824624955654144287e-01
7.716070413589477539e-01
8.468973636627197266e-01
7.481050491333007812e-01
2.493639230728149414e+00
2.466578960418701172e+00
2.709422826766967773e+00
2.962105035781860352e+00
2.867755174636840820e+00
2.586260318756103516e+00
2.921282529830932617e+00
2.755608320236206055e+00
2.895569086074829102e+00
2.833266258239746094e+00
2.381223440170288086e+00
2.958228111267089844e+00
2.191387891769409180e+00
2.257605314254760742e+00
2.504005193710327148e+00
2.500870466232299805e+00
2.693297863006591797e+00
2.571408033370971680e+00
2.648870706558227539e+00
3.770762920379638672e+00
3.948171615600585938e+00
4.107504367828369141e+00
3.780556201934814453e+00
3.181758165359497070e+00
2.492719888687133789e+00
2.597724914550781250e+00
2.468305587768554688e+00
2.371903657913208008e+00
2.376358985900878906e+00
2.399218797683715820e+00
2.190191030502319336e+00
2.071282863616943359e+00
2.380451679229736328e+00
2.195367574691772461e+00
2.143169879913330078e+00
2.087308883666992188e+00
1.746161937713623047e+00
5.199717283248901367e-01
7.269970178604125977e-01
7.940474152565002441e-01
8.511647582054138184e-01
6.952236294746398926e-01
1.146995902061462402e+00
1.084652066230773926e+00
7.678491473197937012e-01
5.875141024589538574e-01
5.346553921699523926e-01
5.021060109138488770e-01
3.863317072391510010e-01
2.996531724929809570e-01
2.910878658294677734e-01
4.415774941444396973e-01
3.376220166683197021e-01
3.006004393100738525e-01
3.345208764076232910e-01
4.670620262622833252e-01
2.670878767967224121e-01
3.019158542156219482e-01
3.117085397243499756e-01
4.216442704200744629e-01
2.550505697727203369e-01
3.054489791393280029e-01
3.446323573589324951e-01
3.622656166553497314e-01
2.513313591480255127e-01
3.091964423656463623e-01
3.570542037487030029e-01
3.698148429393768311e-01
3.239248096942901611e-01
3.295830190181732178e-01
4.281848073005676270e-01
3.950858414173126221e-01
3.409701287746429443e-01
3.876561522483825684e-01
5.121108293533325195e-01
5.061042904853820801e-01
4.397155642509460449e-01
4.971760809421539307e-01
6.218944787979125977e-01
5.285301208496093750e-01
4.983423650264739990e-01
1.701208710670471191e+00
2.632892847061157227e+00
2.879457950592041016e+00
2.451822996139526367e+00
2.432544469833374023e+00
2.609589815139770508e+00
2.682912588119506836e+00
2.836837530136108398e+00
2.070567369461059570e+00
2.442948102951049805e+00
1.649973511695861816e+00
3.186761617660522461e+00
2.134139299392700195e+00
1.766195178031921387e+00
1.397350072860717773e+00
1.599941134452819824e+00
1.390693306922912598e+00
1.426047325134277344e+00
1.800624847412109375e+00
4.889141082763671875e+00
4.242196083068847656e+00
3.059492588043212891e+00
2.741131067276000977e+00
1.976460337638854980e+00
1.717053294181823730e+00
1.701212286949157715e+00
3.506577491760253906e+00
4.521888256072998047e+00
3.587114572525024414e+00
3.064454793930053711e+00
2.757007598876953125e+00
1.584577083587646484e+00
1.407441258430480957e+00
1.825843572616577148e+00
1.932868361473083496e+00
1.544432997703552246e+00
1.506556987762451172e+00
1.515339374542236328e+00
1.648621678352355957e+00
1.570687174797058105e+00
1.620322465896606445e+00
2.852873802185058594e+00
2.628763437271118164e+00
3.039448022842407227e+00
2.580220222473144531e+00
2.028289556503295898e+00
1.349713206291198730e+00
1.433690309524536133e+00
1.429804086685180664e+00
2.250906944274902344e+00
1.743984699249267578e+00
1.435909867286682129e+00
1.676325321197509766e+00
1.463781237602233887e+00
1.593702316284179688e+00
1.696774721145629883e+00
1.565380334854125977e+00
1.689473509788513184e+00
1.659151434898376465e+00
1.653507709503173828e+00
1.595665454864501953e+00
1.717661738395690918e+00
1.618713259696960449e+00
1.062585592269897461e+00
6.949574351310729980e-01
1.665356159210205078e+00
1.687675476074218750e+00
1.627952814102172852e+00
2.146013975143432617e+00
2.051090955734252930e+00
2.058143377304077148e+00
1.487371206283569336e+00
1.699543595314025879e+00
1.840946078300476074e+00
1.579843997955322266e+00
1.207369208335876465e+00
1.179067015647888184e+00
1.252854704856872559e+00
4.479998946189880371e-01
3.938129246234893799e-01
4.991188943386077881e-01
6.361338496208190918e-01
4.437927603721618652e-01
4.051049351692199707e-01
4.227669835090637207e-01
6.122130751609802246e-01
4.526529908180236816e-01
3.996481895446777344e-01
3.890619874000549316e-01
4.564473032951354980e-01
5.665984749794006348e-01
1.025012731552124023e+00
3.386257886886596680e-01
3.354884386062622070e-01
5.324382185935974121e-01
4.189767539501190186e-01
4.174100160598754883e-01
3.560197651386260986e-01
1.355863690376281738e+00
1.425368070602416992e+00
1.302253723144531250e+00
1.118181586265563965e+00
1.287075042724609375e+00
3.232573866844177246e-01
8.068617582321166992e-01
6.731499433517456055e-01
4.708758294582366943e-01
9.943283200263977051e-01
7.080900669097900391e-01
4.564922749996185303e-01
4.657565057277679443e-01
5.373692512512207031e-01
4.208759963512420654e-01
3.750561177730560303e-01
3.823663294315338135e-01
3.978523015975952148e-01
3.741477727890014648e-01
3.622530102729797363e-01
3.995558321475982666e-01
4.518186151981353760e-01
3.736634552478790283e-01
3.577402830123901367e-01
3.814154863357543945e-01
4.072001576423645020e-01
3.911539018154144287e-01
5.114990472793579102e-01
3.938488364219665527e-01
4.488457441329956055e-01
3.294522762298583984e-01
3.749251067638397217e-01
4.312653839588165283e-01
4.981949031352996826e-01
4.276541471481323242e-01
4.320419132709503174e-01
4.418825805187225342e-01
5.369085073471069336e-01
4.427514672279357910e-01
4.309564828872680664e-01
3.490730226039886475e-01
4.103865325450897217e-01
1.288367986679077148e+00
1.465051174163818359e+00
1.363268256187438965e+00
1.253837585449218750e+00
1.241079688072204590e+00
2.229931801557540894e-01
4.794085025787353516e-01
1.267782926559448242e+00
4.304524064064025879e-01
3.966076374053955078e-01
1.464593410491943359e+00
7.512574195861816406e-01
8.724043369293212891e-01
8.440138101577758789e-01
8.133765459060668945e-01
9.085219502449035645e-01
1.062234163284301758e+00
1.167572140693664551e+00
1.132305026054382324e+00
1.402922511100769043e+00
9.504504203796386719e-01
1.119711399078369141e+00
1.163770198822021484e+00
1.147720336914062500e+00
1.090453028678894043e+00
1.100425839424133301e+00
1.528249382972717285e+00
1.855812907218933105e+00
1.766427278518676758e+00
1.776333451271057129e+00
2.184014320373535156e+00
2.978974819183349609e+00
1.776132822036743164e+00
1.935144186019897461e+00
3.012480258941650391e+00
2.694009780883789062e+00
2.817711830139160156e+00
2.416799783706665039e+00
1.904107570648193359e+00
1.828016042709350586e+00
6.082556247711181641e-01
1.054441571235656738e+00
7.988159060478210449e-01
6.487407088279724121e-01
5.524777770042419434e-01
1.891650557518005371e+00
1.515876054763793945e+00
2.963830709457397461e+00
2.487559556961059570e+00
1.578006625175476074e+00
1.609848856925964355e+00
1.020042300224304199e+00
1.127132058143615723e+00
1.926019191741943359e+00
3.224205493927001953e+00
2.741259813308715820e+00
3.026260375976562500e+00
3.420705080032348633e+00
1.473053693771362305e+00
1.729393362998962402e+00
2.007429599761962891e+00
1.927004575729370117e+00
2.350723981857299805e+00
2.935752153396606445e+00
4.027898311614990234e+00
3.239229202270507812e+00
2.571709394454956055e+00
2.598797559738159180e+00
2.452475070953369141e+00
2.255193710327148438e+00
2.297673702239990234e+00
2.734233617782592773e+00
2.022624731063842773e+00
1.231652379035949707e+00
1.180686354637145996e+00
1.691338181495666504e+00
1.505757689476013184e+00
1.841412305831909180e+00
2.221254348754882812e+00
1.808328986167907715e+00
6.818251609802246094e-01
6.546370983123779297e-01
1.723194360733032227e+00
2.986218929290771484e+00
2.176628351211547852e+00
2.247931003570556641e+00
2.306019544601440430e+00
1.493394851684570312e+00
1.371301770210266113e+00
1.243859052658081055e+00
1.430660367012023926e+00
9.864904880523681641e-01
8.032817840576171875e-01
6.496268510818481445e-01
5.758419036865234375e-01
6.469007134437561035e-01
5.925086736679077148e-01
6.038286685943603516e-01
5.585581064224243164e-01
5.741485357284545898e-01
5.745492577552795410e-01
3.918109238147735596e-01
3.139342069625854492e-01
3.378544747829437256e-01
3.400738239288330078e-01
2.813587784767150879e-01
2.917490005493164062e-01
3.593834936618804932e-01
3.295942544937133789e-01
1.071023941040039062e+00
1.366071105003356934e+00
1.359611511230468750e+00
6.802921295166015625e-01
2.370598912239074707e-01
3.188734650611877441e-01
3.341404497623443604e-01
3.819236457347869873e-01
2.458003312349319458e-01
2.405560016632080078e-01
3.034957349300384521e-01
3.777930140495300293e-01
4.693055152893066406e-01
3.457578122615814209e-01
4.071168303489685059e-01
4.375394880771636963e-01
4.302611052989959717e-01
3.471814692020416260e-01
3.665012717247009277e-01
3.969771265983581543e-01
4.675008654594421387e-01
4.021287858486175537e-01
4.678007364273071289e-01
4.145975112915039062e-01
4.430017173290252686e-01
3.834969699382781982e-01
4.164501130580902100e-01
4.396873116493225098e-01
5.287011861801147461e-01
3.827804923057556152e-01
3.379158675670623779e-01
4.246596395969390869e-01
4.067706465721130371e-01
3.674636185169219971e-01
3.615595400333404541e-01
4.212109446525573730e-01
4.296416342258453369e-01
4.774903655052185059e-01
4.715640842914581299e-01
1.779900670051574707e+00
1.910421371459960938e+00
2.336323738098144531e+00
2.740833282470703125e+00
2.217617273330688477e+00
2.468625307083129883e+00
2.476409435272216797e+00
2.403855800628662109e+00
2.086371421813964844e+00
2.350392341613769531e+00
2.004191398620605469e+00
1.857586026191711426e+00
2.553381204605102539e+00
2.787563800811767578e+00
1.318957328796386719e+00
1.683107614517211914e+00
1.703169941902160645e+00
1.497558593750000000e+00
1.366694450378417969e+00
1.583031654357910156e+00
2.720294475555419922e+00
2.250978708267211914e+00
1.169781923294067383e+00
1.334643363952636719e+00
1.605629444122314453e+00
1.391195178031921387e+00
1.320738673210144043e+00
1.608883738517761230e+00
1.418252825736999512e+00
1.389826893806457520e+00
1.279855608940124512e+00
1.290459275245666504e+00
1.436879396438598633e+00
1.423619866371154785e+00
1.762387633323669434e+00
1.811661481857299805e+00
1.062404632568359375e+00
6.751796603202819824e-01
1.179118871688842773e+00
6.936483383178710938e-01
8.719339966773986816e-01
9.388489723205566406e-01
1.186259031295776367e+00
1.283260703086853027e+00
1.220786690711975098e+00
8.677438497543334961e-01
1.092876076698303223e+00
1.502110838890075684e+00
1.634749889373779297e+00
1.629402756690979004e+00
1.859120726585388184e+00
2.376074314117431641e+00
1.712548494338989258e+00
1.670275092124938965e+00
1.944757580757141113e+00
7.763804197311401367e-01
1.137169003486633301e+00
1.308056116104125977e+00
1.206444740295410156e+00
1.536360502243041992e+00
1.908250570297241211e+00
2.855897665023803711e+00
2.702415704727172852e+00
2.913317203521728516e+00
2.918870449066162109e+00
1.989071846008300781e+00
1.704693317413330078e+00
2.053045749664306641e+00
2.551616907119750977e+00
2.574040412902832031e+00
2.327515840530395508e+00
2.469683170318603516e+00
2.362323999404907227e+00
3.005649805068969727e+00
2.564388036727905273e+00
2.814766883850097656e+00
2.459853887557983398e+00
2.699655055999755859e+00
1.793979883193969727e+00
2.386437892913818359e+00
3.591370820999145508e+00
1.619886398315429688e+00
1.925301313400268555e+00
1.111452221870422363e+00
1.053297162055969238e+00
9.806637167930603027e-01
1.170302152633666992e+00
2.132623195648193359e+00
2.405732870101928711e+00
6.412145495414733887e-01
6.496104001998901367e-01
3.627858757972717285e-01
3.694642484188079834e-01
4.472688734531402588e-01
4.239532947540283203e-01
3.219680190086364746e-01
2.575657069683074951e-01
3.844300210475921631e-01
3.084928095340728760e-01
6.756362915039062500e-01
8.883428573608398438e-01
7.802808284759521484e-01
7.166950702667236328e-01
6.857203841209411621e-01
7.166320085525512695e-01
6.927874088287353516e-01
8.512710928916931152e-01
8.547176122665405273e-01
8.307776451110839844e-01
1.060354709625244141e+00
1.490261912345886230e+00
1.408023238182067871e+00
8.093763589859008789e-01
2.796336114406585693e-01
3.671615719795227051e-01
3.804958760738372803e-01
3.312958478927612305e-01
2.753404080867767334e-01
3.436535596847534180e-01
3.955205678939819336e-01
3.400280773639678955e-01
2.945176661014556885e-01
3.201592564582824707e-01
3.762177526950836182e-01
3.514253199100494385e-01
2.971572279930114746e-01
3.345855772495269775e-01
4.520538151264190674e-01
4.264045357704162598e-01
4.348212778568267822e-01
4.028869271278381348e-01
4.565309286117553711e-01
4.207529127597808838e-01
5.547604560852050781e-01
5.229511260986328125e-01
5.378546714782714844e-01
4.773790836334228516e-01
6.303125619888305664e-01
5.483356118202209473e-01
5.170695781707763672e-01
4.139887392520904541e-01
4.277445971965789795e-01
4.233042299747467041e-01
4.943901300430297852e-01
1.438929677009582520e+00
1.935737013816833496e+00
2.316843271255493164e+00
2.089512109756469727e+00
2.374065160751342773e+00
1.673249959945678711e+00
2.025945186614990234e+00
1.767161965370178223e+00
1.581917762756347656e+00
1.583614468574523926e+00
1.708529353141784668e+00
1.678455829620361328e+00
1.707634687423706055e+00
8.444746136665344238e-01
7.468187212944030762e-01
1.166585683822631836e+00
1.054320335388183594e+00
9.754182696342468262e-01
7.198038697242736816e-01
4.465008378028869629e-01
4.025116860866546631e-01
4.212586283683776855e-01
4.054201543331146240e-01
5.021451711654663086e-01
5.654990673065185547e-01
7.198658585548400879e-01
6.020429134368896484e-01
1.534488439559936523e+00
1.558523178100585938e+00
1.611921072006225586e+00
9.829455614089965820e-01
9.308721423149108887e-01
1.266789913177490234e+00
1.765655517578125000e+00
1.041481137275695801e+00
5.705243945121765137e-01
1.481236338615417480e+00
1.800946116447448730e+00
1.891575813293457031e+00
1.907639861106872559e+00
2.369942188262939453e+00
2.288787841796875000e+00
2.208613634109497070e+00
2.385890245437622070e+00
1.867471098899841309e+00
1.651094079017639160e+00
1.497240424156188965e+00
2.452849149703979492e+00
2.274998188018798828e+00
2.466752290725708008e+00
3.038313388824462891e+00
2.874680757522583008e+00
1.072541832923889160e+00
1.103198885917663574e+00
1.541642665863037109e+00
2.480382204055786133e+00
2.218231201171875000e+00
2.820740699768066406e+00
3.399797677993774414e+00
4.091617107391357422e+00
2.553774595260620117e+00
2.873805284500122070e+00
3.670615434646606445e+00
3.262490987777709961e+00
2.575031995773315430e+00
1.868056774139404297e+00
2.264907836914062500e+00
1.544642090797424316e+00
1.936039924621582031e+00
1.850301623344421387e+00
1.812140583992004395e+00
1.823644161224365234e+00
1.778048038482666016e+00
2.574474573135375977e+00
2.476747274398803711e+00
2.905118465423583984e+00
2.366044998168945312e+00
1.918844461441040039e+00
1.994209527969360352e+00
1.954138040542602539e+00
1.895111680030822754e+00
1.909445643424987793e+00
1.914507031440734863e+00
1.850498318672180176e+00
1.738555431365966797e+00
1.886782884597778320e+00
1.973542332649230957e+00
1.771892309188842773e+00
1.761952638626098633e+00
1.866070151329040527e+00
1.779516577720642090e+00
1.635121226310729980e+00
1.794377326965332031e+00
1.761283040046691895e+00
1.637407302856445312e+00
1.692514896392822266e+00
1.892774462699890137e+00
1.706428408622741699e+00
1.715217590332031250e+00
1.890203118324279785e+00
1.829545736312866211e+00
1.841351389884948730e+00
1.928363800048828125e+00
2.006516933441162109e+00
1.817410349845886230e+00
2.721583366394042969e+00
1.788161873817443848e+00
1.751897454261779785e+00
1.668176054954528809e+00
1.827249169349670410e+00
1.825858116149902344e+00
1.620164871215820312e+00
1.655194044113159180e+00
1.692792892456054688e+00
1.616385579109191895e+00
1.575108885765075684e+00
1.693405985832214355e+00
1.680285215377807617e+00
8.441969156265258789e-01
5.507614016532897949e-01
7.009262442588806152e-01
5.859851837158203125e-01
5.794578194618225098e-01
1.372647523880004883e+00
1.350875735282897949e+00
3.442464172840118408e-01
3.783645033836364746e-01
4.482443928718566895e-01
3.497188091278076172e-01
3.473801910877227783e-01
6.195917725563049316e-01
4.214606285095214844e-01
3.626085221767425537e-01
4.367278814315795898e-01
5.231251716613769531e-01
4.183690845966339111e-01
4.003109633922576904e-01
4.464353322982788086e-01
4.354338645935058594e-01
3.686403334140777588e-01
3.978312015533447266e-01
3.798440694808959961e-01
3.862659037113189697e-01
3.635223507881164551e-01
3.110605776309967041e-01
2.978128790855407715e-01
3.878677487373352051e-01
3.089522123336791992e-01
2.753541171550750732e-01
3.095195889472961426e-01
3.895194530487060547e-01
3.721704185009002686e-01
3.108344376087188721e-01
3.209113776683807373e-01
4.216812849044799805e-01
1.411796450614929199e+00
9.826487302780151367e-01
4.367174804210662842e-01
5.478041768074035645e-01
1.386227250099182129e+00
1.102324843406677246e+00
1.456743836402893066e+00
1.649273753166198730e+00
1.772529244422912598e+00
1.415784597396850586e+00
1.350462913513183594e+00
1.396999478340148926e+00
1.201059579849243164e+00
4.458257555961608887e-01
5.576604604721069336e-01
5.932043790817260742e-01
5.797392725944519043e-01
5.900163054466247559e-01
6.166134476661682129e-01
2.347600936889648438e+00
1.846296429634094238e+00
1.642537593841552734e+00
1.780637383460998535e+00
1.589800238609313965e+00
1.340415835380554199e+00
6.372349262237548828e-01
1.158536195755004883e+00
1.027944207191467285e+00
1.081596732139587402e+00
1.143899202346801758e+00
1.949875354766845703e+00
1.728832840919494629e+00
1.678263783454895020e+00
1.924350738525390625e+00
1.792077183723449707e+00
1.844413638114929199e+00
1.398093700408935547e+00
8.517060875892639160e-01
2.097671031951904297e+00
3.904068708419799805e+00
3.872901916503906250e+00
3.105449438095092773e+00
3.422019243240356445e+00
3.885457992553710938e+00
3.726579904556274414e+00
3.828205823898315430e+00
2.305753707885742188e+00
2.393121242523193359e+00
2.491125345230102539e+00
2.339883565902709961e+00
2.304946422576904297e+00
2.429708003997802734e+00
2.305495500564575195e+00
2.084182262420654297e+00
2.248451471328735352e+00
2.552949666976928711e+00
2.681200742721557617e+00
2.614732980728149414e+00
2.545904874801635742e+00
2.620688915252685547e+00
2.451330661773681641e+00
1.871276378631591797e+00
1.935928344726562500e+00
1.952930688858032227e+00
2.175316572189331055e+00
1.267632484436035156e+00
1.059751868247985840e+00
1.151067137718200684e+00
1.984357953071594238e+00
1.940404415130615234e+00
2.896031379699707031e+00
3.082363605499267578e+00
2.047481060028076172e+00
2.904007673263549805e+00
2.782387256622314453e+00
2.889805793762207031e+00
2.370370388031005859e+00
1.901574015617370605e+00
3.244103908538818359e+00
2.939067125320434570e+00
1.328502178192138672e+00
1.433949589729309082e+00
1.247725009918212891e+00
9.626011848449707031e-01
7.919357419013977051e-01
1.002643942832946777e+00
6.256937384605407715e-01
4.878649711608886719e-01
5.281198024749755859e-01
4.746655225753784180e-01
4.052041769027709961e-01
3.314252197742462158e-01
3.343175053596496582e-01
2.915236949920654297e-01
3.657011687755584717e-01
2.199912667274475098e-01
1.879398971796035767e-01
2.786386311054229736e-01
2.952122390270233154e-01
2.321148961782455444e-01
2.393291443586349487e-01
2.741732895374298096e-01
2.901605963706970215e-01
4.134089946746826172e-01
3.941517174243927002e-01
4.068018794059753418e-01
4.063646793365478516e-01
3.771877884864807129e-01
4.349588751792907715e-01
4.083699882030487061e-01
2.641391158103942871e-01
3.299418091773986816e-01
4.177597761154174805e-01
4.296021759510040283e-01
3.271794617176055908e-01
1.552373886108398438e+00
1.354051947593688965e+00
1.309611082077026367e+00
3.390073180198669434e-01
2.975404262542724609e-01
3.811737298965454102e-01
3.640848100185394287e-01
3.954627215862274170e-01
3.382486104965209961e-01
4.983437359333038330e-01
4.462431967258453369e-01
5.400874614715576172e-01
5.386355519294738770e-01
5.874984860420227051e-01
4.930108785629272461e-01
4.810947477817535400e-01
5.060691833496093750e-01
6.406893730163574219e-01
2.089939832687377930e+00
1.910608649253845215e+00
1.955730080604553223e+00
1.877520561218261719e+00
2.192119598388671875e+00
2.235549211502075195e+00
3.643786430358886719e+00
2.934633493423461914e+00
1.496018171310424805e+00
2.389611482620239258e+00
1.556264162063598633e+00
1.281963109970092773e+00
1.681271195411682129e+00
1.793063402175903320e+00
1.246989846229553223e+00
1.347559690475463867e+00
1.544281959533691406e+00
1.409179925918579102e+00
1.403227329254150391e+00
1.417754173278808594e+00
1.222204566001892090e+00
1.316725850105285645e+00
1.354369878768920898e+00
1.234643340110778809e+00
1.185863256454467773e+00
1.222330093383789062e+00
1.389358520507812500e+00
1.313075423240661621e+00
1.138064384460449219e+00
1.191044807434082031e+00
1.477037429809570312e+00
2.680721521377563477e+00
3.964779853820800781e+00
3.170164823532104492e+00
3.103663921356201172e+00
2.386492252349853516e+00
1.926689386367797852e+00
1.584867119789123535e+00
3.065509557723999023e+00
3.291251659393310547e+00
2.924804687500000000e+00
2.835149049758911133e+00
2.523269891738891602e+00
7.282954454421997070e-01
5.870609879493713379e-01
6.552644968032836914e-01
4.699101746082305908e-01
4.977818429470062256e-01
6.329441666603088379e-01
5.382740497589111328e-01
4.223766624927520752e-01
3.106686174869537354e-01
3.881533443927764893e-01
3.916946947574615479e-01
4.067421257495880127e-01
4.020133912563323975e-01
4.251749217510223389e-01
5.687567591667175293e-01
5.147786140441894531e-01
6.832619905471801758e-01
6.291226744651794434e-01
6.489418745040893555e-01
1.355564475059509277e+00
8.912504911422729492e-01
9.111886620521545410e-01
9.474926590919494629e-01
1.047072410583496094e+00
1.203160762786865234e+00
1.162167787551879883e+00
1.219720125198364258e+00
1.171826958656311035e+00
1.678694844245910645e+00
1.780131101608276367e+00
1.600757360458374023e+00
1.548697352409362793e+00
1.541564583778381348e+00
1.622406125068664551e+00
2.277076244354248047e+00
1.087878465652465820e+00
2.295334100723266602e+00
2.535154581069946289e+00
2.921669006347656250e+00
2.490034103393554688e+00
3.768399715423583984e+00
3.172394514083862305e+00
1.625528693199157715e+00
1.443834066390991211e+00
1.574665665626525879e+00
1.162425994873046875e+00
1.420447230339050293e+00
1.623141527175903320e+00
2.455093383789062500e+00
1.847373962402343750e+00
9.459069967269897461e-01
1.209931254386901855e+00
1.117121100425720215e+00
5.470895767211914062e-01
6.935694217681884766e-01
1.024662494659423828e+00
7.069289684295654297e-01
3.074723482131958008e-01
3.353127539157867432e-01
3.582805097103118896e-01
5.067168474197387695e-01
4.634984731674194336e-01
2.655707299709320068e-01
2.373649626970291138e-01
2.874752581119537354e-01
3.104454874992370605e-01
2.169449329376220703e-01
2.106987982988357544e-01
2.375231087207794189e-01
3.686548471450805664e-01
2.844618260860443115e-01
2.871641814708709717e-01
3.241983652114868164e-01
3.872482776641845703e-01
9.812129735946655273e-01
1.516980409622192383e+00
1.296243071556091309e+00
1.184314370155334473e+00
5.709788799285888672e-01
2.946632206439971924e-01
3.178938329219818115e-01
2.855228781700134277e-01
2.475636005401611328e-01
3.331383466720581055e-01
3.464819788932800293e-01
3.015047013759613037e-01
3.472549319267272949e-01
3.834799826145172119e-01
3.837206363677978516e-01
3.193468153476715088e-01
3.596619665622711182e-01
4.167332649230957031e-01
4.907662868499755859e-01
3.928247988224029541e-01
4.128520488739013672e-01
4.816265106201171875e-01
5.070055127143859863e-01
5.022748708724975586e-01
4.313377439975738525e-01
5.075095891952514648e-01
1.783061742782592773e+00
2.065483331680297852e+00
2.612001419067382812e+00
2.510836124420166016e+00
2.616759061813354492e+00
2.618211746215820312e+00
2.127823352813720703e+00
2.219477176666259766e+00
1.863360166549682617e+00
2.312902450561523438e+00
1.725437641143798828e+00
1.421337008476257324e+00
1.409104466438293457e+00
1.512372493743896484e+00
1.599748134613037109e+00
1.528069615364074707e+00
1.459906935691833496e+00
1.458966255187988281e+00
1.861355066299438477e+00
1.757185816764831543e+00
1.367352247238159180e+00
1.307976365089416504e+00
1.541407227516174316e+00
1.588886141777038574e+00
1.662645339965820312e+00
1.418522477149963379e+00
1.403833389282226562e+00
1.380976915359497070e+00
1.407296895980834961e+00
1.022277235984802246e+00
3.114007413387298584e-01
5.218456983566284180e-01
3.236276805400848389e-01
3.892376720905303955e-01
3.839719891548156738e-01
3.617596328258514404e-01
3.340667188167572021e-01
5.188089609146118164e-01
4.939718842506408691e-01
4.658494293689727783e-01
4.077269732952117920e-01
4.582155346870422363e-01
4.947598874568939209e-01
3.438163697719573975e-01
3.072881698608398438e-01
3.233094513416290283e-01
3.629349768161773682e-01
3.081885874271392822e-01
2.899229526519775391e-01
3.165252506732940674e-01
3.573230803012847900e-01
3.397589027881622314e-01
2.719092369079589844e-01
3.367789089679718018e-01
3.447359800338745117e-01
3.982053399085998535e-01
2.911150157451629639e-01
3.174796700477600098e-01
3.502417802810668945e-01
3.726243376731872559e-01
3.771943747997283936e-01
1.593936920166015625e+00
8.046322464942932129e-01
1.108051300048828125e+00
1.259422063827514648e+00
1.232162833213806152e+00
9.993451237678527832e-01
2.117275953292846680e+00
2.280245542526245117e+00
2.193887948989868164e+00
2.515031576156616211e+00
1.973246812820434570e+00
1.982308506965637207e+00
2.406956434249877930e+00
1.945601820945739746e+00
1.914529323577880859e+00
2.085673570632934570e+00
1.967609167098999023e+00
1.940132498741149902e+00
2.728783369064331055e+00
2.122386693954467773e+00
1.722677469253540039e+00
1.765026450157165527e+00
1.910600066184997559e+00
2.806690931320190430e+00
2.688123703002929688e+00
2.835993051528930664e+00
2.532136917114257812e+00
2.473242044448852539e+00
2.552209615707397461e+00
2.534465551376342773e+00
2.343817710876464844e+00
1.521402716636657715e+00
9.504728913307189941e-01
9.367145895957946777e-01
8.111012578010559082e-01
6.604567766189575195e-01
7.023808360099792480e-01
5.222738385200500488e-01
8.477928042411804199e-01
6.295368671417236328e-01
3.843973875045776367e-01
3.421871364116668701e-01
5.038267970085144043e-01
4.645732343196868896e-01
3.673778176307678223e-01
3.504352867603302002e-01
3.799844086170196533e-01
4.397503733634948730e-01
3.555442094802856445e-01
3.186635076999664307e-01
3.061317503452301025e-01
3.202269673347473145e-01
3.078168928623199463e-01
2.507795989513397217e-01
3.091999888420104980e-01
3.438977897167205811e-01
3.889038264751434326e-01
2.510832846164703369e-01
3.340201079845428467e-01
3.546166419982910156e-01
4.023401141166687012e-01
2.849634289741516113e-01
3.266937434673309326e-01
3.517254590988159180e-01
4.044098258018493652e-01
3.692477345466613770e-01
3.728866577148437500e-01
4.152668416500091553e-01
4.486152529716491699e-01
5.106624960899353027e-01
4.353883862495422363e-01
4.332331418991088867e-01
1.375586986541748047e+00
1.648498058319091797e+00
1.419768333435058594e+00
1.163551449775695801e+00
3.993614912033081055e-01
4.480360746383666992e-01
5.429065823554992676e-01
4.518624842166900635e-01
4.358113110065460205e-01
5.249649286270141602e-01
5.759828090667724609e-01
7.034087181091308594e-01
2.038607120513916016e+00
2.458307743072509766e+00
2.370103359222412109e+00
2.225821256637573242e+00
2.286294221878051758e+00
2.721592903137207031e+00
2.985634565353393555e+00
2.326805830001831055e+00
1.644240736961364746e+00
1.591414928436279297e+00
1.601366639137268066e+00
1.390913724899291992e+00
1.507590055465698242e+00
1.525638103485107422e+00
1.358743906021118164e+00
1.333796977996826172e+00
1.353891849517822266e+00
1.281982064247131348e+00
1.350397944450378418e+00
1.266477942466735840e+00
1.348543405532836914e+00
1.311774849891662598e+00
1.551886796951293945e+00
1.425377964973449707e+00
1.343503594398498535e+00
1.393129825592041016e+00
1.373466610908508301e+00
1.312553286552429199e+00
1.349623918533325195e+00
1.429821968078613281e+00
1.411384701728820801e+00
1.379001140594482422e+00
1.426687359809875488e+00
1.517837285995483398e+00
1.399886846542358398e+00
1.386018872261047363e+00
1.894132852554321289e+00
1.362569570541381836e+00
1.375985264778137207e+00
1.030399918556213379e+00
3.214327096939086914e-01
3.458323478698730469e-01
3.699847757816314697e-01
2.473676204681396484e-01
2.871915698051452637e-01
3.584526479244232178e-01
2.992294132709503174e-01
2.593695521354675293e-01
2.919852733612060547e-01
3.653577268123626709e-01
3.315389752388000488e-01
2.591310739517211914e-01
2.905010282993316650e-01
4.237962365150451660e-01
1.197112560272216797e+00
9.010354876518249512e-01
8.862120509147644043e-01
8.997851014137268066e-01
1.082886815071105957e+00
8.850887417793273926e-01
8.957352638244628906e-01
9.121285080909729004e-01
9.219787716865539551e-01
1.258535623550415039e+00
1.199536085128784180e+00
1.160552740097045898e+00
1.226419925689697266e+00
1.250537991523742676e+00
1.541725158691406250e+00
1.733814120292663574e+00
1.960967779159545898e+00
1.962771058082580566e+00
1.913293957710266113e+00
1.784856557846069336e+00
1.321084856986999512e+00
1.235765576362609863e+00
2.744668006896972656e+00
2.270998239517211914e+00
2.880359888076782227e+00
3.970899581909179688e+00
3.068862199783325195e+00
2.491512298583984375e+00
2.655112504959106445e+00
1.793509602546691895e+00
1.033915400505065918e+00
1.321463584899902344e+00
1.894380092620849609e+00
2.642129421234130859e+00
1.539165019989013672e+00
1.445835590362548828e+00
1.512945175170898438e+00
1.225179910659790039e+00
1.313532590866088867e+00
1.302695631980895996e+00
1.070167660713195801e+00
8.777950406074523926e-01
9.580341577529907227e-01
8.302713632583618164e-01
7.396565079689025879e-01
5.931040644645690918e-01
6.436923742294311523e-01
5.986712574958801270e-01
6.023663878440856934e-01
3.824044167995452881e-01
4.227779507637023926e-01
5.035140514373779297e-01
5.006686449050903320e-01
3.841879665851593018e-01
4.867718517780303955e-01
3.839325308799743652e-01
4.516105949878692627e-01
4.127563834190368652e-01
3.855502307415008545e-01
3.295882344245910645e-01
4.301684498786926270e-01
4.379698336124420166e-01
3.678051531314849854e-01
3.577517867088317871e-01
3.971544504165649414e-01
4.922587573528289795e-01
5.123367309570312500e-01
1.538388013839721680e+00
1.271414756774902344e+00
1.455527067184448242e+00
1.324657082557678223e+00
3.787106871604919434e-01
4.317590296268463135e-01
6.020631790161132812e-01
5.780796408653259277e-01
5.518303513526916504e-01
5.839173793792724609e-01
6.064062714576721191e-01
6.176316738128662109e-01
5.158531069755554199e-01
4.882382750511169434e-01
4.688603878021240234e-01
4.701154828071594238e-01
5.866668820381164551e-01
4.956693649291992188e-01
4.754949212074279785e-01
4.677220582962036133e-01
6.774527430534362793e-01
6.276412010192871094e-01
5.882558226585388184e-01
2.049656629562377930e+00
2.636009454727172852e+00
2.708673000335693359e+00
2.516081333160400391e+00
2.508106708526611328e+00
2.647343397140502930e+00
2.533756732940673828e+00
2.111024141311645508e+00
1.921848297119140625e+00
1.331065297126770020e+00
1.554798841476440430e+00
1.546689867973327637e+00
1.376803994178771973e+00
1.324571609497070312e+00
1.290312170982360840e+00
1.405383110046386719e+00
1.273569345474243164e+00
1.347588419914245605e+00
1.279460310935974121e+00
1.378389954566955566e+00
1.320280313491821289e+00
1.243027806282043457e+00
1.199789404869079590e+00
1.282431244850158691e+00
1.350719690322875977e+00
1.279584765434265137e+00
1.183344602584838867e+00
1.242393732070922852e+00
1.338634729385375977e+00
1.327838301658630371e+00
1.270022273063659668e+00
1.307004690170288086e+00
1.351869821548461914e+00
1.379444360733032227e+00
1.316738724708557129e+00
1.289583802223205566e+00
2.496662616729736328e+00
1.351192235946655273e+00
1.239700794219970703e+00
8.714376091957092285e-01
8.623844385147094727e-01
1.329157829284667969e+00
4.113069474697113037e-01
4.124619960784912109e-01
3.584161996841430664e-01
9.958646297454833984e-01
3.893706202507019043e-01
3.306851685047149658e-01
3.304165303707122803e-01
3.566356599330902100e-01
2.740718722343444824e-01
3.085695803165435791e-01
3.614383935928344727e-01
3.367610871791839600e-01
3.657650351524353027e-01
3.836787045001983643e-01
4.741852879524230957e-01
3.665130436420440674e-01
4.754011929035186768e-01
6.100285053253173828e-01
6.745574474334716797e-01
6.049856543540954590e-01
6.057476401329040527e-01
6.540796160697937012e-01
6.105931401252746582e-01
6.620100736618041992e-01
6.482470631599426270e-01
7.327711582183837891e-01
1.035120368003845215e+00
2.890292406082153320e+00
3.675893306732177734e+00
2.947579383850097656e+00
2.994513511657714844e+00
3.177176475524902344e+00
2.246983528137207031e+00
2.270867824554443359e+00
2.903333663940429688e+00
2.778343677520751953e+00
2.485015630722045898e+00
3.580663204193115234e+00
2.978783845901489258e+00
1.420039653778076172e+00
1.739385366439819336e+00
2.044108629226684570e+00
1.903529167175292969e+00
2.803991556167602539e+00
1.405411601066589355e+00
2.673692703247070312e+00
2.511197090148925781e+00
1.046194791793823242e+00
1.337792158126831055e+00
1.667826652526855469e+00
1.006846904754638672e+00
7.520325779914855957e-01
1.238150954246520996e+00
8.741580247879028320e-01
7.558017373085021973e-01
1.034280538558959961e+00
6.065175533294677734e-01
3.248331844806671143e-01
3.686046898365020752e-01
5.216897726058959961e-01
4.614633023738861084e-01
2.875936925411224365e-01
3.772516548633575439e-01
3.976182341575622559e-01
3.132097721099853516e-01
3.106825947761535645e-01
3.093309998512268066e-01
3.050183653831481934e-01
2.552391588687896729e-01
2.876189053058624268e-01
2.894841432571411133e-01
2.328182309865951538e-01
2.611920237541198730e-01
3.081458210945129395e-01
2.502903342247009277e-01
1.478607773780822754e+00
1.226298689842224121e+00
1.106261610984802246e+00
6.645060181617736816e-01
2.180150151252746582e-01
3.201943337917327881e-01
2.769696414470672607e-01
2.536729574203491211e-01
3.609496951103210449e-01
3.409355878829956055e-01
3.150486946105957031e-01
3.867814838886260986e-01
4.712381958961486816e-01
3.433375060558319092e-01
3.292702734470367432e-01
3.261891305446624756e-01
3.803316950798034668e-01
3.430513739585876465e-01
4.035253226757049561e-01
5.439769029617309570e-01
4.438133239746093750e-01
4.376518726348876953e-01
5.576916933059692383e-01
5.165901780128479004e-01
4.380136728286743164e-01
5.454592704772949219e-01
1.703062772750854492e+00
1.780819654464721680e+00
2.067087888717651367e+00
2.446428537368774414e+00
2.575017213821411133e+00
1.905424594879150391e+00
1.775066852569580078e+00
2.065851926803588867e+00
1.948418498039245605e+00
1.643560171127319336e+00
1.616434693336486816e+00
1.523697972297668457e+00
1.476718425750732422e+00
1.389917373657226562e+00
1.471336245536804199e+00
1.354186773300170898e+00
1.429982304573059082e+00
1.350235700607299805e+00
1.379130840301513672e+00
1.310619711875915527e+00
1.395974397659301758e+00
1.358444094657897949e+00
1.292933821678161621e+00
1.296062946319580078e+00
1.342102050781250000e+00
1.343527913093566895e+00
1.235994935035705566e+00
1.364691376686096191e+00
1.361297488212585449e+00
1.289849996566772461e+00
1.401922106742858887e+00
1.441220879554748535e+00
1.387618780136108398e+00
1.373983740806579590e+00
1.409428238868713379e+00
1.488901257514953613e+00
1.319683313369750977e+00
1.325972557067871094e+00
2.272941589355468750e+00
1.484306335449218750e+00
1.499186515808105469e+00
1.466561198234558105e+00
1.623704552650451660e+00
1.289787173271179199e+00
1.306062102317810059e+00
2.159207820892333984e+00
1.704363942146301270e+00
1.237382769584655762e+00
1.384471297264099121e+00
1.503186106681823730e+00
1.283024072647094727e+00
1.767014980316162109e+00
1.717072486877441406e+00
1.703710436820983887e+00
1.712776780128479004e+00
1.747077941894531250e+00
1.804862380027770996e+00
1.869636416435241699e+00
1.592380046844482422e+00
1.749217867851257324e+00
1.143613815307617188e+00
1.582929730415344238e+00
1.111962914466857910e+00
1.439800739288330078e+00
9.380743503570556641e-01
5.856124162673950195e-01
6.942374110221862793e-01
7.248519659042358398e-01
6.783421635627746582e-01
9.908725023269653320e-01
1.380697846412658691e+00
1.211477994918823242e+00
1.192345380783081055e+00
1.299281954765319824e+00
1.246766448020935059e+00
1.139656901359558105e+00
9.502379894256591797e-01
1.514201045036315918e+00
1.695528864860534668e+00
1.400744557380676270e+00
1.622209668159484863e+00
1.788342237472534180e+00
2.858620166778564453e+00
1.605857491493225098e+00
1.258512139320373535e+00
1.089406251907348633e+00
1.618384361267089844e+00
1.114195704460144043e+00
2.385726451873779297e+00
2.057641029357910156e+00
1.914587378501892090e+00
1.909938693046569824e+00
1.877705931663513184e+00
9.911038279533386230e-01
3.998710513114929199e-01
4.539702832698822021e-01
3.906613588333129883e-01
4.429855346679687500e-01
4.517207741737365723e-01
3.318317234516143799e-01
3.373503983020782471e-01
3.577449321746826172e-01
3.626880049705505371e-01
3.480898439884185791e-01
4.210486710071563721e-01
3.921411931514739990e-01
3.032709956169128418e-01
3.452666103839874268e-01
3.307926058769226074e-01
3.075134754180908203e-01
3.449599146842956543e-01
3.401840329170227051e-01
2.843705713748931885e-01
2.414111942052841187e-01
3.124091327190399170e-01
3.068197369575500488e-01
2.360065281391143799e-01
2.816731631755828857e-01
3.617393672466278076e-01
2.851383090019226074e-01
7.727686762809753418e-01
3.022694289684295654e-01
4.003345370292663574e-01
3.282188177108764648e-01
2.962672412395477295e-01
4.440975487232208252e-01
3.592596054077148438e-01
3.101801574230194092e-01
4.042582511901855469e-01
4.863130152225494385e-01
3.651157021522521973e-01
3.482167422771453857e-01
4.109158217906951904e-01
3.517643809318542480e-01
3.477828502655029297e-01
3.891335129737854004e-01
4.704216420650482178e-01
1.406431794166564941e+00
1.422307252883911133e+00
1.384496808052062988e+00
1.284726858139038086e+00
5.352822542190551758e-01
4.079292416572570801e-01
4.599782526493072510e-01
4.270050823688507080e-01
1.473111629486083984e+00
1.967198610305786133e+00
2.460890054702758789e+00
2.770620107650756836e+00
2.230829477310180664e+00
2.377359867095947266e+00
2.337163448333740234e+00
2.514323711395263672e+00
2.282239437103271484e+00
2.426560401916503906e+00
2.160339593887329102e+00
1.355757117271423340e+00
1.553330779075622559e+00
1.469475388526916504e+00
2.923661708831787109e+00
1.514475941658020020e+00
1.304973840713500977e+00
1.492480397224426270e+00
1.500499725341796875e+00
1.554855823516845703e+00
7.073792815208435059e-01
2.240718603134155273e+00
2.004046678543090820e+00
4.856171011924743652e-01
8.144003152847290039e-01
1.838601946830749512e+00
1.854042768478393555e+00
2.590515375137329102e+00
3.147199392318725586e+00
3.069577217102050781e+00
2.704227685928344727e+00
1.537285089492797852e+00
2.610715150833129883e+00
1.717994809150695801e+00
5.695456266403198242e-01
1.143958330154418945e+00
6.433908939361572266e-01
5.089883208274841309e-01
2.450363636016845703e+00
5.812038183212280273e-01
8.665756583213806152e-01
1.819509387016296387e+00
1.486537694931030273e+00
1.368332982063293457e+00
9.173645973205566406e-01
1.301253795623779297e+00
2.330188274383544922e+00
2.691830694675445557e-01
5.329768061637878418e-01
5.545426011085510254e-01
4.495057761669158936e-01
1.597520470619201660e+00
1.526719093322753906e+00
1.550580978393554688e+00
1.413664102554321289e+00
1.461635112762451172e+00
1.530200958251953125e+00
1.652534961700439453e+00
1.614364385604858398e+00
1.385034084320068359e+00
1.640209674835205078e+00
1.514288544654846191e+00
1.427361369132995605e+00
1.781755685806274414e+00
2.080008268356323242e+00
2.115735292434692383e+00
1.973503708839416504e+00
2.179851055145263672e+00
3.021473407745361328e+00
4.807857513427734375e+00
4.890861988067626953e+00
4.921450614929199219e+00
5.008459091186523438e+00
4.114966869354248047e+00
3.812317848205566406e+00
3.657276153564453125e+00
3.335775613784790039e+00
2.749324560165405273e+00
2.863343715667724609e+00
3.053918361663818359e+00
2.265151262283325195e+00
2.687604188919067383e+00
2.130972385406494141e+00
1.621414780616760254e+00
1.622364521026611328e+00
1.750733017921447754e+00
1.608141779899597168e+00
1.556092500686645508e+00
2.469751596450805664e+00
1.614225745201110840e+00
1.818237543106079102e+00
1.878559947013854980e+00
1.878713726997375488e+00
1.445085287094116211e+00
1.635188460350036621e+00
1.156722545623779297e+00
7.223532795906066895e-01
8.305512070655822754e-01
8.030235767364501953e-01
8.676821589469909668e-01
8.787431120872497559e-01
8.257449269294738770e-01
7.281847000122070312e-01
5.683617591857910156e-01
6.677315831184387207e-01
7.134916782379150391e-01
5.353203415870666504e-01
5.078365802764892578e-01
4.987091124057769775e-01
3.205462694168090820e-01
3.110688030719757080e-01
3.891779184341430664e-01
3.021463453769683838e-01
2.375302463769912720e-01
2.815141975879669189e-01
1.026608586311340332e+00
1.412212491035461426e+00
1.183907628059387207e+00
1.150388479232788086e+00
1.790788620710372925e-01
2.105921655893325806e-01
3.250584900379180908e-01
3.125420808792114258e-01
2.143777459859848022e-01
3.317930698394775391e-01
3.896625339984893799e-01
3.476482629776000977e-01
3.509234488010406494e-01
4.710293114185333252e-01
4.628573656082153320e-01
3.573162257671356201e-01
4.518827497959136963e-01
3.954753279685974121e-01
3.563566207885742188e-01
3.616922199726104736e-01
3.763846755027770996e-01
3.522128164768218994e-01
3.534657061100006104e-01
4.858339130878448486e-01
3.790601491928100586e-01
3.930141925811767578e-01
4.370184242725372314e-01
4.302594661712646484e-01
3.697948157787322998e-01
3.812858164310455322e-01
1.577700495719909668e+00
1.794952154159545898e+00
1.489339590072631836e+00
2.034696817398071289e+00
2.539522171020507812e+00
2.396061420440673828e+00
1.529604315757751465e+00
1.581359982490539551e+00
1.555541276931762695e+00
1.436486124992370605e+00
1.537799000740051270e+00
1.417814254760742188e+00
1.271141409873962402e+00
1.375777721405029297e+00
1.401579737663269043e+00
1.286535382270812988e+00
1.292035698890686035e+00
1.417439579963684082e+00
4.043876230716705322e-01
3.236589431762695312e-01
4.520006179809570312e-01
3.908488452434539795e-01
2.792553603649139404e-01
2.904188036918640137e-01
4.291762113571166992e-01
2.860891520977020264e-01
2.720164060592651367e-01
3.678224086761474609e-01
4.006522297859191895e-01
2.942931652069091797e-01
3.689034581184387207e-01
4.584564566612243652e-01
4.035129845142364502e-01
3.456010222434997559e-01
4.183504581451416016e-01
4.587985277175903320e-01
3.697663247585296631e-01
3.514204025268554688e-01
4.023845195770263672e-01
3.009123802185058594e-01
2.499638646841049194e-01
3.492426872253417969e-01
3.397501409053802490e-01
2.885842621326446533e-01
2.907005846500396729e-01
3.615663945674896240e-01
3.104356229305267334e-01
2.612035274505615234e-01
3.088916242122650146e-01
2.686074674129486084e-01
2.706771790981292725e-01
3.098808526992797852e-01
3.454360067844390869e-01
2.775721251964569092e-01
3.951524496078491211e-01
4.345312714576721191e-01
3.761503398418426514e-01
3.878389596939086914e-01
4.543468952178955078e-01
4.237208366394042969e-01
3.365157842636108398e-01
3.939066827297210693e-01
4.560591876506805420e-01
3.591055572032928467e-01
1.586218357086181641e+00
1.307106614112854004e+00
1.234117984771728516e+00
7.887507677078247070e-01
2.863459885120391846e-01
5.585471391677856445e-01
3.851966559886932373e-01
3.938504755496978760e-01
4.219540059566497803e-01
5.153836011886596680e-01
3.731558024883270264e-01
4.623034298419952393e-01
4.794287681579589844e-01
4.008640944957733154e-01
4.245935678482055664e-01
5.150601267814636230e-01
4.642796516418457031e-01
4.197206497192382812e-01
4.117192029953002930e-01
1.473753213882446289e+00
1.795020937919616699e+00
1.374308347702026367e+00
1.322863936424255371e+00
1.450344681739807129e+00
7.206497788429260254e-01
1.042493939399719238e+00
1.371992468833923340e+00
1.875098347663879395e+00
1.750100135803222656e+00
1.804868459701538086e+00
1.354477882385253906e+00
1.010966897010803223e+00
4.902652502059936523e-01
3.530181050300598145e-01
3.190593123435974121e-01
4.449700117111206055e-01
3.716057837009429932e-01
2.636586129665374756e-01
3.919408321380615234e-01
5.049105882644653320e-01
3.284712731838226318e-01
3.275270164012908936e-01
4.554093182086944580e-01
4.029963016510009766e-01
2.736264765262603760e-01
3.390457034111022949e-01
3.791272938251495361e-01
2.844207286834716797e-01
3.197522163391113281e-01
4.189329147338867188e-01
3.415852189064025879e-01
2.920379042625427246e-01
3.415117561817169189e-01
3.456358313560485840e-01
2.921615242958068848e-01
3.119480907917022705e-01
3.541701436042785645e-01
2.739055156707763672e-01
3.440967798233032227e-01
3.845717012882232666e-01
3.170199990272521973e-01
2.852303981781005859e-01
4.163371920585632324e-01
4.800729155540466309e-01
3.168440461158752441e-01
3.760700225830078125e-01
5.264754891395568848e-01
4.254476726055145264e-01
3.336306214332580566e-01
3.630903959274291992e-01
3.975675106048583984e-01
3.039151132106781006e-01
3.116337060928344727e-01
4.373999834060668945e-01
3.701588213443756104e-01
3.768114447593688965e-01
4.119946658611297607e-01
8.436728715896606445e-01
1.297029495239257812e+00
1.941875815391540527e+00
2.615597963333129883e+00
1.887978553771972656e+00
2.001000881195068359e+00
2.111603975296020508e+00
2.054177999496459961e+00
1.931330919265747070e+00
2.224738597869873047e+00
2.041528701782226562e+00
1.726365208625793457e+00
2.313272476196289062e+00
2.586274385452270508e+00
2.561914205551147461e+00
2.548365354537963867e+00
1.367805361747741699e+00
1.657080650329589844e+00
1.553129553794860840e+00
1.443150758743286133e+00
1.619135618209838867e+00
1.572160482406616211e+00
2.712447881698608398e+00
2.501321792602539062e+00
3.187063217163085938e+00
2.989757537841796875e+00
2.696913480758666992e+00
1.695702075958251953e+00
2.632810831069946289e+00
2.928325176239013672e+00
2.240837812423706055e+00
2.923074007034301758e+00
1.755641341209411621e+00
2.083990097045898438e+00
1.920989751815795898e+00
1.969088196754455566e+00
1.860335707664489746e+00
1.739399909973144531e+00
2.097131967544555664e+00
1.842186093330383301e+00
1.805550932884216309e+00
1.865301847457885742e+00
1.724443197250366211e+00
1.633501410484313965e+00
2.443810939788818359e+00
2.456508874893188477e+00
1.334217429161071777e+00
1.501007080078125000e+00
1.445402145385742188e+00
1.628524780273437500e+00
1.865353941917419434e+00
1.882197260856628418e+00
2.722072362899780273e+00
2.595078706741333008e+00
4.339353740215301514e-01
6.165383458137512207e-01
7.970466017723083496e-01
8.072298765182495117e-01
9.380480647087097168e-01
1.043414354324340820e+00
8.385789990425109863e-01
8.509501218795776367e-01
7.788717150688171387e-01
7.338569164276123047e-01
7.161520719528198242e-01
7.818168997764587402e-01
6.314327716827392578e-01
7.321089506149291992e-01
7.174639105796813965e-01
9.664643406867980957e-01
1.084558606147766113e+00
3.321470260620117188e+00
3.536721467971801758e+00
4.190028190612792969e+00
3.388880252838134766e+00
3.238165378570556641e+00
3.288448572158813477e+00
1.847886443138122559e+00
1.466451525688171387e+00
1.930154204368591309e+00
3.346107959747314453e+00
2.959700107574462891e+00
1.387381434440612793e+00
1.541801571846008301e+00
1.829262614250183105e+00
1.807891726493835449e+00
1.710250139236450195e+00
1.967675447463989258e+00
2.054273366928100586e+00
2.181370735168457031e+00
2.797998666763305664e+00
2.719439506530761719e+00
2.629369020462036133e+00
2.092748880386352539e+00
1.726076841354370117e+00
1.847269773483276367e+00
1.370117068290710449e+00
3.140550851821899414e-01
4.471564888954162598e-01
2.641837894916534424e-01
3.091312050819396973e-01
3.069024980068206787e-01
2.965407967567443848e-01
3.476863503456115723e-01
3.119228780269622803e-01
4.389839768409729004e-01
4.962951242923736572e-01
3.559693098068237305e-01
3.724851012229919434e-01
4.248789250850677490e-01
4.010932445526123047e-01
3.227020502090454102e-01
3.436760306358337402e-01
3.033460974693298340e-01
2.205498814582824707e-01
2.820500433444976807e-01
3.623527884483337402e-01
2.667033076286315918e-01
2.432802617549896240e-01
3.267323970794677734e-01
2.510328590869903564e-01
2.151654958724975586e-01
3.023253381252288818e-01
3.521056473255157471e-01
2.498709559440612793e-01
2.387549132108688354e-01
3.734145462512969971e-01
2.720183432102203369e-01
2.696501314640045166e-01
3.564966917037963867e-01
5.244718194007873535e-01
3.061832785606384277e-01
3.706009387969970703e-01
4.144445657730102539e-01
3.646061420440673828e-01
3.577931821346282959e-01
4.388491213321685791e-01
3.675916194915771484e-01
4.312678575515747070e-01
4.300615489482879639e-01
4.853136539459228516e-01
4.983777105808258057e-01
4.878866076469421387e-01
5.166797637939453125e-01
4.929560720920562744e-01
5.146402120590209961e-01
1.758550047874450684e+00
1.898569703102111816e+00
2.587354660034179688e+00
2.047110557556152344e+00
2.182234525680541992e+00
2.096353292465209961e+00
2.383371353149414062e+00
2.466838598251342773e+00
1.698510289192199707e+00
2.329985857009887695e+00
2.171401977539062500e+00
1.389533877372741699e+00
1.310121417045593262e+00
1.346944332122802734e+00
1.385635733604431152e+00
1.262498855590820312e+00
1.211600780487060547e+00
1.346898555755615234e+00
1.369296669960021973e+00
1.879112243652343750e+00
1.455859541893005371e+00
1.554140448570251465e+00
1.527649164199829102e+00
1.572734713554382324e+00
1.565135002136230469e+00
1.597661733627319336e+00
1.332263112068176270e+00
1.353709578514099121e+00
1.874632954597473145e+00
2.440621614456176758e+00
1.746489167213439941e+00
1.479688882827758789e+00
1.535083532333374023e+00
1.855538249015808105e+00
1.042528986930847168e+00
6.551307439804077148e-01
5.716558694839477539e-01
5.544907450675964355e-01
4.532047510147094727e-01
2.362750291824340820e+00
8.181192278861999512e-01
4.405068755149841309e-01
5.476605296134948730e-01
6.788319945335388184e-01
1.559063196182250977e+00
1.644024014472961426e+00
1.829974770545959473e+00
2.734931707382202148e+00
4.660297930240631104e-01
4.190233647823333740e-01
4.562710821628570557e-01
4.215327203273773193e-01
4.856579303741455078e-01
7.197510004043579102e-01
6.440684199333190918e-01
4.709372222423553467e-01
7.356086373329162598e-01
6.321243643760681152e-01
5.318480730056762695e-01
5.986008048057556152e-01
7.072126269340515137e-01
1.338966131210327148e+00
1.123210787773132324e+00
1.280512809753417969e+00
7.426505088806152344e-01
7.269123196601867676e-01
8.289200663566589355e-01
1.317234039306640625e+00
1.366656661033630371e+00
1.821518301963806152e+00
1.882601022720336914e+00
1.982976436614990234e+00
1.916383266448974609e+00
3.207028388977050781e+00
2.841295719146728516e+00
2.454015970230102539e+00
2.581071615219116211e+00
2.226563453674316406e+00
1.451804280281066895e+00
1.494770288467407227e+00
2.851104974746704102e+00
2.499959945678710938e+00
2.980738401412963867e+00
2.625750541687011719e+00
2.567595243453979492e+00
2.417805433273315430e+00
2.104551315307617188e+00
1.236909389495849609e+00
1.391113042831420898e+00
1.096400141716003418e+00
1.169932723045349121e+00
1.240948200225830078e+00
8.972346186637878418e-01
7.619113326072692871e-01
8.082761168479919434e-01
8.064585924148559570e-01
6.400145292282104492e-01
6.975824832916259766e-01
6.500248312950134277e-01
6.236432194709777832e-01
5.110073089599609375e-01
6.793947219848632812e-01
5.305228233337402344e-01
3.130201101303100586e-01
4.556836783885955811e-01
4.410446584224700928e-01
3.552188575267791748e-01
2.960035502910614014e-01
3.208398520946502686e-01
3.904656469821929932e-01
2.517526447772979736e-01
2.380005866289138794e-01
3.360802233219146729e-01
3.020992279052734375e-01
2.171014547348022461e-01
2.659254074096679688e-01
3.424765765666961670e-01
2.291773855686187744e-01
2.064574062824249268e-01
2.765771448612213135e-01
1.353233456611633301e+00
1.393482565879821777e+00
1.190928339958190918e+00
1.071908950805664062e+00
1.861607283353805542e-01
2.071009874343872070e-01
2.964667677879333496e-01
3.922352194786071777e-01
2.680951654911041260e-01
3.723017275333404541e-01
4.089464247226715088e-01
3.651548922061920166e-01
3.281519412994384766e-01
3.538828790187835693e-01
3.737045526504516602e-01
2.964909076690673828e-01
3.645644783973693848e-01
4.519093632698059082e-01
4.147150814533233643e-01
4.533974230289459229e-01
4.583520293235778809e-01
5.364285707473754883e-01
4.231943190097808838e-01
4.642198979854583740e-01
1.993965864181518555e+00
1.709448933601379395e+00
1.868311762809753418e+00
1.819531083106994629e+00
2.860137701034545898e+00
1.897907972335815430e+00
4.134377479553222656e+00
3.100516080856323242e+00
1.600280165672302246e+00
1.939502596855163574e+00
1.690684199333190918e+00
1.464990019798278809e+00
1.386430025100708008e+00
1.927361965179443359e+00
1.503126621246337891e+00
1.316457986831665039e+00
1.502014994621276855e+00
1.589921712875366211e+00
1.469982743263244629e+00
1.326714515686035156e+00
1.280885338783264160e+00
1.341192364692687988e+00
1.708026647567749023e+00
1.235512018203735352e+00
1.303556561470031738e+00
1.450278401374816895e+00
1.365934133529663086e+00
1.232657551765441895e+00
1.321292877197265625e+00
1.493101000785827637e+00
1.386013984680175781e+00
1.312338590621948242e+00
1.409219622611999512e+00
1.475105047225952148e+00
2.174412965774536133e+00
1.330976963043212891e+00
1.404707431793212891e+00
1.742334961891174316e+00
1.392087697982788086e+00
2.191001176834106445e+00
2.701100587844848633e+00
1.257048964500427246e+00
1.604772925376892090e+00
1.796949267387390137e+00
1.707983613014221191e+00
1.381058573722839355e+00
1.684442758560180664e+00
2.866014480590820312e+00
2.482280254364013672e+00
1.278768181800842285e+00
1.590201497077941895e+00
1.598814249038696289e+00
1.449788331985473633e+00
1.497510194778442383e+00
1.928588628768920898e+00
1.559243321418762207e+00
3.958897590637207031e-01
6.099501252174377441e-01
1.196461319923400879e+00
8.908185362815856934e-01
9.219922423362731934e-01
2.457526683807373047e+00
2.199276208877563477e+00
2.348188400268554688e+00
2.194077253341674805e+00
2.451331615447998047e+00
8.675771951675415039e-01
9.552882909774780273e-01
2.161818265914916992e+00
2.509730339050292969e+00
2.444528818130493164e+00
2.342712163925170898e+00
2.224404573440551758e+00
1.989986777305603027e+00
1.394414544105529785e+00
1.697760343551635742e+00
1.646982073783874512e+00
1.990667343139648438e+00
1.673494935035705566e+00
2.210830450057983398e+00
2.716310501098632812e+00
2.710969924926757812e+00
2.644480466842651367e+00
1.965101718902587891e+00
2.000273942947387695e+00
2.019938230514526367e+00
2.239889860153198242e+00
2.014432430267333984e+00
2.236553668975830078e+00
1.338479042053222656e+00
7.696351408958435059e-01
7.664188742637634277e-01
6.053600311279296875e-01
7.210562229156494141e-01
3.552265167236328125e-01
3.640675544738769531e-01
3.241786360740661621e-01
3.950156569480895996e-01
3.342377543449401855e-01
3.466198444366455078e-01
4.393838942050933838e-01
3.713612854480743408e-01
2.722291052341461182e-01
3.418395817279815674e-01
3.704534769058227539e-01
2.842639386653900146e-01
2.868856787681579590e-01
3.314762115478515625e-01
2.437862455844879150e-01
2.863739430904388428e-01
2.702783644199371338e-01
3.350222110748291016e-01
2.783787846565246582e-01
3.120684325695037842e-01
3.097613453865051270e-01
2.902025282382965088e-01
2.618038058280944824e-01
3.277249038219451904e-01
2.825500071048736572e-01
2.464721351861953735e-01
2.384991794824600220e-01
3.733060061931610107e-01
2.911043167114257812e-01
3.009000420570373535e-01
3.410737514495849609e-01
4.982502758502960205e-01
3.082368075847625732e-01
3.750383257865905762e-01
4.394516050815582275e-01
4.914668798446655273e-01
3.678182959556579590e-01
4.160732328891754150e-01
4.535331130027770996e-01
1.519315958023071289e+00
1.386869192123413086e+00
1.417207717895507812e+00
1.238784193992614746e+00
3.714799880981445312e-01
3.938342928886413574e-01
4.892631471157073975e-01
4.456884264945983887e-01
3.987118899822235107e-01
1.596832036972045898e+00
9.382544755935668945e-01
2.107357740402221680e+00
1.712953567504882812e+00
1.983601927757263184e+00
2.720507144927978516e+00
2.041115999221801758e+00
2.323817253112792969e+00
3.294475078582763672e+00
1.968145847320556641e+00
2.067237138748168945e+00
1.908838152885437012e+00
2.026941061019897461e+00
1.812330007553100586e+00
9.582416415214538574e-01
1.412899613380432129e+00
2.162362098693847656e+00
1.489264726638793945e+00
7.383413910865783691e-01
1.076013565063476562e+00
8.769277930259704590e-01
6.712093353271484375e-01
1.009969949722290039e+00
1.021512269973754883e+00
8.219755291938781738e-01
6.010633111000061035e-01
6.543745398521423340e-01
4.528714418411254883e-01
3.627938032150268555e-01
5.523859858512878418e-01
1.754817128181457520e+00
1.395325303077697754e+00
1.350679397583007812e+00
7.651503682136535645e-01
4.246399104595184326e-01
8.395638465881347656e-01
5.170975327491760254e-01
5.030442476272583008e-01
4.893988072872161865e-01
5.488048791885375977e-01
5.281549096107482910e-01
5.399775505065917969e-01
3.382225930690765381e-01
3.403531312942504883e-01
4.167960286140441895e-01
3.605489432811737061e-01
2.701528370380401611e-01
3.488282561302185059e-01
3.518956899642944336e-01
3.285713195800781250e-01
2.925633490085601807e-01
3.498075902462005615e-01
2.711538374423980713e-01
2.717387676239013672e-01
3.670004010200500488e-01
3.750120103359222412e-01
3.640741109848022461e-01
4.012176692485809326e-01
4.797815382480621338e-01
3.625523447990417480e-01
7.716308832168579102e-01
7.207103371620178223e-01
9.341320395469665527e-01
6.722394227981567383e-01
1.325803160667419434e+00
1.511727571487426758e+00
1.908788800239562988e+00
1.649107336997985840e+00
1.871371507644653320e+00
1.856890559196472168e+00
1.780589699745178223e+00
1.897909641265869141e+00
1.975646257400512695e+00
2.587505102157592773e+00
2.706926345825195312e+00
2.720221996307373047e+00
2.862495899200439453e+00
2.903924465179443359e+00
2.504732370376586914e+00
1.904950976371765137e+00
1.440932273864746094e+00
1.418989896774291992e+00
2.377250194549560547e+00
1.687187314033508301e+00
1.668027043342590332e+00
1.556633353233337402e+00
1.655441284179687500e+00
1.590241312980651855e+00
1.466333746910095215e+00
1.515389323234558105e+00
1.623902678489685059e+00
1.132173299789428711e+00
9.716464281082153320e-01
1.288811922073364258e+00
1.290322780609130859e+00
9.684844613075256348e-01
9.684863686561584473e-01
1.123323202133178711e+00
1.842083573341369629e+00
1.551855564117431641e+00
1.574163556098937988e+00
1.583264708518981934e+00
5.485650300979614258e-01
4.996711909770965576e-01
6.409086585044860840e-01
4.828571975231170654e-01
3.419494926929473877e-01
3.897370994091033936e-01
4.488227367401123047e-01
3.040853142738342285e-01
2.662776410579681396e-01
3.382694423198699951e-01
3.196732699871063232e-01
2.270174920558929443e-01
2.607189118862152100e-01
3.542850017547607422e-01
2.343794852495193481e-01
2.068723887205123901e-01
2.776014506816864014e-01
3.604266941547393799e-01
2.109038233757019043e-01
1.984279751777648926e-01
3.232965767383575439e-01
2.988475859165191650e-01
2.438799887895584106e-01
2.800598144531250000e-01
3.737739026546478271e-01
3.300333619117736816e-01
3.153932392597198486e-01
3.689292073249816895e-01
4.144072830677032471e-01
3.776797950267791748e-01
3.509982824325561523e-01
3.946426212787628174e-01
3.913293182849884033e-01
3.728419542312622070e-01
4.125253260135650635e-01
