1.735275030136108398e+00
1.303228378295898438e+00
1.440690517425537109e+00
1.424939393997192383e+00
1.334643602371215820e+00
1.335351586341857910e+00
1.684057593345642090e+00
1.749175071716308594e+00
1.281385540962219238e+00
1.440589904785156250e+00
1.504652261734008789e+00
1.326141119003295898e+00
1.373254656791687012e+00
1.450053691864013672e+00
1.171615958213806152e+00
1.260549187660217285e+00
1.217642426490783691e+00
1.220959544181823730e+00
1.058315634727478027e+00
1.046085119247436523e+00
1.206497669219970703e+00
1.053136587142944336e+00
1.061661005020141602e+00
1.066948294639587402e+00
4.175084233283996582e-01
3.635368943214416504e-01
3.178494274616241455e-01
3.812581598758697510e-01
3.273370563983917236e-01
2.942863404750823975e-01
3.715356290340423584e-01
9.827098250389099121e-01
4.819132089614868164e-01
3.577413558959960938e-01
3.958459198474884033e-01
3.333948850631713867e-01
3.457896113395690918e-01
4.684495031833648682e-01
4.497154653072357178e-01
3.724834620952606201e-01
4.705238938331604004e-01
4.871506690979003906e-01
3.782471716403961182e-01
4.171260595321655273e-01
4.984563887119293213e-01
4.296147823333740234e-01
3.980825543403625488e-01
4.530644118785858154e-01
4.053253233432769775e-01
3.775041103363037109e-01
4.215784966945648193e-01
4.642826914787292480e-01
3.580261468887329102e-01
4.340428411960601807e-01
5.053055286407470703e-01
3.648758530616760254e-01
1.336562871932983398e+00
1.682705998420715332e+00
1.865899920463562012e+00
1.695569992065429688e+00
1.410433053970336914e+00
5.831290483474731445e-01
4.622436761856079102e-01
4.729913175106048584e-01
6.015591621398925781e-01
4.435852766036987305e-01
5.139840245246887207e-01
6.240507960319519043e-01
5.836109519004821777e-01
4.752734601497650146e-01
5.552269816398620605e-01
6.207328438758850098e-01
5.253097414970397949e-01
5.278503894805908203e-01
6.091045141220092773e-01
5.273627638816833496e-01
6.549701094627380371e-01
1.802709102630615234e+00
1.619777321815490723e+00
2.088578224182128906e+00
1.854110479354858398e+00
1.899154901504516602e+00
1.730030655860900879e+00
1.835937738418579102e+00
1.588618636131286621e+00
1.492393255233764648e+00
1.450783848762512207e+00
1.424616217613220215e+00
1.436938047409057617e+00
1.417841434478759766e+00
1.421537041664123535e+00
1.461700916290283203e+00
1.390130043029785156e+00
1.411951899528503418e+00
1.485395789146423340e+00
1.503521084785461426e+00
1.523337244987487793e+00
1.594688534736633301e+00
2.121885776519775391e+00
1.354127645492553711e+00
1.378307938575744629e+00
1.526845693588256836e+00
1.462440729141235352e+00
1.424072146415710449e+00
1.502504467964172363e+00
1.430523633956909180e+00
1.386950254440307617e+00
1.350648999214172363e+00
1.433340191841125488e+00
1.377790451049804688e+00
6.910024881362915039e-01
3.979819416999816895e-01
3.887966573238372803e-01
3.893042802810668945e-01
3.621579110622406006e-01
3.678273558616638184e-01
3.537595570087432861e-01
3.443273007869720459e-01
4.123136997222900391e-01
3.722989857196807861e-01
3.085717558860778809e-01
3.565112054347991943e-01
5.038657188415527344e-01
9.835910797119140625e-01
3.459466695785522461e-01
4.882687032222747803e-01
4.388743638992309570e-01
3.912723064422607422e-01
7.487077713012695312e-01
1.459547042846679688e+00
1.439749240875244141e+00
1.368417143821716309e+00
1.548112750053405762e+00
1.329644680023193359e+00
1.381753683090209961e+00
1.400728344917297363e+00
1.331725001335144043e+00
1.284960389137268066e+00
1.395802855491638184e+00
1.370246529579162598e+00
1.273185968399047852e+00
1.401582121849060059e+00
1.415160417556762695e+00
1.830511689186096191e+00
1.420617222785949707e+00
1.397830367088317871e+00
1.495602130889892578e+00
1.950915217399597168e+00
1.217357635498046875e+00
1.404562473297119141e+00
1.332537174224853516e+00
1.306251764297485352e+00
1.376696825027465820e+00
1.815652012825012207e+00
1.808078408241271973e+00
7.489330768585205078e-01
6.363717913627624512e-01
4.957798123359680176e-01
4.979210793972015381e-01
5.683478116989135742e-01
4.724269509315490723e-01
4.526047408580780029e-01
5.589668154716491699e-01
4.039175510406494141e-01
3.648870885372161865e-01
3.608882725238800049e-01
4.300292134284973145e-01
3.119045197963714600e-01
3.569020926952362061e-01
1.155504703521728516e+00
1.437155365943908691e+00
1.283445358276367188e+00
1.553922176361083984e+00
1.809233427047729492e+00
9.400135874748229980e-01
3.082239329814910889e-01
4.620101451873779297e-01
3.052995800971984863e-01
3.611319661140441895e-01
4.818699061870574951e-01
3.784160315990447998e-01
4.081331789493560791e-01
5.125126838684082031e-01
5.242528319358825684e-01
3.938181400299072266e-01
4.018206894397735596e-01
4.852070510387420654e-01
4.468270242214202881e-01
3.941015601158142090e-01
4.851733148097991943e-01
4.334625601768493652e-01
9.519143700599670410e-01
6.047529578208923340e-01
5.335705280303955078e-01
3.957310616970062256e-01
4.214219748973846436e-01
1.465213179588317871e+00
6.491439342498779297e-01
4.884819686412811279e-01
1.509393095970153809e+00
1.651431202888488770e+00
1.923170447349548340e+00
1.317563176155090332e+00
1.500397205352783203e+00
1.426774501800537109e+00
1.354921936988830566e+00
1.493534326553344727e+00
6.014133095741271973e-01
7.743241786956787109e-01
5.625207424163818359e-01
6.822661757469177246e-01
6.122977733612060547e-01
5.510560274124145508e-01
6.168888807296752930e-01
4.878517985343933105e-01
4.303751289844512939e-01
4.832206666469573975e-01
4.708717167377471924e-01
4.058759808540344238e-01
4.337717294692993164e-01
4.324673116207122803e-01
3.512523770332336426e-01
3.400689065456390381e-01
4.250850379467010498e-01
3.487164080142974854e-01
3.638696372509002686e-01
3.518263399600982666e-01
4.500767290592193604e-01
1.012032032012939453e+00
3.416422307491302490e-01
3.650211393833160400e-01
3.281009793281555176e-01
3.653284013271331787e-01
3.524287939071655273e-01
3.509738743305206299e-01
3.226480484008789062e-01
4.854433238506317139e-01
4.830158948898315430e-01
3.803687095642089844e-01
4.194123148918151855e-01
4.808044731616973877e-01
4.576314091682434082e-01
4.197160005569458008e-01
5.134605169296264648e-01
4.948018491268157959e-01
4.109881818294525146e-01
4.096396267414093018e-01
4.293974041938781738e-01
3.558229506015777588e-01
3.694500029087066650e-01
4.297493696212768555e-01
3.696566820144653320e-01
3.503804802894592285e-01
1.118155002593994141e+00
1.691847801208496094e+00
1.623395085334777832e+00
1.174581408500671387e+00
9.643639326095581055e-01
3.729283213615417480e-01
3.816128373146057129e-01
6.215499043464660645e-01
1.296860814094543457e+00
1.140464663505554199e+00
1.142918944358825684e+00
1.480211019515991211e+00
1.117601871490478516e+00
1.131079912185668945e+00
1.328907608985900879e+00
1.243877172470092773e+00
1.087906122207641602e+00
1.355936884880065918e+00
1.375709772109985352e+00
1.264243483543395996e+00
1.632640361785888672e+00
1.262106895446777344e+00
1.236205697059631348e+00
1.050216317176818848e+00
1.278976559638977051e+00
1.365677833557128906e+00
1.853788375854492188e+00
1.215042114257812500e+00
1.371441483497619629e+00
1.469458460807800293e+00
2.370296239852905273e+00
2.344105958938598633e+00
2.208694696426391602e+00
2.092850446701049805e+00
2.252957105636596680e+00
1.165485739707946777e+00
5.849879980087280273e-01
8.418802618980407715e-01
7.640663385391235352e-01
5.636067390441894531e-01
6.210935711860656738e-01
5.652318596839904785e-01
4.725856482982635498e-01
1.174537301063537598e+00
1.107975006103515625e+00
9.743542671203613281e-01
1.305246353149414062e+00
1.368314027786254883e+00
1.134893894195556641e+00
1.284849405288696289e+00
1.714598417282104492e+00
5.912154912948608398e-01
5.109670162200927734e-01
5.519638657569885254e-01
6.067321896553039551e-01
4.997863173484802246e-01
4.426371753215789795e-01
4.197971224784851074e-01
3.942701220512390137e-01
3.957099616527557373e-01
3.841718137264251709e-01
3.676064312458038330e-01
3.457147777080535889e-01
3.951762914657592773e-01
3.224457800388336182e-01
3.792827129364013672e-01
4.194654822349548340e-01
3.603293895721435547e-01
4.027490615844726562e-01
5.416295528411865234e-01
4.485826194286346436e-01
4.432434737682342529e-01
4.641171097755432129e-01
5.363240838050842285e-01
4.146451950073242188e-01
9.504517912864685059e-01
8.921078443527221680e-01
4.701390564441680908e-01
4.296624660491943359e-01
4.772845208644866943e-01
4.237041175365447998e-01
1.235155344009399414e+00
2.178449392318725586e+00
2.131305694580078125e+00
1.854259848594665527e+00
1.494842648506164551e+00
1.915583491325378418e+00
2.668341159820556641e+00
1.250947237014770508e+00
1.586714744567871094e+00
2.069591045379638672e+00
1.586726546287536621e+00
1.436227321624755859e+00
1.513813495635986328e+00
3.156049489974975586e+00
1.697814822196960449e+00
1.289457440376281738e+00
1.386817336082458496e+00
1.549381852149963379e+00
6.764205098152160645e-01
4.477263391017913818e-01
7.580035328865051270e-01
4.795998334884643555e-01
3.230186402797698975e-01
4.628979265689849854e-01
4.680032730102539062e-01
4.383088946342468262e-01
4.077820479869842529e-01
4.722430408000946045e-01
4.275162816047668457e-01
3.937411010265350342e-01
4.146649241447448730e-01
3.377681374549865723e-01
3.547416329383850098e-01
3.740381300449371338e-01
8.012827634811401367e-01
6.005507111549377441e-01
4.499988853931427002e-01
3.816580474376678467e-01
3.356263339519500732e-01
3.841663300991058350e-01
3.610853552818298340e-01
3.039954304695129395e-01
3.510950505733489990e-01
4.573737680912017822e-01
2.862237393856048584e-01
3.576117157936096191e-01
4.345477223396301270e-01
3.866126537322998047e-01
3.435225486755371094e-01
4.751111865043640137e-01
4.112074673175811768e-01
4.081139862537384033e-01
4.245404005050659180e-01
4.282401800155639648e-01
4.263593256473541260e-01
4.348097443580627441e-01
3.873505294322967529e-01
3.809846043586730957e-01
1.111857056617736816e+00
1.397976398468017578e+00
5.334351062774658203e-01
6.122856736183166504e-01
9.076020717620849609e-01
7.343955039978027344e-01
7.302697896957397461e-01
1.282194375991821289e+00
1.485017895698547363e+00
1.470616459846496582e+00
1.827557206153869629e+00
2.025458574295043945e+00
1.365729093551635742e+00
1.500740051269531250e+00
1.321221590042114258e+00
4.066593348979949951e-01
1.359494209289550781e+00
1.767742991447448730e+00
1.709030389785766602e+00
1.619691252708435059e+00
1.479380726814270020e+00
1.624981045722961426e+00
1.694772601127624512e+00
2.662043571472167969e+00
2.405844926834106445e+00
2.604723691940307617e+00
3.256736993789672852e+00
3.300288677215576172e+00
2.011747121810913086e+00
9.436656832695007324e-01
1.077621459960937500e+00
9.828265905380249023e-01
9.472953081130981445e-01
1.393381714820861816e+00
7.871606945991516113e-01
2.855146527290344238e-01
3.951554596424102783e-01
4.062369763851165771e-01
3.595567047595977783e-01
3.837233781814575195e-01
3.401590883731842041e-01
4.399079680442810059e-01
1.194809794425964355e+00
3.817435801029205322e-01
4.086509346961975098e-01
4.769325852394104004e-01
4.098786413669586182e-01
4.524813890457153320e-01
4.513419568538665771e-01
4.928858876228332520e-01
1.312604188919067383e+00
1.568635582923889160e+00
1.541777253150939941e+00
1.200264334678649902e+00
3.297869563102722168e-01
4.053921997547149658e-01
4.052825570106506348e-01
3.281766176223754883e-01
3.724212348461151123e-01
4.186486601829528809e-01
3.536614179611206055e-01
3.637693226337432861e-01
3.929133415222167969e-01
4.158764481544494629e-01
4.452010691165924072e-01
1.151003479957580566e+00
4.117386639118194580e-01
4.543227851390838623e-01
3.687017261981964111e-01
3.901191949844360352e-01
4.737664759159088135e-01
4.357836246490478516e-01
4.548556208610534668e-01
5.243997573852539062e-01
5.639814138412475586e-01
4.669817090034484863e-01
4.716389179229736328e-01
6.133207082748413086e-01
5.958143472671508789e-01
5.489893555641174316e-01
7.010854482650756836e-01
1.827802777290344238e+00
2.323082923889160156e+00
2.499114751815795898e+00
2.272140741348266602e+00
1.965798497200012207e+00
1.997600436210632324e+00
1.961041808128356934e+00
2.224306344985961914e+00
1.880474567413330078e+00
4.260076522827148438e+00
4.426992893218994141e+00
4.603356838226318359e+00
3.264175415039062500e+00
2.483526229858398438e+00
1.647313117980957031e+00
1.746627092361450195e+00
1.908217906951904297e+00
2.829329252243041992e+00
2.578170061111450195e+00
3.804682016372680664e+00
4.989224433898925781e+00
3.125842332839965820e+00
3.183168172836303711e+00
3.058140993118286133e+00
1.460404157638549805e+00
1.510156750679016113e+00
5.211960792541503906e+00
4.142262935638427734e+00
2.780519008636474609e+00
2.963404417037963867e+00
1.820186376571655273e+00
3.915516138076782227e-01
5.132645368576049805e-01
8.467257618904113770e-01
2.835384607315063477e+00
2.714704751968383789e+00
2.870458602905273438e+00
2.323658466339111328e+00
7.489972114562988281e-01
6.557913422584533691e-01
1.497923731803894043e+00
5.769885063171386719e+00
3.116959571838378906e+00
1.518687725067138672e+00
1.788441777229309082e+00
1.119331717491149902e+00
4.731673002243041992e-01
8.108975887298583984e-01
1.209619283676147461e+00
4.178184270858764648e-01
4.800046682357788086e-01
6.654278039932250977e-01
1.577880263328552246e+00
9.136226177215576172e-01
5.347710847854614258e-01
4.264426529407501221e-01
4.410531520843505859e-01
5.640902519226074219e-01
8.111168742179870605e-01
4.501178562641143799e-01
4.375025033950805664e-01
5.016880035400390625e-01
5.418430566787719727e-01
4.483247101306915283e-01
6.761044263839721680e-01
1.218129277229309082e+00
8.840773701667785645e-01
8.776867389678955078e-01
1.085055589675903320e+00
1.386905908584594727e+00
1.244121193885803223e+00
1.765922665596008301e+00
2.963053226470947266e+00
2.506183862686157227e+00
2.624150276184082031e+00
4.376346111297607422e+00
4.295602321624755859e+00
3.887277364730834961e+00
3.199439048767089844e+00
2.678508520126342773e+00
2.179934024810791016e+00
4.737804412841796875e+00
4.494934082031250000e+00
5.065550327301025391e+00
4.410473346710205078e+00
3.704896926879882812e+00
3.273834705352783203e+00
3.827399253845214844e+00
3.010122060775756836e+00
1.966827392578125000e+00
2.428293228149414062e+00
3.150267601013183594e+00
2.369781970977783203e+00
1.275309324264526367e+00
2.469027757644653320e+00
1.773298144340515137e+00
1.416226148605346680e+00
1.697331905364990234e+00
1.266741871833801270e+00
2.962181568145751953e-01
2.924416363239288330e-01
6.229294538497924805e-01
2.826941907405853271e-01
3.139238059520721436e-01
3.273329436779022217e-01
4.434079229831695557e-01
5.399051904678344727e-01
3.280804157257080078e-01
1.150233268737792969e+00
6.414124369621276855e-01
3.343660235404968262e-01
4.527533054351806641e-01
4.156593680381774902e-01
3.322579264640808105e-01
3.428002893924713135e-01
3.864884674549102783e-01
2.649498879909515381e-01
3.331142067909240723e-01
4.540336132049560547e-01
4.056961536407470703e-01
3.400837182998657227e-01
4.246459305286407471e-01
4.930382966995239258e-01
4.018675684928894043e-01
3.937485218048095703e-01
4.969705045223236084e-01
4.068539440631866455e-01
3.725604712963104248e-01
4.586444795131683350e-01
1.223817586898803711e+00
3.585280179977416992e-01
3.635673224925994873e-01
4.887541532516479492e-01
3.220126926898956299e-01
3.710307180881500244e-01
4.633877575397491455e-01
4.364565312862396240e-01
3.673029839992523193e-01
4.424957334995269775e-01
6.212667822837829590e-01
5.346934795379638672e-01
5.395195484161376953e-01
7.209509611129760742e-01
7.803641557693481445e-01
1.952196598052978516e+00
2.502437829971313477e+00
2.997796297073364258e+00
2.745566606521606445e+00
2.640567541122436523e+00
2.361250400543212891e+00
1.873165726661682129e+00
1.766080856323242188e+00
2.444490194320678711e+00
1.472619295120239258e+00
1.531911015510559082e+00
2.199312686920166016e+00
1.527288675308227539e+00
1.792941331863403320e+00
2.150786876678466797e+00
1.390630364418029785e+00
1.455079793930053711e+00
1.388269543647766113e+00
1.505558252334594727e+00
1.381108641624450684e+00
1.428026080131530762e+00
1.465777039527893066e+00
1.412108063697814941e+00
1.421525001525878906e+00
1.367868900299072266e+00
1.529831528663635254e+00
1.446763157844543457e+00
1.509056806564331055e+00
1.494847536087036133e+00
1.468449234962463379e+00
1.420461177825927734e+00
1.456952691078186035e+00
1.519507884979248047e+00
1.827208518981933594e+00
1.589656114578247070e+00
2.279223203659057617e+00
1.454882979393005371e+00
1.586346387863159180e+00
1.646513104438781738e+00
2.450272083282470703e+00
1.207838535308837891e+00
1.532583951950073242e+00
1.426337361335754395e+00
1.344807386398315430e+00
1.399526715278625488e+00
1.487662672996520996e+00
1.311379313468933105e+00
1.371881961822509766e+00
1.884930253028869629e+00
1.443037509918212891e+00
1.447503685951232910e+00
1.545949578285217285e+00
1.602134108543395996e+00
1.731685161590576172e+00
1.598762512207031250e+00
1.567114233970642090e+00
8.739491701126098633e-01
1.158469676971435547e+00
1.213132739067077637e+00
5.491017103195190430e-01
4.909567832946777344e-01
8.827422261238098145e-01
9.055825471878051758e-01
8.488508462905883789e-01
7.132592797279357910e-01
8.866138458251953125e-01
1.115668416023254395e+00
1.046496033668518066e+00
1.142575502395629883e+00
1.057782769203186035e+00
1.061957001686096191e+00
1.422198772430419922e+00
1.605834126472473145e+00
1.438017725944519043e+00
1.682979583740234375e+00
2.526071071624755859e+00
1.639325618743896484e+00
1.746494889259338379e+00
1.988068938255310059e+00
1.655264973640441895e+00
1.198095202445983887e+00
2.507973432540893555e+00
2.562295198440551758e+00
2.720498561859130859e+00
2.566447973251342773e+00
2.605213642120361328e+00
2.568232774734497070e+00
1.354398965835571289e+00
1.443738698959350586e+00
1.837133884429931641e+00
1.888180017471313477e+00
1.704269647598266602e+00
1.762989282608032227e+00
1.820786714553833008e+00
1.522337436676025391e+00
7.956637740135192871e-01
7.980322837829589844e-01
7.206149697303771973e-01
3.771104812622070312e-01
3.261513113975524902e-01
3.506696522235870361e-01
2.980332374572753906e-01
3.414111733436584473e-01
3.303822875022888184e-01
2.942126095294952393e-01
2.815202176570892334e-01
3.345195055007934570e-01
3.680830895900726318e-01
2.843374013900756836e-01
3.199040591716766357e-01
3.434296250343322754e-01
3.284581005573272705e-01
2.969760596752166748e-01
6.383776068687438965e-01
1.122966289520263672e+00
3.868130147457122803e-01
1.155647277832031250e+00
1.548725843429565430e+00
1.442631840705871582e+00
1.245337843894958496e+00
3.093419671058654785e-01
4.849606156349182129e-01
4.096881449222564697e-01
3.478661775588989258e-01
3.902504742145538330e-01
3.957327008247375488e-01
3.189951479434967041e-01
3.294697999954223633e-01
4.348566234111785889e-01
3.388025760650634766e-01
3.116413950920104980e-01
3.755629360675811768e-01
4.639153778553009033e-01
3.567156791687011719e-01
5.702272653579711914e-01
1.129830479621887207e+00
4.937059879302978516e-01
4.200210869312286377e-01
4.404046535491943359e-01
6.092374324798583984e-01
4.284273684024810791e-01
4.764021933078765869e-01
5.878213644027709961e-01
6.631889343261718750e-01
1.560376167297363281e+00
2.023433685302734375e+00
2.189285755157470703e+00
2.738131761550903320e+00
2.355178594589233398e+00
2.733951330184936523e+00
2.247841596603393555e+00
2.126178979873657227e+00
1.918309092521667480e+00
2.044660806655883789e+00
1.531978487968444824e+00
1.379749774932861328e+00
2.676702737808227539e+00
2.027655363082885742e+00
1.353727459907531738e+00
1.486903071403503418e+00
1.544655561447143555e+00
1.451983571052551270e+00
1.477265596389770508e+00
8.981999754905700684e-01
2.321573495864868164e+00
1.107892036437988281e+00
5.743639469146728516e-01
1.567235946655273438e+00
6.795271039009094238e-01
5.763638019561767578e-01
1.320283889770507812e+00
2.501432418823242188e+00
2.962971687316894531e+00
3.128023624420166016e+00
1.994743227958679199e+00
1.864125967025756836e+00
2.028162717819213867e+00
1.941375017166137695e+00
1.874278783798217773e+00
2.222971677780151367e+00
2.118643045425415039e+00
1.688996076583862305e+00
1.890706658363342285e+00
1.978704690933227539e+00
9.497758746147155762e-01
7.933320403099060059e-01
7.351374626159667969e-01
5.889111757278442383e-01
6.312376260757446289e-01
1.365209937095642090e+00
5.483386516571044922e-01
4.077409505844116211e-01
5.231295824050903320e-01
6.721045374870300293e-01
1.397403836250305176e+00
2.057527780532836914e+00
2.320867300033569336e+00
2.202220439910888672e+00
2.054292678833007812e+00
1.584365129470825195e+00
1.549672007560729980e+00
2.721706628799438477e+00
1.507725715637207031e+00
1.446233034133911133e+00
1.416762828826904297e+00
1.508322715759277344e+00
1.475216150283813477e+00
1.412881016731262207e+00
1.594715356826782227e+00
1.542591810226440430e+00
2.019207000732421875e+00
1.424698233604431152e+00
1.392498016357421875e+00
1.288814663887023926e+00
1.147819876670837402e+00
2.350241661071777344e+00
3.463024377822875977e+00
2.951078653335571289e+00
2.122796058654785156e+00
2.096065282821655273e+00
1.969415783882141113e+00
1.594664454460144043e+00
1.675353050231933594e+00
3.089434385299682617e+00
1.392812132835388184e+00
9.681228995323181152e-01
1.252474546432495117e+00
1.162605524063110352e+00
8.538141846656799316e-01
1.302424788475036621e+00
1.765646934509277344e+00
2.575665473937988281e+00
5.603485107421875000e-01
5.293587446212768555e-01
5.455628633499145508e-01
5.745218396186828613e-01
3.517868518829345703e-01
5.561348199844360352e-01
1.631015062332153320e+00
1.158634066581726074e+00
1.715421319007873535e+00
8.153793811798095703e-01
7.649497389793395996e-01
7.436139583587646484e-01
5.164265036582946777e-01
4.695152044296264648e-01
4.525022208690643311e-01
3.851895332336425781e-01
4.089609384536743164e-01
3.595515191555023193e-01
5.254106521606445312e-01
1.283595919609069824e+00
5.556104779243469238e-01
4.737670123577117920e-01
4.094091057777404785e-01
4.503075182437896729e-01
4.072577059268951416e-01
3.857248425483703613e-01
4.349473416805267334e-01
3.528001904487609863e-01
3.465170562267303467e-01
3.452896475791931152e-01
4.237614274024963379e-01
4.687811732292175293e-01
4.505457282066345215e-01
5.433026552200317383e-01
4.637868404388427734e-01
4.419338405132293701e-01
5.224969387054443359e-01
4.534881412982940674e-01
4.604850411415100098e-01
4.683604240417480469e-01
5.333449244499206543e-01
4.571473598480224609e-01
1.197909355163574219e+00
6.499335765838623047e-01
4.429416954517364502e-01
4.603713154792785645e-01
5.039079189300537109e-01
4.395291805267333984e-01
4.716496169567108154e-01
4.378738999366760254e-01
4.202913343906402588e-01
4.214515984058380127e-01
4.405866265296936035e-01
4.887242615222930908e-01
3.841265738010406494e-01
4.742074906826019287e-01
4.145100712776184082e-01
3.981612026691436768e-01
4.320800006389617920e-01
1.547222733497619629e+00
1.392150402069091797e+00
1.342638731002807617e+00
6.014503240585327148e-01
1.107365727424621582e+00
6.346392035484313965e-01
6.063956022262573242e-01
7.710577249526977539e-01
1.271840691566467285e+00
5.701239705085754395e-01
5.757070183753967285e-01
5.819874405860900879e-01
5.138034224510192871e-01
1.365629553794860840e+00
2.454465150833129883e+00
2.380881309509277344e+00
1.488215804100036621e+00
1.757463216781616211e+00
1.809301733970642090e+00
1.628837347030639648e+00
1.750552177429199219e+00
2.169706583023071289e+00
1.790464639663696289e+00
1.761067390441894531e+00
2.096752882003784180e+00
2.011378765106201172e+00
1.919520378112792969e+00
2.171921968460083008e+00
2.254192590713500977e+00
2.272253274917602539e+00
1.982287883758544922e+00
2.104514122009277344e+00
1.521012067794799805e+00
9.537297487258911133e-01
1.002238512039184570e+00
2.375115871429443359e+00
1.436180233955383301e+00
9.265167713165283203e-01
7.639621496200561523e-01
7.226989269256591797e-01
8.524903059005737305e-01
1.293407797813415527e+00
1.598116397857666016e+00
2.497805118560791016e+00
1.255174994468688965e+00
8.712953329086303711e-01
1.135287284851074219e+00
1.353583216667175293e+00
2.242405652999877930e+00
1.556474089622497559e+00
1.937823534011840820e+00
2.034455060958862305e+00
1.919022798538208008e+00
1.839126825332641602e+00
1.003204703330993652e+00
1.004785656929016113e+00
8.642647266387939453e-01
1.522927284240722656e+00
1.075599431991577148e+00
1.155424118041992188e+00
1.107932806015014648e+00
1.224092483520507812e+00
1.216829776763916016e+00
1.627626061439514160e+00
1.577262163162231445e+00
1.644804000854492188e+00
1.619409441947937012e+00
1.654319405555725098e+00
1.786161541938781738e+00
2.596204519271850586e+00
2.206241846084594727e+00
2.079142808914184570e+00
1.297238588333129883e+00
1.017175197601318359e+00
2.176834344863891602e+00
2.652077674865722656e+00
2.477382421493530273e+00
2.544714927673339844e+00
2.530122756958007812e+00
2.262272357940673828e+00
1.686151504516601562e+00
1.625752091407775879e+00
1.521320700645446777e+00
1.477057814598083496e+00
2.053141117095947266e+00
2.059298038482666016e+00
1.584299683570861816e+00
1.779354333877563477e+00
1.705267548561096191e+00
1.313557505607604980e+00
1.356473088264465332e+00
1.665821313858032227e+00
1.476948142051696777e+00
9.299876689910888672e-01
7.011440992355346680e-01
7.121179103851318359e-01
6.343930363655090332e-01
3.560408651828765869e-01
3.840180337429046631e-01
3.357598185539245605e-01
3.621740639209747314e-01
3.110567331314086914e-01
3.985556364059448242e-01
3.510580360889434814e-01
3.491119444370269775e-01
3.455028831958770752e-01
3.750369548797607422e-01
3.243987262248992920e-01
3.383492231369018555e-01
3.375118374824523926e-01
3.090909123420715332e-01
4.252604544162750244e-01
9.614072442054748535e-01
4.135438799858093262e-01
3.653626739978790283e-01
3.333570659160614014e-01
3.900218904018402100e-01
4.506753683090209961e-01
4.184680283069610596e-01
4.447570443153381348e-01
4.318771660327911377e-01
1.588165879249572754e+00
1.225352287292480469e+00
1.259591221809387207e+00
7.284790873527526855e-01
4.127615988254547119e-01
4.086334109306335449e-01
3.960334062576293945e-01
4.797445535659790039e-01
3.758438825607299805e-01
3.587771952152252197e-01
4.352927207946777344e-01
4.792185425758361816e-01
3.829002678394317627e-01
4.114752411842346191e-01
5.186557769775390625e-01
5.121769309043884277e-01
4.398358762264251709e-01
4.744075834751129150e-01
5.634529590606689453e-01
1.414708733558654785e+00
2.038267850875854492e+00
2.492355346679687500e+00
2.654717922210693359e+00
2.386514186859130859e+00
2.540999174118041992e+00
2.381892919540405273e+00
2.159470319747924805e+00
2.189479351043701172e+00
1.825005054473876953e+00
1.700776457786560059e+00
1.812084317207336426e+00
1.620742678642272949e+00
1.626438379287719727e+00
1.788843274116516113e+00
2.028535127639770508e+00
1.267631053924560547e+00
1.389883160591125488e+00
1.500517010688781738e+00
1.382284283638000488e+00
1.223627328872680664e+00
1.384294271469116211e+00
1.416444540023803711e+00
1.353626251220703125e+00
1.235887527465820312e+00
1.301473617553710938e+00
1.335286974906921387e+00
1.312016248703002930e+00
1.268279552459716797e+00
1.267466068267822266e+00
1.357464194297790527e+00
1.272846579551696777e+00
1.271039962768554688e+00
1.328808903694152832e+00
1.520655751228332520e+00
1.671774983406066895e+00
1.536758542060852051e+00
1.425485134124755859e+00
1.532038807868957520e+00
1.574567794799804688e+00
1.527180910110473633e+00
1.516247153282165527e+00
2.011215686798095703e+00
3.220399379730224609e+00
1.533107280731201172e+00
1.444928884506225586e+00
1.575457572937011719e+00
1.509701967239379883e+00
1.446532845497131348e+00
7.730778455734252930e-01
8.350834250450134277e-01
1.581786155700683594e+00
1.186050534248352051e+00
4.568598270416259766e-01
4.779198765754699707e-01
4.775969982147216797e-01
5.367643237113952637e-01
6.130024790763854980e-01
4.955830276012420654e-01
4.050492942333221436e-01
5.184192061424255371e-01
5.399425029754638672e-01
4.471575915813446045e-01
5.655892491340637207e-01
6.352635622024536133e-01
6.010457277297973633e-01
7.609481811523437500e-01
1.299116134643554688e+00
1.208357095718383789e+00
1.184985637664794922e+00
1.366289377212524414e+00
1.796634554862976074e+00
2.005542516708374023e+00
2.071197271347045898e+00
2.358500242233276367e+00
2.363200187683105469e+00
1.915783882141113281e+00
1.313636422157287598e+00
1.842983961105346680e+00
2.661435365676879883e+00
3.315724372863769531e+00
2.546054363250732422e+00
2.700003147125244141e+00
2.572371721267700195e+00
2.665505886077880859e+00
2.446954250335693359e+00
2.723251581192016602e+00
2.673078298568725586e+00
2.610603094100952148e+00
2.870419263839721680e+00
2.472469568252563477e+00
2.303232192993164062e+00
2.531578063964843750e+00
2.529758691787719727e+00
2.540663003921508789e+00
1.961182951927185059e+00
8.645316958427429199e-01
9.429541230201721191e-01
7.783374786376953125e-01
4.098185896873474121e-01
3.449963629245758057e-01
3.355805575847625732e-01
4.015921056270599365e-01
1.200028419494628906e+00
3.380682766437530518e-01
3.096347153186798096e-01
4.068180620670318604e-01
4.603652656078338623e-01
3.393606245517730713e-01
3.027186691761016846e-01
4.475750327110290527e-01
3.688960671424865723e-01
3.214571177959442139e-01
2.932263910770416260e-01
3.712535798549652100e-01
2.969823479652404785e-01
2.779552936553955078e-01
2.938206493854522705e-01
2.802442908287048340e-01
2.736382484436035156e-01
2.809344828128814697e-01
3.558911979198455811e-01
2.651864588260650635e-01
3.102245628833770752e-01
2.745178341865539551e-01
3.219233453273773193e-01
2.543039321899414062e-01
2.867952287197113037e-01
3.265662789344787598e-01
2.996315062046051025e-01
2.649082243442535400e-01
3.271246254444122314e-01
4.026660025119781494e-01
2.943798005580902100e-01
3.410890996456146240e-01
4.823155701160430908e-01
4.583665430545806885e-01
4.191910922527313232e-01
5.056865215301513672e-01
6.151195764541625977e-01
5.375915169715881348e-01
1.432355403900146484e+00
1.582005739212036133e+00
1.603602766990661621e+00
1.682363152503967285e+00
2.527297735214233398e+00
2.299873352050781250e+00
2.019506216049194336e+00
1.970662951469421387e+00
2.482821702957153320e+00
2.077137947082519531e+00
1.778305411338806152e+00
1.917455315589904785e+00
2.085864305496215820e+00
1.667454123497009277e+00
1.679946660995483398e+00
1.789597153663635254e+00
2.629258155822753906e+00
1.473950266838073730e+00
1.699176073074340820e+00
2.429617166519165039e+00
1.700232625007629395e+00
1.908306479454040527e+00
1.840714216232299805e+00
9.578582048416137695e-01
1.046351790428161621e+00
1.221395134925842285e+00
1.830019474029541016e+00
9.696205854415893555e-01
1.199648976325988770e+00
9.581057429313659668e-01
9.158847928047180176e-01
2.073505163192749023e+00
1.459912896156311035e+00
1.987629055976867676e+00
1.483618855476379395e+00
2.167513608932495117e+00
2.774165153503417969e+00
1.429613590240478516e+00
5.269842147827148438e-01
5.112764835357666016e-01
5.963644385337829590e-01
5.685437917709350586e-01
6.899107694625854492e-01
1.624914407730102539e+00
1.256085276603698730e+00
3.935500681400299072e-01
4.160584509372711182e-01
5.043166279792785645e-01
5.465142726898193359e-01
6.799536347389221191e-01
9.988141655921936035e-01
5.420327186584472656e-01
4.568129777908325195e-01
5.099616646766662598e-01
5.224903821945190430e-01
5.525910258293151855e-01
5.230158567428588867e-01
5.843441486358642578e-01
6.067661643028259277e-01
5.708037018775939941e-01
5.288999080657958984e-01
5.649755597114562988e-01
1.454466581344604492e+00
5.402058959007263184e-01
7.262402772903442383e-01
8.354400396347045898e-01
7.548544406890869141e-01
2.357476711273193359e+00
2.508912086486816406e+00
2.784533262252807617e+00
2.946340560913085938e+00
2.843634605407714844e+00
2.607817411422729492e+00
2.886963844299316406e+00
2.757530927658081055e+00
2.884827136993408203e+00
2.874733686447143555e+00
2.485371351242065430e+00
2.849756002426147461e+00
2.016546010971069336e+00
2.168122768402099609e+00
2.478789806365966797e+00
2.425193786621093750e+00
2.681745529174804688e+00
2.512979507446289062e+00
2.660508871078491211e+00
3.803294420242309570e+00
3.922423124313354492e+00
3.989682197570800781e+00
3.489882946014404297e+00
3.037704944610595703e+00
2.389422416687011719e+00
2.578246593475341797e+00
2.602564096450805664e+00
2.492729187011718750e+00
2.299469470977783203e+00
2.348901748657226562e+00
2.152958631515502930e+00
2.105903387069702148e+00
2.182208299636840820e+00
2.114151000976562500e+00
2.038235664367675781e+00
2.068341016769409180e+00
1.761935710906982422e+00
5.400882959365844727e-01
7.135848999023437500e-01
7.680889964103698730e-01
8.487915992736816406e-01
7.152974605560302734e-01
1.092068076133728027e+00
1.054792404174804688e+00
7.770319581031799316e-01
6.370972990989685059e-01
5.508910417556762695e-01
5.145503282546997070e-01
4.534407258033752441e-01
3.514160215854644775e-01
3.173069953918457031e-01
4.238222539424896240e-01
3.530046939849853516e-01
2.996627688407897949e-01
3.327693939208984375e-01
4.499095380306243896e-01
2.705669999122619629e-01
2.732457518577575684e-01
2.952020764350891113e-01
3.929330706596374512e-01
2.569966614246368408e-01
2.970623970031738281e-01
3.595164120197296143e-01
3.815585672855377197e-01
2.409846931695938110e-01
3.047215044498443604e-01
3.186750113964080811e-01
3.570668101310729980e-01
3.168898224830627441e-01
3.257385194301605225e-01
4.020035266876220703e-01
3.721164464950561523e-01
3.113017678260803223e-01
3.537304997444152832e-01
4.774889945983886719e-01
4.988678097724914551e-01
4.229555726051330566e-01
4.902254939079284668e-01
5.839228630065917969e-01
5.456127524375915527e-01
4.899793565273284912e-01
1.807731389999389648e+00
2.471788167953491211e+00
2.798237800598144531e+00
2.435392379760742188e+00
2.422073364257812500e+00
2.636893749237060547e+00
2.744379758834838867e+00
3.019623756408691406e+00
1.980163693428039551e+00
2.484068632125854492e+00
1.607251763343811035e+00
2.967025518417358398e+00
2.007531642913818359e+00
1.786099314689636230e+00
1.363349080085754395e+00
1.527040839195251465e+00
1.426282763481140137e+00
1.446039199829101562e+00
1.878723382949829102e+00
4.356994628906250000e+00
4.110004425048828125e+00
3.288752317428588867e+00
2.756659269332885742e+00
1.770445823669433594e+00
1.548718810081481934e+00
1.739623308181762695e+00
3.296367406845092773e+00
4.826080322265625000e+00
3.363833189010620117e+00
2.716478586196899414e+00
2.684204578399658203e+00
1.535502552986145020e+00
1.465164899826049805e+00
1.752705693244934082e+00
2.206282615661621094e+00
1.563724756240844727e+00
1.587906837463378906e+00
1.570892691612243652e+00
1.619358777999877930e+00
1.572045564651489258e+00
1.639481306076049805e+00
2.848368644714355469e+00
2.770925045013427734e+00
2.999428272247314453e+00
2.556256294250488281e+00
2.036363363265991211e+00
1.422088265419006348e+00
1.410132408142089844e+00
1.500168085098266602e+00
2.186228275299072266e+00
1.724674224853515625e+00
1.499128460884094238e+00
1.606334447860717773e+00
1.472586393356323242e+00
1.624351978302001953e+00
1.592261433601379395e+00
1.571821331977844238e+00
1.622318983078002930e+00
1.597851395606994629e+00
1.619567871093750000e+00
1.677623987197875977e+00
1.675975799560546875e+00
1.631086230278015137e+00
9.788335561752319336e-01
6.814266443252563477e-01
1.695466399192810059e+00
1.644822716712951660e+00
1.590028643608093262e+00
2.071182727813720703e+00
2.042893886566162109e+00
2.037564992904663086e+00
1.484289050102233887e+00
1.716306328773498535e+00
1.746277809143066406e+00
1.555575609207153320e+00
1.258271455764770508e+00
1.175567626953125000e+00
1.260080456733703613e+00
4.993916153907775879e-01
4.295802414417266846e-01
5.252861976623535156e-01
6.917080283164978027e-01
5.294061303138732910e-01
4.399088025093078613e-01
4.538655877113342285e-01
5.200067758560180664e-01
4.771068990230560303e-01
4.003808498382568359e-01
4.023337960243225098e-01
4.251165390014648438e-01
5.551825761795043945e-01
9.568632245063781738e-01
3.891581892967224121e-01
3.707865178585052490e-01
5.300831794738769531e-01
4.086202383041381836e-01
4.270689487457275391e-01
3.588235080242156982e-01
1.292805552482604980e+00
1.462756395339965820e+00
1.375346064567565918e+00
1.171671032905578613e+00
1.398281812667846680e+00
3.922072649002075195e-01
8.438616991043090820e-01
6.725436449050903320e-01
5.023080110549926758e-01
9.642131924629211426e-01
6.890799999237060547e-01
4.369285404682159424e-01
4.866748452186584473e-01
5.282001495361328125e-01
4.847476482391357422e-01
3.998699486255645752e-01
4.274990260601043701e-01
4.040877521038055420e-01
4.032183289527893066e-01
3.915669620037078857e-01
4.332693219184875488e-01
4.573723971843719482e-01
3.888953328132629395e-01
4.383086264133453369e-01
4.673111736774444580e-01
4.892181754112243652e-01
4.238241910934448242e-01
5.569050312042236328e-01
3.805471360683441162e-01
4.940541088581085205e-01
3.722743093967437744e-01
3.931970298290252686e-01
4.002709388732910156e-01
5.200602412223815918e-01
4.462596476078033447e-01
4.854320883750915527e-01
4.232411682605743408e-01
5.519490838050842285e-01
4.495342969894409180e-01
4.370776414871215820e-01
3.983034789562225342e-01
4.317502677440643311e-01
1.228714585304260254e+00
1.492587924003601074e+00
1.322827816009521484e+00
1.205878138542175293e+00
1.262369513511657715e+00
2.744961977005004883e-01
4.866849780082702637e-01
1.148558020591735840e+00
4.432094693183898926e-01
4.109881818294525146e-01
1.441462278366088867e+00
7.628490328788757324e-01
8.764667510986328125e-01
8.018329143524169922e-01
7.924823164939880371e-01
9.046292304992675781e-01
1.098285675048828125e+00
1.186781764030456543e+00
1.149668693542480469e+00
1.445833921432495117e+00
9.862818717956542969e-01
1.113902926445007324e+00
1.161134958267211914e+00
1.162487149238586426e+00
1.121586799621582031e+00
1.134710788726806641e+00
1.579146623611450195e+00
1.774970650672912598e+00
1.787954688072204590e+00
1.743854045867919922e+00
2.100545406341552734e+00
2.787406921386718750e+00
1.732924938201904297e+00
1.911064743995666504e+00
2.976666688919067383e+00
2.632916688919067383e+00
2.827784538269042969e+00
2.333467721939086914e+00
1.984605431556701660e+00
1.749109268188476562e+00
6.015202403068542480e-01
9.753206968307495117e-01
7.711386084556579590e-01
6.589053869247436523e-01
5.180368423461914062e-01
1.788232922554016113e+00
1.538204669952392578e+00
2.791165351867675781e+00
2.331413030624389648e+00
1.613396525382995605e+00
1.602301001548767090e+00
9.803002476692199707e-01
1.130023241043090820e+00
1.930234551429748535e+00
3.281635046005249023e+00
2.600668430328369141e+00
2.966265678405761719e+00
3.547297477722167969e+00
1.426186561584472656e+00
1.663484692573547363e+00
1.898584723472595215e+00
1.914380669593811035e+00
2.442278861999511719e+00
2.883848905563354492e+00
3.889125108718872070e+00
3.202383041381835938e+00
2.531234502792358398e+00
2.440128564834594727e+00
2.400529384613037109e+00
2.256702423095703125e+00
2.308651208877563477e+00
2.674568653106689453e+00
1.944033980369567871e+00
1.149170637130737305e+00
1.166730999946594238e+00
1.698511362075805664e+00
1.515606641769409180e+00
1.819422841072082520e+00
2.085211515426635742e+00
1.854535341262817383e+00
6.434665322303771973e-01
6.359935402870178223e-01
1.654396891593933105e+00
2.867163896560668945e+00
2.208839416503906250e+00
2.116341352462768555e+00
2.210265874862670898e+00
1.492147445678710938e+00
1.358190059661865234e+00
1.319470882415771484e+00
1.404139518737792969e+00
9.225012063980102539e-01
7.711153030395507812e-01
7.065539956092834473e-01
5.466167330741882324e-01
6.476815938949584961e-01
5.884635448455810547e-01
5.722542405128479004e-01
5.410610437393188477e-01
6.055204272270202637e-01
5.446248650550842285e-01
4.232480227947235107e-01
3.132624030113220215e-01
3.679786622524261475e-01
3.800691068172454834e-01
2.628842890262603760e-01
2.811608612537384033e-01
3.321197926998138428e-01
3.098038434982299805e-01
1.029360532760620117e+00
1.301279067993164062e+00
1.301678657531738281e+00
6.114600896835327148e-01
3.148705363273620605e-01
3.364634215831756592e-01
3.384426832199096680e-01
3.954448997974395752e-01
2.711938619613647461e-01
2.327228337526321411e-01
3.298576474189758301e-01
3.772467374801635742e-01
3.843406438827514648e-01
3.631408214569091797e-01
3.923412859439849854e-01
4.467689096927642822e-01
4.492429196834564209e-01
3.833078444004058838e-01
4.074931442737579346e-01
4.128290116786956787e-01
4.274299442768096924e-01
4.046033322811126709e-01
4.454250037670135498e-01
3.851618468761444092e-01
4.295783340930938721e-01
3.241232633590698242e-01
3.469841182231903076e-01
4.022570550441741943e-01
4.949745237827301025e-01
3.953741788864135742e-01
3.744081556797027588e-01
4.247070550918579102e-01
4.642922878265380859e-01
4.012796282768249512e-01
3.685550689697265625e-01
4.602583646774291992e-01
4.653376936912536621e-01
5.056840777397155762e-01
4.874310791492462158e-01
1.754789948463439941e+00
1.930481791496276855e+00
2.425232172012329102e+00
2.596007823944091797e+00
2.268768548965454102e+00
2.493247270584106445e+00
2.576151609420776367e+00
2.438785076141357422e+00
2.077081918716430664e+00
2.292581081390380859e+00
2.021892786026000977e+00
1.842100858688354492e+00
2.589083909988403320e+00
2.835590600967407227e+00
1.283597230911254883e+00
1.667981266975402832e+00
1.698744893074035645e+00
1.437626004219055176e+00
1.404655337333679199e+00
1.684893608093261719e+00
2.671072483062744141e+00
2.040971040725708008e+00
1.151581287384033203e+00
1.318684816360473633e+00
1.536216855049133301e+00
1.383926153182983398e+00
1.327019572257995605e+00
1.608430385589599609e+00
1.508458137512207031e+00
1.350362539291381836e+00
1.336879730224609375e+00
1.346289992332458496e+00
1.425999879837036133e+00
1.431467652320861816e+00
1.707716107368469238e+00
1.797336816787719727e+00
1.009919047355651855e+00
7.339445948600769043e-01
1.139412999153137207e+00
6.891353726387023926e-01
8.357524871826171875e-01
1.008626937866210938e+00
1.198964834213256836e+00
1.236514687538146973e+00
1.239714145660400391e+00
8.800185322761535645e-01
1.034275293350219727e+00
1.486284732818603516e+00
1.573746681213378906e+00
1.568723201751708984e+00
1.829216837882995605e+00
2.396151304244995117e+00
1.680037379264831543e+00
1.703411102294921875e+00
1.885616660118103027e+00
7.590607404708862305e-01
1.121347784996032715e+00
1.248895049095153809e+00
1.193717002868652344e+00
1.532531380653381348e+00
1.848549008369445801e+00
2.692939758300781250e+00
2.582241773605346680e+00
2.896384716033935547e+00
2.868076324462890625e+00
1.974790573120117188e+00
1.672064423561096191e+00
1.930330991744995117e+00
2.412197589874267578e+00
2.570296287536621094e+00
2.340707778930664062e+00
2.492528438568115234e+00
2.313557386398315430e+00
3.012064695358276367e+00
2.544072628021240234e+00
2.886893033981323242e+00
2.466396570205688477e+00
2.685249805450439453e+00
1.806843400001525879e+00
2.369964599609375000e+00
3.490467071533203125e+00
1.640999317169189453e+00
1.873496294021606445e+00
1.011051893234252930e+00
1.025075197219848633e+00
9.103825092315673828e-01
1.153990387916564941e+00
2.033755540847778320e+00
1.999831080436706543e+00
6.900867223739624023e-01
6.672176718711853027e-01
3.860932290554046631e-01
4.005340933799743652e-01
4.554677009582519531e-01
4.279847145080566406e-01
3.686156570911407471e-01
2.894591987133026123e-01
3.817487955093383789e-01
3.071705698966979980e-01
5.794317722320556641e-01
8.594598174095153809e-01
7.348137497901916504e-01
7.066123485565185547e-01
6.509779095649719238e-01
6.991555690765380859e-01
6.951888203620910645e-01
8.134505152702331543e-01
8.064295053482055664e-01
7.768669724464416504e-01
1.066543459892272949e+00
1.472687602043151855e+00
1.459072828292846680e+00
7.658564448356628418e-01
2.835901975631713867e-01
3.467467427253723145e-01
3.838300108909606934e-01
3.073281943798065186e-01
2.405680716037750244e-01
3.215472698211669922e-01
3.656553924083709717e-01
3.602937757968902588e-01
2.980195283889770508e-01
3.535515069961547852e-01
3.584068715572357178e-01
3.719242811203002930e-01
3.011686503887176514e-01
3.473579883575439453e-01
4.174922406673431396e-01
3.838735818862915039e-01
4.117833375930786133e-01
4.371735751628875732e-01
4.621600508689880371e-01
4.796319007873535156e-01
5.655519962310791016e-01
5.048132538795471191e-01
5.937719941139221191e-01
5.376726984977722168e-01
6.446709036827087402e-01
5.197348594665527344e-01
4.699162244796752930e-01
4.366188049316406250e-01
4.233752191066741943e-01
4.663345813751220703e-01
5.113899707794189453e-01
1.420141577720642090e+00
1.878088831901550293e+00
2.209186553955078125e+00
2.120550870895385742e+00
2.422264099121093750e+00
1.668051362037658691e+00
2.099589347839355469e+00
1.808839082717895508e+00
1.643575787544250488e+00
1.628926396369934082e+00
1.653863310813903809e+00
1.696972846984863281e+00
1.644459843635559082e+00
8.166418671607971191e-01
7.861298322677612305e-01
1.133561491966247559e+00
1.031978964805603027e+00
9.667367935180664062e-01
6.906703114509582520e-01
4.781651794910430908e-01
4.716655015945434570e-01
4.695916771888732910e-01
4.431118965148925781e-01
5.367133021354675293e-01
6.189846396446228027e-01
6.941321492195129395e-01
5.586680173873901367e-01
1.485091805458068848e+00
1.556419253349304199e+00
1.585889458656311035e+00
9.130072593688964844e-01
8.420003056526184082e-01
1.206866025924682617e+00
1.716556549072265625e+00
9.880448579788208008e-01
5.712957382202148438e-01
1.376430153846740723e+00
1.769404530525207520e+00
1.842177629470825195e+00
1.812968373298645020e+00
2.264782667160034180e+00
2.185473680496215820e+00
2.180296897888183594e+00
2.354985237121582031e+00
1.939795851707458496e+00
1.661900401115417480e+00
1.445235848426818848e+00
2.401140689849853516e+00
2.274034976959228516e+00
2.484321594238281250e+00
3.031221389770507812e+00
2.900465726852416992e+00
1.126622796058654785e+00
1.085240244865417480e+00
1.516774892807006836e+00
2.366202831268310547e+00
2.278083086013793945e+00
2.933274507522583008e+00
3.454392433166503906e+00
3.795067787170410156e+00
2.709785699844360352e+00
2.807082176208496094e+00
3.589353799819946289e+00
3.235092163085937500e+00
2.614703416824340820e+00
2.102317094802856445e+00
2.218507528305053711e+00
1.528880953788757324e+00
1.832507967948913574e+00
1.944244742393493652e+00
1.785695314407348633e+00
1.891710042953491211e+00
1.718578100204467773e+00
2.493452787399291992e+00
2.457252025604248047e+00
2.814233541488647461e+00
2.328412532806396484e+00
1.910516738891601562e+00
1.939961194992065430e+00
1.933629035949707031e+00
1.869756221771240234e+00
1.840466141700744629e+00
1.915078878402709961e+00
1.829347372055053711e+00
1.705447912216186523e+00
1.881085753440856934e+00
1.884629607200622559e+00
1.641824841499328613e+00
1.714850544929504395e+00
1.793598651885986328e+00
1.710863351821899414e+00
1.557751417160034180e+00
1.747080683708190918e+00
1.779656171798706055e+00
1.576341509819030762e+00
1.660861015319824219e+00
1.838231921195983887e+00
1.644067287445068359e+00
1.628579378128051758e+00
1.766629934310913086e+00
1.755878686904907227e+00
1.791947484016418457e+00
1.894554138183593750e+00
1.980633258819580078e+00
1.789598464965820312e+00
2.712009429931640625e+00
1.802214145660400391e+00
1.637869119644165039e+00
1.610000729560852051e+00
1.727599143981933594e+00
1.761619091033935547e+00
1.549963951110839844e+00
1.604490041732788086e+00
1.604152560234069824e+00
1.564891576766967773e+00
1.561343193054199219e+00
1.609385132789611816e+00
1.634465336799621582e+00
8.241439461708068848e-01
5.689181685447692871e-01
6.681073904037475586e-01
5.476964116096496582e-01
5.190323591232299805e-01
1.257355451583862305e+00
1.355356693267822266e+00
3.261658251285552979e-01
3.554356694221496582e-01
4.156385362148284912e-01
2.915031313896179199e-01
3.002624809741973877e-01
5.647497177124023438e-01
4.083206653594970703e-01
3.438500761985778809e-01
4.667810797691345215e-01
5.159438252449035645e-01
4.335469901561737061e-01
3.962523937225341797e-01
4.118883013725280762e-01
3.985019326210021973e-01
3.506074249744415283e-01
3.612451553344726562e-01
3.162149786949157715e-01
3.712809681892395020e-01
3.177666664123535156e-01
3.374592065811157227e-01
3.334576487541198730e-01
3.862001299858093262e-01
3.473903238773345947e-01
2.939505577087402344e-01
3.437648415565490723e-01
4.005568325519561768e-01
3.798303604125976562e-01
3.178423047065734863e-01
3.572595119476318359e-01
4.231128990650177002e-01
1.354843854904174805e+00
1.006704688072204590e+00
4.947045445442199707e-01
5.961953401565551758e-01
1.370765566825866699e+00
1.080669403076171875e+00
1.492374062538146973e+00
1.651049375534057617e+00
1.707769036293029785e+00
1.494637012481689453e+00
1.417499899864196777e+00
1.476710438728332520e+00
1.162518024444580078e+00
4.677478373050689697e-01
5.671472549438476562e-01
5.837137103080749512e-01
6.180384755134582520e-01
5.826756954193115234e-01
6.418446898460388184e-01
2.242377042770385742e+00
1.886649966239929199e+00
1.713216423988342285e+00
1.716960549354553223e+00
1.575032114982604980e+00
1.427788615226745605e+00
6.693479418754577637e-01
1.136684656143188477e+00
1.072831869125366211e+00
1.120256543159484863e+00
1.106472134590148926e+00
1.919769525527954102e+00
1.667016983032226562e+00
1.684698700904846191e+00
1.916886568069458008e+00
1.737668752670288086e+00
1.713073372840881348e+00
1.389934420585632324e+00
8.536524772644042969e-01
2.052428960800170898e+00
3.518714189529418945e+00
3.580188751220703125e+00
3.132630586624145508e+00
3.486739158630371094e+00
3.515269517898559570e+00
3.544028043746948242e+00
3.657969951629638672e+00
2.181587457656860352e+00
2.204926967620849609e+00
2.399821043014526367e+00
2.383679866790771484e+00
2.286875486373901367e+00
2.428921937942504883e+00
2.344906091690063477e+00
2.305110931396484375e+00
2.247218132019042969e+00
2.626718282699584961e+00
2.694856166839599609e+00
2.652076005935668945e+00
2.546887159347534180e+00
2.609143018722534180e+00
2.463555812835693359e+00
1.967148423194885254e+00
1.993831276893615723e+00
1.911885857582092285e+00
2.098133802413940430e+00
1.334152698516845703e+00
1.126925587654113770e+00
1.204399108886718750e+00
1.996394634246826172e+00
1.920788645744323730e+00
2.863000154495239258e+00
3.192903041839599609e+00
2.100782155990600586e+00
2.824952840805053711e+00
2.782999515533447266e+00
2.847126245498657227e+00
2.401885986328125000e+00
1.790646314620971680e+00
3.188151836395263672e+00
2.752608299255371094e+00
1.313301801681518555e+00
1.368804693222045898e+00
1.126302361488342285e+00
8.993174433708190918e-01
7.259647846221923828e-01
1.026621103286743164e+00
6.427286267280578613e-01
4.360919892787933350e-01
4.692131578922271729e-01
4.301086962223052979e-01
4.089425802230834961e-01
3.265419006347656250e-01
3.149615228176116943e-01
2.729097008705139160e-01
3.513126671314239502e-01
2.513028383255004883e-01
2.453971207141876221e-01
3.139284551143646240e-01
3.139276504516601562e-01
2.384292781352996826e-01
2.669793367385864258e-01
3.352699875831604004e-01
3.457410931587219238e-01
3.828136622905731201e-01
4.012555181980133057e-01
4.233223199844360352e-01
3.743941783905029297e-01
3.725678622722625732e-01
4.068569839000701904e-01
3.634579479694366455e-01
2.737774848937988281e-01
3.543390035629272461e-01
3.855274915695190430e-01
3.838396072387695312e-01
3.180928230285644531e-01
1.444323658943176270e+00
1.314599990844726562e+00
1.278612852096557617e+00
3.118930160999298096e-01
3.090067505836486816e-01
3.918364048004150391e-01
3.629497885704040527e-01
3.858591616153717041e-01
3.445046246051788330e-01
5.107080340385437012e-01
4.374613761901855469e-01
4.906350076198577881e-01
5.336351990699768066e-01
5.678681135177612305e-01
5.427994132041931152e-01
5.797286033630371094e-01
5.550052523612976074e-01
6.692851781845092773e-01
2.160756111145019531e+00
1.967969059944152832e+00
1.991340279579162598e+00
1.955520391464233398e+00
2.149489402770996094e+00
2.225213289260864258e+00
3.803276062011718750e+00
2.807687044143676758e+00
1.415252804756164551e+00
2.289635896682739258e+00
1.626814961433410645e+00
1.246392011642456055e+00
1.599250912666320801e+00
2.118150949478149414e+00
1.157495737075805664e+00
1.351022601127624512e+00
1.529498457908630371e+00
1.407133221626281738e+00
1.347374320030212402e+00
1.429405331611633301e+00
1.231292009353637695e+00
1.344950556755065918e+00
1.364572882652282715e+00
1.291658759117126465e+00
1.233142375946044922e+00
1.205117225646972656e+00
1.403964042663574219e+00
1.313073992729187012e+00
1.172730445861816406e+00
1.185677170753479004e+00
1.434277892112731934e+00
2.516293287277221680e+00
3.948407411575317383e+00
3.371046066284179688e+00
2.985000371932983398e+00
2.264648199081420898e+00
1.803745746612548828e+00
1.485794067382812500e+00
2.977216243743896484e+00
3.220491409301757812e+00
2.817248582839965820e+00
3.153087615966796875e+00
2.459691762924194336e+00
6.285029649734497070e-01
5.848556160926818848e-01
6.559571623802185059e-01
5.430811643600463867e-01
4.747337698936462402e-01
6.058717966079711914e-01
4.875217974185943604e-01
4.594229161739349365e-01
3.622003793716430664e-01
3.864597082138061523e-01
4.205774962902069092e-01
4.161513447761535645e-01
3.981403708457946777e-01
3.945176303386688232e-01
5.430938005447387695e-01
5.127714276313781738e-01
6.432020068168640137e-01
6.276559829711914062e-01
6.561970114707946777e-01
1.313005805015563965e+00
8.669248223304748535e-01
9.385477304458618164e-01
8.825215697288513184e-01
1.100871562957763672e+00
1.177317500114440918e+00
1.221543908119201660e+00
1.257667303085327148e+00
1.224710941314697266e+00
1.686686754226684570e+00
1.752872347831726074e+00
1.632408022880554199e+00
1.547627568244934082e+00
1.609153747558593750e+00
1.603053450584411621e+00
2.356748342514038086e+00
1.122279644012451172e+00
2.357824325561523438e+00
2.473427772521972656e+00
2.918732881546020508e+00
2.482879638671875000e+00
3.538024425506591797e+00
3.015835285186767578e+00
1.547775268554687500e+00
1.420067310333251953e+00
1.413517713546752930e+00
1.241986155509948730e+00
1.523919701576232910e+00
1.836939334869384766e+00
2.312145233154296875e+00
1.627517461776733398e+00
8.154706358909606934e-01
1.135434985160827637e+00
1.086985468864440918e+00
6.157308220863342285e-01
5.913791656494140625e-01
9.599646329879760742e-01
7.415351867675781250e-01
3.286803960800170898e-01
3.441365063190460205e-01
3.232949376106262207e-01
4.885559678077697754e-01
4.038175046443939209e-01
3.147301971912384033e-01
2.726624608039855957e-01
2.899657189846038818e-01
3.131204247474670410e-01
3.058370947837829590e-01
2.622818350791931152e-01
2.819154560565948486e-01
3.697386384010314941e-01
2.673877179622650146e-01
2.759998738765716553e-01
3.216218352317810059e-01
4.114119410514831543e-01
8.401712179183959961e-01
1.433402180671691895e+00
1.250918269157409668e+00
1.174582481384277344e+00
5.546409487724304199e-01
3.019627034664154053e-01
3.544708192348480225e-01
3.157405257225036621e-01
2.918764650821685791e-01
3.128309845924377441e-01
3.235421776771545410e-01
2.949534952640533447e-01
3.409479260444641113e-01
4.033178091049194336e-01
3.807935416698455811e-01
2.852298617362976074e-01
3.775038123130798340e-01
4.197236895561218262e-01
4.758238494396209717e-01
4.323278069496154785e-01
4.105320870876312256e-01
5.109634995460510254e-01
5.303186178207397461e-01
5.630332827568054199e-01
4.408612847328186035e-01
5.223311185836791992e-01
1.786596298217773438e+00
2.187598466873168945e+00
2.717591285705566406e+00
2.457765102386474609e+00
2.554378032684326172e+00
2.647912502288818359e+00
2.091026306152343750e+00
2.136181116104125977e+00
1.878330230712890625e+00
2.278692722320556641e+00
1.711381316184997559e+00
1.441465377807617188e+00
1.484655261039733887e+00
1.423347473144531250e+00
1.528399109840393066e+00
1.589409947395324707e+00
1.489336013793945312e+00
1.476055145263671875e+00
1.776269912719726562e+00
1.796956896781921387e+00
1.416465997695922852e+00
1.299698352813720703e+00
1.548315286636352539e+00
1.582943201065063477e+00
1.648922085762023926e+00
1.414252877235412598e+00
1.445261001586914062e+00
1.375139117240905762e+00
1.488000631332397461e+00
9.273538589477539062e-01
3.495296537876129150e-01
5.242484807968139648e-01
3.362457752227783203e-01
4.019377231597900391e-01
3.560540080070495605e-01
3.867551684379577637e-01
3.453795611858367920e-01
4.894955754280090332e-01
4.638443887233734131e-01
4.474530816078186035e-01
3.670302629470825195e-01
4.268291294574737549e-01
4.587080776691436768e-01
3.702336549758911133e-01
3.170441389083862305e-01
3.413821160793304443e-01
3.977465033531188965e-01
3.305070102214813232e-01
2.801571190357208252e-01
3.079717755317687988e-01
3.638702034950256348e-01
3.295879364013671875e-01
2.374099195003509521e-01
3.450098037719726562e-01
3.124995827674865723e-01
3.604897558689117432e-01
2.764611840248107910e-01
3.152370154857635498e-01
3.249137401580810547e-01
3.734554052352905273e-01
3.789080381393432617e-01
1.503706097602844238e+00
7.379096746444702148e-01
1.070833086967468262e+00
1.302572011947631836e+00
1.270593523979187012e+00
1.006084322929382324e+00
2.143214225769042969e+00
2.250437736511230469e+00
2.278897285461425781e+00
2.471310615539550781e+00
1.902815222740173340e+00
1.970064520835876465e+00
2.430118083953857422e+00
1.954297661781311035e+00
1.936377644538879395e+00
2.030760526657104492e+00
1.969347238540649414e+00
2.027176380157470703e+00
2.711965084075927734e+00
2.128286123275756836e+00
1.703713417053222656e+00
1.778806686401367188e+00
1.833054184913635254e+00
2.703231573104858398e+00
2.636049509048461914e+00
2.755112171173095703e+00
2.483158826828002930e+00
2.434257268905639648e+00
2.498090028762817383e+00
2.553984165191650391e+00
2.140031576156616211e+00
1.479766726493835449e+00
9.019120931625366211e-01
9.532380104064941406e-01
7.742717862129211426e-01
6.553333401679992676e-01
6.929502487182617188e-01
5.445067286491394043e-01
7.867032289505004883e-01
5.576853752136230469e-01
4.015186429023742676e-01
3.886579573154449463e-01
5.152286887168884277e-01
4.703547656536102295e-01
3.990558683872222900e-01
3.829060196876525879e-01
3.952261805534362793e-01
4.213704466819763184e-01
3.833399116992950439e-01
3.086756467819213867e-01
3.176567256450653076e-01
3.498873710632324219e-01
3.320438563823699951e-01
2.517882585525512695e-01
2.980532646179199219e-01
3.546569347381591797e-01
3.863741755485534668e-01
2.392101883888244629e-01
3.175243437290191650e-01
3.576489984989166260e-01
4.009723663330078125e-01
2.855809628963470459e-01
3.027285337448120117e-01
3.258509039878845215e-01
4.289073348045349121e-01
3.683722615242004395e-01
3.649495840072631836e-01
4.203058481216430664e-01
4.541868269443511963e-01
5.169506072998046875e-01
4.541583359241485596e-01
4.145711958408355713e-01
1.259384036064147949e+00
1.642860174179077148e+00
1.384659886360168457e+00
1.202982068061828613e+00
3.772719502449035645e-01
4.880751967430114746e-01
5.426777005195617676e-01
4.712902605533599854e-01
4.761097431182861328e-01
5.317477583885192871e-01
6.008135676383972168e-01
7.361346483230590820e-01
2.195724248886108398e+00
2.433527946472167969e+00
2.427072286605834961e+00
2.258555412292480469e+00
2.365825176239013672e+00
2.759149312973022461e+00
2.880047798156738281e+00
2.221428155899047852e+00
1.661055564880371094e+00
1.567308664321899414e+00
1.537951350212097168e+00
1.411131739616394043e+00
1.514926314353942871e+00
1.531430840492248535e+00
1.357674956321716309e+00
1.337645292282104492e+00
1.392200589179992676e+00
1.285495638847351074e+00
1.313168287277221680e+00
1.276852250099182129e+00
1.374876260757446289e+00
1.339619874954223633e+00
1.606476426124572754e+00
1.503942608833312988e+00
1.380182743072509766e+00
1.395547628402709961e+00
1.437257885932922363e+00
1.343159556388854980e+00
1.347314357757568359e+00
1.434952497482299805e+00
1.415801048278808594e+00
1.379795193672180176e+00
1.448969364166259766e+00
1.510684609413146973e+00
1.417873144149780273e+00
1.410225629806518555e+00
1.808295011520385742e+00
1.326588749885559082e+00
1.381729841232299805e+00
9.467133879661560059e-01
3.310749232769012451e-01
3.881418406963348389e-01
3.304933011531829834e-01
2.896184325218200684e-01
3.102448582649230957e-01
3.454779386520385742e-01
2.950222790241241455e-01
2.610418200492858887e-01
2.723960578441619873e-01
3.447702229022979736e-01
3.552495539188385010e-01
2.373523563146591187e-01
3.068427443504333496e-01
4.189578592777252197e-01
1.099707484245300293e+00
8.262487053871154785e-01
8.764144182205200195e-01
8.817480802536010742e-01
1.103941440582275391e+00
8.625329732894897461e-01
8.734508752822875977e-01
8.774296641349792480e-01
9.116151332855224609e-01
1.270005583763122559e+00
1.204324841499328613e+00
1.199842810630798340e+00
1.268580794334411621e+00
1.276444435119628906e+00
1.493370413780212402e+00
1.644976735115051270e+00
1.954716682434082031e+00
1.876204133033752441e+00
1.890984296798706055e+00
1.752730607986450195e+00
1.271733522415161133e+00
1.332607030868530273e+00
2.597534418106079102e+00
2.385500431060791016e+00
2.884599447250366211e+00
4.129680633544921875e+00
2.998851060867309570e+00
2.438950777053833008e+00
2.451734542846679688e+00
1.722354531288146973e+00
1.097365260124206543e+00
1.509904861450195312e+00
2.093559741973876953e+00
2.352913618087768555e+00
1.210705637931823730e+00
1.576384544372558594e+00
1.482441544532775879e+00
1.143525600433349609e+00
1.349550962448120117e+00
1.234121441841125488e+00
1.072782516479492188e+00
7.915350198745727539e-01
8.654291033744812012e-01
7.866610288619995117e-01
6.952666640281677246e-01
6.047784090042114258e-01
6.391280889511108398e-01
5.668441057205200195e-01
5.662078857421875000e-01
4.042223393917083740e-01
4.462525248527526855e-01
5.192897319793701172e-01
5.206596851348876953e-01
3.821700811386108398e-01
4.904159903526306152e-01
4.165436029434204102e-01
4.850159883499145508e-01
4.123016595840454102e-01
4.309926629066467285e-01
3.447274565696716309e-01
4.354448318481445312e-01
4.208883047103881836e-01
3.962499201297760010e-01
3.326551020145416260e-01
3.954509496688842773e-01
4.597126543521881104e-01
4.908315241336822510e-01
1.492286086082458496e+00
1.219591021537780762e+00
1.407290220260620117e+00
1.269379258155822754e+00
4.195098876953125000e-01
4.193462431430816650e-01
5.784751772880554199e-01
5.481270551681518555e-01
5.485118627548217773e-01
5.748011469841003418e-01
5.937325358390808105e-01
6.090228557586669922e-01
5.235421061515808105e-01
5.073415637016296387e-01
5.255444049835205078e-01
5.264968872070312500e-01
5.842542648315429688e-01
5.698550343513488770e-01
4.959360659122467041e-01
4.636215567588806152e-01
6.335436105728149414e-01
6.087991595268249512e-01
5.980910062789916992e-01
1.999943137168884277e+00
2.597613334655761719e+00
2.738585233688354492e+00
2.416873931884765625e+00
2.483866214752197266e+00
2.543791055679321289e+00
2.467897891998291016e+00
1.984599351882934570e+00
1.864044308662414551e+00
1.366457581520080566e+00
1.518352866172790527e+00
1.549181938171386719e+00
1.416636466979980469e+00
1.420692563056945801e+00
1.320429444313049316e+00
1.393872857093811035e+00
1.270148396492004395e+00
1.360401749610900879e+00
1.306697726249694824e+00
1.375909566879272461e+00
1.340711593627929688e+00
1.255862116813659668e+00
1.185657382011413574e+00
1.290467858314514160e+00
1.334551811218261719e+00
1.260266542434692383e+00
1.219105362892150879e+00
1.229281187057495117e+00
1.339734435081481934e+00
1.343978285789489746e+00
1.269226551055908203e+00
1.304074525833129883e+00
1.360252618789672852e+00
1.376193523406982422e+00
1.334276556968688965e+00
1.307246446609497070e+00
2.372256755828857422e+00
1.354970455169677734e+00
1.240065336227416992e+00
8.497287631034851074e-01
8.186559081077575684e-01
1.368450284004211426e+00
4.756432175636291504e-01
4.090530574321746826e-01
3.239272832870483398e-01
8.551619648933410645e-01
3.729135096073150635e-01
3.401105701923370361e-01
3.269061744213104248e-01
3.298815190792083740e-01
2.868366241455078125e-01
2.866559922695159912e-01
3.483965396881103516e-01
3.119083642959594727e-01
3.531121313571929932e-01
3.716929554939270020e-01
4.664362668991088867e-01
3.555702269077301025e-01
4.621499180793762207e-01
5.522277951240539551e-01
5.912404656410217285e-01
5.858317017555236816e-01
6.229599118232727051e-01
6.488711833953857422e-01
6.274435520172119141e-01
6.587406396865844727e-01
6.367236971855163574e-01
6.827368140220642090e-01
9.342531561851501465e-01
2.862862348556518555e+00
3.467968940734863281e+00
2.994721412658691406e+00
2.921372890472412109e+00
3.188621759414672852e+00
2.260911941528320312e+00
2.333237171173095703e+00
2.915651559829711914e+00
2.868982076644897461e+00
2.476725816726684570e+00
3.450055599212646484e+00
2.834677457809448242e+00
1.418859362602233887e+00
1.713426947593688965e+00
1.880800127983093262e+00
1.807544231414794922e+00
2.738803863525390625e+00
1.399172067642211914e+00
2.727352142333984375e+00
2.395098924636840820e+00
9.620195627212524414e-01
1.307139277458190918e+00
1.531757831573486328e+00
9.040502905845642090e-01
7.311290502548217773e-01
1.337694883346557617e+00
9.309812784194946289e-01
6.709486842155456543e-01
9.901946187019348145e-01
6.385406851768493652e-01
3.774887621402740479e-01
3.663225471973419189e-01
4.990605115890502930e-01
4.072026014328002930e-01
3.310143649578094482e-01
3.859413862228393555e-01
3.848852813243865967e-01
3.563349843025207520e-01
3.063274621963500977e-01
3.065927624702453613e-01
2.988075613975524902e-01
2.875037789344787598e-01
3.073610663414001465e-01
2.867149114608764648e-01
2.603080570697784424e-01
2.540545165538787842e-01
2.919263541698455811e-01
2.322565913200378418e-01
1.294940233230590820e+00
1.175291299819946289e+00
1.056460261344909668e+00
5.240269899368286133e-01
1.873730570077896118e-01
3.187821805477142334e-01
2.616963684558868408e-01
2.596814632415771484e-01
3.759546279907226562e-01
3.363403379917144775e-01
3.046518862247467041e-01
3.925161659717559814e-01
5.047850608825683594e-01
3.611020743846893311e-01
3.648934066295623779e-01
3.967131674289703369e-01
4.132324755191802979e-01
3.575541675090789795e-01
4.135126173496246338e-01
4.870911836624145508e-01
4.310485720634460449e-01
4.439607858657836914e-01
5.426623225212097168e-01
5.078253149986267090e-01
4.271100759506225586e-01
4.912657141685485840e-01
1.622397065162658691e+00
1.848851561546325684e+00
2.103997230529785156e+00
2.437659740447998047e+00
2.653189420700073242e+00
1.805772423744201660e+00
1.712937116622924805e+00
2.055915832519531250e+00
1.911148071289062500e+00
1.624132156372070312e+00
1.615610957145690918e+00
1.632957577705383301e+00
1.470672369003295898e+00
1.365621566772460938e+00
1.473586916923522949e+00
1.387024879455566406e+00
1.419951915740966797e+00
1.378433227539062500e+00
1.410895705223083496e+00
1.329826951026916504e+00
1.416673183441162109e+00
1.373015165328979492e+00
1.306819915771484375e+00
1.291295528411865234e+00
1.340711593627929688e+00
1.337325096130371094e+00
1.285061240196228027e+00
1.353551387786865234e+00
1.385012149810791016e+00
1.268625736236572266e+00
1.378889322280883789e+00
1.454335570335388184e+00
1.382681965827941895e+00
1.373833298683166504e+00
1.412205338478088379e+00
1.484421133995056152e+00
1.329075336456298828e+00
1.318319201469421387e+00
2.172203540802001953e+00
1.462138891220092773e+00
1.481300830841064453e+00
1.454126715660095215e+00
1.610395669937133789e+00
1.289802551269531250e+00
1.344299793243408203e+00
2.090488672256469727e+00
1.710176944732666016e+00
1.237876057624816895e+00
1.298146605491638184e+00
1.442308425903320312e+00
1.265434384346008301e+00
1.705539822578430176e+00
1.622668743133544922e+00
1.673859477043151855e+00
1.698483347892761230e+00
1.683211207389831543e+00
1.751268029212951660e+00
1.767440915107727051e+00
1.587622284889221191e+00
1.642533421516418457e+00
1.066503763198852539e+00
1.549478054046630859e+00
9.907455444335937500e-01
1.440599203109741211e+00
9.465201497077941895e-01
6.044204235076904297e-01
6.474924683570861816e-01
6.688858270645141602e-01
6.329307556152343750e-01
9.539396762847900391e-01
1.314056992530822754e+00
1.218242168426513672e+00
1.290960311889648438e+00
1.292486310005187988e+00
1.271275997161865234e+00
1.217323184013366699e+00
9.558468461036682129e-01
1.566819667816162109e+00
1.720892310142517090e+00
1.473521113395690918e+00
1.603539466857910156e+00
1.812417149543762207e+00
2.741932392120361328e+00
1.616406440734863281e+00
1.291148900985717773e+00
1.062404870986938477e+00
1.624884247779846191e+00
1.013906836509704590e+00
2.129159688949584961e+00
2.038889408111572266e+00
1.937750577926635742e+00
1.873132228851318359e+00
1.805720925331115723e+00
9.462608695030212402e-01
4.208620190620422363e-01
4.526710808277130127e-01
3.704156577587127686e-01
4.198774397373199463e-01
4.370959997177124023e-01
3.312525451183319092e-01
3.384769558906555176e-01
3.808623552322387695e-01
3.198659718036651611e-01
3.346834182739257812e-01
3.940379619598388672e-01
3.905837833881378174e-01
3.427715003490447998e-01
3.440216779708862305e-01
3.391583561897277832e-01
2.825590372085571289e-01
3.209193348884582520e-01
3.381576240062713623e-01
2.932688891887664795e-01
2.472793608903884888e-01
3.198695182800292969e-01
3.336884379386901855e-01
2.659037709236145020e-01
2.910612821578979492e-01
3.673315048217773438e-01
2.913156449794769287e-01
6.426480412483215332e-01
3.299289345741271973e-01
4.159847199916839600e-01
3.393241763114929199e-01
3.432624042034149170e-01
4.451909363269805908e-01
3.955230116844177246e-01
3.311138451099395752e-01
4.406973719596862793e-01
4.931802749633789062e-01
3.674293458461761475e-01
3.668962419033050537e-01
4.171674251556396484e-01
3.939362764358520508e-01
3.697860538959503174e-01
4.076096415519714355e-01
4.861008822917938232e-01
1.359843373298645020e+00
1.464001893997192383e+00
1.397888660430908203e+00
1.274721384048461914e+00
5.026519894599914551e-01
3.919756412506103516e-01
5.164210200309753418e-01
4.576503336429595947e-01
1.518209695816040039e+00
2.042727708816528320e+00
2.407236576080322266e+00
2.740576744079589844e+00
2.156160831451416016e+00
2.348019361495971680e+00
2.440824508666992188e+00
2.479348421096801758e+00
2.325513839721679688e+00
2.292769432067871094e+00
2.134598016738891602e+00
1.337743639945983887e+00
1.595326423645019531e+00
1.494212508201599121e+00
2.610702037811279297e+00
1.480008721351623535e+00
1.380767703056335449e+00
1.546793818473815918e+00
1.518673777580261230e+00
1.554967641830444336e+00
7.784923911094665527e-01
2.245923757553100586e+00
1.787403225898742676e+00
5.831293463706970215e-01
7.937160134315490723e-01
1.761018276214599609e+00
1.882421731948852539e+00
2.538039207458496094e+00
3.012855768203735352e+00
3.080089330673217773e+00
2.521442890167236328e+00
1.501934647560119629e+00
2.524559736251831055e+00
1.681100606918334961e+00
6.255591511726379395e-01
1.111806154251098633e+00
7.206187844276428223e-01
5.939715504646301270e-01
1.924120545387268066e+00
6.351065039634704590e-01
7.993276715278625488e-01
1.730214118957519531e+00
1.533536434173583984e+00
1.541777729988098145e+00
7.988142371177673340e-01
1.322748541831970215e+00
2.204246520996093750e+00
4.341856241226196289e-01
5.297745466232299805e-01
5.472995638847351074e-01
4.707776904106140137e-01
1.603203892707824707e+00
1.536109685897827148e+00
1.570901274681091309e+00
1.386762738227844238e+00
1.489839792251586914e+00
1.532719135284423828e+00
1.654666662216186523e+00
1.553585052490234375e+00
1.393806815147399902e+00
1.577527046203613281e+00
1.487784624099731445e+00
1.444818377494812012e+00
1.717019557952880859e+00
2.081028223037719727e+00
2.119200706481933594e+00
2.003794431686401367e+00
2.140756368637084961e+00
2.982763528823852539e+00
4.473330497741699219e+00
4.858574390411376953e+00
5.051978588104248047e+00
4.981605052947998047e+00
4.248031139373779297e+00
3.643830299377441406e+00
3.561074972152709961e+00
3.171890735626220703e+00
2.654677867889404297e+00
3.185731649398803711e+00
3.044218540191650391e+00
2.369974613189697266e+00
2.728597164154052734e+00
2.183885574340820312e+00
1.639204740524291992e+00
1.685419559478759766e+00
1.708707809448242188e+00
1.617241621017456055e+00
1.550875902175903320e+00
2.457856893539428711e+00
1.607669234275817871e+00
1.763940453529357910e+00
1.857275485992431641e+00
1.861429691314697266e+00
1.398721456527709961e+00
1.642247319221496582e+00
1.108090162277221680e+00
7.638697624206542969e-01
8.509405255317687988e-01
8.158549070358276367e-01
8.056343793869018555e-01
8.189716935157775879e-01
8.152582049369812012e-01
7.392442822456359863e-01
5.870245695114135742e-01
6.412101387977600098e-01
7.356854081153869629e-01
5.446522831916809082e-01
5.307821035385131836e-01
5.304167270660400391e-01
3.564174771308898926e-01
3.208754658699035645e-01
3.776976168155670166e-01
3.179626464843750000e-01
2.485084086656570435e-01
2.994538843631744385e-01
9.548116326332092285e-01
1.375177502632141113e+00
1.161334276199340820e+00
1.075412750244140625e+00
1.843138635158538818e-01
2.418472915887832642e-01
3.290145397186279297e-01
2.977514863014221191e-01
2.359040230512619019e-01
3.206337094306945801e-01
3.935722708702087402e-01
3.501189649105072021e-01
3.134161829948425293e-01
4.750051200389862061e-01
4.284865856170654297e-01
3.992411494255065918e-01
4.755796194076538086e-01
4.050652086734771729e-01
4.180782735347747803e-01
3.819688856601715088e-01
4.049180150032043457e-01
3.532277941703796387e-01
3.860266208648681641e-01
4.456303119659423828e-01
3.837779164314270020e-01
3.834575116634368896e-01
3.952796161174774170e-01
4.160685837268829346e-01
3.358897268772125244e-01
3.629108667373657227e-01
1.450784444808959961e+00
1.739140391349792480e+00
1.461213827133178711e+00
2.083523035049438477e+00
2.571351528167724609e+00
2.364288568496704102e+00
1.533614039421081543e+00
1.608813047409057617e+00
1.517416238784790039e+00
1.506229758262634277e+00
1.540010333061218262e+00
1.558812975883483887e+00
1.381022691726684570e+00
1.436849236488342285e+00
1.404632568359375000e+00
1.275849342346191406e+00
1.326285839080810547e+00
1.477045178413391113e+00
4.066122174263000488e-01
3.389061689376831055e-01
4.167762994766235352e-01
3.886108100414276123e-01
2.919545769691467285e-01
3.103309273719787598e-01
4.593333005905151367e-01
3.166683316230773926e-01
2.903333008289337158e-01
3.494139909744262695e-01
4.500759243965148926e-01
2.987313866615295410e-01
3.278430402278900146e-01
4.378714263439178467e-01
4.159680008888244629e-01
3.545374274253845215e-01
3.747573792934417725e-01
4.263206720352172852e-01
3.463090062141418457e-01
3.671366274356842041e-01
3.853040933609008789e-01
3.339461088180541992e-01
2.799211442470550537e-01
3.426747620105743408e-01
3.749166131019592285e-01
3.019032478332519531e-01
2.765850722789764404e-01
3.275697529315948486e-01
2.690561711788177490e-01
2.844527959823608398e-01
2.902754545211791992e-01
2.858509719371795654e-01
2.839476168155670166e-01
3.087956905364990234e-01
3.129543066024780273e-01
2.884390056133270264e-01
3.941591084003448486e-01
4.107042253017425537e-01
4.276379942893981934e-01
4.351178407669067383e-01
4.662638604640960693e-01
4.884109795093536377e-01
3.924742341041564941e-01
4.177584052085876465e-01
4.650931954383850098e-01
4.150725007057189941e-01
1.489184141159057617e+00
1.338311314582824707e+00
1.299739956855773926e+00
7.469993233680725098e-01
2.596548795700073242e-01
5.445659756660461426e-01
3.812639117240905762e-01
3.953144252300262451e-01
4.252566099166870117e-01
5.335919260978698730e-01
4.297526478767395020e-01
4.355056881904602051e-01
4.563143849372863770e-01
4.288146793842315674e-01
4.306530654430389404e-01
5.310954451560974121e-01
5.034350752830505371e-01
4.504643082618713379e-01
4.047217369079589844e-01
1.415110826492309570e+00
1.759102344512939453e+00
1.374674558639526367e+00
1.259388089179992676e+00
1.414160251617431641e+00
7.277052998542785645e-01
1.078322052955627441e+00
1.380597829818725586e+00
1.875663518905639648e+00
1.793631792068481445e+00
1.734874606132507324e+00
1.342172503471374512e+00
9.431152939796447754e-01
4.849630892276763916e-01
4.031854271888732910e-01
3.655156195163726807e-01
3.979364633560180664e-01
3.977848887443542480e-01
2.819491922855377197e-01
3.709682226181030273e-01
4.735403358936309814e-01
3.456637859344482422e-01
3.450607657432556152e-01
4.099622368812561035e-01
4.285822510719299316e-01
3.162547349929809570e-01
3.599168956279754639e-01
3.972120285034179688e-01
3.144648671150207520e-01
3.174681663513183594e-01
3.770877420902252197e-01
3.334943950176239014e-01
3.142483234405517578e-01
3.535871505737304688e-01
3.484584987163543701e-01
3.122518062591552734e-01
3.469819128513336182e-01
3.649463057518005371e-01
3.002038300037384033e-01
3.208214640617370605e-01
3.726070523262023926e-01
3.188652396202087402e-01
3.002638518810272217e-01
4.171389341354370117e-01
4.575593173503875732e-01
3.409980833530426025e-01
3.723910748958587646e-01
4.682398438453674316e-01
4.156599044799804688e-01
3.419878482818603516e-01
3.412716388702392578e-01
4.118680357933044434e-01
3.134592175483703613e-01
3.283838331699371338e-01
3.966301083564758301e-01
3.727674186229705811e-01
3.840005099773406982e-01
4.114692211151123047e-01
6.685544252395629883e-01
1.264586925506591797e+00
1.969058275222778320e+00
2.659277677536010742e+00
1.935205817222595215e+00
1.988240003585815430e+00
2.123575925827026367e+00
1.937168121337890625e+00
1.979992151260375977e+00
2.153771162033081055e+00
2.089491128921508789e+00
1.727202296257019043e+00
2.344476938247680664e+00
2.543412685394287109e+00
2.541480779647827148e+00
2.587859869003295898e+00
1.363555192947387695e+00
1.721341490745544434e+00
1.442085027694702148e+00
1.514776110649108887e+00
1.540086030960083008e+00
1.645092964172363281e+00
2.487231492996215820e+00
2.373120546340942383e+00
3.051445484161376953e+00
2.910848140716552734e+00
2.689369916915893555e+00
1.695956230163574219e+00
2.587288379669189453e+00
2.922917604446411133e+00
2.330271482467651367e+00
3.016545295715332031e+00
1.854759812355041504e+00
2.014868974685668945e+00
1.892913103103637695e+00
2.006904125213623047e+00
1.819990992546081543e+00
1.723856091499328613e+00
2.169230461120605469e+00
1.824659466743469238e+00
1.871897220611572266e+00
1.874558687210083008e+00
1.702693581581115723e+00
1.627734899520874023e+00
2.497124671936035156e+00
2.511627197265625000e+00
1.347419619560241699e+00
1.530397772789001465e+00
1.448642015457153320e+00
1.650128126144409180e+00
1.826850056648254395e+00
1.872097253799438477e+00
2.672414064407348633e+00
2.597395181655883789e+00
4.625076353549957275e-01
5.657474398612976074e-01
6.841242909431457520e-01
7.614051103591918945e-01
9.229882955551147461e-01
1.048356533050537109e+00
8.754687309265136719e-01
7.868328690528869629e-01
7.488615512847900391e-01
7.042293548583984375e-01
6.772994995117187500e-01
7.960178852081298828e-01
6.428437829017639160e-01
7.395564913749694824e-01
7.495366334915161133e-01
9.925650358200073242e-01
1.118072867393493652e+00
3.194582223892211914e+00
3.730704307556152344e+00
4.571073055267333984e+00
3.232101440429687500e+00
3.233307361602783203e+00
3.187018156051635742e+00
1.664294004440307617e+00
1.507153153419494629e+00
1.948912978172302246e+00
3.427535295486450195e+00
2.990773439407348633e+00
1.504689335823059082e+00
1.651242375373840332e+00
1.711204767227172852e+00
1.742172956466674805e+00
1.716358661651611328e+00
2.031372785568237305e+00
2.073989868164062500e+00
2.023349523544311523e+00
2.679836273193359375e+00
2.613848209381103516e+00
2.690550565719604492e+00
1.965575695037841797e+00
1.722394347190856934e+00
1.854097843170166016e+00
1.345429062843322754e+00
3.519905209541320801e-01
4.344303905963897705e-01
2.992132306098937988e-01
2.810893356800079346e-01
2.647355496883392334e-01
3.061621785163879395e-01
3.321946263313293457e-01
3.330393731594085693e-01
4.456779956817626953e-01
4.819817245006561279e-01
3.742565810680389404e-01
3.985879719257354736e-01
4.083595871925354004e-01
4.057422280311584473e-01
3.478763103485107422e-01
3.728822469711303711e-01
3.447600901126861572e-01
2.973356544971466064e-01
3.159236311912536621e-01
3.133575022220611572e-01
2.322563230991363525e-01
2.464233487844467163e-01
3.389851152896881104e-01
2.719744741916656494e-01
2.201261222362518311e-01
2.902685999870300293e-01
3.963357210159301758e-01
2.430883944034576416e-01
2.528213560581207275e-01
3.607476651668548584e-01
2.829298973083496094e-01
2.757765054702758789e-01
3.405770659446716309e-01
4.709989130496978760e-01
3.325600028038024902e-01
3.467070162296295166e-01
4.513521194458007812e-01
4.112285673618316650e-01
3.920353949069976807e-01
4.565994441509246826e-01
4.363416731357574463e-01
4.064049720764160156e-01
4.741976261138916016e-01
5.054373741149902344e-01
5.384634733200073242e-01
5.096801519393920898e-01
5.305258631706237793e-01
5.186727643013000488e-01
5.686599612236022949e-01
1.771289825439453125e+00
1.719809293746948242e+00
2.506426572799682617e+00
2.102405071258544922e+00
2.177179813385009766e+00
2.155902624130249023e+00
2.507421493530273438e+00
2.435879945755004883e+00
1.605018734931945801e+00
2.222075700759887695e+00
2.086584329605102539e+00
1.434989809989929199e+00
1.385997772216796875e+00
1.350966691970825195e+00
1.425043344497680664e+00
1.310401558876037598e+00
1.217765212059020996e+00
1.346843957901000977e+00
1.390035748481750488e+00
1.897179961204528809e+00
1.510952711105346680e+00
1.526127576828002930e+00
1.534585475921630859e+00
1.602197170257568359e+00
1.586115837097167969e+00
1.607834815979003906e+00
1.426871776580810547e+00
1.382269740104675293e+00
1.800772309303283691e+00
2.391688108444213867e+00
1.759988546371459961e+00
1.441385865211486816e+00
1.552716255187988281e+00
1.844548225402832031e+00
9.540581107139587402e-01
6.226531863212585449e-01
5.814211368560791016e-01
5.812166929244995117e-01
4.430266618728637695e-01
2.157334089279174805e+00
7.859426140785217285e-01
4.476002454757690430e-01
5.362243652343750000e-01
6.533005833625793457e-01
1.584247350692749023e+00
1.523365259170532227e+00
1.714793920516967773e+00
2.594739198684692383e+00
4.335338175296783447e-01
4.275423288345336914e-01
4.150080978870391846e-01
4.089140892028808594e-01
4.310529530048370361e-01
7.184454798698425293e-01
7.577998638153076172e-01
4.089497029781341553e-01
7.168288230895996094e-01
6.453673839569091797e-01
5.353834033012390137e-01
5.704627037048339844e-01
6.593828201293945312e-01
1.334444642066955566e+00
1.166685223579406738e+00
1.380725502967834473e+00
7.905411720275878906e-01
7.137010693550109863e-01
8.652290105819702148e-01
1.378701329231262207e+00
1.428611516952514648e+00
1.847745060920715332e+00
1.821243643760681152e+00
1.910148382186889648e+00
1.907706737518310547e+00
3.132762193679809570e+00
2.755310773849487305e+00
2.464801788330078125e+00
2.593375444412231445e+00
2.229437112808227539e+00
1.459487557411193848e+00
1.637687325477600098e+00
2.780951738357543945e+00
2.398689031600952148e+00
2.881283283233642578e+00
2.548395872116088867e+00
2.617938280105590820e+00
2.412240982055664062e+00
2.088065385818481445e+00
1.226750731468200684e+00
1.366335868835449219e+00
1.108655333518981934e+00
1.083262920379638672e+00
1.204753518104553223e+00
8.842799067497253418e-01
7.125613689422607422e-01
7.643237113952636719e-01
7.943478226661682129e-01
6.381608247756958008e-01
6.717290282249450684e-01
6.302029490470886230e-01
6.532595157623291016e-01
5.598833560943603516e-01
6.430652141571044922e-01
5.166970491409301758e-01
3.408032059669494629e-01
4.563072621822357178e-01
4.725437164306640625e-01
3.838439881801605225e-01
3.427597284317016602e-01
3.254874348640441895e-01
3.821788430213928223e-01
2.505123317241668701e-01
2.676585316658020020e-01
3.235912322998046875e-01
3.042075634002685547e-01
2.155944555997848511e-01
2.777294516563415527e-01
3.130168020725250244e-01
2.613962292671203613e-01
1.951752603054046631e-01
2.770685851573944092e-01
1.155949592590332031e+00
1.289705514907836914e+00
1.125532150268554688e+00
9.707186222076416016e-01
2.483190149068832397e-01
2.226053327322006226e-01
3.360086977481842041e-01
3.854699432849884033e-01
2.863624393939971924e-01
3.836959600448608398e-01
4.014673829078674316e-01
3.603707849979400635e-01
3.463038206100463867e-01
3.955438435077667236e-01
3.916727602481842041e-01
3.490943908691406250e-01
3.742670118808746338e-01
4.566183388233184814e-01
4.035006463527679443e-01
4.023738205432891846e-01
4.441359341144561768e-01
5.388652682304382324e-01
4.283119738101959229e-01
4.642100334167480469e-01
2.012419700622558594e+00
1.689176440238952637e+00
1.846610784530639648e+00
1.785655856132507324e+00
2.759452819824218750e+00
1.857785820960998535e+00
3.774718761444091797e+00
3.158996820449829102e+00
1.525476336479187012e+00
1.780374765396118164e+00
1.884829998016357422e+00
1.632604002952575684e+00
1.408100485801696777e+00
2.131508827209472656e+00
1.382181286811828613e+00
1.251344680786132812e+00
1.439264655113220215e+00
1.447736144065856934e+00
1.421382427215576172e+00
1.400660634040832520e+00
1.326752901077270508e+00
1.323962330818176270e+00
1.674724578857421875e+00
1.280108571052551270e+00
1.281787991523742676e+00
1.412564754486083984e+00
1.378580927848815918e+00
1.235681653022766113e+00
1.293334841728210449e+00
1.476922035217285156e+00
1.373514533042907715e+00
1.312800526618957520e+00
1.417585968971252441e+00
1.469550490379333496e+00
2.229593276977539062e+00
1.399570822715759277e+00
1.435284733772277832e+00
1.727805256843566895e+00
1.371285796165466309e+00
2.172694683074951172e+00
2.799018621444702148e+00
1.287339568138122559e+00
1.518887639045715332e+00
1.655663490295410156e+00
1.671173095703125000e+00
1.428783655166625977e+00
1.665156960487365723e+00
2.754034519195556641e+00
2.223554134368896484e+00
1.203284144401550293e+00
1.543693184852600098e+00
1.534777879714965820e+00
1.382090568542480469e+00
1.470104455947875977e+00
1.834141850471496582e+00
1.577468395233154297e+00
4.148562550544738770e-01
5.991558432579040527e-01
1.151608109474182129e+00
8.792302012443542480e-01
8.221290111541748047e-01
2.388062000274658203e+00
2.328359127044677734e+00
2.463711977005004883e+00
2.080911636352539062e+00
2.412682294845581055e+00
8.470743894577026367e-01
9.038664102554321289e-01
2.019675731658935547e+00
2.454649925231933594e+00
2.499838352203369141e+00
2.390308618545532227e+00
2.202550172805786133e+00
1.940338373184204102e+00
1.448430418968200684e+00
1.765165925025939941e+00
1.591768622398376465e+00
1.897346854209899902e+00
1.691706538200378418e+00
2.233951330184936523e+00
2.590424776077270508e+00
2.650013446807861328e+00
2.595596551895141602e+00
1.902141928672790527e+00
1.941095113754272461e+00
1.998404622077941895e+00
2.175924062728881836e+00
1.967843770980834961e+00
2.059195518493652344e+00
1.345472693443298340e+00
7.186200618743896484e-01
7.552981972694396973e-01
5.369964838027954102e-01
6.359222531318664551e-01
3.675669431686401367e-01
3.560074269771575928e-01
3.426775038242340088e-01
3.923895359039306641e-01
3.459433615207672119e-01
3.893769383430480957e-01
4.118425250053405762e-01
3.890167474746704102e-01
3.281503021717071533e-01
3.498769402503967285e-01
3.641056418418884277e-01
2.996962070465087891e-01
2.965788841247558594e-01
3.482309877872467041e-01
2.907085418701171875e-01
2.815097868442535400e-01
2.545363605022430420e-01
3.279927074909210205e-01
2.635256946086883545e-01
2.980061173439025879e-01
2.926217317581176758e-01
3.044745326042175293e-01
2.666572630405426025e-01
3.330892622470855713e-01
3.042311370372772217e-01
2.415167242288589478e-01
2.413089573383331299e-01
3.861310482025146484e-01
2.883142828941345215e-01
3.078802227973937988e-01
3.511191606521606445e-01
5.088219642639160156e-01
3.196499645709991455e-01
3.690687417984008789e-01
4.153279662132263184e-01
4.270958006381988525e-01
3.706480860710144043e-01
4.202935397624969482e-01
4.576179981231689453e-01
1.487231492996215820e+00
1.395581603050231934e+00
1.367645025253295898e+00
1.251407504081726074e+00
3.290433287620544434e-01
4.140194356441497803e-01
5.381298661231994629e-01
4.763657450675964355e-01
4.238833785057067871e-01
1.583099126815795898e+00
9.942186474800109863e-01
2.160579681396484375e+00
1.761165142059326172e+00
1.959134101867675781e+00
2.780241489410400391e+00
1.978396058082580566e+00
2.312923192977905273e+00
3.284206628799438477e+00
1.964238286018371582e+00
2.129621982574462891e+00
1.979771971702575684e+00
1.998376607894897461e+00
1.717380285263061523e+00
9.880235195159912109e-01
1.556254506111145020e+00
1.995554327964782715e+00
1.500735998153686523e+00
7.769741415977478027e-01
1.093463540077209473e+00
8.503989577293395996e-01
7.106142044067382812e-01
9.234786629676818848e-01
1.092664718627929688e+00
8.299394249916076660e-01
6.677957177162170410e-01
6.206901073455810547e-01
4.561781585216522217e-01
3.863558173179626465e-01
5.801210999488830566e-01
1.657737135887145996e+00
1.328609347343444824e+00
1.334100127220153809e+00
7.054518461227416992e-01
4.538272023200988770e-01
7.791885733604431152e-01
5.133925080299377441e-01
5.356588959693908691e-01
5.188015699386596680e-01
5.700537562370300293e-01
5.093380808830261230e-01
5.470599532127380371e-01
3.553909659385681152e-01
3.656677305698394775e-01
4.663425385951995850e-01
3.786714971065521240e-01
3.031153082847595215e-01
3.734756708145141602e-01
3.475008010864257812e-01
3.355794548988342285e-01
3.027855455875396729e-01
3.483293950557708740e-01
2.702314853668212891e-01
3.177049756050109863e-01
3.786977827548980713e-01
3.775655031204223633e-01
3.904069960117340088e-01
4.203149080276489258e-01
4.259081482887268066e-01
3.642120063304901123e-01
6.893343329429626465e-01
6.813493371009826660e-01
8.405557870864868164e-01
6.351377964019775391e-01
1.309757232666015625e+00
1.606640577316284180e+00
1.862275242805480957e+00
1.639773011207580566e+00
1.765940546989440918e+00
1.774768948554992676e+00
1.709052085876464844e+00
1.813620686531066895e+00
1.950296282768249512e+00
2.511764764785766602e+00
2.670557498931884766e+00
2.723785638809204102e+00
2.892387866973876953e+00
2.785988807678222656e+00
2.408107995986938477e+00
1.993548750877380371e+00
1.506544351577758789e+00
1.492326378822326660e+00
2.329637050628662109e+00
1.754284024238586426e+00
1.689794182777404785e+00
1.642914175987243652e+00
1.619792342185974121e+00
1.575300455093383789e+00
1.471945285797119141e+00
1.498527050018310547e+00
1.540528416633605957e+00
1.168052434921264648e+00
1.086125373840332031e+00
1.274192929267883301e+00
1.174790263175964355e+00
9.462720751762390137e-01
9.237236976623535156e-01
1.107023954391479492e+00
1.792554616928100586e+00
1.521387934684753418e+00
1.560907602310180664e+00
1.544073104858398438e+00
5.274611711502075195e-01
5.202082395553588867e-01
5.855767726898193359e-01
4.786985814571380615e-01
3.520461618900299072e-01
3.692096173763275146e-01
4.365017712116241455e-01
3.146575689315795898e-01
2.727597653865814209e-01
3.103964328765869141e-01
3.225633800029754639e-01
2.210396826267242432e-01
2.501864433288574219e-01
3.389475643634796143e-01
2.691348195075988770e-01
2.182748615741729736e-01
2.608071863651275635e-01
3.408210277557373047e-01
2.042470723390579224e-01
2.145945429801940918e-01
3.041420578956604004e-01
3.154466748237609863e-01
2.326507568359375000e-01
2.903623282909393311e-01
3.648742139339447021e-01
3.524419665336608887e-01
2.981239855289459229e-01
3.898659050464630127e-01
4.338654875755310059e-01
4.124713242053985596e-01
3.867828547954559326e-01
4.245003759860992432e-01
4.150415360927581787e-01
3.882753252983093262e-01
4.205344617366790771e-01
