1.786591887474060059e+00
1.296778678894042969e+00
1.386697530746459961e+00
1.514394283294677734e+00
1.287363886833190918e+00
1.358408212661743164e+00
1.896118164062500000e+00
1.835396647453308105e+00
1.239961743354797363e+00
1.403782367706298828e+00
1.486418485641479492e+00
1.332312703132629395e+00
1.441218972206115723e+00
1.474396586418151855e+00
1.235066294670104980e+00
1.252739548683166504e+00
1.188796401023864746e+00
1.195121765136718750e+00
1.019773960113525391e+00
1.094995737075805664e+00
1.158236384391784668e+00
1.095997214317321777e+00
1.094547271728515625e+00
1.064268827438354492e+00
3.367079198360443115e-01
3.504040539264678955e-01
3.281089067459106445e-01
3.726895749568939209e-01
3.272696137428283691e-01
2.806674838066101074e-01
3.574546575546264648e-01
1.273316144943237305e+00
5.256622433662414551e-01
3.473851382732391357e-01
3.862502872943878174e-01
3.122211098670959473e-01
2.818077504634857178e-01
6.246280670166015625e-01
4.773990809917449951e-01
3.470430374145507812e-01
5.060935616493225098e-01
5.124024748802185059e-01
3.340919315814971924e-01
3.863697946071624756e-01
5.276033878326416016e-01
3.534700870513916016e-01
3.578967750072479248e-01
4.333181083202362061e-01
3.581916987895965576e-01
3.528610467910766602e-01
4.166721403598785400e-01
4.215894639492034912e-01
3.001832664012908936e-01
3.930945098400115967e-01
5.505172014236450195e-01
3.011053502559661865e-01
1.540620207786560059e+00
1.693602204322814941e+00
2.041859626770019531e+00
1.686360597610473633e+00
1.466329813003540039e+00
6.752259731292724609e-01
4.169717431068420410e-01
4.219208359718322754e-01
7.080017924308776855e-01
4.593105316162109375e-01
5.126749277114868164e-01
6.742354035377502441e-01
5.349854230880737305e-01
4.392476677894592285e-01
5.719368457794189453e-01
6.693627238273620605e-01
4.347963333129882812e-01
4.337270557880401611e-01
6.192241907119750977e-01
4.840341806411743164e-01
7.269778251647949219e-01
1.813707351684570312e+00
1.730194926261901855e+00
2.140133142471313477e+00
1.836763858795166016e+00
1.887561917304992676e+00
1.700053691864013672e+00
1.863829612731933594e+00
1.656429648399353027e+00
1.471165537834167480e+00
1.463395118713378906e+00
1.408519625663757324e+00
1.424953937530517578e+00
1.396345019340515137e+00
1.441452145576477051e+00
1.449805617332458496e+00
1.378151416778564453e+00
1.384453773498535156e+00
1.454185366630554199e+00
1.533987402915954590e+00
1.528968930244445801e+00
1.704042911529541016e+00
2.209145069122314453e+00
1.236425042152404785e+00
1.403075218200683594e+00
1.556446433067321777e+00
1.540517210960388184e+00
1.439716339111328125e+00
1.554109454154968262e+00
1.555265903472900391e+00
1.391102552413940430e+00
1.388649702072143555e+00
1.465722441673278809e+00
1.382171154022216797e+00
7.613842487335205078e-01
3.570130765438079834e-01
3.616387546062469482e-01
3.641017973423004150e-01
3.830304741859436035e-01
3.816868364810943604e-01
3.606615960597991943e-01
3.508039414882659912e-01
4.252404570579528809e-01
3.824014067649841309e-01
2.662400901317596436e-01
3.368096053600311279e-01
6.514422297477722168e-01
1.133946895599365234e+00
3.352812230587005615e-01
5.897554159164428711e-01
4.253106117248535156e-01
3.745580911636352539e-01
1.053164839744567871e+00
1.405898690223693848e+00
1.442565321922302246e+00
1.453135609626770020e+00
1.661636352539062500e+00
1.356966972351074219e+00
1.392575025558471680e+00
1.409256935119628906e+00
1.361376166343688965e+00
1.319493174552917480e+00
1.439929008483886719e+00
1.388808965682983398e+00
1.273953437805175781e+00
1.327842473983764648e+00
1.396206617355346680e+00
1.916940569877624512e+00
1.387713909149169922e+00
1.369697213172912598e+00
1.521065235137939453e+00
2.071337461471557617e+00
1.250021338462829590e+00
1.446760058403015137e+00
1.352076292037963867e+00
1.325001358985900879e+00
1.426592230796813965e+00
1.975820064544677734e+00
1.922543406486511230e+00
7.313428521156311035e-01
6.038067340850830078e-01
4.629346728324890137e-01
4.581113755702972412e-01
6.256167292594909668e-01
5.347464084625244141e-01
3.977182805538177490e-01
5.737532973289489746e-01
4.021304249763488770e-01
3.380394876003265381e-01
3.598680794239044189e-01
4.137552082538604736e-01
2.813796103000640869e-01
3.048064708709716797e-01
1.431925892829895020e+00
1.434329986572265625e+00
1.363550305366516113e+00
1.770343661308288574e+00
1.797175645828247070e+00
8.873445987701416016e-01
2.973693907260894775e-01
5.067267417907714844e-01
3.274538218975067139e-01
3.867222964763641357e-01
5.138677954673767090e-01
3.874667286872863770e-01
3.221730589866638184e-01
4.937942624092102051e-01
5.672105550765991211e-01
3.597622811794281006e-01
3.813864290714263916e-01
5.192623138427734375e-01
3.845138847827911377e-01
3.585351407527923584e-01
5.112526416778564453e-01
3.938658237457275391e-01
1.191880822181701660e+00
7.192513346672058105e-01
5.091352462768554688e-01
3.686586916446685791e-01
3.607871532440185547e-01
1.588428974151611328e+00
7.628896236419677734e-01
4.541577696800231934e-01
1.673595547676086426e+00
1.754561066627502441e+00
1.919666171073913574e+00
1.330009937286376953e+00
1.505420565605163574e+00
1.467329740524291992e+00
1.335956811904907227e+00
1.496402263641357422e+00
6.040150523185729980e-01
9.067397713661193848e-01
5.556041598320007324e-01
6.252269744873046875e-01
6.233150959014892578e-01
5.887755155563354492e-01
5.754811763763427734e-01
4.328778982162475586e-01
3.947385549545288086e-01
4.782266020774841309e-01
4.284095764160156250e-01
3.871172666549682617e-01
3.751698732376098633e-01
3.873705267906188965e-01
3.355991840362548828e-01
2.954550683498382568e-01
3.559169769287109375e-01
3.476159274578094482e-01
3.167993724346160889e-01
3.504602313041687012e-01
5.883218646049499512e-01
1.157260894775390625e+00
3.327822983264923096e-01
3.586316406726837158e-01
3.149502873420715332e-01
3.333579003810882568e-01
3.173250854015350342e-01
3.050087690353393555e-01
2.714068293571472168e-01
5.522056221961975098e-01
5.449554324150085449e-01
3.575105667114257812e-01
4.299741089344024658e-01
5.103968977928161621e-01
4.115720093250274658e-01
3.788233399391174316e-01
5.263206362724304199e-01
5.165353417396545410e-01
3.862889409065246582e-01
4.298532307147979736e-01
4.329922199249267578e-01
3.347744345664978027e-01
3.211558759212493896e-01
4.383080601692199707e-01
3.729606568813323975e-01
2.941476404666900635e-01
1.321389317512512207e+00
1.742478251457214355e+00
1.648070216178894043e+00
1.196256756782531738e+00
9.166845679283142090e-01
3.152216672897338867e-01
2.924145162105560303e-01
1.151441812515258789e+00
1.357029438018798828e+00
1.100969910621643066e+00
1.111391901969909668e+00
1.377814888954162598e+00
1.100435495376586914e+00
1.078253507614135742e+00
1.282647848129272461e+00
1.248454928398132324e+00
1.145265221595764160e+00
1.370628237724304199e+00
1.364378571510314941e+00
1.276359677314758301e+00
1.763642549514770508e+00
1.273869514465332031e+00
1.210331201553344727e+00
1.106524229049682617e+00
1.275620698928833008e+00
1.347200870513916016e+00
1.965697050094604492e+00
1.186790585517883301e+00
1.330716371536254883e+00
1.471917629241943359e+00
2.451050043106079102e+00
2.339427471160888672e+00
2.291868686676025391e+00
2.142439842224121094e+00
2.327137947082519531e+00
1.150155425071716309e+00
5.767960548400878906e-01
9.366079568862915039e-01
8.445880413055419922e-01
6.047030687332153320e-01
6.745555400848388672e-01
5.711249709129333496e-01
4.818542897701263428e-01
1.259181141853332520e+00
1.175605654716491699e+00
1.003286957740783691e+00
1.288720130920410156e+00
1.329558253288269043e+00
1.206359744071960449e+00
1.269216418266296387e+00
1.853764295578002930e+00
6.416432261466979980e-01
5.004044175148010254e-01
6.275537610054016113e-01
6.063550114631652832e-01
5.063517689704895020e-01
4.222689568996429443e-01
3.709745407104492188e-01
3.668074309825897217e-01
3.690155744552612305e-01
3.733531534671783447e-01
3.429570794105529785e-01
3.572123646736145020e-01
3.728619813919067383e-01
2.665407657623291016e-01
3.690936863422393799e-01
4.474971890449523926e-01
3.649545311927795410e-01
3.782027661800384521e-01
6.900599002838134766e-01
4.373374879360198975e-01
3.891910910606384277e-01
4.330991208553314209e-01
5.428100824356079102e-01
4.162648320198059082e-01
1.195112705230712891e+00
9.473536610603332520e-01
4.040493965148925781e-01
3.994335830211639404e-01
3.925071358680725098e-01
4.195268750190734863e-01
1.378256201744079590e+00
2.163812637329101562e+00
2.176085948944091797e+00
1.818475008010864258e+00
1.539218544960021973e+00
1.917522430419921875e+00
2.900816679000854492e+00
1.365362048149108887e+00
1.563978314399719238e+00
2.319132566452026367e+00
1.698625922203063965e+00
1.527145028114318848e+00
1.508379459381103516e+00
3.188117980957031250e+00
2.163578510284423828e+00
1.322562694549560547e+00
1.435106754302978516e+00
1.697034478187561035e+00
7.423528432846069336e-01
4.588785767555236816e-01
6.773740649223327637e-01
5.226973295211791992e-01
3.165567815303802490e-01
5.155293941497802734e-01
5.264511108398437500e-01
3.143275380134582520e-01
3.404375612735748291e-01
3.993283212184906006e-01
3.320041298866271973e-01
3.414495289325714111e-01
4.195386469364166260e-01
3.479843139648437500e-01
3.223013281822204590e-01
3.254490792751312256e-01
1.087603569030761719e+00
7.436997294425964355e-01
3.844884037971496582e-01
3.392424881458282471e-01
3.128734529018402100e-01
3.501792848110198975e-01
3.201822638511657715e-01
2.788932621479034424e-01
3.308309912681579590e-01
5.762889385223388672e-01
2.380449920892715454e-01
3.196116089820861816e-01
5.330656170845031738e-01
3.948322832584381104e-01
3.417266607284545898e-01
4.910560250282287598e-01
3.780238032341003418e-01
3.381658494472503662e-01
4.353105425834655762e-01
4.000941514968872070e-01
3.982952535152435303e-01
3.961616754531860352e-01
3.506773114204406738e-01
3.418387472629547119e-01
1.300019025802612305e+00
1.340884327888488770e+00
6.342883706092834473e-01
7.273895740509033203e-01
9.683821797370910645e-01
7.600989937782287598e-01
8.299616575241088867e-01
1.272945880889892578e+00
1.405613541603088379e+00
1.385255813598632812e+00
1.886512875556945801e+00
1.995796799659729004e+00
1.400813341140747070e+00
1.490273952484130859e+00
1.348983883857727051e+00
4.137294292449951172e-01
1.612965941429138184e+00
1.838505983352661133e+00
1.715151786804199219e+00
1.601865291595458984e+00
1.546712398529052734e+00
1.628652811050415039e+00
1.795439481735229492e+00
2.822982788085937500e+00
2.481569528579711914e+00
2.578751564025878906e+00
3.448462009429931641e+00
3.350111484527587891e+00
2.079460382461547852e+00
9.708367586135864258e-01
1.097686529159545898e+00
9.094725251197814941e-01
9.417595863342285156e-01
1.187405586242675781e+00
8.083394169807434082e-01
3.753422796726226807e-01
3.703254759311676025e-01
2.801138162612915039e-01
3.193597197532653809e-01
3.191376924514770508e-01
3.194126188755035400e-01
4.683878421783447266e-01
1.336681008338928223e+00
3.358360230922698975e-01
3.869462311267852783e-01
5.094559192657470703e-01
3.960172235965728760e-01
4.159441292285919189e-01
4.737283587455749512e-01
5.433248281478881836e-01
1.342458128929138184e+00
1.560948491096496582e+00
1.636784791946411133e+00
1.173779606819152832e+00
3.122857809066772461e-01
3.830077052116394043e-01
3.877970278263092041e-01
3.315770626068115234e-01
4.170663058757781982e-01
4.356400072574615479e-01
3.296126127243041992e-01
3.528273403644561768e-01
3.860989809036254883e-01
4.242208003997802734e-01
4.552747309207916260e-01
1.229920148849487305e+00
3.737983107566833496e-01
3.951900005340576172e-01
3.271213471889495850e-01
3.697945475578308105e-01
5.127900838851928711e-01
4.014852046966552734e-01
3.932126462459564209e-01
5.672407150268554688e-01
5.618031620979309082e-01
4.449157416820526123e-01
4.059617817401885986e-01
6.010432839393615723e-01
5.805284380912780762e-01
4.528059363365173340e-01
6.345632672309875488e-01
1.994742631912231445e+00
2.339937210083007812e+00
2.480425357818603516e+00
2.333218574523925781e+00
2.041275262832641602e+00
1.805280208587646484e+00
2.095405578613281250e+00
2.287233591079711914e+00
1.976535201072692871e+00
4.445807933807373047e+00
4.809257030487060547e+00
4.665971279144287109e+00
3.120089054107666016e+00
2.480693101882934570e+00
1.605921864509582520e+00
1.650949835777282715e+00
1.639837622642517090e+00
2.724940061569213867e+00
2.420069217681884766e+00
3.776085615158081055e+00
5.142710208892822266e+00
3.201349020004272461e+00
3.172682762145996094e+00
2.942204952239990234e+00
1.474628686904907227e+00
1.487004518508911133e+00
4.802015304565429688e+00
4.515370845794677734e+00
2.878291368484497070e+00
2.891952991485595703e+00
2.000674724578857422e+00
4.840325415134429932e-01
3.075047135353088379e-01
9.169288277626037598e-01
2.363070011138916016e+00
2.793206691741943359e+00
2.980368137359619141e+00
2.425000667572021484e+00
5.739736557006835938e-01
9.453821182250976562e-01
1.445103764533996582e+00
4.270348548889160156e+00
2.971156835556030273e+00
1.530142903327941895e+00
1.907024502754211426e+00
1.043095231056213379e+00
1.148875951766967773e-01
7.819709181785583496e-01
1.064804077148437500e+00
3.350852429866790771e-01
6.080884337425231934e-01
8.913088440895080566e-01
1.464954376220703125e+00
8.521049022674560547e-01
4.768429398536682129e-01
5.431705117225646973e-01
3.714232444763183594e-01
4.654415547847747803e-01
5.978360772132873535e-01
4.755634665489196777e-01
4.831474721431732178e-01
5.663951039314270020e-01
5.755579471588134766e-01
4.516070187091827393e-01
9.131835103034973145e-01
1.181081414222717285e+00
9.253466129302978516e-01
8.873394131660461426e-01
1.054678916931152344e+00
1.223142266273498535e+00
1.157596945762634277e+00
1.699287056922912598e+00
3.041367292404174805e+00
2.531854629516601562e+00
2.625693559646606445e+00
4.865476131439208984e+00
4.271954059600830078e+00
3.974004030227661133e+00
3.495710849761962891e+00
2.952933549880981445e+00
2.311331748962402344e+00
5.072597026824951172e+00
4.338445663452148438e+00
5.156579494476318359e+00
4.087786674499511719e+00
3.952842235565185547e+00
3.522311449050903320e+00
3.627113580703735352e+00
2.705129623413085938e+00
1.992360234260559082e+00
2.474854469299316406e+00
3.360979318618774414e+00
2.242944478988647461e+00
1.472703456878662109e+00
1.970011115074157715e+00
2.007704734802246094e+00
1.747120380401611328e+00
1.775401353836059570e+00
1.471289396286010742e+00
4.605840146541595459e-01
2.486314773559570312e-01
4.117943048477172852e-01
2.419889867305755615e-01
3.528550267219543457e-01
3.549866676330566406e-01
4.921406209468841553e-01
5.882393717765808105e-01
2.853622436523437500e-01
1.400259375572204590e+00
6.648285984992980957e-01
2.911446094512939453e-01
5.922436714172363281e-01
4.250779151916503906e-01
2.676154971122741699e-01
3.698726594448089600e-01
3.377782702445983887e-01
2.897195816040039062e-01
2.540860176086425781e-01
5.943465232849121094e-01
4.892987608909606934e-01
2.811052203178405762e-01
4.587927758693695068e-01
4.691599905490875244e-01
3.466998934745788574e-01
3.704597949981689453e-01
6.341529488563537598e-01
4.136280119419097900e-01
4.192083775997161865e-01
6.124671697616577148e-01
1.275924444198608398e+00
2.958813011646270752e-01
3.318761289119720459e-01
5.135350823402404785e-01
2.762430012226104736e-01
3.021228015422821045e-01
5.169519782066345215e-01
4.341571331024169922e-01
2.871241569519042969e-01
3.828007578849792480e-01
6.134201884269714355e-01
4.828689992427825928e-01
4.907429814338684082e-01
6.546000838279724121e-01
7.156049609184265137e-01
1.776685714721679688e+00
2.624534130096435547e+00
3.142243862152099609e+00
2.851590871810913086e+00
2.608897924423217773e+00
2.609561204910278320e+00
1.947060346603393555e+00
1.821247458457946777e+00
2.662828922271728516e+00
1.478980541229248047e+00
1.525360941886901855e+00
2.391751527786254883e+00
1.539741516113281250e+00
1.842568397521972656e+00
2.154153823852539062e+00
1.363137960433959961e+00
1.495267510414123535e+00
1.486562967300415039e+00
1.507386684417724609e+00
1.355175971984863281e+00
1.391896963119506836e+00
1.514474034309387207e+00
1.547994613647460938e+00
1.408187389373779297e+00
1.314320325851440430e+00
1.479307293891906738e+00
1.375016927719116211e+00
1.419468998908996582e+00
1.510012269020080566e+00
1.436793565750122070e+00
1.371337652206420898e+00
1.432357072830200195e+00
1.539322733879089355e+00
1.910348176956176758e+00
1.676916837692260742e+00
2.358542442321777344e+00
1.467992782592773438e+00
1.651205658912658691e+00
1.825116634368896484e+00
2.632445096969604492e+00
1.288461446762084961e+00
1.666987895965576172e+00
1.545070528984069824e+00
1.404650926589965820e+00
1.463784575462341309e+00
1.592394351959228516e+00
1.355775475502014160e+00
1.474563479423522949e+00
2.007633447647094727e+00
1.465704917907714844e+00
1.462444186210632324e+00
1.571721911430358887e+00
1.586351871490478516e+00
1.793244481086730957e+00
1.680090069770812988e+00
1.624582171440124512e+00
9.578702449798583984e-01
1.274230003356933594e+00
1.232700824737548828e+00
5.487964153289794922e-01
5.944243669509887695e-01
1.135977506637573242e+00
9.464587569236755371e-01
9.159579277038574219e-01
7.341737151145935059e-01
9.818041920661926270e-01
1.119783520698547363e+00
1.112345576286315918e+00
1.170573592185974121e+00
1.195569634437561035e+00
1.132862567901611328e+00
1.419873595237731934e+00
1.608824610710144043e+00
1.497751593589782715e+00
1.762390732765197754e+00
2.727070569992065430e+00
1.660306453704833984e+00
1.849490761756896973e+00
2.021667003631591797e+00
1.605112433433532715e+00
1.306442737579345703e+00
2.688127994537353516e+00
2.537759780883789062e+00
2.637280941009521484e+00
2.685150384902954102e+00
2.699236392974853516e+00
2.599039316177368164e+00
1.473811626434326172e+00
1.635508894920349121e+00
2.011009931564331055e+00
1.963754773139953613e+00
1.704335927963256836e+00
1.917443752288818359e+00
1.990976572036743164e+00
1.632447481155395508e+00
8.605241179466247559e-01
8.869142532348632812e-01
8.470387458801269531e-01
3.209122121334075928e-01
4.103330969810485840e-01
3.521930873394012451e-01
2.940261960029602051e-01
3.497327864170074463e-01
3.582848906517028809e-01
3.104682564735412598e-01
2.937510013580322266e-01
3.494699001312255859e-01
3.529262840747833252e-01
2.786336839199066162e-01
3.182844221591949463e-01
3.305524885654449463e-01
3.221971690654754639e-01
3.070732653141021729e-01
1.123904228210449219e+00
1.114051818847656250e+00
3.197404444217681885e-01
1.319827556610107422e+00
1.511386394500732422e+00
1.372253179550170898e+00
1.273370981216430664e+00
3.038049340248107910e-01
5.212980508804321289e-01
4.005738198757171631e-01
3.806110024452209473e-01
3.849633932113647461e-01
3.820078074932098389e-01
3.043583333492279053e-01
3.012933731079101562e-01
4.687381386756896973e-01
3.206139802932739258e-01
2.869193851947784424e-01
4.021271467208862305e-01
5.321402549743652344e-01
2.942479550838470459e-01
8.703280687332153320e-01
1.232794642448425293e+00
4.408848583698272705e-01
3.558964133262634277e-01
3.556398451328277588e-01
6.316789388656616211e-01
3.495579063892364502e-01
4.067125320434570312e-01
5.472118258476257324e-01
7.779608964920043945e-01
1.518188953399658203e+00
2.021357059478759766e+00
2.190392494201660156e+00
2.664033889770507812e+00
2.486751794815063477e+00
2.828230142593383789e+00
2.233619213104248047e+00
2.191422224044799805e+00
1.975076675415039062e+00
2.078905582427978516e+00
1.469949841499328613e+00
1.416185855865478516e+00
2.778966903686523438e+00
2.205553531646728516e+00
1.391651868820190430e+00
1.400697112083435059e+00
1.503089070320129395e+00
1.390582919120788574e+00
1.471616983413696289e+00
7.811924815177917480e-01
2.665491580963134766e+00
1.154781699180603027e+00
6.568309664726257324e-01
1.583321094512939453e+00
6.556460857391357422e-01
5.895531177520751953e-01
1.370405435562133789e+00
2.589776754379272461e+00
3.229460954666137695e+00
3.126007318496704102e+00
2.020980596542358398e+00
1.835826992988586426e+00
1.978811860084533691e+00
1.942367792129516602e+00
1.880922436714172363e+00
2.190334320068359375e+00
2.154790401458740234e+00
1.729111313819885254e+00
1.917512059211730957e+00
1.940984964370727539e+00
8.781310915946960449e-01
8.002066612243652344e-01
8.471703529357910156e-01
6.474751830101013184e-01
6.327961683273315430e-01
1.415565013885498047e+00
5.431376099586486816e-01
3.235909640789031982e-01
5.142652392387390137e-01
8.265523910522460938e-01
1.393804311752319336e+00
2.133657932281494141e+00
2.103009939193725586e+00
2.034815073013305664e+00
1.998883724212646484e+00
1.599587440490722656e+00
1.569464445114135742e+00
2.855321884155273438e+00
1.660543084144592285e+00
1.435731768608093262e+00
1.524724721908569336e+00
1.537066817283630371e+00
1.468211770057678223e+00
1.533833622932434082e+00
1.529834747314453125e+00
1.632302761077880859e+00
2.080701112747192383e+00
1.482701420783996582e+00
1.403942465782165527e+00
1.306052684783935547e+00
1.214787960052490234e+00
2.437619447708129883e+00
3.475578546524047852e+00
3.142816781997680664e+00
2.127688646316528320e+00
2.147180318832397461e+00
1.929697632789611816e+00
1.588076233863830566e+00
1.633197665214538574e+00
3.089897155761718750e+00
1.556073665618896484e+00
1.164563179016113281e+00
1.282689690589904785e+00
1.133376836776733398e+00
8.477857112884521484e-01
1.344896554946899414e+00
1.701642870903015137e+00
2.823159217834472656e+00
6.007036566734313965e-01
5.760170221328735352e-01
5.752424597740173340e-01
6.072863936424255371e-01
3.487621843814849854e-01
5.238636136054992676e-01
1.726020336151123047e+00
1.341716408729553223e+00
1.804779052734375000e+00
8.313422799110412598e-01
7.984433770179748535e-01
7.873892784118652344e-01
5.516242384910583496e-01
4.890888035297393799e-01
4.389850795269012451e-01
3.568023145198822021e-01
4.202556908130645752e-01
3.931603133678436279e-01
6.403500437736511230e-01
1.364854931831359863e+00
6.467329263687133789e-01
4.681307375431060791e-01
3.626041412353515625e-01
4.120223522186279297e-01
3.653048276901245117e-01
3.399600982666015625e-01
3.504210412502288818e-01
3.340946733951568604e-01
3.153677582740783691e-01
3.711293935775756836e-01
4.203023016452789307e-01
4.841841161251068115e-01
4.127640426158905029e-01
5.685503482818603516e-01
4.855351448059082031e-01
4.209124445915222168e-01
5.755869746208190918e-01
4.892318844795227051e-01
4.738404750823974609e-01
4.668602943420410156e-01
4.878800511360168457e-01
4.246883988380432129e-01
1.229920983314514160e+00
6.213722825050354004e-01
3.549093902111053467e-01
4.249838888645172119e-01
4.199849069118499756e-01
4.353809654712677002e-01
4.255901873111724854e-01
4.526513218879699707e-01
3.873132467269897461e-01
3.947305977344512939e-01
3.953706324100494385e-01
4.624390900135040283e-01
3.629539012908935547e-01
4.032964408397674561e-01
4.213076829910278320e-01
4.041179120540618896e-01
3.967531621456146240e-01
1.558344483375549316e+00
1.378123998641967773e+00
1.359973549842834473e+00
6.469292044639587402e-01
1.108055353164672852e+00
6.108225584030151367e-01
6.105552911758422852e-01
8.026612401008605957e-01
1.326812624931335449e+00
5.444938540458679199e-01
5.311507582664489746e-01
5.639140009880065918e-01
4.189775884151458740e-01
1.477134466171264648e+00
2.456477165222167969e+00
2.477727890014648438e+00
1.558344006538391113e+00
1.901365518569946289e+00
1.834082603454589844e+00
1.721733450889587402e+00
1.816243290901184082e+00
2.112912654876708984e+00
1.828928232192993164e+00
1.846491098403930664e+00
2.229627847671508789e+00
2.111726045608520508e+00
1.828845143318176270e+00
2.180605888366699219e+00
2.308704376220703125e+00
2.333160161972045898e+00
2.077224493026733398e+00
2.167006969451904297e+00
1.493529438972473145e+00
1.009192585945129395e+00
9.590376615524291992e-01
2.576609849929809570e+00
1.470998048782348633e+00
9.625694155693054199e-01
8.194878101348876953e-01
7.659444212913513184e-01
8.983512520790100098e-01
1.327835798263549805e+00
1.575407981872558594e+00
2.565793514251708984e+00
1.336122393608093262e+00
9.031956791877746582e-01
1.193551182746887207e+00
1.325810551643371582e+00
2.304046869277954102e+00
1.533911108970642090e+00
1.837322235107421875e+00
2.250655889511108398e+00
1.884631276130676270e+00
1.861349582672119141e+00
1.164134740829467773e+00
9.198972582817077637e-01
9.686379432678222656e-01
1.511124014854431152e+00
1.015485882759094238e+00
1.166039705276489258e+00
1.086575627326965332e+00
1.184632897377014160e+00
1.173304080963134766e+00
1.744390130043029785e+00
1.682903647422790527e+00
1.759763717651367188e+00
1.714041709899902344e+00
1.723288178443908691e+00
1.914247751235961914e+00
2.653133630752563477e+00
2.384027957916259766e+00
2.189746141433715820e+00
1.382252216339111328e+00
1.123948693275451660e+00
2.313122272491455078e+00
2.543722867965698242e+00
2.539954662322998047e+00
2.654253482818603516e+00
2.591361284255981445e+00
2.350823163986206055e+00
1.792923569679260254e+00
1.802164435386657715e+00
1.627735137939453125e+00
1.600104689598083496e+00
2.119889736175537109e+00
2.263494491577148438e+00
1.674438714981079102e+00
1.856193900108337402e+00
1.724896550178527832e+00
1.334840416908264160e+00
1.312100172042846680e+00
1.786143183708190918e+00
1.462832331657409668e+00
1.040943861007690430e+00
7.536075711250305176e-01
8.517856001853942871e-01
7.610896229743957520e-01
3.476441502571105957e-01
4.119001030921936035e-01
3.940919637680053711e-01
3.998427987098693848e-01
3.140800297260284424e-01
4.157163798809051514e-01
3.903206586837768555e-01
3.478765785694122314e-01
3.852470815181732178e-01
3.920598030090332031e-01
3.709690570831298828e-01
3.497314155101776123e-01
3.722389638423919678e-01
3.540361225605010986e-01
4.517103433609008789e-01
1.017504096031188965e+00
3.170726299285888672e-01
3.258511722087860107e-01
3.482578396797180176e-01
4.321170151233673096e-01
5.472636222839355469e-01
3.675546348094940186e-01
4.366366267204284668e-01
4.182528555393218994e-01
1.655414104461669922e+00
1.332636952400207520e+00
1.406745910644531250e+00
8.448613286018371582e-01
4.053412079811096191e-01
3.404630422592163086e-01
3.647508621215820312e-01
4.530241191387176514e-01
3.521524965763092041e-01
3.436006605625152588e-01
4.378297626972198486e-01
4.532579183578491211e-01
3.714361190795898438e-01
4.087570309638977051e-01
4.798952937126159668e-01
5.263897180557250977e-01
3.693858683109283447e-01
4.762898087501525879e-01
5.387277007102966309e-01
1.472341418266296387e+00
1.968609333038330078e+00
2.540261745452880859e+00
2.704235792160034180e+00
2.521202087402343750e+00
2.562463045120239258e+00
2.589864015579223633e+00
2.166262388229370117e+00
2.346794128417968750e+00
1.788864731788635254e+00
1.701818108558654785e+00
1.904859900474548340e+00
1.712480425834655762e+00
1.694677591323852539e+00
1.891538500785827637e+00
1.882604598999023438e+00
1.157252669334411621e+00
1.348345279693603516e+00
1.490191698074340820e+00
1.342650055885314941e+00
1.298182845115661621e+00
1.377940893173217773e+00
1.405100822448730469e+00
1.275948047637939453e+00
1.295745015144348145e+00
1.297503590583801270e+00
1.294352889060974121e+00
1.251250982284545898e+00
1.258164525032043457e+00
1.297609448432922363e+00
1.350562930107116699e+00
1.275575280189514160e+00
1.258570790290832520e+00
1.308317065238952637e+00
1.500566601753234863e+00
1.746810913085937500e+00
1.516460776329040527e+00
1.434866428375244141e+00
1.588751316070556641e+00
1.685797095298767090e+00
1.572685599327087402e+00
1.565177798271179199e+00
2.156209945678710938e+00
3.413258552551269531e+00
1.684659481048583984e+00
1.479749441146850586e+00
1.648624181747436523e+00
1.618270874023437500e+00
1.391258597373962402e+00
7.219588160514831543e-01
8.060156106948852539e-01
2.207345724105834961e+00
1.229449272155761719e+00
5.156801342964172363e-01
6.009695529937744141e-01
4.800956547260284424e-01
5.313580036163330078e-01
7.126976251602172852e-01
4.921721518039703369e-01
4.197771251201629639e-01
5.464657545089721680e-01
5.498006939888000488e-01
3.752397894859313965e-01
5.610811710357666016e-01
6.102239489555358887e-01
6.219084262847900391e-01
8.822792768478393555e-01
1.259201407432556152e+00
1.177832245826721191e+00
1.186507940292358398e+00
1.340079784393310547e+00
1.914221763610839844e+00
2.068967580795288086e+00
2.110792636871337891e+00
2.478848218917846680e+00
2.392632722854614258e+00
1.967051148414611816e+00
1.280553102493286133e+00
1.947152137756347656e+00
2.866029024124145508e+00
3.354496479034423828e+00
2.650602817535400391e+00
2.774063587188720703e+00
2.510833978652954102e+00
2.714705705642700195e+00
2.481577873229980469e+00
2.802247762680053711e+00
2.881651163101196289e+00
2.720046281814575195e+00
2.913795232772827148e+00
2.525492668151855469e+00
2.419135093688964844e+00
2.677657365798950195e+00
2.593822002410888672e+00
2.533756256103515625e+00
2.061175823211669922e+00
8.604843616485595703e-01
1.012942075729370117e+00
8.707819581031799316e-01
3.973660469055175781e-01
3.530307114124298096e-01
2.802733480930328369e-01
4.588215649127960205e-01
1.158411264419555664e+00
3.317182362079620361e-01
2.190253436565399170e-01
3.937476873397827148e-01
4.112159609794616699e-01
3.317292034626007080e-01
2.946557998657226562e-01
4.761703014373779297e-01
2.866836786270141602e-01
2.999916672706604004e-01
2.745167315006256104e-01
3.403205275535583496e-01
2.907518446445465088e-01
2.472050786018371582e-01
3.114344477653503418e-01
2.519637048244476318e-01
2.371245771646499634e-01
3.033724129199981689e-01
3.361879587173461914e-01
2.736829221248626709e-01
2.470277398824691772e-01
2.992505133152008057e-01
3.066747188568115234e-01
2.590781748294830322e-01
2.838300466537475586e-01
3.613792061805725098e-01
2.708205282688140869e-01
2.264413386583328247e-01
3.132659494876861572e-01
4.277328252792358398e-01
2.559260427951812744e-01
3.334535360336303711e-01
5.666859149932861328e-01
4.535446166992187500e-01
3.840712010860443115e-01
4.828583002090454102e-01
6.246771216392517090e-01
4.771647453308105469e-01
1.622674465179443359e+00
1.562415719032287598e+00
1.497503042221069336e+00
1.785654425621032715e+00
2.588026285171508789e+00
2.354822874069213867e+00
1.976903796195983887e+00
2.019037723541259766e+00
2.493688583374023438e+00
2.187274694442749023e+00
1.826415300369262695e+00
2.006605625152587891e+00
2.236210823059082031e+00
1.725584030151367188e+00
1.756379485130310059e+00
1.826515913009643555e+00
2.564208030700683594e+00
1.597811102867126465e+00
1.760774850845336914e+00
2.517112493515014648e+00
1.685815095901489258e+00
1.840736865997314453e+00
1.926715731620788574e+00
9.392400979995727539e-01
1.044664740562438965e+00
1.324423909187316895e+00
1.955699324607849121e+00
9.136097431182861328e-01
1.219519734382629395e+00
1.037915349006652832e+00
9.033966064453125000e-01
2.088473558425903320e+00
1.397148370742797852e+00
2.070772409439086914e+00
1.502403616905212402e+00
2.260844707489013672e+00
2.828799247741699219e+00
1.559956789016723633e+00
5.861164927482604980e-01
5.017781853675842285e-01
7.832136750221252441e-01
6.691324710845947266e-01
7.232794761657714844e-01
1.804928183555603027e+00
2.020332813262939453e+00
4.030576944351196289e-01
4.229796826839447021e-01
5.757714509963989258e-01
6.084080338478088379e-01
8.191915154457092285e-01
1.116085052490234375e+00
5.270527601242065430e-01
4.724549055099487305e-01
4.808614850044250488e-01
5.058515667915344238e-01
5.259410142898559570e-01
5.304441452026367188e-01
5.735858082771301270e-01
5.911349058151245117e-01
5.685001611709594727e-01
4.835026860237121582e-01
5.591992139816284180e-01
1.426588177680969238e+00
5.277903676033020020e-01
8.439844846725463867e-01
9.677821993827819824e-01
8.084084987640380859e-01
2.515098333358764648e+00
2.391335964202880859e+00
2.717619419097900391e+00
2.922858715057373047e+00
2.795471429824829102e+00
2.573666572570800781e+00
2.961690425872802734e+00
2.789293527603149414e+00
2.886101722717285156e+00
2.927589416503906250e+00
2.432974815368652344e+00
2.985613822937011719e+00
2.234208106994628906e+00
2.324183225631713867e+00
2.593007087707519531e+00
2.491119146347045898e+00
2.657605171203613281e+00
2.652547597885131836e+00
2.601563215255737305e+00
4.140470981597900391e+00
4.128728389739990234e+00
4.235853195190429688e+00
3.891095399856567383e+00
3.298080682754516602e+00
2.637937545776367188e+00
2.657042264938354492e+00
2.537002563476562500e+00
2.692802667617797852e+00
2.415282964706420898e+00
2.452172517776489258e+00
2.205346822738647461e+00
2.192944288253784180e+00
2.257494688034057617e+00
2.151969432830810547e+00
2.218197107315063477e+00
2.005969285964965820e+00
1.848823666572570801e+00
5.715774893760681152e-01
7.581129074096679688e-01
9.468416571617126465e-01
1.007541418075561523e+00
7.385960221290588379e-01
1.171544432640075684e+00
1.094211220741271973e+00
8.154155611991882324e-01
6.031215190887451172e-01
6.119951605796813965e-01
4.980230331420898438e-01
4.269617795944213867e-01
3.044685125350952148e-01
2.387982159852981567e-01
4.475643634796142578e-01
3.113048076629638672e-01
2.521950304508209229e-01
3.081395030021667480e-01
4.922691881656646729e-01
2.604020833969116211e-01
3.020761907100677490e-01
2.988401949405670166e-01
4.899314045906066895e-01
2.460308372974395752e-01
2.962266802787780762e-01
3.562116324901580811e-01
4.087819755077362061e-01
2.444005012512207031e-01
3.468311727046966553e-01
3.477499485015869141e-01
3.647922575473785400e-01
3.197579681873321533e-01
3.743969202041625977e-01
4.345622360706329346e-01
3.438829779624938965e-01
2.560047209262847900e-01
3.667279481887817383e-01
4.548150599002838135e-01
5.088019371032714844e-01
4.070274531841278076e-01
5.148553848266601562e-01
6.081895828247070312e-01
4.980868995189666748e-01
4.368599951267242432e-01
1.818929195404052734e+00
2.482641696929931641e+00
2.878428936004638672e+00
2.413568496704101562e+00
2.430139064788818359e+00
2.656454801559448242e+00
2.640995502471923828e+00
2.943658113479614258e+00
2.168925523757934570e+00
2.451831579208374023e+00
1.757237672805786133e+00
3.198194026947021484e+00
2.137612104415893555e+00
1.699722886085510254e+00
1.390190362930297852e+00
1.588188290596008301e+00
1.420358657836914062e+00
1.422792911529541016e+00
1.831261634826660156e+00
5.318702697753906250e+00
4.237913131713867188e+00
3.293888807296752930e+00
2.742275953292846680e+00
1.797172307968139648e+00
1.846298933029174805e+00
1.488369822502136230e+00
3.071421861648559570e+00
4.298017024993896484e+00
3.051200389862060547e+00
2.828060150146484375e+00
2.781024694442749023e+00
1.508375048637390137e+00
1.334152102470397949e+00
1.542153835296630859e+00
1.712252736091613770e+00
1.444288015365600586e+00
1.448231697082519531e+00
1.589280366897583008e+00
1.819339156150817871e+00
1.664487838745117188e+00
1.614535689353942871e+00
2.961045265197753906e+00
2.779869794845581055e+00
3.061064720153808594e+00
2.826053619384765625e+00
2.121852636337280273e+00
1.328303456306457520e+00
1.437748789787292480e+00
1.461723685264587402e+00
2.164702892303466797e+00
1.786828756332397461e+00
1.480253696441650391e+00
1.620859384536743164e+00
1.398629903793334961e+00
1.558015346527099609e+00
1.637601852416992188e+00
1.624600887298583984e+00
1.550665616989135742e+00
1.652519106864929199e+00
1.690491795539855957e+00
1.745605468750000000e+00
1.759931206703186035e+00
1.685344815254211426e+00
1.006031513214111328e+00
8.139373064041137695e-01
1.712331056594848633e+00
1.692162990570068359e+00
1.661644339561462402e+00
2.138954639434814453e+00
1.934542536735534668e+00
1.956643939018249512e+00
1.489754796028137207e+00
1.742988109588623047e+00
1.790608525276184082e+00
1.510108470916748047e+00
1.340115666389465332e+00
1.202728509902954102e+00
1.191004753112792969e+00
4.139794111251831055e-01
4.352359771728515625e-01
5.033961534500122070e-01
7.806771993637084961e-01
4.566731750965118408e-01
3.470074236392974854e-01
3.675877749919891357e-01
6.335340142250061035e-01
4.635004103183746338e-01
4.845747053623199463e-01
3.378070592880249023e-01
4.473489224910736084e-01
6.769086718559265137e-01
1.000456094741821289e+00
2.665196657180786133e-01
3.886541426181793213e-01
6.915624737739562988e-01
3.750939667224884033e-01
4.135013818740844727e-01
4.325084388256072998e-01
1.477872967720031738e+00
1.469022035598754883e+00
1.534589052200317383e+00
1.273832201957702637e+00
1.342814207077026367e+00
3.330462276935577393e-01
8.552765250205993652e-01
8.308261632919311523e-01
5.050070285797119141e-01
9.968779683113098145e-01
7.590684294700622559e-01
4.202291071414947510e-01
4.696561098098754883e-01
4.808337986469268799e-01
4.476504325866699219e-01
3.998817205429077148e-01
4.039159119129180908e-01
3.412521779537200928e-01
3.669052720069885254e-01
3.650318086147308350e-01
3.954553306102752686e-01
3.809761106967926025e-01
3.539187908172607422e-01
3.445276618003845215e-01
3.997150659561157227e-01
3.971881568431854248e-01
3.502667248249053955e-01
5.516456365585327148e-01
3.849757313728332520e-01
4.604653120040893555e-01
3.648832738399505615e-01
3.664374053478240967e-01
3.745580911636352539e-01
5.234752297401428223e-01
4.387833476066589355e-01
4.463303685188293457e-01
4.307555556297302246e-01
5.203181505203247070e-01
3.781027197837829590e-01
4.393301606178283691e-01
3.679131269454956055e-01
3.831206262111663818e-01
1.344785809516906738e+00
1.442560076713562012e+00
1.333974003791809082e+00
1.275129795074462891e+00
1.321453809738159180e+00
1.940495371818542480e-01
4.801162183284759521e-01
1.366593003273010254e+00
4.102522134780883789e-01
4.097980558872222900e-01
1.598451852798461914e+00
7.846482992172241211e-01
9.048770070075988770e-01
8.944316506385803223e-01
9.229748845100402832e-01
9.052996635437011719e-01
1.092850089073181152e+00
1.208942890167236328e+00
1.102617502212524414e+00
1.390936255455017090e+00
9.411686658859252930e-01
1.084241747856140137e+00
1.116518974304199219e+00
1.169784903526306152e+00
1.123708844184875488e+00
1.138159871101379395e+00
1.545487165451049805e+00
1.951945304870605469e+00
1.764499902725219727e+00
1.837135791778564453e+00
2.213265895843505859e+00
3.066862344741821289e+00
1.860386729240417480e+00
1.908532857894897461e+00
3.031257629394531250e+00
2.649120807647705078e+00
2.865396738052368164e+00
2.494012355804443359e+00
1.944657802581787109e+00
1.789833426475524902e+00
5.637813210487365723e-01
1.070651173591613770e+00
8.626848459243774414e-01
6.445091962814331055e-01
6.229861974716186523e-01
2.034447908401489258e+00
1.573249459266662598e+00
2.901322126388549805e+00
2.407302141189575195e+00
1.630811095237731934e+00
1.632911801338195801e+00
1.008844494819641113e+00
1.217001080513000488e+00
2.034396648406982422e+00
2.978607177734375000e+00
2.671725511550903320e+00
3.058509588241577148e+00
3.647187471389770508e+00
1.486642956733703613e+00
1.758623719215393066e+00
2.073828935623168945e+00
2.052706241607666016e+00
2.403492927551269531e+00
2.878000497817993164e+00
4.092772960662841797e+00
3.115894794464111328e+00
2.523887634277343750e+00
2.555856227874755859e+00
2.378200292587280273e+00
2.252119302749633789e+00
2.320353507995605469e+00
2.548914432525634766e+00
2.146703958511352539e+00
1.266095876693725586e+00
1.245673060417175293e+00
1.727711319923400879e+00
1.593936920166015625e+00
1.880766987800598145e+00
2.231044769287109375e+00
1.789495110511779785e+00
6.355198621749877930e-01
5.837107300758361816e-01
1.699561953544616699e+00
2.741698741912841797e+00
2.450678825378417969e+00
2.245461463928222656e+00
2.347674608230590820e+00
1.538997054100036621e+00
1.332479357719421387e+00
1.206817507743835449e+00
1.432455182075500488e+00
1.060809373855590820e+00
9.557586312294006348e-01
7.814419269561767578e-01
5.460745692253112793e-01
6.983357071876525879e-01
6.127768754959106445e-01
5.964354276657104492e-01
5.320816040039062500e-01
6.073069572448730469e-01
6.003426909446716309e-01
4.134172201156616211e-01
3.391443789005279541e-01
3.804553151130676270e-01
3.727717995643615723e-01
2.726767361164093018e-01
2.526966333389282227e-01
3.476252257823944092e-01
3.019824624061584473e-01
1.043810606002807617e+00
1.306328535079956055e+00
1.412442803382873535e+00
6.250452399253845215e-01
2.134869247674942017e-01
3.055150210857391357e-01
2.836414575576782227e-01
3.920463621616363525e-01
2.604618072509765625e-01
2.409071326255798340e-01
3.451608121395111084e-01
4.006642699241638184e-01
4.210653901100158691e-01
3.973084986209869385e-01
3.939850628376007080e-01
4.399649798870086670e-01
4.245804250240325928e-01
3.651768267154693604e-01
3.609151542186737061e-01
3.984953463077545166e-01
4.560126066207885742e-01
3.634532988071441650e-01
4.153989553451538086e-01
3.749015331268310547e-01
3.640604317188262939e-01
3.597217202186584473e-01
3.902989923954010010e-01
4.641067087650299072e-01
4.719341099262237549e-01
3.864048719406127930e-01
3.224685192108154297e-01
4.112271964550018311e-01
4.081087708473205566e-01
3.452438712120056152e-01
3.246040344238281250e-01
3.711853325366973877e-01
4.187588393688201904e-01
4.560600221157073975e-01
4.626293182373046875e-01
1.836007356643676758e+00
1.937393665313720703e+00
2.275662660598754883e+00
2.742409229278564453e+00
2.282368421554565430e+00
2.539756298065185547e+00
2.534493207931518555e+00
2.479340076446533203e+00
2.237492561340332031e+00
2.388774394989013672e+00
1.946460366249084473e+00
1.743099451065063477e+00
2.507295131683349609e+00
2.796306371688842773e+00
1.388902068138122559e+00
1.683400869369506836e+00
1.769291162490844727e+00
1.482231140136718750e+00
1.246338009834289551e+00
1.498309731483459473e+00
2.864830970764160156e+00
2.362921953201293945e+00
1.249216318130493164e+00
1.245099425315856934e+00
1.622202157974243164e+00
1.337830066680908203e+00
1.246518731117248535e+00
1.496636629104614258e+00
1.415466070175170898e+00
1.422439932823181152e+00
1.353035807609558105e+00
1.352916121482849121e+00
1.454946517944335938e+00
1.404154539108276367e+00
1.793995261192321777e+00
1.886617660522460938e+00
1.028645873069763184e+00
7.533795237541198730e-01
1.199797868728637695e+00
6.782106161117553711e-01
9.889543652534484863e-01
1.042569279670715332e+00
1.243171334266662598e+00
1.210359454154968262e+00
1.188266515731811523e+00
8.917106986045837402e-01
1.174788832664489746e+00
1.449793219566345215e+00
1.647213697433471680e+00
1.609216809272766113e+00
1.858816981315612793e+00
2.390544891357421875e+00
1.690587162971496582e+00
1.627792477607727051e+00
1.941406250000000000e+00
7.213152647018432617e-01
1.066470861434936523e+00
1.334086894989013672e+00
1.194413423538208008e+00
1.535009980201721191e+00
1.915736198425292969e+00
2.840975522994995117e+00
2.744629144668579102e+00
2.987282276153564453e+00
2.894249200820922852e+00
2.020367860794067383e+00
1.654561638832092285e+00
2.090834379196166992e+00
2.494636535644531250e+00
2.533902645111083984e+00
2.393262147903442383e+00
2.554053783416748047e+00
2.468255519866943359e+00
3.051966905593872070e+00
2.736739397048950195e+00
2.947118282318115234e+00
2.488795995712280273e+00
2.838083982467651367e+00
1.782120823860168457e+00
2.471403598785400391e+00
3.656004428863525391e+00
1.720354795455932617e+00
1.898859143257141113e+00
1.051580190658569336e+00
1.120983242988586426e+00
9.862862825393676758e-01
1.127493023872375488e+00
2.019531250000000000e+00
2.368212699890136719e+00
7.599430680274963379e-01
6.780236959457397461e-01
3.403111994266510010e-01
3.555754423141479492e-01
4.505794346332550049e-01
4.364784657955169678e-01
3.334149122238159180e-01
2.512729763984680176e-01
3.518874645233154297e-01
2.947424352169036865e-01
9.325573444366455078e-01
9.080211520195007324e-01
8.508218526840209961e-01
7.625004053115844727e-01
6.825698614120483398e-01
6.946679949760437012e-01
7.042529582977294922e-01
8.994895815849304199e-01
8.183892369270324707e-01
8.498233556747436523e-01
1.116077661514282227e+00
1.504646301269531250e+00
1.459074497222900391e+00
8.016692399978637695e-01
2.003568112850189209e-01
2.778415381908416748e-01
3.422690927982330322e-01
3.289583325386047363e-01
2.559586763381958008e-01
2.984580993652343750e-01
3.694305419921875000e-01
3.440329134464263916e-01
3.088683485984802246e-01
3.529098331928253174e-01
4.127273261547088623e-01
3.618248701095581055e-01
3.339847624301910400e-01
3.380921185016632080e-01
4.588610231876373291e-01
4.323152005672454834e-01
4.077836871147155762e-01
3.993061184883117676e-01
4.649098217487335205e-01
4.015983939170837402e-01
5.568411350250244141e-01
4.780073165893554688e-01
5.119373202323913574e-01
4.608301520347595215e-01
5.659324526786804199e-01
5.480473041534423828e-01
4.498845934867858887e-01
3.932869434356689453e-01
4.456404447555541992e-01
4.165479838848114014e-01
5.163179636001586914e-01
1.422531962394714355e+00
1.866976022720336914e+00
2.182434082031250000e+00
2.040383100509643555e+00
2.375688791275024414e+00
1.809408068656921387e+00
2.094587326049804688e+00
1.800469756126403809e+00
1.688491106033325195e+00
1.645320415496826172e+00
1.708380222320556641e+00
1.650148391723632812e+00
1.774015426635742188e+00
8.960438966751098633e-01
7.885438203811645508e-01
1.183038949966430664e+00
1.072497248649597168e+00
1.140393495559692383e+00
7.671318054199218750e-01
3.910774290561676025e-01
3.812822699546813965e-01
3.653607368469238281e-01
3.854811787605285645e-01
5.599330067634582520e-01
6.023707389831542969e-01
8.788428902626037598e-01
5.633729100227355957e-01
1.530967116355895996e+00
1.552541017532348633e+00
1.687010169029235840e+00
1.025131940841674805e+00
9.727132320404052734e-01
1.263620138168334961e+00
1.818046569824218750e+00
1.052678227424621582e+00
5.895851850509643555e-01
1.427143216133117676e+00
1.882006168365478516e+00
1.946111083030700684e+00
1.959222912788391113e+00
2.458416700363159180e+00
2.258384227752685547e+00
2.224536180496215820e+00
2.284096240997314453e+00
1.931014418601989746e+00
1.667319774627685547e+00
1.489989399909973145e+00
2.526671409606933594e+00
2.402392625808715820e+00
2.524543762207031250e+00
2.982706785202026367e+00
2.751684427261352539e+00
1.112066507339477539e+00
1.226286172866821289e+00
1.734174013137817383e+00
2.525878906250000000e+00
2.286134481430053711e+00
2.835523843765258789e+00
3.577214479446411133e+00
4.086190700531005859e+00
2.706048727035522461e+00
2.793389558792114258e+00
3.577105760574340820e+00
3.109981536865234375e+00
2.598188400268554688e+00
1.885147333145141602e+00
2.226221323013305664e+00
1.684801816940307617e+00
1.840288996696472168e+00
1.929499387741088867e+00
1.915912628173828125e+00
1.952963352203369141e+00
1.845406770706176758e+00
2.593774795532226562e+00
2.567451715469360352e+00
2.829335212707519531e+00
2.355087995529174805e+00
1.889386534690856934e+00
1.877858877182006836e+00
1.947435021400451660e+00
1.910216927528381348e+00
1.873008966445922852e+00
1.869056224822998047e+00
1.914285063743591309e+00
1.822854757308959961e+00
1.886386871337890625e+00
1.963304162025451660e+00
1.731786251068115234e+00
1.855271458625793457e+00
1.936542034149169922e+00
1.722702145576477051e+00
1.627686858177185059e+00
1.798877000808715820e+00
1.825035810470581055e+00
1.674828410148620605e+00
1.834184288978576660e+00
2.005626201629638672e+00
1.854749679565429688e+00
1.768837690353393555e+00
1.936439037322998047e+00
1.805451154708862305e+00
1.856905102729797363e+00
2.028662204742431641e+00
2.080423831939697266e+00
1.865640401840209961e+00
2.762811183929443359e+00
1.841776013374328613e+00
1.776787996292114258e+00
1.664916276931762695e+00
2.004165172576904297e+00
1.996635079383850098e+00
1.749329328536987305e+00
1.676289677619934082e+00
1.742434501647949219e+00
1.615626335144042969e+00
1.619055032730102539e+00
1.813227057456970215e+00
1.728434085845947266e+00
8.112991452217102051e-01
6.116144061088562012e-01
7.668980360031127930e-01
5.787210464477539062e-01
5.969184041023254395e-01
1.450568675994873047e+00
1.395391106605529785e+00
3.514604270458221436e-01
3.768106400966644287e-01
4.308164119720458984e-01
4.234604537487030029e-01
3.752337396144866943e-01
8.139518499374389648e-01
4.480793774127960205e-01
3.603705167770385742e-01
3.949931859970092773e-01
5.291888117790222168e-01
3.930314779281616211e-01
4.065993130207061768e-01
4.404750764369964600e-01
4.033219218254089355e-01
3.728581368923187256e-01
3.836910426616668701e-01
3.808886706829071045e-01
3.850960731506347656e-01
3.971761167049407959e-01
3.474007546901702881e-01
3.416852653026580811e-01
3.765242099761962891e-01
3.503322303295135498e-01
3.068156242370605469e-01
3.608934879302978516e-01
3.894451856613159180e-01
3.580176532268524170e-01
2.802185118198394775e-01
3.329398930072784424e-01
4.181391298770904541e-01
1.411057472229003906e+00
9.307376146316528320e-01
3.870372176170349121e-01
6.166257262229919434e-01
1.407647132873535156e+00
1.112406969070434570e+00
1.550083756446838379e+00
1.728778600692749023e+00
1.831138849258422852e+00
1.438356757164001465e+00
1.374251008033752441e+00
1.378814816474914551e+00
1.120833754539489746e+00
4.650696218013763428e-01
5.896084904670715332e-01
6.375175118446350098e-01
5.293009281158447266e-01
5.968994498252868652e-01
6.082701683044433594e-01
2.254366874694824219e+00
1.943167567253112793e+00
1.619961977005004883e+00
1.760670185089111328e+00
1.634377956390380859e+00
1.383901715278625488e+00
6.878712177276611328e-01
1.137991786003112793e+00
1.084483742713928223e+00
1.122080683708190918e+00
1.197952866554260254e+00
1.900541305541992188e+00
1.657617092132568359e+00
1.773331284523010254e+00
1.935495853424072266e+00
1.709518313407897949e+00
1.828525066375732422e+00
1.377211809158325195e+00
9.133778810501098633e-01
2.018580913543701172e+00
3.560661554336547852e+00
3.871025800704956055e+00
2.960628032684326172e+00
3.675677299499511719e+00
3.867998123168945312e+00
3.707421302795410156e+00
3.660426855087280273e+00
2.580211400985717773e+00
2.493022203445434570e+00
2.738168954849243164e+00
2.512300491333007812e+00
2.368418693542480469e+00
2.543244361877441406e+00
2.401115894317626953e+00
2.368573427200317383e+00
2.400887250900268555e+00
2.642184495925903320e+00
2.792706489562988281e+00
2.568603754043579102e+00
2.609349727630615234e+00
2.626765251159667969e+00
2.422107934951782227e+00
1.963428854942321777e+00
1.934120178222656250e+00
1.941518664360046387e+00
2.154277801513671875e+00
1.253208279609680176e+00
9.776551723480224609e-01
1.171273589134216309e+00
2.008269071578979492e+00
1.956311106681823730e+00
2.804520130157470703e+00
3.047113180160522461e+00
2.084021568298339844e+00
2.722954511642456055e+00
2.858823537826538086e+00
2.878068685531616211e+00
2.407821655273437500e+00
1.917117834091186523e+00
3.267597675323486328e+00
2.938434362411499023e+00
1.382670760154724121e+00
1.438115000724792480e+00
1.279967665672302246e+00
9.375362992286682129e-01
7.429435253143310547e-01
9.997017383575439453e-01
6.069728732109069824e-01
4.938348233699798584e-01
5.406025052070617676e-01
4.262507855892181396e-01
3.528780341148376465e-01
2.942372560501098633e-01
3.126136064529418945e-01
2.722685933113098145e-01
3.665344417095184326e-01
2.388908714056015015e-01
2.145909816026687622e-01
2.473317086696624756e-01
2.454609870910644531e-01
1.900120824575424194e-01
2.380548715591430664e-01
3.241153061389923096e-01
3.031314611434936523e-01
4.068430066108703613e-01
4.213397502899169922e-01
4.263234138488769531e-01
4.058995544910430908e-01
3.484930396080017090e-01
4.159726500511169434e-01
3.991567492485046387e-01
2.617023885250091553e-01
3.215889334678649902e-01
3.543107509613037109e-01
3.281143903732299805e-01
2.754555344581604004e-01
1.425091505050659180e+00
1.306751728057861328e+00
1.266403079032897949e+00
3.908987045288085938e-01
2.372125685214996338e-01
3.308351039886474609e-01
3.425273001194000244e-01
3.764641582965850830e-01
3.480991423130035400e-01
4.883235394954681396e-01
4.254427254199981689e-01
4.886368215084075928e-01
5.102996230125427246e-01
6.057846546173095703e-01
5.103382468223571777e-01
4.687924087047576904e-01
4.796324372291564941e-01
6.369901299476623535e-01
2.234419345855712891e+00
1.931548833847045898e+00
1.912385344505310059e+00
1.866986513137817383e+00
2.216746330261230469e+00
2.258039951324462891e+00
3.981978654861450195e+00
2.994510889053344727e+00
1.570800900459289551e+00
2.534417867660522461e+00
1.686065077781677246e+00
1.246953129768371582e+00
1.482855796813964844e+00
1.704298615455627441e+00
1.345470190048217773e+00
1.395492553710937500e+00
1.494895815849304199e+00
1.323944449424743652e+00
1.391664266586303711e+00
1.388208627700805664e+00
1.206308722496032715e+00
1.254292130470275879e+00
1.359043598175048828e+00
1.244317889213562012e+00
1.180421113967895508e+00
1.207529902458190918e+00
1.332741975784301758e+00
1.308030128479003906e+00
1.154669523239135742e+00
1.183297395706176758e+00
1.440867781639099121e+00
2.556852817535400391e+00
4.062091350555419922e+00
3.135270595550537109e+00
3.235540151596069336e+00
2.362359285354614258e+00
2.267174243927001953e+00
1.450047373771667480e+00
2.847353935241699219e+00
3.191687107086181641e+00
3.071900844573974609e+00
3.149865388870239258e+00
2.663104772567749023e+00
7.627215981483459473e-01
5.894042849540710449e-01
5.892373323440551758e-01
5.247843265533447266e-01
5.442951321601867676e-01
6.389842033386230469e-01
6.771156191825866699e-01
4.498311281204223633e-01
2.688686847686767578e-01
2.816471159458160400e-01
4.142894148826599121e-01
4.365028440952301025e-01
4.034981727600097656e-01
4.272421896457672119e-01
7.251392006874084473e-01
4.630963802337646484e-01
8.379746079444885254e-01
7.328216433525085449e-01
7.031236290931701660e-01
1.284027934074401855e+00
8.613302111625671387e-01
8.575816750526428223e-01
8.991716504096984863e-01
1.053963780403137207e+00
1.212264657020568848e+00
1.196459054946899414e+00
1.219974517822265625e+00
1.137174963951110840e+00
1.635711908340454102e+00
1.779036641120910645e+00
1.618781447410583496e+00
1.551818490028381348e+00
1.589251041412353516e+00
1.613738298416137695e+00
2.375342369079589844e+00
1.157359838485717773e+00
2.364620447158813477e+00
2.455580234527587891e+00
2.914541244506835938e+00
2.455524206161499023e+00
3.672542095184326172e+00
3.227465152740478516e+00
1.543894052505493164e+00
1.493646502494812012e+00
1.566874146461486816e+00
1.220775723457336426e+00
1.452857971191406250e+00
1.653208971023559570e+00
2.895579099655151367e+00
2.350783824920654297e+00
8.673412203788757324e-01
1.129260659217834473e+00
1.075048804283142090e+00
6.006686091423034668e-01
7.640846967697143555e-01
1.121624588966369629e+00
8.439754247665405273e-01
2.420736849308013916e-01
3.295717835426330566e-01
2.490522265434265137e-01
4.524813890457153320e-01
4.085761010646820068e-01
3.802955150604248047e-01
3.721857666969299316e-01
2.750315070152282715e-01
2.748785614967346191e-01
2.922533452510833740e-01
2.690191566944122314e-01
2.694977223873138428e-01
3.396728336811065674e-01
2.522959113121032715e-01
2.641423940658569336e-01
3.516328334808349609e-01
3.852506577968597412e-01
9.726762175559997559e-01
1.552640557289123535e+00
1.314103841781616211e+00
1.308717846870422363e+00
6.181192994117736816e-01
2.286384999752044678e-01
2.672465741634368896e-01
2.786430120468139648e-01
2.209936380386352539e-01
2.845366597175598145e-01
3.044948279857635498e-01
2.752373516559600830e-01
3.744484484195709229e-01
4.342218041419982910e-01
3.835419416427612305e-01
3.032567203044891357e-01
3.307588994503021240e-01
4.165309965610504150e-01
4.589914977550506592e-01
3.848855495452880859e-01
4.015186429023742676e-01
4.434131383895874023e-01
4.914041161537170410e-01
4.678684175014495850e-01
4.241997003555297852e-01
5.343738794326782227e-01
1.831312656402587891e+00
2.132365703582763672e+00
2.730243921279907227e+00
2.511687278747558594e+00
2.558143377304077148e+00
2.664159059524536133e+00
2.261780738830566406e+00
2.326819896697998047e+00
1.911908864974975586e+00
2.374177455902099609e+00
1.748340964317321777e+00
1.423913717269897461e+00
1.415591359138488770e+00
1.540797591209411621e+00
1.544110655784606934e+00
1.505363345146179199e+00
1.403053283691406250e+00
1.390102624893188477e+00
1.804488301277160645e+00
1.808514475822448730e+00
1.438761949539184570e+00
1.310072898864746094e+00
1.542098760604858398e+00
1.568790078163146973e+00
1.706533074378967285e+00
1.492337107658386230e+00
1.441576600074768066e+00
1.300089240074157715e+00
1.399586200714111328e+00
1.114161729812622070e+00
2.812921702861785889e-01
7.005509734153747559e-01
3.314142525196075439e-01
3.936758637428283691e-01
3.754689097404479980e-01
3.688286244869232178e-01
3.384774923324584961e-01
5.406997799873352051e-01
4.590964615345001221e-01
4.537861049175262451e-01
3.972284495830535889e-01
4.060670137405395508e-01
4.969148635864257812e-01
3.571224510669708252e-01
2.949274480342864990e-01
3.081564903259277344e-01
3.287039697170257568e-01
3.027096390724182129e-01
2.441919147968292236e-01
3.095785379409790039e-01
3.676351904869079590e-01
3.467006981372833252e-01
2.652925252914428711e-01
3.265588879585266113e-01
3.354944884777069092e-01
3.396843373775482178e-01
2.651302516460418701e-01
3.071530461311340332e-01
3.632485270500183105e-01
3.613367080688476562e-01
3.556551933288574219e-01
1.560699820518493652e+00
6.907435059547424316e-01
1.161546111106872559e+00
1.249038457870483398e+00
1.245103001594543457e+00
1.107595682144165039e+00
2.180398702621459961e+00
2.261201143264770508e+00
2.355877637863159180e+00
2.531783342361450195e+00
1.947736501693725586e+00
1.981015324592590332e+00
2.543404102325439453e+00
2.124228000640869141e+00
1.937855005264282227e+00
2.098387002944946289e+00
2.040683031082153320e+00
1.917493700981140137e+00
2.817147493362426758e+00
2.181762456893920898e+00
1.710679888725280762e+00
1.848907232284545898e+00
2.009280443191528320e+00
2.612371921539306641e+00
2.609071016311645508e+00
2.941016674041748047e+00
2.526391506195068359e+00
2.503683328628540039e+00
2.487816572189331055e+00
2.518404006958007812e+00
2.273391485214233398e+00
1.531411409378051758e+00
9.140601158142089844e-01
9.445841908454895020e-01
8.793176412582397461e-01
6.675627231597900391e-01
7.924965620040893555e-01
6.740884780883789062e-01
8.534263372421264648e-01
6.572467684745788574e-01
3.232231140136718750e-01
3.290657997131347656e-01
6.215329170227050781e-01
4.933480322360992432e-01
3.514990508556365967e-01
3.284756541252136230e-01
3.527410030364990234e-01
4.740060269832611084e-01
3.561962842941284180e-01
3.068912625312805176e-01
2.833887338638305664e-01
3.159724175930023193e-01
2.969741225242614746e-01
2.261836826801300049e-01
2.936583757400512695e-01
3.497078418731689453e-01
3.917919993400573730e-01
2.458883076906204224e-01
3.220135271549224854e-01
3.428666293621063232e-01
4.372640252113342285e-01
2.832023501396179199e-01
2.934045493602752686e-01
3.495028018951416016e-01
4.012483954429626465e-01
3.402832448482513428e-01
3.670628964900970459e-01
3.831669688224792480e-01
3.996917903423309326e-01
5.127873420715332031e-01
3.744281828403472900e-01
4.340875148773193359e-01
1.450835943222045898e+00
1.597031474113464355e+00
1.395604610443115234e+00
1.276669144630432129e+00
5.409061908721923828e-01
3.856530189514160156e-01
4.882070422172546387e-01
4.121196568012237549e-01
4.445495605468750000e-01
5.044462680816650391e-01
4.677557647228240967e-01
6.850268840789794922e-01
2.176805257797241211e+00
2.442510604858398438e+00
2.327920198440551758e+00
2.303117752075195312e+00
2.445052146911621094e+00
2.770499467849731445e+00
2.956264972686767578e+00
2.466501951217651367e+00
1.774181008338928223e+00
1.600478529930114746e+00
1.585664629936218262e+00
1.404256820678710938e+00
1.481179356575012207e+00
1.456820607185363770e+00
1.373374462127685547e+00
1.310979962348937988e+00
1.355523586273193359e+00
1.274687170982360840e+00
1.309767007827758789e+00
1.247102737426757812e+00
1.312851786613464355e+00
1.334028840065002441e+00
1.566817402839660645e+00
1.365544080734252930e+00
1.384126543998718262e+00
1.397414565086364746e+00
1.377764701843261719e+00
1.291993737220764160e+00
1.363743543624877930e+00
1.416092038154602051e+00
1.417408347129821777e+00
1.341137290000915527e+00
1.455492615699768066e+00
1.562759995460510254e+00
1.397206187248229980e+00
1.387243866920471191e+00
1.876274228096008301e+00
1.353443741798400879e+00
1.361066937446594238e+00
1.100084066390991211e+00
3.231655657291412354e-01
3.926370441913604736e-01
3.501417338848114014e-01
2.831220328807830811e-01
3.030366301536560059e-01
3.827939033508300781e-01
3.013421595096588135e-01
2.228309214115142822e-01
3.177581429481506348e-01
3.737843036651611328e-01
2.678723335266113281e-01
2.059519737958908081e-01
2.967471778392791748e-01
4.051740169525146484e-01
1.312347412109375000e+00
8.858833909034729004e-01
9.042125940322875977e-01
9.662253260612487793e-01
1.068174719810485840e+00
9.023958444595336914e-01
9.181773066520690918e-01
9.174600243568420410e-01
9.601828455924987793e-01
1.223449826240539551e+00
1.209355950355529785e+00
1.168669342994689941e+00
1.217537522315979004e+00
1.208748221397399902e+00
1.476976633071899414e+00
1.723412871360778809e+00
2.015957593917846680e+00
1.801714658737182617e+00
1.899746417999267578e+00
1.806720495223999023e+00
1.348748922348022461e+00
1.307156562805175781e+00
2.623693704605102539e+00
2.306424140930175781e+00
2.862892389297485352e+00
4.442755222320556641e+00
3.090896368026733398e+00
2.465195417404174805e+00
2.703346729278564453e+00
1.739664435386657715e+00
1.054912447929382324e+00
1.187964558601379395e+00
1.793174624443054199e+00
2.750621318817138672e+00
1.598697781562805176e+00
1.382644176483154297e+00
1.557031273841857910e+00
1.234208345413208008e+00
1.222758173942565918e+00
1.279119849205017090e+00
1.016258001327514648e+00
9.413197040557861328e-01
1.037758588790893555e+00
8.633396625518798828e-01
8.289943337440490723e-01
6.891827583312988281e-01
6.811794042587280273e-01
6.759493350982666016e-01
6.692218780517578125e-01
3.380614221096038818e-01
4.570437669754028320e-01
5.501739978790283203e-01
5.394132137298583984e-01
3.534564077854156494e-01
5.099904537200927734e-01
3.359489440917968750e-01
4.678198993206024170e-01
3.962321281433105469e-01
3.966736793518066406e-01
3.124754726886749268e-01
3.946110904216766357e-01
4.641247987747192383e-01
3.654032349586486816e-01
3.296794891357421875e-01
4.001317024230957031e-01
5.024168491363525391e-01
5.405101180076599121e-01
1.574966907501220703e+00
1.231345176696777344e+00
1.474308848381042480e+00
1.341476082801818848e+00
3.861834108829498291e-01
4.165191948413848877e-01
7.190142273902893066e-01
6.089619994163513184e-01
5.608594417572021484e-01
6.013708114624023438e-01
5.907388329505920410e-01
5.950712561607360840e-01
4.504826664924621582e-01
4.097695350646972656e-01
4.849022328853607178e-01
4.810248613357543945e-01
6.163225769996643066e-01
4.215118885040283203e-01
3.980841934680938721e-01
4.415544867515563965e-01
5.935157537460327148e-01
5.785261392593383789e-01
6.086251139640808105e-01
2.165423393249511719e+00
2.657029628753662109e+00
2.696135759353637695e+00
2.524966478347778320e+00
2.529100418090820312e+00
2.677764654159545898e+00
2.668730735778808594e+00
2.263384342193603516e+00
1.943363070487976074e+00
1.353197336196899414e+00
1.533658742904663086e+00
1.532920002937316895e+00
1.397934198379516602e+00
1.347736954689025879e+00
1.307884216308593750e+00
1.348852276802062988e+00
1.297186255455017090e+00
1.322438359260559082e+00
1.243700981140136719e+00
1.340432882308959961e+00
1.309390664100646973e+00
1.230854511260986328e+00
1.139955163002014160e+00
1.245662927627563477e+00
1.307299017906188965e+00
1.280158162117004395e+00
1.237168312072753906e+00
1.247681379318237305e+00
1.304292798042297363e+00
1.334527969360351562e+00
1.266846299171447754e+00
1.332201719284057617e+00
1.385261535644531250e+00
1.346376419067382812e+00
1.331340432167053223e+00
1.367526054382324219e+00
2.618133544921875000e+00
1.410480260848999023e+00
1.229501843452453613e+00
8.600600957870483398e-01
9.574317336082458496e-01
1.301857948303222656e+00
4.914863407611846924e-01
5.039559006690979004e-01
3.575988411903381348e-01
1.113120436668395996e+00
3.164468705654144287e-01
3.487284779548645020e-01
3.382294178009033203e-01
3.610160052776336670e-01
2.737991511821746826e-01
2.739597856998443604e-01
3.697199821472167969e-01
3.094346225261688232e-01
3.532170951366424561e-01
3.676714003086090088e-01
4.516188204288482666e-01
3.522772192955017090e-01
4.921699464321136475e-01
7.126705050468444824e-01
7.563597559928894043e-01
6.231898665428161621e-01
6.130934357643127441e-01
7.657498121261596680e-01
6.337842941284179688e-01
7.913193106651306152e-01
6.630628705024719238e-01
7.952882647514343262e-01
9.891618490219116211e-01
2.839040994644165039e+00
3.525531768798828125e+00
3.000003337860107422e+00
2.996378183364868164e+00
3.186767101287841797e+00
2.388952970504760742e+00
2.431803226470947266e+00
2.871702432632446289e+00
2.852574348449707031e+00
2.576893329620361328e+00
3.567129135131835938e+00
3.037296056747436523e+00
1.588880896568298340e+00
1.809845566749572754e+00
2.049782276153564453e+00
1.892499446868896484e+00
2.730766534805297852e+00
1.430986285209655762e+00
2.875689983367919922e+00
2.599966764450073242e+00
1.157673954963684082e+00
1.313551545143127441e+00
1.752905249595642090e+00
7.931338548660278320e-01
7.683331966400146484e-01
1.225840687751770020e+00
8.166306018829345703e-01
7.963907122611999512e-01
1.019953966140747070e+00
6.671162247657775879e-01
3.145015835762023926e-01
3.204624056816101074e-01
5.961511731147766113e-01
4.413976967334747314e-01
3.458315432071685791e-01
3.633335232734680176e-01
4.024286568164825439e-01
3.217534124851226807e-01
2.650779187679290771e-01
3.268724679946899414e-01
2.794011533260345459e-01
2.683489918708801270e-01
2.571008205413818359e-01
2.725503742694854736e-01
2.303327023983001709e-01
2.244831770658493042e-01
2.900748252868652344e-01
2.209867835044860840e-01
1.460291147232055664e+00
1.203111410140991211e+00
1.104123950004577637e+00
6.345827579498291016e-01
1.719290167093276978e-01
2.878250181674957275e-01
2.504054307937622070e-01
2.670620977878570557e-01
4.040047228336334229e-01
3.340393006801605225e-01
3.358390331268310547e-01
3.982179462909698486e-01
5.240637063980102539e-01
3.401311337947845459e-01
3.222722709178924561e-01
3.968052566051483154e-01
4.015013873577117920e-01
3.473577201366424561e-01
3.829326033592224121e-01
5.715975165367126465e-01
3.899281322956085205e-01
3.720766901969909668e-01
5.000030994415283203e-01
4.568132460117340088e-01
3.731467723846435547e-01
4.890619516372680664e-01
1.744278073310852051e+00
1.867198109626770020e+00
2.220956802368164062e+00
2.407326936721801758e+00
2.651978492736816406e+00
1.832125544548034668e+00
1.814235448837280273e+00
2.046308994293212891e+00
1.898417234420776367e+00
1.703288555145263672e+00
1.598578214645385742e+00
1.493279695510864258e+00
1.389833211898803711e+00
1.272877335548400879e+00
1.490601778030395508e+00
1.342913985252380371e+00
1.355575323104858398e+00
1.321394324302673340e+00
1.341044306755065918e+00
1.227135062217712402e+00
1.323210120201110840e+00
1.343521356582641602e+00
1.320115089416503906e+00
1.334475040435791016e+00
1.348252534866333008e+00
1.332515239715576172e+00
1.204808354377746582e+00
1.343346834182739258e+00
1.345807671546936035e+00
1.273860454559326172e+00
1.365710973739624023e+00
1.391825675964355469e+00
1.372659921646118164e+00
1.400162935256958008e+00
1.412081480026245117e+00
1.489902257919311523e+00
1.312474012374877930e+00
1.379206180572509766e+00
2.410691261291503906e+00
1.506079316139221191e+00
1.467493176460266113e+00
1.535673022270202637e+00
1.680539846420288086e+00
1.349865317344665527e+00
1.402818679809570312e+00
2.185885667800903320e+00
1.734519004821777344e+00
1.273213386535644531e+00
1.339065313339233398e+00
1.486908793449401855e+00
1.300363302230834961e+00
1.827863097190856934e+00
1.792734742164611816e+00
1.665406346321105957e+00
1.754883170127868652e+00
1.778202056884765625e+00
1.810433745384216309e+00
1.854539632797241211e+00
1.622249126434326172e+00
1.783381104469299316e+00
1.119654417037963867e+00
1.615647435188293457e+00
1.137884378433227539e+00
1.457777738571166992e+00
9.895044565200805664e-01
7.058906555175781250e-01
7.742972970008850098e-01
7.867076396942138672e-01
6.854599714279174805e-01
1.053088068962097168e+00
1.392274856567382812e+00
1.220234870910644531e+00
1.268605232238769531e+00
1.287256240844726562e+00
1.345098853111267090e+00
1.200407743453979492e+00
1.006302595138549805e+00
1.471967458724975586e+00
1.700934648513793945e+00
1.469209790229797363e+00
1.604702472686767578e+00
1.892470955848693848e+00
2.842695236206054688e+00
1.650194406509399414e+00
1.266522049903869629e+00
1.016951799392700195e+00
1.780380845069885254e+00
1.096217393875122070e+00
2.318716049194335938e+00
2.066855669021606445e+00
1.824698328971862793e+00
1.918313264846801758e+00
1.891261339187622070e+00
1.033051490783691406e+00
3.955202698707580566e-01
4.526636600494384766e-01
4.037837982177734375e-01
4.266967177391052246e-01
4.620394706726074219e-01
3.258481621742248535e-01
3.244236707687377930e-01
3.680309951305389404e-01
3.169221580028533936e-01
3.111356794834136963e-01
3.748990595340728760e-01
4.219129085540771484e-01
3.102662265300750732e-01
3.679142296314239502e-01
3.614594936370849609e-01
2.987532913684844971e-01
3.349153101444244385e-01
3.554962277412414551e-01
2.767254114151000977e-01
2.813302576541900635e-01
3.176748156547546387e-01
3.208401203155517578e-01
2.756167054176330566e-01
2.913027703762054443e-01
3.675666749477386475e-01
2.783798873424530029e-01
1.058684349060058594e+00
3.298505246639251709e-01
3.620567619800567627e-01
3.071771562099456787e-01
2.799997925758361816e-01
4.903713166713714600e-01
3.552111685276031494e-01
3.129312992095947266e-01
4.053540825843811035e-01
5.371009111404418945e-01
3.174078464508056641e-01
3.287155032157897949e-01
4.256718754768371582e-01
3.354541957378387451e-01
3.105529546737670898e-01
3.740839064121246338e-01
4.823139309883117676e-01
1.424651026725769043e+00
1.415624260902404785e+00
1.417603492736816406e+00
1.290445327758789062e+00
5.816103219985961914e-01
3.041738569736480713e-01
4.478853344917297363e-01
3.678692877292633057e-01
1.591284275054931641e+00
2.098221302032470703e+00
2.442841529846191406e+00
2.758631706237792969e+00
2.205205917358398438e+00
2.468679189682006836e+00
2.338994026184082031e+00
2.503488779067993164e+00
2.314378023147583008e+00
2.277400493621826172e+00
2.137534856796264648e+00
1.409942746162414551e+00
1.530501365661621094e+00
1.433581948280334473e+00
2.872809886932373047e+00
1.619180560111999512e+00
1.385308146476745605e+00
1.445499777793884277e+00
1.500135779380798340e+00
1.650843501091003418e+00
6.573531627655029297e-01
2.197600841522216797e+00
1.869269728660583496e+00
4.292069077491760254e-01
9.719271063804626465e-01
1.923046350479125977e+00
1.905865073204040527e+00
2.453563451766967773e+00
3.142240524291992188e+00
3.054210186004638672e+00
2.588547229766845703e+00
1.585991978645324707e+00
2.620647430419921875e+00
1.700325012207031250e+00
6.089751124382019043e-01
1.130188226699829102e+00
6.735550761222839355e-01
6.363289952278137207e-01
2.512942314147949219e+00
5.408664345741271973e-01
9.797567129135131836e-01
1.781913876533508301e+00
1.617772459983825684e+00
1.468167424201965332e+00
8.377416133880615234e-01
1.321166276931762695e+00
2.398733854293823242e+00
3.393971025943756104e-01
5.239664316177368164e-01
5.774821043014526367e-01
4.292968213558197021e-01
1.676020503044128418e+00
1.622557163238525391e+00
1.540771007537841797e+00
1.421122908592224121e+00
1.481588840484619141e+00
1.504125714302062988e+00
1.693968772888183594e+00
1.573872685432434082e+00
1.388767242431640625e+00
1.611933350563049316e+00
1.556914567947387695e+00
1.466216921806335449e+00
1.857778429985046387e+00
2.012717723846435547e+00
2.126767158508300781e+00
1.950593948364257812e+00
2.237850427627563477e+00
2.954790353775024414e+00
4.949333667755126953e+00
4.866907119750976562e+00
4.989729881286621094e+00
5.066497802734375000e+00
3.966474771499633789e+00
4.042949676513671875e+00
3.593913793563842773e+00
3.526743173599243164e+00
2.681734561920166016e+00
3.101214408874511719e+00
3.227274894714355469e+00
2.244276285171508789e+00
2.727377176284790039e+00
2.208770751953125000e+00
1.531502127647399902e+00
1.814527392387390137e+00
1.869979619979858398e+00
1.618271708488464355e+00
1.690887093544006348e+00
2.637375116348266602e+00
1.733785271644592285e+00
1.775027155876159668e+00
1.830002665519714355e+00
1.792955398559570312e+00
1.404061675071716309e+00
1.719845533370971680e+00
1.193535804748535156e+00
7.537473440170288086e-01
8.960378766059875488e-01
8.805324435234069824e-01
8.895905613899230957e-01
9.446324110031127930e-01
9.123110771179199219e-01
7.694756388664245605e-01
5.810503363609313965e-01
7.707430720329284668e-01
7.206237316131591797e-01
5.183564424514770508e-01
5.068267583847045898e-01
5.090398788452148438e-01
3.355402648448944092e-01
3.198026418685913086e-01
3.482745587825775146e-01
2.969289124011993408e-01
2.058776915073394775e-01
2.995388805866241455e-01
1.226717233657836914e+00
1.330983042716979980e+00
1.175143241882324219e+00
1.208686351776123047e+00
6.948985159397125244e-02
2.264460027217864990e-01
2.739649713039398193e-01
2.771842479705810547e-01
2.114484608173370361e-01
3.146866261959075928e-01
4.679092764854431152e-01
3.822564184665679932e-01
3.379525840282440186e-01
3.715265691280364990e-01
4.506339728832244873e-01
3.407637476921081543e-01
4.481725692749023438e-01
3.478839695453643799e-01
3.505257368087768555e-01
3.785673379898071289e-01
4.474322497844696045e-01
3.485730588436126709e-01
3.470441401004791260e-01
3.765379190444946289e-01
3.081488311290740967e-01
3.465261161327362061e-01
3.681831359863281250e-01
3.860926926136016846e-01
3.373355865478515625e-01
3.183480203151702881e-01
1.453247666358947754e+00
1.781656503677368164e+00
1.451146245002746582e+00
2.093353748321533203e+00
2.742750883102416992e+00
2.358052253723144531e+00
1.689642667770385742e+00
1.692058801651000977e+00
1.537033915519714355e+00
1.505705118179321289e+00
1.584881901741027832e+00
1.404263138771057129e+00
1.268063306808471680e+00
1.314205288887023926e+00
1.416000485420227051e+00
1.280233860015869141e+00
1.293841123580932617e+00
1.428209900856018066e+00
3.293316662311553955e-01
3.139465451240539551e-01
4.057699143886566162e-01
3.518636226654052734e-01
3.034940958023071289e-01
3.352946639060974121e-01
4.051644206047058105e-01
2.858147919178009033e-01
2.675488889217376709e-01
3.424390256404876709e-01
4.346280395984649658e-01
2.560968101024627686e-01
3.322277963161468506e-01
5.253355503082275391e-01
3.769761919975280762e-01
3.180128037929534912e-01
4.101861715316772461e-01
4.287269711494445801e-01
3.004343509674072266e-01
3.239705860614776611e-01
3.877405524253845215e-01
3.118951916694641113e-01
2.438106536865234375e-01
3.424908220767974854e-01
3.305799067020416260e-01
2.757737636566162109e-01
2.816619277000427246e-01
3.478392958641052246e-01
2.856810092926025391e-01
2.725561261177062988e-01
3.223640918731689453e-01
2.582249045372009277e-01
2.903486490249633789e-01
3.030418455600738525e-01
3.360089659690856934e-01
2.952848672866821289e-01
3.811504244804382324e-01
4.138966202735900879e-01
3.786243498325347900e-01
3.682694733142852783e-01
4.587601423263549805e-01
4.241555631160736084e-01
3.356800377368927002e-01
4.039444029331207275e-01
4.552147090435028076e-01
3.537732362747192383e-01
1.611765623092651367e+00
1.291956424713134766e+00
1.294010281562805176e+00
7.797474861145019531e-01
3.256382048130035400e-01
5.014317035675048828e-01
3.612100780010223389e-01
3.582895696163177490e-01
4.900174736976623535e-01
4.303244054317474365e-01
3.668090701103210449e-01
4.064159393310546875e-01
4.704586565494537354e-01
3.578318059444427490e-01
3.737574517726898193e-01
4.987236261367797852e-01
5.315495729446411133e-01
3.690136373043060303e-01
4.387033283710479736e-01
1.640372753143310547e+00
1.672130227088928223e+00
1.288923859596252441e+00
1.286835789680480957e+00
1.516263127326965332e+00
6.979218125343322754e-01
1.090254306793212891e+00
1.338638901710510254e+00
1.949167013168334961e+00
1.805896639823913574e+00
1.683838844299316406e+00
1.306497335433959961e+00
1.042546749114990234e+00
4.616864323616027832e-01
3.254633247852325439e-01
3.634023070335388184e-01
3.998419940471649170e-01
3.397454619407653809e-01
2.779399454593658447e-01
3.601087629795074463e-01
5.398202538490295410e-01
3.002254664897918701e-01
3.100411891937255859e-01
4.406329691410064697e-01
4.258897900581359863e-01
2.826963663101196289e-01
3.338055014610290527e-01
4.033304154872894287e-01
2.557799518108367920e-01
2.909313738346099854e-01
4.014572501182556152e-01
3.207622766494750977e-01
2.895806133747100830e-01
3.290712833404541016e-01
3.497204482555389404e-01
2.612646520137786865e-01
3.196590244770050049e-01
3.879137933254241943e-01
2.649786770343780518e-01
3.348701000213623047e-01
3.884438872337341309e-01
2.999297380447387695e-01
2.816183567047119141e-01
3.848507404327392578e-01
4.904812276363372803e-01
2.983580529689788818e-01
3.635988533496856689e-01
5.477548241615295410e-01
4.000171422958374023e-01
3.445101082324981689e-01
3.453938066959381104e-01
3.802689313888549805e-01
2.838864922523498535e-01
2.932696938514709473e-01
4.191543757915496826e-01
3.502069711685180664e-01
3.282632231712341309e-01
4.380956292152404785e-01
1.126160383224487305e+00
1.234213352203369141e+00
2.045274496078491211e+00
2.596724748611450195e+00
1.854832410812377930e+00
1.924017429351806641e+00
2.152222633361816406e+00
1.942249655723571777e+00
1.799641728401184082e+00
2.282014846801757812e+00
2.066663980484008789e+00
1.721552848815917969e+00
2.450112581253051758e+00
2.791266202926635742e+00
2.560891866683959961e+00
2.580130815505981445e+00
1.305518507957458496e+00
1.759702920913696289e+00
1.550899147987365723e+00
1.534924268722534180e+00
1.550236701965332031e+00
1.523575186729431152e+00
2.830940246582031250e+00
2.709204196929931641e+00
3.204134464263916016e+00
3.068909406661987305e+00
2.782601356506347656e+00
1.650666475296020508e+00
2.603394031524658203e+00
2.845918893814086914e+00
2.464037895202636719e+00
2.864054203033447266e+00
1.875782012939453125e+00
2.059838533401489258e+00
1.905069589614868164e+00
2.001233577728271484e+00
1.833658576011657715e+00
1.684496402740478516e+00
2.058195590972900391e+00
1.820227861404418945e+00
1.784913301467895508e+00
1.854216456413269043e+00
1.749203801155090332e+00
1.624204277992248535e+00
2.523529052734375000e+00
2.381742000579833984e+00
1.312569141387939453e+00
1.481001257896423340e+00
1.469146728515625000e+00
1.599680662155151367e+00
1.925402998924255371e+00
2.005868196487426758e+00
2.732395172119140625e+00
2.695308923721313477e+00
4.483641684055328369e-01
5.943270921707153320e-01
8.741081357002258301e-01
8.917279839515686035e-01
9.715247154235839844e-01
1.055634140968322754e+00
8.580399751663208008e-01
9.285880923271179199e-01
8.910145163536071777e-01
7.552959918975830078e-01
7.513204813003540039e-01
8.076163530349731445e-01
7.254706025123596191e-01
7.539685368537902832e-01
7.723487615585327148e-01
9.654139876365661621e-01
1.109523415565490723e+00
3.328347921371459961e+00
3.667533159255981445e+00
4.598824024200439453e+00
3.323244333267211914e+00
3.248680353164672852e+00
3.273907184600830078e+00
1.942259788513183594e+00
1.514619827270507812e+00
1.928497910499572754e+00
3.180608034133911133e+00
2.904592990875244141e+00
1.694092631340026855e+00
1.645258188247680664e+00
1.808442950248718262e+00
1.907892584800720215e+00
1.866281509399414062e+00
2.007946014404296875e+00
1.991014957427978516e+00
2.150601863861083984e+00
2.716450452804565430e+00
2.615886688232421875e+00
2.545243740081787109e+00
2.046015262603759766e+00
1.671579599380493164e+00
1.782971382141113281e+00
1.352137923240661621e+00
3.216155469417572021e-01
4.238288402557373047e-01
3.379402458667755127e-01
2.645236849784851074e-01
2.781054973602294922e-01
3.760173916816711426e-01
2.968011796474456787e-01
2.820667624473571777e-01
4.798021018505096436e-01
4.860093295574188232e-01
3.219406008720397949e-01
3.896674811840057373e-01
4.381304383277893066e-01
4.473768770694732666e-01
3.304209411144256592e-01
3.476211130619049072e-01
2.933587729930877686e-01
2.457964867353439331e-01
2.509056627750396729e-01
2.949129045009613037e-01
2.327127009630203247e-01
2.223715335130691528e-01
3.808831870555877686e-01
3.023138344287872314e-01
2.139720767736434937e-01
3.086578249931335449e-01
2.809640765190124512e-01
2.293314188718795776e-01
3.088485896587371826e-01
4.181245863437652588e-01
2.796766459941864014e-01
2.550864815711975098e-01
4.020753204822540283e-01
5.527908205986022949e-01
2.878376245498657227e-01
4.526505172252655029e-01
4.502853155136108398e-01
3.646875619888305664e-01
3.438473343849182129e-01
4.313933849334716797e-01
4.503412246704101562e-01
3.707166016101837158e-01
5.063624382019042969e-01
4.586960077285766602e-01
4.423093497753143311e-01
4.507885575294494629e-01
4.362874031066894531e-01
4.162769019603729248e-01
4.661081731319427490e-01
1.690693020820617676e+00
1.823702573776245117e+00
2.515932559967041016e+00
2.022472858428955078e+00
2.297691822052001953e+00
2.128605842590332031e+00
2.366641521453857422e+00
2.454589128494262695e+00
1.611667513847351074e+00
2.359045982360839844e+00
2.191373109817504883e+00
1.460706710815429688e+00
1.306086778640747070e+00
1.267681479454040527e+00
1.389783382415771484e+00
1.226236462593078613e+00
1.326348304748535156e+00
1.325866699218750000e+00
1.402974605560302734e+00
1.925556302070617676e+00
1.432831287384033203e+00
1.478845953941345215e+00
1.492943882942199707e+00
1.654605507850646973e+00
1.639042258262634277e+00
1.651418328285217285e+00
1.365041136741638184e+00
1.334599256515502930e+00
1.865923285484313965e+00
2.334662914276123047e+00
1.756493449211120605e+00
1.490377306938171387e+00
1.562242984771728516e+00
1.946599841117858887e+00
9.971520304679870605e-01
6.700924038887023926e-01
6.193856596946716309e-01
5.676373243331909180e-01
4.236449301242828369e-01
2.189713001251220703e+00
7.215101718902587891e-01
3.928206861019134521e-01
5.974383354187011719e-01
7.590615749359130859e-01
1.618563532829284668e+00
1.518386840820312500e+00
1.917595624923706055e+00
2.569023132324218750e+00
5.326268076896667480e-01
3.617081046104431152e-01
4.503774046897888184e-01
5.217215418815612793e-01
6.038848757743835449e-01
7.276502251625061035e-01
6.719419956207275391e-01
5.434857606887817383e-01
8.634920716285705566e-01
6.642850637435913086e-01
5.575080513954162598e-01
6.261925697326660156e-01
6.754416823387145996e-01
1.327756047248840332e+00
1.116347670555114746e+00
1.241725802421569824e+00
7.449120879173278809e-01
7.465651631355285645e-01
8.229735493659973145e-01
1.320690155029296875e+00
1.350213766098022461e+00
1.922773361206054688e+00
1.881590723991394043e+00
1.994454026222229004e+00
1.989537596702575684e+00
3.176729917526245117e+00
2.918754816055297852e+00
2.517343044281005859e+00
2.700753688812255859e+00
2.246702909469604492e+00
1.388400793075561523e+00
1.587382674217224121e+00
3.000467777252197266e+00
2.583989620208740234e+00
2.999248027801513672e+00
2.613436460494995117e+00
2.598855972290039062e+00
2.435806751251220703e+00
2.285344123840332031e+00
1.282490491867065430e+00
1.353276014328002930e+00
1.139123320579528809e+00
1.172955393791198730e+00
1.261117935180664062e+00
9.019189476966857910e-01
7.825363874435424805e-01
8.026612401008605957e-01
7.946416735649108887e-01
6.335608959197998047e-01
7.856857776641845703e-01
6.975430250167846680e-01
6.977710723876953125e-01
6.364153623580932617e-01
7.372825741767883301e-01
5.772104859352111816e-01
3.026539981365203857e-01
4.387792348861694336e-01
5.918620824813842773e-01
3.540870845317840576e-01
2.352883964776992798e-01
3.011302649974822998e-01
3.313038051128387451e-01
2.325830459594726562e-01
2.770389914512634277e-01
2.976843118667602539e-01
2.832434773445129395e-01
1.944247782230377197e-01
2.524740695953369141e-01
3.534860014915466309e-01
2.988566458225250244e-01
2.125056535005569458e-01
3.067073523998260498e-01
1.379119873046875000e+00
1.348873138427734375e+00
1.165970087051391602e+00
1.156977772712707520e+00
2.157646715641021729e-01
2.436061650514602661e-01
3.292716443538665771e-01
3.689774572849273682e-01
2.873099744319915771e-01
3.650304377079010010e-01
4.630771875381469727e-01
3.505627512931823730e-01
3.165567815303802490e-01
3.717422783374786377e-01
3.078780174255371094e-01
2.850815653800964355e-01
3.529424667358398438e-01
4.256554245948791504e-01
3.883433043956756592e-01
3.794740438461303711e-01
4.393115341663360596e-01
4.808716475963592529e-01
3.740003108978271484e-01
4.252777099609375000e-01
2.044696807861328125e+00
1.750440835952758789e+00
1.831505060195922852e+00
1.874415636062622070e+00
2.966143131256103516e+00
1.939224362373352051e+00
3.984601259231567383e+00
3.196692705154418945e+00
1.587935090065002441e+00
1.938683390617370605e+00
1.730883359909057617e+00
1.502593874931335449e+00
1.353780627250671387e+00
1.741024494171142578e+00
1.503215432167053223e+00
1.373150229454040527e+00
1.555470347404479980e+00
1.425161480903625488e+00
1.404456377029418945e+00
1.342812299728393555e+00
1.291286587715148926e+00
1.311591982841491699e+00
1.702058434486389160e+00
1.261424064636230469e+00
1.361739873886108398e+00
1.414622426033020020e+00
1.415450692176818848e+00
1.205832719802856445e+00
1.292866468429565430e+00
1.503113269805908203e+00
1.380330204963684082e+00
1.286366462707519531e+00
1.401870250701904297e+00
1.494158983230590820e+00
2.389158964157104492e+00
1.438645720481872559e+00
1.437371134757995605e+00
1.813067317008972168e+00
1.403192996978759766e+00
2.345371961593627930e+00
2.630215167999267578e+00
1.331376314163208008e+00
1.579348921775817871e+00
1.855884432792663574e+00
1.780883550643920898e+00
1.500030755996704102e+00
1.668610811233520508e+00
2.833242654800415039e+00
2.626175642013549805e+00
1.377289414405822754e+00
1.507606267929077148e+00
1.678665518760681152e+00
1.450452446937561035e+00
1.463185429573059082e+00
1.920824766159057617e+00
1.579149603843688965e+00
4.131831526756286621e-01
6.665507555007934570e-01
1.262886166572570801e+00
9.311550259590148926e-01
9.168007969856262207e-01
2.455883264541625977e+00
2.335750579833984375e+00
2.358637332916259766e+00
2.145807027816772461e+00
2.470824003219604492e+00
8.731315135955810547e-01
1.001054883003234863e+00
2.183928966522216797e+00
2.609535455703735352e+00
2.557025432586669922e+00
2.498167991638183594e+00
2.228554487228393555e+00
1.984413027763366699e+00
1.440365076065063477e+00
1.821494698524475098e+00
1.796422123908996582e+00
1.977722883224487305e+00
1.641435623168945312e+00
2.311893701553344727e+00
2.739284276962280273e+00
2.557593345642089844e+00
2.650807619094848633e+00
2.048123359680175781e+00
2.011843681335449219e+00
1.971201777458190918e+00
2.279319524765014648e+00
2.019108295440673828e+00
2.175231695175170898e+00
1.409324049949645996e+00
7.418076395988464355e-01
8.510869145393371582e-01
6.024806499481201172e-01
7.463782429695129395e-01
3.648429811000823975e-01
3.713344335556030273e-01
3.160954713821411133e-01
3.714498281478881836e-01
3.387483060359954834e-01
3.715635836124420166e-01
4.577868282794952393e-01
3.882764279842376709e-01
3.019649088382720947e-01
3.434416651725769043e-01
3.360012769699096680e-01
2.633118927478790283e-01
2.578280270099639893e-01
3.368827998638153076e-01
2.295581102371215820e-01
2.358132898807525635e-01
2.760878801345825195e-01
3.212520778179168701e-01
2.600643932819366455e-01
2.408841103315353394e-01
2.811447083950042725e-01
3.372385799884796143e-01
2.815355658531188965e-01
3.748390376567840576e-01
3.115122914314270020e-01
2.385756522417068481e-01
2.746159732341766357e-01
3.666868209838867188e-01
2.626241743564605713e-01
2.895299196243286133e-01
3.558076024055480957e-01
5.679742097854614258e-01
3.170378208160400391e-01
3.896318376064300537e-01
4.631158411502838135e-01
4.529972374439239502e-01
3.362855315208435059e-01
3.902751505374908447e-01
4.495463669300079346e-01
1.479360222816467285e+00
1.358450651168823242e+00
1.355099320411682129e+00
1.311074256896972656e+00
2.913507521152496338e-01
3.719944655895233154e-01
4.619336724281311035e-01
3.953558206558227539e-01
3.469778299331665039e-01
1.598295927047729492e+00
9.713271260261535645e-01
2.172014713287353516e+00
1.831534624099731445e+00
1.922076344490051270e+00
2.695647716522216797e+00
2.025601387023925781e+00
2.357942819595336914e+00
3.503052711486816406e+00
2.181588888168334961e+00
2.013626575469970703e+00
1.875564575195312500e+00
1.952385783195495605e+00
1.837791204452514648e+00
7.766178250312805176e-01
1.311285257339477539e+00
2.638319015502929688e+00
1.586417317390441895e+00
7.894261479377746582e-01
1.106309890747070312e+00
9.286944866180419922e-01
7.036869525909423828e-01
9.734105467796325684e-01
1.093845009803771973e+00
8.312800526618957520e-01
6.582198143005371094e-01
4.916563034057617188e-01
3.891121447086334229e-01
3.798827230930328369e-01
6.374314427375793457e-01
1.703147411346435547e+00
1.393016934394836426e+00
1.384412407875061035e+00
7.903720140457153320e-01
4.802486002445220947e-01
9.221868515014648438e-01
5.086558461189270020e-01
5.708513855934143066e-01
5.417216420173645020e-01
6.588107943534851074e-01
5.297649502754211426e-01
6.000858545303344727e-01
3.807286024093627930e-01
3.653933703899383545e-01
3.865605592727661133e-01
3.644915819168090820e-01
2.369708120822906494e-01
3.374087810516357422e-01
3.466335535049438477e-01
3.081891238689422607e-01
2.891280651092529297e-01
3.489063680171966553e-01
2.934130430221557617e-01
2.325430363416671753e-01
4.205684363842010498e-01
3.549746274948120117e-01
3.640645444393157959e-01
4.786571860313415527e-01
4.580960273742675781e-01
3.940026164054870605e-01
9.770826101303100586e-01
7.857214212417602539e-01
9.674842357635498047e-01
7.177766561508178711e-01
1.336587786674499512e+00
1.528432488441467285e+00
1.905629038810729980e+00
1.669358611106872559e+00
1.772409200668334961e+00
1.826417803764343262e+00
1.775284290313720703e+00
1.915228247642517090e+00
2.080738067626953125e+00
2.771977663040161133e+00
2.693912029266357422e+00
2.826532840728759766e+00
2.887943267822265625e+00
2.906974077224731445e+00
2.509061336517333984e+00
1.869942545890808105e+00
1.427625536918640137e+00
1.437753796577453613e+00
2.306553363800048828e+00
1.721626877784729004e+00
1.745481014251708984e+00
1.667496323585510254e+00
1.724300622940063477e+00
1.655034184455871582e+00
1.454879164695739746e+00
1.566861033439636230e+00
1.562966108322143555e+00
1.151943922042846680e+00
1.001484394073486328e+00
1.194437384605407715e+00
1.115365505218505859e+00
9.830237030982971191e-01
1.013614892959594727e+00
1.155244827270507812e+00
1.865402698516845703e+00
1.556363582611083984e+00
1.648461341857910156e+00
1.605242967605590820e+00
5.590279102325439453e-01
5.563445091247558594e-01
6.822058558464050293e-01
5.061119198799133301e-01
3.582679033279418945e-01
3.608356714248657227e-01
4.295437932014465332e-01
2.584310173988342285e-01
2.780981063842773438e-01
3.403380811214447021e-01
3.279959857463836670e-01
2.076612412929534912e-01
2.748500406742095947e-01
3.517915308475494385e-01
2.253054678440093994e-01
2.075351625680923462e-01
3.008641302585601807e-01
3.399480283260345459e-01
1.858375668525695801e-01
2.373378276824951172e-01
3.264396488666534424e-01
2.952519655227661133e-01
1.831083744764328003e-01
2.986798286437988281e-01
3.935097754001617432e-01
3.419472873210906982e-01
3.255984485149383545e-01
3.975154459476470947e-01
4.407661855220794678e-01
3.672594130039215088e-01
3.401127457618713379e-01
3.861318826675415039e-01
3.901967406272888184e-01
3.240736424922943115e-01
3.568826317787170410e-01
