1.656407713890075684e+00
1.249484658241271973e+00
1.425395488739013672e+00
1.440591454505920410e+00
1.322990059852600098e+00
1.354438185691833496e+00
1.702995300292968750e+00
1.695550560951232910e+00
1.277038931846618652e+00
1.459140539169311523e+00
1.460371255874633789e+00
1.311827182769775391e+00
1.375342011451721191e+00
1.440672636032104492e+00
1.153147220611572266e+00
1.236788749694824219e+00
1.246226429939270020e+00
1.238144397735595703e+00
1.059253573417663574e+00
1.021828532218933105e+00
1.201255798339843750e+00
1.011917710304260254e+00
1.037355065345764160e+00
1.060640215873718262e+00
4.087441265583038330e-01
3.626359403133392334e-01
3.385317623615264893e-01
3.829369843006134033e-01
3.131050765514373779e-01
2.874834835529327393e-01
3.616247773170471191e-01
1.049545049667358398e+00
4.623941481113433838e-01
3.503895103931427002e-01
3.858662843704223633e-01
3.370634317398071289e-01
3.282473385334014893e-01
4.564171731472015381e-01
4.187613129615783691e-01
3.696498274803161621e-01
4.594388306140899658e-01
4.949561655521392822e-01
3.862217962741851807e-01
4.162686765193939209e-01
4.991070926189422607e-01
4.184200763702392578e-01
3.981398344039916992e-01
4.596559107303619385e-01
4.097276031970977783e-01
3.841605782508850098e-01
4.377719163894653320e-01
4.632328748703002930e-01
3.783293962478637695e-01
4.229130744934082031e-01
4.862321615219116211e-01
3.792095482349395752e-01
1.212283611297607422e+00
1.687025785446166992e+00
1.847092747688293457e+00
1.718979358673095703e+00
1.408424258232116699e+00
5.849071145057678223e-01
4.454329609870910645e-01
4.645233452320098877e-01
6.077663898468017578e-01
4.778093993663787842e-01
4.928022921085357666e-01
6.200317144393920898e-01
5.456976890563964844e-01
4.788471460342407227e-01
5.430691242218017578e-01
6.123673915863037109e-01
5.176273584365844727e-01
5.213956236839294434e-01
5.925610661506652832e-01
5.092835426330566406e-01
6.447144746780395508e-01
1.828717470169067383e+00
1.656695246696472168e+00
2.061214685440063477e+00
1.893537759780883789e+00
1.904292583465576172e+00
1.716814756393432617e+00
1.808000802993774414e+00
1.613144159317016602e+00
1.484464764595031738e+00
1.478559017181396484e+00
1.448435425758361816e+00
1.447901129722595215e+00
1.430918574333190918e+00
1.430798530578613281e+00
1.483376502990722656e+00
1.406150817871093750e+00
1.428820133209228516e+00
1.470489025115966797e+00
1.508747577667236328e+00
1.494570970535278320e+00
1.577419042587280273e+00
2.105987787246704102e+00
1.322920203208923340e+00
1.377390027046203613e+00
1.508759975433349609e+00
1.450107932090759277e+00
1.410381555557250977e+00
1.459396600723266602e+00
1.450871825218200684e+00
1.393116950988769531e+00
1.386320114135742188e+00
1.439008355140686035e+00
1.386380672454833984e+00
6.760044097900390625e-01
4.196584522724151611e-01
3.834950625896453857e-01
3.886672854423522949e-01
3.785909116268157959e-01
3.758575916290283203e-01
3.483326733112335205e-01
3.519847691059112549e-01
4.174426198005676270e-01
3.706001341342926025e-01
3.101730346679687500e-01
3.681485950946807861e-01
4.883830249309539795e-01
1.012856006622314453e+00
3.420084118843078613e-01
5.044552683830261230e-01
4.410542547702789307e-01
3.657729923725128174e-01
7.949900627136230469e-01
1.444909095764160156e+00
1.473216295242309570e+00
1.370250821113586426e+00
1.544355988502502441e+00
1.311120510101318359e+00
1.403167605400085449e+00
1.438745737075805664e+00
1.349902629852294922e+00
1.267708301544189453e+00
1.401264786720275879e+00
1.392547845840454102e+00
1.280085563659667969e+00
1.395235419273376465e+00
1.423281669616699219e+00
1.815931558609008789e+00
1.434115648269653320e+00
1.365725517272949219e+00
1.493843793869018555e+00
1.993118405342102051e+00
1.182815313339233398e+00
1.450693964958190918e+00
1.336642026901245117e+00
1.277480006217956543e+00
1.376258015632629395e+00
1.789831161499023438e+00
1.741591095924377441e+00
7.346789240837097168e-01
6.520923972129821777e-01
4.635700285434722900e-01
4.760338068008422852e-01
5.502024888992309570e-01
4.874798655509948730e-01
4.325163662433624268e-01
5.507454872131347656e-01
3.985888063907623291e-01
3.465754389762878418e-01
3.751454949378967285e-01
4.028299152851104736e-01
3.264180123805999756e-01
3.505583703517913818e-01
1.221630334854125977e+00
1.465194225311279297e+00
1.279905200004577637e+00
1.598437666893005371e+00
1.797696709632873535e+00
9.039121866226196289e-01
3.467815518379211426e-01
4.584125876426696777e-01
3.345938026905059814e-01
3.709992170333862305e-01
5.310559272766113281e-01
3.895353674888610840e-01
3.863700628280639648e-01
4.505635201930999756e-01
4.964902698993682861e-01
3.850258886814117432e-01
3.970300257205963135e-01
5.067747235298156738e-01
4.356904327869415283e-01
3.856689333915710449e-01
4.809481203556060791e-01
4.407738447189331055e-01
9.644039273262023926e-01
6.190383434295654297e-01
5.308796763420104980e-01
4.026514887809753418e-01
4.292249977588653564e-01
1.497023344039916992e+00
6.233620047569274902e-01
4.805493056774139404e-01
1.519052267074584961e+00
1.658869385719299316e+00
1.963590383529663086e+00
1.339850664138793945e+00
1.507357597351074219e+00
1.457534313201904297e+00
1.362899541854858398e+00
1.530370354652404785e+00
5.881584882736206055e-01
7.349985241889953613e-01
5.469086766242980957e-01
6.232427358627319336e-01
5.968717932701110840e-01
5.263825654983520508e-01
5.617340803146362305e-01
5.007547140121459961e-01
4.425272643566131592e-01
4.831143021583557129e-01
4.747773408889770508e-01
4.077590405941009521e-01
4.016041457653045654e-01
4.239239394664764404e-01
3.564292490482330322e-01
3.525441884994506836e-01
4.055659770965576172e-01
3.531976342201232910e-01
3.492065072059631348e-01
3.356359302997589111e-01
4.562411904335021973e-01
1.025213122367858887e+00
3.169950544834136963e-01
3.721224665641784668e-01
3.622924983501434326e-01
3.589462935924530029e-01
3.469268381595611572e-01
3.612539172172546387e-01
3.177145719528198242e-01
4.708086848258972168e-01
4.465987086296081543e-01
3.826870322227478027e-01
4.315863549709320068e-01
4.575985372066497803e-01
4.463512003421783447e-01
4.055001735687255859e-01
4.965779781341552734e-01
5.074542164802551270e-01
4.130414426326751709e-01
4.126968979835510254e-01
4.435803294181823730e-01
3.731149733066558838e-01
3.558443486690521240e-01
4.328998327255249023e-01
3.665289580821990967e-01
3.697767257690429688e-01
1.155091881752014160e+00
1.685269713401794434e+00
1.622803807258605957e+00
1.205976605415344238e+00
9.873182773590087891e-01
3.647897839546203613e-01
3.961197435855865479e-01
6.278725266456604004e-01
1.384304404258728027e+00
1.136267423629760742e+00
1.136103034019470215e+00
1.477669000625610352e+00
1.082133412361145020e+00
1.108532786369323730e+00
1.350012302398681641e+00
1.274787783622741699e+00
1.059665799140930176e+00
1.360442042350769043e+00
1.373815536499023438e+00
1.253237605094909668e+00
1.634893536567687988e+00
1.257422327995300293e+00
1.242694973945617676e+00
1.072157025337219238e+00
1.331647992134094238e+00
1.379936337471008301e+00
1.879382491111755371e+00
1.216777920722961426e+00
1.361087203025817871e+00
1.487483620643615723e+00
2.311495065689086914e+00
2.282569408416748047e+00
2.248327970504760742e+00
2.160853624343872070e+00
2.269743680953979492e+00
1.093542695045471191e+00
6.570025682449340820e-01
8.159522414207458496e-01
7.140631675720214844e-01
6.063407659530639648e-01
6.469900608062744141e-01
6.197356581687927246e-01
5.235429406166076660e-01
1.204907536506652832e+00
1.106317043304443359e+00
1.013702869415283203e+00
1.313237428665161133e+00
1.346640586853027344e+00
1.103388905525207520e+00
1.280096769332885742e+00
1.751900196075439453e+00
6.195509433746337891e-01
4.570012688636779785e-01
5.705375671386718750e-01
6.081377863883972168e-01
4.974570274353027344e-01
4.467576742172241211e-01
4.226875007152557373e-01
3.788551390171051025e-01
3.948454558849334717e-01
3.921724557876586914e-01
3.750977814197540283e-01
3.791382610797882080e-01
3.857484161853790283e-01
3.455478549003601074e-01
3.829767405986785889e-01
4.138615429401397705e-01
3.628376722335815430e-01
3.866507411003112793e-01
5.374180078506469727e-01
4.279038608074188232e-01
4.146920740604400635e-01
4.723123908042907715e-01
5.211204290390014648e-01
4.051512479782104492e-01
9.403063654899597168e-01
8.885383009910583496e-01
4.558719992637634277e-01
4.497458934783935547e-01
4.703062474727630615e-01
4.190334975719451904e-01
1.240786790847778320e+00
2.221482276916503906e+00
2.173763751983642578e+00
1.910208106040954590e+00
1.512590765953063965e+00
1.864908576011657715e+00
2.747737169265747070e+00
1.311051726341247559e+00
1.522164940834045410e+00
2.195773601531982422e+00
1.604498744010925293e+00
1.483733177185058594e+00
1.560003876686096191e+00
3.053883790969848633e+00
1.724154591560363770e+00
1.346187472343444824e+00
1.386322021484375000e+00
1.567297101020812988e+00
7.597059607505798340e-01
4.583380520343780518e-01
7.031412124633789062e-01
4.610033631324768066e-01
3.584696352481842041e-01
4.522758126258850098e-01
4.776427745819091797e-01
3.899001777172088623e-01
4.045372903347015381e-01
4.181944727897644043e-01
3.785637617111206055e-01
3.786021471023559570e-01
4.284457564353942871e-01
3.464970588684082031e-01
3.708824515342712402e-01
3.842499256134033203e-01
7.951270937919616699e-01
5.874606370925903320e-01
4.303534626960754395e-01
3.862935900688171387e-01
3.509607315063476562e-01
4.081912934780120850e-01
3.663598299026489258e-01
3.374731838703155518e-01
3.741228282451629639e-01
4.379010200500488281e-01
2.883573174476623535e-01
3.691685199737548828e-01
4.389952421188354492e-01
3.658941388130187988e-01
3.630563914775848389e-01
4.759902358055114746e-01
4.208927154541015625e-01
4.058891236782073975e-01
4.290145039558410645e-01
4.362739920616149902e-01
4.396544396877288818e-01
4.453839063644409180e-01
4.045567512512207031e-01
3.913871645927429199e-01
1.107766151428222656e+00
1.383114576339721680e+00
5.762184858322143555e-01
6.639928817749023438e-01
9.431331157684326172e-01
7.532062530517578125e-01
7.494253516197204590e-01
1.316875457763671875e+00
1.521345734596252441e+00
1.483071804046630859e+00
1.841683626174926758e+00
2.048142910003662109e+00
1.363486170768737793e+00
1.514553546905517578e+00
1.324316740036010742e+00
3.864624500274658203e-01
1.353982329368591309e+00
1.818511724472045898e+00
1.733787417411804199e+00
1.619044303894042969e+00
1.508040428161621094e+00
1.591709375381469727e+00
1.759105920791625977e+00
2.638918399810791016e+00
2.432437658309936523e+00
2.527820348739624023e+00
3.350590944290161133e+00
3.245663642883300781e+00
1.978543519973754883e+00
1.008553743362426758e+00
1.099887251853942871e+00
9.459083676338195801e-01
9.488304853439331055e-01
1.413962602615356445e+00
8.456164598464965820e-01
3.616697490215301514e-01
4.212262928485870361e-01
3.802272677421569824e-01
3.858183026313781738e-01
3.882983624935150146e-01
3.390473425388336182e-01
4.450078308582305908e-01
1.223200917243957520e+00
3.402295112609863281e-01
4.339027702808380127e-01
4.688466787338256836e-01
4.094488322734832764e-01
4.577057063579559326e-01
4.483589529991149902e-01
4.894783198833465576e-01
1.296454668045043945e+00
1.595000743865966797e+00
1.556312084197998047e+00
1.161246299743652344e+00
3.397419154644012451e-01
4.140284657478332520e-01
4.074046313762664795e-01
3.381554186344146729e-01
3.644984364509582520e-01
4.174733459949493408e-01
3.731147050857543945e-01
3.467505872249603271e-01
4.009372889995574951e-01
4.152525961399078369e-01
4.431697428226470947e-01
1.083603143692016602e+00
4.261175692081451416e-01
4.510234594345092773e-01
3.600564002990722656e-01
3.946420848369598389e-01
4.495787024497985840e-01
4.260512292385101318e-01
4.461445212364196777e-01
5.324414968490600586e-01
5.550055503845214844e-01
4.768399298191070557e-01
4.688617587089538574e-01
6.065819859504699707e-01
5.697879195213317871e-01
5.149316191673278809e-01
7.022278904914855957e-01
1.923980951309204102e+00
2.332772493362426758e+00
2.536749124526977539e+00
2.340646505355834961e+00
1.974196553230285645e+00
2.024507284164428711e+00
1.989172220230102539e+00
2.312262535095214844e+00
1.922785639762878418e+00
4.228880405426025391e+00
4.154314517974853516e+00
4.437759399414062500e+00
3.175144910812377930e+00
2.413597106933593750e+00
1.683092236518859863e+00
1.814529299736022949e+00
1.929490327835083008e+00
3.054793357849121094e+00
2.730764627456665039e+00
3.315757036209106445e+00
4.788019657135009766e+00
3.300850152969360352e+00
3.133315086364746094e+00
3.072385072708129883e+00
1.598695874214172363e+00
1.652941703796386719e+00
5.272851943969726562e+00
4.122229099273681641e+00
2.895494699478149414e+00
3.173652172088623047e+00
2.085211277008056641e+00
6.067727804183959961e-01
6.156968474388122559e-01
6.899184584617614746e-01
2.392158985137939453e+00
2.552296876907348633e+00
2.796084403991699219e+00
2.233153104782104492e+00
6.433691978454589844e-01
6.857869625091552734e-01
1.361285686492919922e+00
5.109321594238281250e+00
2.877321481704711914e+00
1.408996820449829102e+00
1.737988352775573730e+00
1.144407033920288086e+00
5.060623288154602051e-01
1.099362850189208984e+00
1.043848514556884766e+00
5.615364313125610352e-01
7.736855149269104004e-01
6.426455974578857422e-01
1.593760967254638672e+00
8.538160920143127441e-01
5.231770277023315430e-01
5.609745383262634277e-01
5.961424112319946289e-01
5.874767899513244629e-01
8.925020098686218262e-01
6.262339949607849121e-01
4.164484739303588867e-01
5.289116501808166504e-01
5.250896811485290527e-01
4.849779009819030762e-01
6.711493134498596191e-01
1.106246352195739746e+00
8.995534777641296387e-01
8.795325160026550293e-01
9.658870697021484375e-01
1.260719656944274902e+00
1.259229660034179688e+00
1.787693262100219727e+00
3.078192472457885742e+00
2.490268945693969727e+00
2.729893684387207031e+00
4.606857299804687500e+00
4.338503360748291016e+00
3.902377128601074219e+00
3.136818885803222656e+00
2.755477428436279297e+00
2.113028526306152344e+00
4.730852603912353516e+00
4.462513446807861328e+00
5.011982917785644531e+00
4.037881851196289062e+00
3.597582101821899414e+00
3.144023418426513672e+00
3.671632289886474609e+00
3.113277912139892578e+00
2.296315431594848633e+00
2.489566802978515625e+00
3.306486606597900391e+00
2.483815431594848633e+00
1.353721141815185547e+00
2.200742959976196289e+00
1.763914942741394043e+00
1.474039673805236816e+00
1.629422783851623535e+00
1.386734604835510254e+00
3.942037820816040039e-01
3.283635377883911133e-01
5.122624039649963379e-01
3.534254133701324463e-01
3.093650043010711670e-01
3.787287771701812744e-01
4.205635190010070801e-01
3.429896831512451172e-01
3.248633146286010742e-01
1.093678712844848633e+00
5.263650417327880859e-01
3.285014331340789795e-01
3.831899762153625488e-01
3.926754295825958252e-01
3.273017108440399170e-01
3.376102447509765625e-01
3.857758343219757080e-01
3.132799565792083740e-01
2.890875041484832764e-01
4.343988895416259766e-01
4.269869923591613770e-01
3.477899730205535889e-01
4.139799475669860840e-01
4.673046171665191650e-01
3.749676048755645752e-01
3.546577692031860352e-01
5.384404063224792480e-01
4.078470170497894287e-01
3.587456643581390381e-01
4.744369089603424072e-01
1.232134819030761719e+00
3.400965929031372070e-01
3.581982851028442383e-01
4.860638678073883057e-01
3.276210129261016846e-01
3.438226878643035889e-01
5.055884122848510742e-01
4.364940822124481201e-01
3.675055503845214844e-01
4.653365910053253174e-01
6.465624570846557617e-01
5.086054205894470215e-01
4.754960238933563232e-01
6.774508357048034668e-01
7.072049975395202637e-01
1.956189393997192383e+00
2.631410121917724609e+00
2.955105543136596680e+00
2.789757013320922852e+00
2.639525651931762695e+00
2.389357328414916992e+00
1.951256275177001953e+00
1.800384283065795898e+00
2.429909944534301758e+00
1.466120958328247070e+00
1.507013678550720215e+00
2.109433174133300781e+00
1.438700556755065918e+00
1.776914834976196289e+00
2.153798580169677734e+00
1.405278325080871582e+00
1.473289251327514648e+00
1.368722200393676758e+00
1.508307695388793945e+00
1.405184388160705566e+00
1.432686567306518555e+00
1.482240438461303711e+00
1.441032290458679199e+00
1.436634302139282227e+00
1.394216299057006836e+00
1.506061196327209473e+00
1.447355151176452637e+00
1.481771945953369141e+00
1.495982050895690918e+00
1.460106492042541504e+00
1.447593092918395996e+00
1.463802099227905273e+00
1.524349570274353027e+00
1.781139850616455078e+00
1.631047844886779785e+00
2.316015005111694336e+00
1.466114163398742676e+00
1.545389056205749512e+00
1.667704105377197266e+00
2.350361108779907227e+00
1.260508060455322266e+00
1.550477623939514160e+00
1.499343633651733398e+00
1.348136305809020996e+00
1.417302250862121582e+00
1.510755419731140137e+00
1.346415042877197266e+00
1.442823529243469238e+00
1.950153470039367676e+00
1.462715268135070801e+00
1.429796218872070312e+00
1.534026026725769043e+00
1.610896468162536621e+00
1.667289376258850098e+00
1.554601430892944336e+00
1.534116506576538086e+00
8.500258922576904297e-01
1.114501833915710449e+00
1.176972627639770508e+00
5.529679059982299805e-01
4.762887060642242432e-01
8.393108248710632324e-01
8.936250209808349609e-01
8.585727810859680176e-01
7.217475175857543945e-01
8.665751218795776367e-01
1.092157721519470215e+00
1.022253990173339844e+00
1.076517701148986816e+00
1.155506134033203125e+00
1.106094241142272949e+00
1.493963360786437988e+00
1.602399706840515137e+00
1.476398587226867676e+00
1.700773477554321289e+00
2.522071361541748047e+00
1.686990976333618164e+00
1.795491337776184082e+00
1.941840410232543945e+00
1.628158092498779297e+00
1.199072837829589844e+00
2.530552625656127930e+00
2.511793851852416992e+00
2.609086275100708008e+00
2.531502485275268555e+00
2.540092945098876953e+00
2.534800529479980469e+00
1.386978507041931152e+00
1.448024749755859375e+00
1.791126847267150879e+00
1.887815713882446289e+00
1.656835556030273438e+00
1.743548631668090820e+00
1.701203584671020508e+00
1.495885014533996582e+00
7.879758477210998535e-01
7.676068544387817383e-01
6.648321747779846191e-01
3.455149531364440918e-01
3.309735059738159180e-01
3.335779905319213867e-01
2.944718897342681885e-01
3.205991685390472412e-01
3.166702687740325928e-01
2.946445643901824951e-01
2.529084980487823486e-01
3.574562966823577881e-01
3.512235879898071289e-01
2.927283644676208496e-01
2.969812452793121338e-01
3.532138168811798096e-01
3.346576690673828125e-01
2.952127754688262939e-01
6.292411088943481445e-01
1.076159358024597168e+00
3.811169862747192383e-01
1.098803520202636719e+00
1.582058072090148926e+00
1.440704464912414551e+00
1.250988364219665527e+00
2.917207777500152588e-01
4.763843715190887451e-01
3.923127949237823486e-01
3.639891445636749268e-01
3.885069489479064941e-01
3.997526168823242188e-01
3.274650573730468750e-01
3.416095972061157227e-01
4.318092167377471924e-01
3.492648899555206299e-01
3.188153505325317383e-01
3.605966567993164062e-01
4.501419663429260254e-01
3.546325564384460449e-01
5.692999958992004395e-01
1.138670206069946289e+00
4.745969772338867188e-01
3.836485445499420166e-01
4.119919240474700928e-01
5.537772774696350098e-01
4.180451035499572754e-01
4.890951216220855713e-01
6.247176527976989746e-01
6.914994120597839355e-01
1.653097152709960938e+00
2.031267404556274414e+00
2.247188806533813477e+00
2.716724872589111328e+00
2.483134984970092773e+00
2.703741073608398438e+00
2.242557048797607422e+00
2.014426231384277344e+00
2.043790102005004883e+00
2.063563823699951172e+00
1.533797979354858398e+00
1.434746623039245605e+00
2.670072555541992188e+00
2.091121912002563477e+00
1.354157805442810059e+00
1.511126518249511719e+00
1.514515995979309082e+00
1.459143877029418945e+00
1.472192287445068359e+00
8.999980688095092773e-01
2.393762111663818359e+00
1.100435733795166016e+00
5.665044784545898438e-01
1.609068870544433594e+00
6.695740818977355957e-01
6.307672858238220215e-01
1.328358054161071777e+00
2.484278202056884766e+00
2.892122745513916016e+00
3.141541957855224609e+00
1.968390941619873047e+00
1.818343639373779297e+00
2.008766174316406250e+00
1.911208271980285645e+00
1.978730916976928711e+00
2.299818754196166992e+00
2.077088832855224609e+00
1.646302819252014160e+00
1.839980721473693848e+00
1.940301299095153809e+00
9.890247583389282227e-01
8.520988821983337402e-01
7.111215591430664062e-01
5.843849778175354004e-01
5.905291438102722168e-01
1.400517344474792480e+00
5.224097967147827148e-01
4.259152710437774658e-01
5.415574908256530762e-01
6.517798900604248047e-01
1.396171450614929199e+00
2.077939987182617188e+00
2.270391225814819336e+00
2.152871131896972656e+00
2.050585508346557617e+00
1.566108942031860352e+00
1.520946025848388672e+00
2.754385709762573242e+00
1.471100568771362305e+00
1.428743362426757812e+00
1.459099650382995605e+00
1.516147136688232422e+00
1.440499186515808105e+00
1.401995778083801270e+00
1.598374009132385254e+00
1.573564410209655762e+00
2.045385837554931641e+00
1.462594151496887207e+00
1.396987438201904297e+00
1.299768447875976562e+00
1.128321290016174316e+00
2.351022005081176758e+00
3.562950134277343750e+00
3.066160678863525391e+00
1.981470346450805664e+00
2.085672855377197266e+00
1.968053460121154785e+00
1.584926486015319824e+00
1.681427955627441406e+00
3.311190843582153320e+00
1.380192995071411133e+00
1.020294189453125000e+00
1.221007227897644043e+00
1.094792366027832031e+00
8.051517009735107422e-01
1.280759811401367188e+00
1.760770440101623535e+00
2.454773187637329102e+00
6.273890137672424316e-01
5.349423885345458984e-01
4.697574973106384277e-01
4.893110990524291992e-01
3.705132305622100830e-01
5.907613039016723633e-01
1.685824751853942871e+00
1.268198490142822266e+00
1.722718834877014160e+00
8.883428573608398438e-01
7.307645082473754883e-01
7.398270368576049805e-01
5.037935972213745117e-01
4.750711619853973389e-01
4.541682004928588867e-01
3.782924115657806396e-01
4.095905423164367676e-01
3.811698853969573975e-01
5.102398395538330078e-01
1.264942169189453125e+00
5.600053668022155762e-01
4.546037316322326660e-01
4.113683402538299561e-01
4.688148796558380127e-01
4.034959971904754639e-01
3.706510961055755615e-01
4.373155534267425537e-01
3.435885906219482422e-01
3.531716167926788330e-01
3.520148992538452148e-01
4.496740698814392090e-01
4.364381730556488037e-01
4.237013757228851318e-01
5.207967162132263184e-01
4.569834470748901367e-01
4.383464455604553223e-01
5.129663348197937012e-01
4.649153053760528564e-01
4.457818865776062012e-01
5.087671279907226562e-01
5.487253665924072266e-01
5.077140331268310547e-01
1.264081239700317383e+00
7.024425268173217773e-01
4.413272440433502197e-01
4.737768769264221191e-01
5.160030126571655273e-01
4.504264891147613525e-01
4.554575383663177490e-01
4.491938650608062744e-01
4.667259752750396729e-01
4.392865896224975586e-01
4.399877488613128662e-01
4.871320426464080811e-01
3.943457603454589844e-01
5.044490098953247070e-01
4.347445070743560791e-01
3.908115625381469727e-01
4.366272985935211182e-01
1.631501555442810059e+00
1.412726402282714844e+00
1.251656889915466309e+00
5.434353351593017578e-01
1.019409298896789551e+00
6.533847451210021973e-01
5.802466273307800293e-01
7.438586950302124023e-01
1.273747801780700684e+00
5.368380546569824219e-01
5.657057762145996094e-01
5.746452212333679199e-01
5.018009543418884277e-01
1.425005197525024414e+00
2.429434061050415039e+00
2.397402286529541016e+00
1.530816078186035156e+00
1.813711404800415039e+00
1.790626287460327148e+00
1.675867080688476562e+00
1.729577660560607910e+00
2.221107482910156250e+00
1.694682478904724121e+00
1.835045814514160156e+00
2.105337858200073242e+00
2.003127574920654297e+00
1.939974069595336914e+00
2.091162681579589844e+00
2.321163892745971680e+00
2.297717571258544922e+00
1.961164832115173340e+00
2.138084888458251953e+00
1.486903309822082520e+00
9.351842999458312988e-01
9.872390627861022949e-01
2.363779306411743164e+00
1.465451598167419434e+00
9.456136822700500488e-01
7.945706844329833984e-01
7.178035378456115723e-01
8.263630270957946777e-01
1.275580763816833496e+00
1.550070047378540039e+00
2.423746109008789062e+00
1.322408676147460938e+00
8.885180354118347168e-01
1.116887927055358887e+00
1.341358184814453125e+00
2.246705055236816406e+00
1.580842971801757812e+00
1.913862109184265137e+00
1.996549844741821289e+00
1.929052591323852539e+00
1.775379657745361328e+00
1.048867702484130859e+00
9.468953609466552734e-01
8.566935658454895020e-01
1.538566112518310547e+00
1.033364534378051758e+00
1.161928534507751465e+00
1.132331728935241699e+00
1.218624830245971680e+00
1.241987586021423340e+00
1.620051383972167969e+00
1.570634007453918457e+00
1.685839772224426270e+00
1.613799452781677246e+00
1.642046928405761719e+00
1.777378320693969727e+00
2.593809366226196289e+00
2.248734712600708008e+00
2.091596841812133789e+00
1.334735155105590820e+00
9.152943491935729980e-01
2.188768625259399414e+00
2.669243335723876953e+00
2.448578357696533203e+00
2.561192989349365234e+00
2.554541587829589844e+00
2.325095891952514648e+00
1.743593931198120117e+00
1.607919216156005859e+00
1.499612450599670410e+00
1.516268253326416016e+00
2.078729867935180664e+00
2.097850084304809570e+00
1.630258440971374512e+00
1.772290825843811035e+00
1.645438075065612793e+00
1.279484152793884277e+00
1.373274922370910645e+00
1.684731125831604004e+00
1.408741593360900879e+00
9.249094128608703613e-01
7.077671289443969727e-01
6.909832954406738281e-01
6.195769906044006348e-01
3.401738703250885010e-01
3.584457933902740479e-01
3.313698470592498779e-01
3.391210734844207764e-01
3.013536632061004639e-01
3.919709920883178711e-01
3.456347286701202393e-01
3.381384313106536865e-01
3.242989480495452881e-01
3.730535805225372314e-01
3.236654996871948242e-01
3.407061696052551270e-01
3.355931639671325684e-01
3.205180466175079346e-01
4.323179423809051514e-01
8.859760165214538574e-01
3.695582747459411621e-01
3.575155138969421387e-01
3.491878807544708252e-01
4.034439027309417725e-01
4.608063101768493652e-01
3.867658674716949463e-01
4.266720712184906006e-01
4.498171508312225342e-01
1.619767904281616211e+00
1.222359180450439453e+00
1.273827075958251953e+00
6.912587881088256836e-01
3.702766895294189453e-01
4.080100953578948975e-01
4.136688411235809326e-01
4.710644185543060303e-01
3.953599333763122559e-01
3.484080433845520020e-01
4.244233667850494385e-01
4.470030069351196289e-01
3.989174664020538330e-01
4.113535583019256592e-01
5.094230175018310547e-01
5.346773266792297363e-01
4.423430562019348145e-01
5.117882490158081055e-01
5.759608745574951172e-01
1.488303422927856445e+00
2.133203506469726562e+00
2.515973329544067383e+00
2.652561187744140625e+00
2.487273693084716797e+00
2.537767887115478516e+00
2.488497972488403320e+00
2.220370054244995117e+00
2.270925283432006836e+00
1.828304171562194824e+00
1.723581671714782715e+00
1.808212161064147949e+00
1.629181623458862305e+00
1.627233266830444336e+00
1.750485539436340332e+00
1.974463820457458496e+00
1.248021602630615234e+00
1.404552817344665527e+00
1.478410124778747559e+00
1.399022936820983887e+00
1.247672080993652344e+00
1.395917654037475586e+00
1.403601169586181641e+00
1.379174113273620605e+00
1.207537293434143066e+00
1.281480669975280762e+00
1.328827857971191406e+00
1.321629762649536133e+00
1.255825996398925781e+00
1.280078649520874023e+00
1.371526837348937988e+00
1.290503740310668945e+00
1.269678592681884766e+00
1.341350555419921875e+00
1.480910181999206543e+00
1.673232436180114746e+00
1.537070631980895996e+00
1.449932813644409180e+00
1.528989434242248535e+00
1.579598307609558105e+00
1.502187609672546387e+00
1.479668021202087402e+00
1.988262176513671875e+00
3.220654726028442383e+00
1.540123820304870605e+00
1.435898661613464355e+00
1.543381810188293457e+00
1.531790733337402344e+00
1.457896709442138672e+00
8.055800795555114746e-01
8.296033740043640137e-01
1.435220003128051758e+00
1.217247247695922852e+00
4.935269951820373535e-01
4.903573393821716309e-01
4.683382213115692139e-01
5.619305968284606934e-01
6.238619685173034668e-01
5.028676986694335938e-01
4.360371530055999756e-01
5.245033502578735352e-01
5.167340636253356934e-01
4.668051898479461670e-01
5.544987320899963379e-01
6.031335592269897461e-01
6.121738553047180176e-01
7.912496924400329590e-01
1.287927985191345215e+00
1.162087440490722656e+00
1.191140174865722656e+00
1.406243801116943359e+00
1.848231077194213867e+00
2.079244613647460938e+00
2.123768806457519531e+00
2.409921646118164062e+00
2.424001455307006836e+00
1.926462650299072266e+00
1.322799563407897949e+00
1.869112610816955566e+00
2.684520483016967773e+00
3.308915615081787109e+00
2.544675827026367188e+00
2.677652597427368164e+00
2.467865943908691406e+00
2.687119007110595703e+00
2.446384191513061523e+00
2.774633407592773438e+00
2.731554031372070312e+00
2.656290531158447266e+00
2.905843496322631836e+00
2.413123846054077148e+00
2.264539957046508789e+00
2.500629663467407227e+00
2.499669313430786133e+00
2.489314079284667969e+00
1.869298458099365234e+00
8.774137496948242188e-01
9.332269430160522461e-01
7.731704711914062500e-01
3.829131424427032471e-01
3.348371982574462891e-01
2.935550212860107422e-01
3.929646015167236328e-01
1.140041232109069824e+00
2.734650373458862305e-01
2.684027254581451416e-01
4.134523272514343262e-01
4.134849309921264648e-01
3.387039005756378174e-01
3.079386055469512939e-01
4.212780892848968506e-01
3.223682045936584473e-01
2.951511144638061523e-01
2.919611632823944092e-01
3.745068311691284180e-01
2.859101593494415283e-01
2.762942612171173096e-01
3.181495666503906250e-01
3.014967441558837891e-01
2.604061663150787354e-01
2.547627687454223633e-01
3.639450371265411377e-01
2.670179605484008789e-01
3.029195964336395264e-01
2.782061100006103516e-01
3.217355906963348389e-01
2.566759884357452393e-01
2.891023159027099609e-01
3.249200582504272461e-01
2.916695177555084229e-01
2.752954661846160889e-01
3.155768811702728271e-01
3.734877407550811768e-01
2.735368311405181885e-01
3.165732324123382568e-01
4.580916166305541992e-01
4.484343230724334717e-01
4.210037291049957275e-01
5.052446722984313965e-01
5.850455760955810547e-01
5.527546405792236328e-01
1.475240468978881836e+00
1.590574860572814941e+00
1.626865744590759277e+00
1.685597777366638184e+00
2.545039176940917969e+00
2.341512203216552734e+00
2.037173748016357422e+00
2.025017976760864258e+00
2.502684593200683594e+00
2.092337131500244141e+00
1.820977449417114258e+00
1.927846312522888184e+00
2.109732389450073242e+00
1.674962282180786133e+00
1.757005453109741211e+00
1.768431305885314941e+00
2.543402910232543945e+00
1.544548630714416504e+00
1.711252808570861816e+00
2.416204929351806641e+00
1.712902545928955078e+00
1.908169388771057129e+00
1.893810272216796875e+00
1.007288217544555664e+00
1.041180133819580078e+00
1.178830504417419434e+00
1.802854657173156738e+00
9.303478002548217773e-01
1.201391220092773438e+00
9.877946376800537109e-01
9.068822860717773438e-01
2.117738246917724609e+00
1.420415401458740234e+00
1.986041188240051270e+00
1.508941888809204102e+00
2.150641441345214844e+00
2.844751119613647461e+00
1.443220973014831543e+00
5.048061609268188477e-01
5.212084054946899414e-01
5.755834579467773438e-01
5.633778572082519531e-01
6.799226403236389160e-01
1.650658249855041504e+00
1.309653282165527344e+00
3.589093089103698730e-01
4.225405752658843994e-01
4.961597323417663574e-01
5.459232926368713379e-01
6.301782727241516113e-01
9.759368896484375000e-01
5.501452088356018066e-01
4.509110748767852783e-01
5.290890336036682129e-01
5.153852105140686035e-01
5.529259443283081055e-01
5.374032258987426758e-01
5.717655420303344727e-01
6.201449036598205566e-01
5.789871811866760254e-01
5.286501646041870117e-01
5.792546868324279785e-01
1.494384884834289551e+00
5.600730776786804199e-01
7.159832119941711426e-01
8.447848558425903320e-01
7.641504406929016113e-01
2.462305545806884766e+00
2.542789459228515625e+00
2.777658462524414062e+00
2.970311880111694336e+00
2.811122655868530273e+00
2.629997968673706055e+00
2.853452205657958984e+00
2.668694257736206055e+00
2.876590251922607422e+00
2.945034742355346680e+00
2.487977504730224609e+00
2.858580827713012695e+00
2.011022090911865234e+00
2.172762632369995117e+00
2.481273174285888672e+00
2.402305841445922852e+00
2.647215127944946289e+00
2.493022441864013672e+00
2.709919691085815430e+00
3.769661664962768555e+00
3.871631860733032227e+00
3.960529565811157227e+00
3.502045869827270508e+00
3.069180011749267578e+00
2.348460674285888672e+00
2.494560718536376953e+00
2.694281339645385742e+00
2.577435970306396484e+00
2.440069675445556641e+00
2.395830869674682617e+00
2.162599086761474609e+00
2.131641626358032227e+00
2.318536758422851562e+00
2.129494190216064453e+00
2.108593702316284180e+00
2.100601196289062500e+00
1.761640191078186035e+00
5.774519443511962891e-01
6.669747829437255859e-01
7.592707276344299316e-01
8.046931028366088867e-01
6.542237401008605957e-01
1.078366398811340332e+00
1.092751979827880859e+00
7.651525735855102539e-01
6.545611619949340820e-01
5.485209226608276367e-01
5.160633325576782227e-01
4.690229296684265137e-01
3.546087145805358887e-01
3.268719017505645752e-01
4.260855019092559814e-01
3.694927692413330078e-01
3.076538145542144775e-01
3.568094372749328613e-01
4.573211371898651123e-01
2.896609306335449219e-01
2.997211515903472900e-01
2.909069657325744629e-01
3.860151171684265137e-01
2.707794010639190674e-01
2.956855893135070801e-01
3.532003760337829590e-01
3.798835575580596924e-01
2.631674408912658691e-01
3.013361394405364990e-01
3.571197092533111572e-01
4.103555679321289062e-01
3.541912436485290527e-01
3.511147797107696533e-01
4.130809009075164795e-01
3.926285505294799805e-01
3.273414373397827148e-01
3.629459440708160400e-01
4.803870320320129395e-01
4.975348711013793945e-01
4.458709657192230225e-01
4.758219420909881592e-01
5.952318906784057617e-01
5.376871824264526367e-01
4.836808741092681885e-01
1.797886371612548828e+00
2.412886142730712891e+00
2.755767583847045898e+00
2.494082212448120117e+00
2.609511852264404297e+00
2.715864658355712891e+00
2.735515594482421875e+00
3.007322549819946289e+00
1.970867395401000977e+00
2.502635240554809570e+00
1.563604712486267090e+00
3.036712646484375000e+00
2.027902841567993164e+00
1.750637054443359375e+00
1.542393445968627930e+00
1.500821471214294434e+00
1.433474063873291016e+00
1.435330986976623535e+00
1.832875490188598633e+00
4.443774700164794922e+00
3.945657253265380859e+00
3.216613054275512695e+00
2.667449712753295898e+00
1.646337866783142090e+00
1.664099454879760742e+00
1.971242666244506836e+00
3.256365060806274414e+00
5.094044208526611328e+00
3.443413496017456055e+00
2.904393196105957031e+00
2.650619506835937500e+00
1.632174730300903320e+00
1.557432889938354492e+00
1.589972138404846191e+00
2.234602689743041992e+00
1.690223455429077148e+00
1.418818593025207520e+00
1.749232649803161621e+00
1.657809734344482422e+00
1.597617030143737793e+00
1.591218471527099609e+00
2.884022235870361328e+00
2.810247659683227539e+00
3.156100988388061523e+00
2.599833726882934570e+00
2.101583480834960938e+00
1.352809786796569824e+00
1.321758508682250977e+00
1.465881705284118652e+00
2.154181957244873047e+00
1.745385646820068359e+00
1.502528905868530273e+00
1.596740126609802246e+00
1.481840491294860840e+00
1.624395012855529785e+00
1.621079802513122559e+00
1.588414192199707031e+00
1.614421129226684570e+00
1.585201144218444824e+00
1.565277338027954102e+00
1.639074087142944336e+00
1.634975433349609375e+00
1.621053218841552734e+00
1.015895962715148926e+00
7.179745435714721680e-01
1.717673540115356445e+00
1.626047253608703613e+00
1.629212498664855957e+00
2.019472122192382812e+00
2.014208793640136719e+00
2.045691490173339844e+00
1.518521904945373535e+00
1.710214734077453613e+00
1.736243367195129395e+00
1.510439276695251465e+00
1.160609006881713867e+00
1.145610928535461426e+00
1.202823877334594727e+00
4.474793672561645508e-01
4.421994388103485107e-01
4.898296892642974854e-01
6.327008008956909180e-01
4.470265805721282959e-01
4.152739644050598145e-01
4.232647418975830078e-01
4.943884909152984619e-01
4.383543729782104492e-01
4.147271513938903809e-01
3.909995853900909424e-01
4.522755444049835205e-01
4.979208111763000488e-01
9.257624149322509766e-01
3.915888965129852295e-01
4.003340005874633789e-01
5.341922044754028320e-01
3.784412443637847900e-01
4.126853942871093750e-01
3.850448131561279297e-01
1.306367993354797363e+00
1.433719277381896973e+00
1.297691941261291504e+00
1.168141245841979980e+00
1.332825779914855957e+00
3.748829066753387451e-01
7.564899921417236328e-01
6.413258314132690430e-01
5.012763142585754395e-01
8.757428526878356934e-01
6.615893244743347168e-01
4.329700171947479248e-01
4.577659964561462402e-01
4.823098182678222656e-01
4.325558543205261230e-01
3.662669062614440918e-01
3.947755694389343262e-01
4.092325866222381592e-01
4.152860343456268311e-01
3.514702916145324707e-01
4.404874145984649658e-01
4.514907896518707275e-01
3.689623773097991943e-01
3.832549452781677246e-01
4.470931887626647949e-01
4.593831896781921387e-01
3.981998562812805176e-01
5.468536019325256348e-01
3.757427334785461426e-01
4.724294245243072510e-01
3.706420660018920898e-01
3.672528266906738281e-01
4.021123349666595459e-01
5.049037337303161621e-01
4.339367449283599854e-01
4.888541996479034424e-01
4.374082088470458984e-01
5.548701286315917969e-01
4.814713597297668457e-01
4.501973390579223633e-01
4.009649753570556641e-01
4.432168900966644287e-01
1.245786786079406738e+00
1.450749635696411133e+00
1.349906802177429199e+00
1.263896465301513672e+00
1.239017963409423828e+00
2.845969796180725098e-01
4.816528260707855225e-01
1.194318652153015137e+00
4.435142874717712402e-01
4.183751046657562256e-01
1.478735208511352539e+00
7.807210683822631836e-01
8.720830678939819336e-01
8.220832347869873047e-01
8.095761537551879883e-01
9.020765423774719238e-01
1.079678535461425781e+00
1.195700049400329590e+00
1.164118289947509766e+00
1.449840426445007324e+00
9.963588118553161621e-01
1.118353724479675293e+00
1.172229409217834473e+00
1.161803722381591797e+00
1.160941958427429199e+00
1.135084748268127441e+00
1.559054493904113770e+00
1.821600794792175293e+00
1.784309744834899902e+00
1.737589716911315918e+00
2.025554180145263672e+00
2.856182575225830078e+00
1.686518788337707520e+00
1.871330618858337402e+00
2.883630752563476562e+00
2.487142801284790039e+00
2.865586280822753906e+00
2.344241619110107422e+00
2.035782814025878906e+00
1.783036589622497559e+00
6.025946736335754395e-01
9.574980139732360840e-01
7.704056501388549805e-01
6.782078742980957031e-01
4.831967949867248535e-01
1.804360866546630859e+00
1.674080729484558105e+00
2.814625978469848633e+00
2.306364059448242188e+00
1.607599139213562012e+00
1.593167304992675781e+00
8.972893953323364258e-01
1.132123947143554688e+00
1.843060493469238281e+00
3.191869735717773438e+00
2.483413696289062500e+00
2.964895248413085938e+00
3.361639738082885742e+00
1.401123285293579102e+00
1.772592902183532715e+00
1.847553491592407227e+00
1.915834784507751465e+00
2.443030118942260742e+00
3.049667835235595703e+00
3.726810216903686523e+00
3.012861251831054688e+00
2.488118648529052734e+00
2.460067987442016602e+00
2.371493101119995117e+00
2.304778099060058594e+00
2.359044551849365234e+00
2.639955282211303711e+00
1.927985310554504395e+00
1.126879096031188965e+00
1.142233967781066895e+00
1.646679401397705078e+00
1.490450739860534668e+00
1.800806045532226562e+00
2.091035127639770508e+00
1.841222047805786133e+00
6.451171636581420898e-01
5.954347252845764160e-01
1.683924674987792969e+00
2.756359338760375977e+00
2.098517894744873047e+00
2.100625276565551758e+00
2.262630462646484375e+00
1.507049322128295898e+00
1.331007480621337891e+00
1.173710584640502930e+00
1.429543137550354004e+00
9.153283238410949707e-01
7.933366894721984863e-01
7.115110754966735840e-01
5.797105431556701660e-01
6.668780446052551270e-01
6.025127172470092773e-01
5.858859419822692871e-01
5.131011605262756348e-01
6.184715032577514648e-01
5.650840997695922852e-01
4.343890249729156494e-01
3.136307895183563232e-01
3.948903977870941162e-01
3.713985681533813477e-01
2.865636050701141357e-01
2.879417836666107178e-01
3.215461969375610352e-01
3.307605385780334473e-01
1.103512525558471680e+00
1.347161173820495605e+00
1.320935964584350586e+00
6.324576735496520996e-01
2.570775449275970459e-01
3.290959298610687256e-01
3.095360398292541504e-01
3.646053373813629150e-01
2.335489690303802490e-01
2.699582278728485107e-01
3.443204462528228760e-01
3.778631687164306641e-01
3.775092959403991699e-01
3.444448709487915039e-01
3.888616263866424561e-01
4.567666351795196533e-01
4.441869258880615234e-01
3.590559363365173340e-01
3.973997831344604492e-01
4.378780126571655273e-01
4.355950355529785156e-01
4.150294661521911621e-01
4.260457456111907959e-01
3.699853122234344482e-01
4.523196816444396973e-01
3.341678380966186523e-01
3.598823547363281250e-01
4.387381374835968018e-01
4.860493540763854980e-01
4.211204946041107178e-01
3.935051262378692627e-01
4.496370851993560791e-01
4.613073468208312988e-01
4.427829980850219727e-01
3.850996196269989014e-01
4.676107764244079590e-01
4.778642356395721436e-01
5.281088352203369141e-01
4.655876457691192627e-01
1.778571844100952148e+00
1.973664045333862305e+00
2.330130815505981445e+00
2.640363216400146484e+00
2.331802606582641602e+00
2.437207460403442383e+00
2.474056720733642578e+00
2.488337755203247070e+00
2.157451868057250977e+00
2.345403194427490234e+00
2.015709161758422852e+00
1.791663765907287598e+00
2.534754991531372070e+00
2.838942050933837891e+00
1.369099617004394531e+00
1.688708186149597168e+00
1.707403898239135742e+00
1.505453228950500488e+00
1.476511240005493164e+00
1.678986549377441406e+00
2.691444396972656250e+00
2.112167596817016602e+00
1.163272976875305176e+00
1.331555128097534180e+00
1.487105607986450195e+00
1.399572730064392090e+00
1.325934410095214844e+00
1.651840448379516602e+00
1.512274742126464844e+00
1.403670549392700195e+00
1.350974082946777344e+00
1.361286520957946777e+00
1.430417776107788086e+00
1.456202983856201172e+00
1.714958071708679199e+00
1.780974507331848145e+00
1.019225120544433594e+00
7.205554842948913574e-01
1.023284316062927246e+00
6.627465486526489258e-01
8.265373706817626953e-01
9.427353739738464355e-01
1.119879364967346191e+00
1.271613121032714844e+00
1.219707489013671875e+00
9.032315611839294434e-01
1.100073337554931641e+00
1.525596141815185547e+00
1.582277417182922363e+00
1.594619989395141602e+00
1.773288249969482422e+00
2.327768802642822266e+00
1.658791542053222656e+00
1.608602523803710938e+00
1.831640481948852539e+00
7.302132844924926758e-01
1.077470660209655762e+00
1.270508050918579102e+00
1.155632495880126953e+00
1.519733190536499023e+00
1.775917410850524902e+00
2.763678789138793945e+00
2.633031129837036133e+00
2.933305740356445312e+00
2.812493085861206055e+00
1.935563564300537109e+00
1.690452098846435547e+00
1.950003862380981445e+00
2.493904829025268555e+00
2.584101438522338867e+00
2.323542833328247070e+00
2.440923690795898438e+00
2.363709688186645508e+00
3.010864257812500000e+00
2.604680061340332031e+00
2.807132720947265625e+00
2.478867053985595703e+00
2.663079738616943359e+00
1.819399476051330566e+00
2.306458950042724609e+00
3.349461317062377930e+00
1.629367947578430176e+00
1.837984442710876465e+00
1.018891811370849609e+00
9.243510961532592773e-01
9.058730602264404297e-01
1.081126093864440918e+00
2.135096788406372070e+00
2.050279378890991211e+00
6.717476844787597656e-01
6.247798800468444824e-01
3.566973209381103516e-01
3.814579546451568604e-01
4.621954262256622314e-01
4.079829752445220947e-01
3.672054111957550049e-01
3.054755628108978271e-01
4.004493951797485352e-01
2.751290798187255859e-01
5.437702536582946777e-01
8.368771672248840332e-01
6.985473036766052246e-01
6.752136349678039551e-01
6.330669522285461426e-01
6.787196397781372070e-01
6.734643578529357910e-01
7.843427062034606934e-01
7.666156888008117676e-01
7.940383553504943848e-01
1.025085926055908203e+00
1.513178110122680664e+00
1.452040553092956543e+00
8.161057233810424805e-01
2.839898467063903809e-01
3.412050306797027588e-01
3.920441865921020508e-01
3.122457861900329590e-01
2.556190490722656250e-01
3.229602575302124023e-01
3.755571842193603516e-01
3.403435349464416504e-01
2.880420982837677002e-01
3.268450498580932617e-01
3.789055645465850830e-01
3.918046057224273682e-01
3.460373878479003906e-01
3.717241883277893066e-01
4.261726438999176025e-01
4.060793519020080566e-01
4.419639706611633301e-01
4.146092832088470459e-01
4.681565165519714355e-01
5.059803724288940430e-01
5.462927818298339844e-01
4.868637025356292725e-01
5.684977173805236816e-01
5.282231569290161133e-01
5.986287593841552734e-01
5.359398126602172852e-01
4.818326234817504883e-01
4.220225512981414795e-01
4.502587318420410156e-01
4.652971029281616211e-01
5.290706753730773926e-01
1.414330720901489258e+00
2.034073352813720703e+00
2.257158994674682617e+00
2.050538539886474609e+00
2.472291946411132812e+00
1.699241280555725098e+00
2.100904703140258789e+00
1.811671018600463867e+00
1.578605532646179199e+00
1.624590396881103516e+00
1.669120430946350098e+00
1.676532268524169922e+00
1.686377882957458496e+00
8.456594944000244141e-01
8.308148980140686035e-01
1.106578230857849121e+00
1.073361992835998535e+00
1.048977971076965332e+00
7.272313833236694336e-01
4.622324407100677490e-01
4.617774188518524170e-01
4.719900488853454590e-01
4.283550083637237549e-01
5.317189693450927734e-01
5.962583422660827637e-01
7.139258384704589844e-01
5.619816184043884277e-01
1.544824123382568359e+00
1.533584713935852051e+00
1.578740715980529785e+00
9.008606672286987305e-01
8.507415652275085449e-01
1.224535226821899414e+00
1.724654316902160645e+00
9.726065993309020996e-01
5.911472439765930176e-01
1.361182332038879395e+00
1.796580314636230469e+00
1.862095713615417480e+00
1.800191044807434082e+00
2.306402206420898438e+00
2.169318437576293945e+00
2.158525705337524414e+00
2.311619281768798828e+00
1.857847213745117188e+00
1.610076665878295898e+00
1.493566393852233887e+00
2.384389400482177734e+00
2.247754812240600586e+00
2.458078622817993164e+00
3.059302330017089844e+00
2.801663875579833984e+00
1.084260106086730957e+00
1.085704922676086426e+00
1.515610456466674805e+00
2.379576683044433594e+00
2.281532764434814453e+00
2.918380737304687500e+00
3.325742006301879883e+00
3.814509153366088867e+00
2.659808874130249023e+00
2.984064579010009766e+00
3.546651840209960938e+00
3.113076448440551758e+00
2.647424697875976562e+00
1.994179725646972656e+00
2.279080867767333984e+00
1.475420594215393066e+00
1.775768876075744629e+00
1.935731053352355957e+00
1.856882691383361816e+00
1.823211073875427246e+00
1.792639851570129395e+00
2.524611234664916992e+00
2.416629076004028320e+00
2.820966482162475586e+00
2.299296379089355469e+00
1.862426280975341797e+00
1.932334661483764648e+00
1.911559462547302246e+00
1.760033130645751953e+00
1.829797983169555664e+00
1.870113372802734375e+00
1.770688772201538086e+00
1.712293267250061035e+00
1.806641101837158203e+00
1.838488221168518066e+00
1.686521768569946289e+00
1.725168704986572266e+00
1.783434867858886719e+00
1.703811883926391602e+00
1.601820588111877441e+00
1.742709636688232422e+00
1.725610852241516113e+00
1.579249978065490723e+00
1.669725060462951660e+00
1.787441849708557129e+00
1.648575663566589355e+00
1.609376311302185059e+00
1.786747813224792480e+00
1.772345662117004395e+00
1.744863271713256836e+00
1.857722163200378418e+00
1.956584930419921875e+00
1.735307097434997559e+00
2.773786783218383789e+00
1.756800413131713867e+00
1.621866941452026367e+00
1.615088820457458496e+00
1.723171114921569824e+00
1.761472225189208984e+00
1.545410990715026855e+00
1.625544786453247070e+00
1.648537516593933105e+00
1.541983127593994141e+00
1.530620932579040527e+00
1.619912147521972656e+00
1.637205004692077637e+00
8.100089430809020996e-01
5.827974081039428711e-01
6.457399129867553711e-01
5.032969713211059570e-01
5.120648145675659180e-01
1.310513377189636230e+00
1.356866598129272461e+00
3.192760944366455078e-01
3.528319895267486572e-01
3.865835964679718018e-01
3.260751068592071533e-01
3.079265356063842773e-01
5.001297593116760254e-01
4.115695357322692871e-01
3.496160209178924561e-01
4.221804141998291016e-01
4.936991333961486816e-01
4.078741371631622314e-01
3.751657605171203613e-01
4.019144475460052490e-01
3.960177600383758545e-01
3.710603415966033936e-01
3.847389221191406250e-01
3.591770827770233154e-01
3.582399487495422363e-01
3.011006712913513184e-01
3.366947472095489502e-01
3.422293365001678467e-01
4.064737856388092041e-01
3.411387205123901367e-01
2.818373441696166992e-01
3.346790373325347900e-01
3.769641220569610596e-01
3.774777948856353760e-01
2.966271340847015381e-01
3.623239994049072266e-01
3.982705771923065186e-01
1.413349986076354980e+00
9.934374690055847168e-01
4.410822093486785889e-01
5.730277299880981445e-01
1.361216545104980469e+00
1.139727950096130371e+00
1.512152433395385742e+00
1.620426058769226074e+00
1.683576822280883789e+00
1.523586750030517578e+00
1.410538911819458008e+00
1.485249519348144531e+00
1.106007575988769531e+00
4.745742380619049072e-01
5.861573219299316406e-01
6.018061041831970215e-01
5.630826354026794434e-01
5.954845547676086426e-01
6.702856421470642090e-01
2.222559690475463867e+00
1.841396093368530273e+00
1.748138666152954102e+00
1.704600930213928223e+00
1.566636800765991211e+00
1.471453070640563965e+00
6.984862089157104492e-01
9.895825982093811035e-01
9.913778901100158691e-01
1.054451465606689453e+00
1.143921613693237305e+00
1.920233011245727539e+00
1.720236301422119141e+00
1.729897975921630859e+00
1.975359559059143066e+00
1.729016780853271484e+00
1.754963517189025879e+00
1.421481966972351074e+00
8.057522177696228027e-01
2.032031774520874023e+00
3.438333034515380859e+00
3.629317283630371094e+00
3.053177356719970703e+00
3.403532028198242188e+00
3.358968496322631836e+00
3.452770709991455078e+00
3.701648712158203125e+00
2.512151479721069336e+00
2.223154544830322266e+00
2.336349248886108398e+00
2.400189161300659180e+00
2.348549604415893555e+00
2.413043022155761719e+00
2.346625089645385742e+00
2.263674974441528320e+00
2.251484155654907227e+00
2.548881769180297852e+00
2.642769813537597656e+00
2.602497339248657227e+00
2.584237337112426758e+00
2.661603212356567383e+00
2.458516597747802734e+00
1.933243870735168457e+00
1.996260881423950195e+00
1.900676608085632324e+00
2.074921846389770508e+00
1.335602164268493652e+00
1.104838848114013672e+00
1.189017891883850098e+00
1.924864649772644043e+00
1.876762986183166504e+00
2.847137928009033203e+00
3.164524555206298828e+00
2.141042709350585938e+00
2.883504152297973633e+00
2.869104623794555664e+00
3.018011569976806641e+00
2.424154281616210938e+00
1.930663228034973145e+00
3.303993940353393555e+00
2.860257387161254883e+00
1.313041687011718750e+00
1.409362435340881348e+00
1.186480522155761719e+00
8.692579865455627441e-01
7.410900592803955078e-01
1.001211404800415039e+00
5.871988534927368164e-01
4.288719594478607178e-01
4.823454618453979492e-01
4.287661612033843994e-01
3.853948414325714111e-01
3.552531003952026367e-01
3.032150566577911377e-01
2.834767401218414307e-01
3.523506820201873779e-01
2.347506135702133179e-01
2.320951521396636963e-01
2.550264596939086914e-01
2.834452092647552490e-01
2.386354058980941772e-01
2.283904403448104858e-01
3.096051216125488281e-01
2.967921197414398193e-01
3.580749332904815674e-01
4.006911516189575195e-01
4.154959917068481445e-01
3.866973519325256348e-01
3.909387290477752686e-01
3.985202908515930176e-01
3.909121453762054443e-01
3.025432527065277100e-01
3.292502462863922119e-01
3.574974238872528076e-01
4.227332770824432373e-01
3.514477908611297607e-01
1.544165492057800293e+00
1.310149073600769043e+00
1.251559615135192871e+00
3.593127727508544922e-01
2.670291960239410400e-01
3.687707781791687012e-01
3.742157518863677979e-01
3.686828017234802246e-01
3.493835628032684326e-01
5.104111433029174805e-01
4.289876520633697510e-01
5.074174404144287109e-01
5.416048765182495117e-01
5.601372122764587402e-01
5.458076000213623047e-01
5.899379253387451172e-01
5.435970425605773926e-01
6.467463970184326172e-01
2.161389589309692383e+00
2.059690237045288086e+00
1.958713650703430176e+00
1.943062901496887207e+00
2.169906616210937500e+00
2.257125616073608398e+00
3.897050142288208008e+00
2.709753513336181641e+00
1.418443083763122559e+00
2.212575435638427734e+00
1.475239157676696777e+00
1.250124096870422363e+00
1.639092087745666504e+00
2.143138170242309570e+00
1.258258819580078125e+00
1.372465252876281738e+00
1.548389554023742676e+00
1.433940291404724121e+00
1.399317264556884766e+00
1.426302194595336914e+00
1.198890328407287598e+00
1.334414720535278320e+00
1.416985630989074707e+00
1.289003849029541016e+00
1.232254385948181152e+00
1.228907108306884766e+00
1.412193298339843750e+00
1.301231384277343750e+00
1.204930067062377930e+00
1.210883259773254395e+00
1.458760857582092285e+00
2.470896005630493164e+00
4.216248035430908203e+00
3.373688220977783203e+00
3.069458246231079102e+00
2.175702095031738281e+00
1.626819133758544922e+00
1.550971269607543945e+00
2.899214267730712891e+00
3.249062538146972656e+00
3.169509172439575195e+00
3.059011220932006836e+00
2.429732322692871094e+00
7.237952947616577148e-01
6.256087422370910645e-01
5.868888497352600098e-01
5.457752943038940430e-01
5.298134684562683105e-01
5.823205113410949707e-01
5.127045512199401855e-01
4.821234345436096191e-01
3.988892138004302979e-01
3.579905331134796143e-01
4.177542924880981445e-01
4.229212999343872070e-01
3.884192407131195068e-01
3.910703063011169434e-01
5.435962080955505371e-01
5.145278573036193848e-01
6.220337152481079102e-01
6.279323101043701172e-01
6.547281146049499512e-01
1.267061471939086914e+00
8.670994639396667480e-01
8.974245190620422363e-01
9.141930341720581055e-01
1.089858293533325195e+00
1.236908197402954102e+00
1.183201789855957031e+00
1.286231398582458496e+00
1.269056677818298340e+00
1.716703176498413086e+00
1.795696616172790527e+00
1.660104155540466309e+00
1.591637611389160156e+00
1.622383713722229004e+00
1.575882911682128906e+00
2.275071144104003906e+00
1.132451415061950684e+00
2.333437681198120117e+00
2.504366874694824219e+00
2.936426877975463867e+00
2.417585849761962891e+00
3.380311489105224609e+00
3.097070932388305664e+00
1.521672368049621582e+00
1.440057039260864258e+00
1.427213668823242188e+00
1.278844714164733887e+00
1.460165381431579590e+00
1.838457226753234863e+00
2.240325927734375000e+00
1.578287363052368164e+00
8.238689899444580078e-01
1.122174978256225586e+00
1.011394143104553223e+00
5.870072841644287109e-01
6.324869990348815918e-01
9.643713235855102539e-01
6.902171969413757324e-01
3.298414945602416992e-01
3.895814120769500732e-01
3.245036900043487549e-01
4.324637353420257568e-01
4.085158109664916992e-01
4.869360625743865967e-01
2.912553548812866211e-01
2.945911288261413574e-01
3.077031373977661133e-01
2.592423558235168457e-01
2.499148100614547729e-01
2.769085168838500977e-01
3.289295732975006104e-01
2.420871257781982422e-01
2.802226245403289795e-01
3.251100182533264160e-01
4.067854285240173340e-01
8.735015392303466797e-01
1.417717218399047852e+00
1.251776695251464844e+00
1.137485504150390625e+00
5.024919509887695312e-01
2.726753652095794678e-01
3.104515373706817627e-01
3.172017335891723633e-01
2.892497777938842773e-01
2.944069206714630127e-01
3.267661035060882568e-01
2.954062819480895996e-01
3.377426266670227051e-01
3.974241614341735840e-01
3.625199794769287109e-01
2.877964973449707031e-01
3.546243309974670410e-01
4.052471816539764404e-01
4.824342727661132812e-01
3.886250853538513184e-01
3.896381556987762451e-01
4.978755712509155273e-01
5.223689675331115723e-01
5.338816046714782715e-01
4.576681554317474365e-01
5.494903922080993652e-01
1.893729925155639648e+00
2.134480476379394531e+00
2.725896120071411133e+00
2.481735229492187500e+00
2.561147689819335938e+00
2.584028482437133789e+00
2.183865308761596680e+00
2.152389526367187500e+00
1.923239588737487793e+00
2.321010828018188477e+00
1.706583261489868164e+00
1.489959239959716797e+00
1.493839144706726074e+00
1.443933010101318359e+00
1.497913837432861328e+00
1.545192480087280273e+00
1.537143588066101074e+00
1.475568652153015137e+00
1.783145904541015625e+00
1.796898841857910156e+00
1.407122015953063965e+00
1.283303737640380859e+00
1.576048493385314941e+00
1.614839911460876465e+00
1.619628667831420898e+00
1.426719427108764648e+00
1.429312109947204590e+00
1.374485135078430176e+00
1.459753990173339844e+00
9.147278070449829102e-01
3.292450606822967529e-01
5.180522203445434570e-01
3.409155905246734619e-01
3.847405612468719482e-01
3.593725264072418213e-01
3.914162218570709229e-01
3.594931364059448242e-01
4.814825952053070068e-01
4.190411865711212158e-01
4.456094801425933838e-01
3.962414264678955078e-01
4.396091997623443604e-01
4.586433768272399902e-01
3.886025846004486084e-01
3.298390209674835205e-01
3.507348895072937012e-01
3.964138329029083252e-01
3.231181502342224121e-01
2.957091629505157471e-01
3.269922435283660889e-01
3.753795623779296875e-01
3.386600315570831299e-01
2.575508952140808105e-01
3.259375095367431641e-01
3.355698585510253906e-01
3.454738259315490723e-01
2.629495263099670410e-01
2.863265275955200195e-01
3.246750235557556152e-01
3.704183995723724365e-01
3.581697940826416016e-01
1.548013806343078613e+00
7.350061535835266113e-01
1.086076021194458008e+00
1.304874658584594727e+00
1.286275506019592285e+00
1.006058812141418457e+00
2.194911718368530273e+00
2.259907484054565430e+00
2.310517787933349609e+00
2.469405651092529297e+00
1.872736811637878418e+00
1.948193669319152832e+00
2.454077720642089844e+00
1.908953070640563965e+00
1.903116941452026367e+00
2.029615163803100586e+00
1.988064527511596680e+00
2.003550052642822266e+00
2.649469852447509766e+00
2.131992578506469727e+00
1.766373038291931152e+00
1.793030977249145508e+00
1.858152508735656738e+00
2.682097434997558594e+00
2.656777143478393555e+00
2.776611566543579102e+00
2.508326053619384766e+00
2.498501777648925781e+00
2.480273723602294922e+00
2.541526317596435547e+00
2.201021432876586914e+00
1.540637016296386719e+00
9.300473928451538086e-01
9.417269825935363770e-01
7.438965439796447754e-01
6.184570193290710449e-01
6.347439289093017578e-01
5.111463069915771484e-01
7.826699018478393555e-01
5.691155195236206055e-01
3.679712414741516113e-01
3.589940071105957031e-01
5.159177780151367188e-01
4.536693394184112549e-01
3.902392387390136719e-01
3.781698942184448242e-01
4.084703028202056885e-01
4.253947734832763672e-01
3.805948197841644287e-01
3.131387829780578613e-01
3.231814503669738770e-01
3.666659891605377197e-01
3.357888758182525635e-01
2.669749259948730469e-01
3.048048317432403564e-01
3.399809300899505615e-01
3.978410661220550537e-01
2.492202371358871460e-01
3.121103644371032715e-01
3.515875935554504395e-01
3.896011412143707275e-01
2.781197726726531982e-01
3.034987449645996094e-01
3.292768597602844238e-01
4.034030735492706299e-01
3.590482771396636963e-01
3.683716952800750732e-01
4.116287529468536377e-01
4.609452486038208008e-01
5.238811373710632324e-01
4.624322354793548584e-01
4.293192923069000244e-01
1.233816385269165039e+00
1.610427260398864746e+00
1.380337119102478027e+00
1.225261807441711426e+00
3.444423973560333252e-01
4.778223037719726562e-01
5.010342597961425781e-01
4.717998206615447998e-01
4.932674467563629150e-01
5.613961219787597656e-01
5.891795158386230469e-01
7.263131737709045410e-01
2.154045820236206055e+00
2.415958166122436523e+00
2.419140577316284180e+00
2.326494932174682617e+00
2.377697467803955078e+00
2.820985794067382812e+00
2.820603609085083008e+00
2.254227638244628906e+00
1.667786598205566406e+00
1.557735204696655273e+00
1.526129007339477539e+00
1.417957544326782227e+00
1.483661890029907227e+00
1.592319726943969727e+00
1.365071177482604980e+00
1.308985352516174316e+00
1.419705271720886230e+00
1.284201622009277344e+00
1.346408486366271973e+00
1.289179563522338867e+00
1.363099932670593262e+00
1.308851003646850586e+00
1.606904029846191406e+00
1.391716599464416504e+00
1.375246047973632812e+00
1.421069383621215820e+00
1.436279177665710449e+00
1.336410164833068848e+00
1.353695034980773926e+00
1.464490652084350586e+00
1.431752085685729980e+00
1.384523987770080566e+00
1.446961045265197754e+00
1.521483063697814941e+00
1.402435660362243652e+00
1.417938709259033203e+00
1.766252398490905762e+00
1.324241280555725098e+00
1.386586308479309082e+00
8.967182040214538574e-01
3.165729641914367676e-01
3.774070739746093750e-01
3.536134660243988037e-01
3.015674650669097900e-01
3.083305656909942627e-01
3.724538385868072510e-01
2.973797917366027832e-01
2.681009173393249512e-01
3.182471394538879395e-01
3.610998988151550293e-01
3.414914608001708984e-01
2.568116486072540283e-01
3.075773417949676514e-01
4.108291864395141602e-01
1.146546721458435059e+00
7.818651199340820312e-01
8.261368870735168457e-01
8.855651617050170898e-01
1.027929425239562988e+00
8.656064271926879883e-01
8.474540114402770996e-01
8.703283071517944336e-01
9.193729162216186523e-01
1.251009464263916016e+00
1.199925303459167480e+00
1.198882937431335449e+00
1.282317280769348145e+00
1.302155613899230957e+00
1.510505676269531250e+00
1.675602555274963379e+00
1.880096554756164551e+00
1.841059565544128418e+00
1.844204306602478027e+00
1.742255687713623047e+00
1.298788547515869141e+00
1.309213638305664062e+00
2.640844106674194336e+00
2.405750751495361328e+00
2.889203786849975586e+00
4.044171810150146484e+00
3.035286664962768555e+00
2.356807470321655273e+00
2.461930036544799805e+00
1.763170719146728516e+00
1.053818225860595703e+00
1.377534985542297363e+00
2.101089715957641602e+00
2.033265113830566406e+00
1.189449548721313477e+00
1.435371041297912598e+00
1.487166285514831543e+00
1.163076639175415039e+00
1.284965276718139648e+00
1.274666070938110352e+00
1.067294001579284668e+00
7.787157297134399414e-01
9.627864956855773926e-01
7.311918139457702637e-01
6.716029644012451172e-01
6.093380451202392578e-01
5.938150286674499512e-01
5.518355965614318848e-01
5.660113692283630371e-01
3.871759176254272461e-01
4.385616183280944824e-01
5.382244586944580078e-01
5.174850821495056152e-01
4.192333221435546875e-01
4.843060672283172607e-01
4.194016158580780029e-01
4.641193151473999023e-01
4.095779359340667725e-01
4.267529249191284180e-01
3.532639741897583008e-01
4.240785539150238037e-01
4.222113788127899170e-01
3.878597915172576904e-01
3.493665754795074463e-01
3.891609311103820801e-01
4.738160669803619385e-01
4.690687060356140137e-01
1.509657382965087891e+00
1.209874272346496582e+00
1.329536318778991699e+00
1.214190483093261719e+00
3.670258820056915283e-01
4.169407486915588379e-01
5.638056993484497070e-01
5.505777597427368164e-01
5.262575745582580566e-01
5.458372235298156738e-01
5.677464008331298828e-01
5.948815941810607910e-01
5.080936551094055176e-01
4.774407446384429932e-01
5.017866492271423340e-01
4.859731495380401611e-01
5.717871785163879395e-01
5.372922420501708984e-01
4.582053720951080322e-01
4.675913155078887939e-01
6.289985179901123047e-01
6.221255064010620117e-01
6.145001053810119629e-01
1.995142817497253418e+00
2.583133220672607422e+00
2.619979143142700195e+00
2.431370735168457031e+00
2.518155574798583984e+00
2.568372011184692383e+00
2.458675622940063477e+00
1.983242869377136230e+00
1.853093266487121582e+00
1.345205187797546387e+00
1.547993779182434082e+00
1.537043333053588867e+00
1.417430758476257324e+00
1.389527320861816406e+00
1.329706072807312012e+00
1.437416911125183105e+00
1.305704593658447266e+00
1.368280649185180664e+00
1.269198298454284668e+00
1.353766322135925293e+00
1.332933783531188965e+00
1.253091812133789062e+00
1.183565258979797363e+00
1.272022366523742676e+00
1.326729297637939453e+00
1.270081520080566406e+00
1.200062632560729980e+00
1.221378087997436523e+00
1.346536755561828613e+00
1.341644406318664551e+00
1.266143560409545898e+00
1.307754874229431152e+00
1.397151708602905273e+00
1.404339075088500977e+00
1.344600200653076172e+00
1.307847261428833008e+00
2.344589710235595703e+00
1.378575801849365234e+00
1.238319635391235352e+00
8.485833406448364258e-01
8.296864628791809082e-01
1.400480031967163086e+00
4.789726734161376953e-01
4.344690442085266113e-01
3.345677554607391357e-01
9.365317225456237793e-01
3.823471367359161377e-01
3.471447527408599854e-01
3.315255343914031982e-01
3.395604491233825684e-01
3.044172525405883789e-01
3.202239274978637695e-01
3.439567089080810547e-01
3.218646943569183350e-01
3.519798219203948975e-01
3.613202571868896484e-01
4.265388548374176025e-01
3.460499942302703857e-01
4.535766839981079102e-01
5.368202328681945801e-01
5.914131402969360352e-01
5.757813453674316406e-01
6.120560169219970703e-01
6.577220559120178223e-01
6.397475600242614746e-01
6.532446742057800293e-01
6.337346434593200684e-01
6.797932386398315430e-01
9.602335095405578613e-01
3.033460140228271484e+00
3.459275245666503906e+00
2.922194004058837891e+00
2.869989395141601562e+00
3.103493928909301758e+00
2.287319421768188477e+00
2.338702678680419922e+00
2.924092531204223633e+00
2.690305709838867188e+00
2.415007114410400391e+00
3.364418745040893555e+00
2.780244588851928711e+00
1.443126082420349121e+00
1.713591933250427246e+00
1.913155794143676758e+00
1.767450571060180664e+00
2.718140840530395508e+00
1.417387485504150391e+00
2.584101676940917969e+00
2.347422599792480469e+00
1.002819299697875977e+00
1.293487787246704102e+00
1.553174495697021484e+00
8.867506384849548340e-01
7.411632537841796875e-01
1.309813380241394043e+00
9.220473170280456543e-01
6.571702957153320312e-01
9.783774614334106445e-01
6.462675333023071289e-01
3.428115248680114746e-01
3.834646344184875488e-01
4.748664200305938721e-01
4.326317608356475830e-01
3.081735074520111084e-01
3.885431289672851562e-01
4.190293848514556885e-01
3.438744843006134033e-01
3.178340792655944824e-01
3.289273679256439209e-01
2.945571243762969971e-01
2.738896012306213379e-01
2.810347974300384521e-01
2.927080690860748291e-01
2.637559175491333008e-01
2.441066801548004150e-01
2.871792316436767578e-01
2.413078546524047852e-01
1.302949070930480957e+00
1.154758334159851074e+00
1.061085343360900879e+00
5.186280608177185059e-01
1.679743379354476929e-01
3.418823480606079102e-01
2.602181434631347656e-01
2.745603322982788086e-01
3.480829894542694092e-01
3.318382799625396729e-01
3.198105990886688232e-01
3.778001368045806885e-01
4.748738110065460205e-01
3.720051348209381104e-01
3.723946511745452881e-01
3.938236236572265625e-01
4.226428270339965820e-01
3.821670413017272949e-01
4.198412597179412842e-01
5.177972912788391113e-01
4.337081611156463623e-01
4.384771883487701416e-01
5.298622250556945801e-01
5.275255441665649414e-01
4.318777322769165039e-01
4.660448431968688965e-01
1.701659679412841797e+00
1.874335050582885742e+00
2.142793178558349609e+00
2.444879531860351562e+00
2.659255981445312500e+00
1.887478590011596680e+00
1.765693545341491699e+00
2.091646194458007812e+00
1.945146083831787109e+00
1.610755085945129395e+00
1.593818545341491699e+00
1.569397568702697754e+00
1.450259447097778320e+00
1.351934313774108887e+00
1.489498019218444824e+00
1.372372150421142578e+00
1.417439579963684082e+00
1.370215535163879395e+00
1.386951684951782227e+00
1.326430559158325195e+00
1.394291400909423828e+00
1.390100479125976562e+00
1.274982333183288574e+00
1.293144702911376953e+00
1.340642213821411133e+00
1.344167113304138184e+00
1.220598101615905762e+00
1.367017269134521484e+00
1.403155446052551270e+00
1.281999230384826660e+00
1.412728905677795410e+00
1.420675277709960938e+00
1.408830404281616211e+00
1.344894051551818848e+00
1.399120450019836426e+00
1.491680026054382324e+00
1.321481108665466309e+00
1.321165084838867188e+00
2.149158000946044922e+00
1.453622102737426758e+00
1.446090221405029297e+00
1.442740678787231445e+00
1.600214362144470215e+00
1.297184824943542480e+00
1.305737495422363281e+00
2.102607011795043945e+00
1.658581018447875977e+00
1.233710408210754395e+00
1.283510088920593262e+00
1.427357792854309082e+00
1.278624534606933594e+00
1.688618898391723633e+00
1.623966336250305176e+00
1.674266338348388672e+00
1.739478349685668945e+00
1.639261841773986816e+00
1.712621331214904785e+00
1.739266395568847656e+00
1.560049176216125488e+00
1.671187400817871094e+00
1.080387949943542480e+00
1.553612232208251953e+00
9.454330801963806152e-01
1.468567609786987305e+00
9.639782905578613281e-01
6.091458797454833984e-01
6.394183635711669922e-01
6.735424399375915527e-01
6.715171337127685547e-01
9.439965486526489258e-01
1.306015729904174805e+00
1.255577564239501953e+00
1.284425616264343262e+00
1.329289913177490234e+00
1.321649432182312012e+00
1.302985310554504395e+00
1.021394610404968262e+00
1.571902751922607422e+00
1.734355092048645020e+00
1.488865613937377930e+00
1.635733366012573242e+00
1.759153366088867188e+00
2.746931791305541992e+00
1.626343846321105957e+00
1.258774638175964355e+00
1.064323067665100098e+00
1.630315780639648438e+00
1.038355231285095215e+00
2.195494651794433594e+00
2.004714727401733398e+00
1.878665447235107422e+00
1.873491644859313965e+00
1.772954940795898438e+00
9.349334836006164551e-01
4.394406378269195557e-01
4.342930912971496582e-01
3.824962377548217773e-01
3.979175388813018799e-01
4.427734017372131348e-01
3.122918307781219482e-01
3.290394842624664307e-01
3.570796847343444824e-01
3.155812621116638184e-01
3.336478769779205322e-01
3.850058913230895996e-01
3.741713464260101318e-01
3.182356357574462891e-01
3.446509838104248047e-01
3.298746645450592041e-01
3.082971274852752686e-01
3.273482918739318848e-01
3.319095671176910400e-01
2.988486886024475098e-01
2.811309993267059326e-01
3.280872702598571777e-01
3.196998536586761475e-01
2.543922066688537598e-01
3.073821663856506348e-01
3.702470958232879639e-01
3.114056587219238281e-01
6.839916110038757324e-01
3.126465082168579102e-01
3.959382772445678711e-01
3.303916156291961670e-01
3.555984795093536377e-01
4.564785659313201904e-01
3.716729283332824707e-01
3.212241232395172119e-01
3.967624902725219727e-01
4.630993902683258057e-01
3.572611510753631592e-01
3.610859215259552002e-01
4.380238354206085205e-01
3.844360411167144775e-01
3.957905471324920654e-01
3.876062631607055664e-01
4.954983294010162354e-01
1.390591382980346680e+00
1.450348615646362305e+00
1.404954671859741211e+00
1.291426897048950195e+00
4.766502380371093750e-01
3.744744956493377686e-01
5.092067718505859375e-01
4.754680693149566650e-01
1.551294684410095215e+00
2.040596246719360352e+00
2.409124135971069336e+00
2.669094324111938477e+00
2.132408142089843750e+00
2.346333742141723633e+00
2.371991872787475586e+00
2.528782129287719727e+00
2.367777824401855469e+00
2.338822126388549805e+00
2.156565904617309570e+00
1.342632174491882324e+00
1.578385233879089355e+00
1.448855280876159668e+00
2.681518554687500000e+00
1.482106328010559082e+00
1.428569316864013672e+00
1.553560137748718262e+00
1.502598166465759277e+00
1.592637777328491211e+00
7.427450418472290039e-01
2.296559333801269531e+00
1.654208302497863770e+00
5.387227535247802734e-01
7.766742706298828125e-01
1.772719264030456543e+00
1.864780783653259277e+00
2.433996200561523438e+00
2.960689544677734375e+00
3.011056661605834961e+00
2.675347328186035156e+00
1.514046788215637207e+00
2.555008649826049805e+00
1.679007053375244141e+00
6.336384415626525879e-01
1.078109383583068848e+00
7.246431112289428711e-01
6.357079148292541504e-01
1.907822966575622559e+00
6.420820355415344238e-01
8.760235309600830078e-01
1.756343007087707520e+00
1.518169164657592773e+00
1.485268950462341309e+00
8.659068346023559570e-01
1.350596427917480469e+00
2.282503604888916016e+00
4.870333671569824219e-01
5.223972201347351074e-01
5.350363850593566895e-01
5.004663467407226562e-01
1.690924644470214844e+00
1.533135771751403809e+00
1.511116385459899902e+00
1.409415602684020996e+00
1.419501304626464844e+00
1.519630432128906250e+00
1.629674077033996582e+00
1.549900174140930176e+00
1.396678566932678223e+00
1.549126625061035156e+00
1.463635206222534180e+00
1.425649881362915039e+00
1.720386862754821777e+00
2.055371761322021484e+00
2.098707199096679688e+00
2.013573646545410156e+00
2.107667446136474609e+00
2.949371814727783203e+00
4.576107501983642578e+00
4.707002639770507812e+00
4.862776279449462891e+00
4.619215488433837891e+00
3.933767795562744141e+00
3.801873445510864258e+00
3.383767843246459961e+00
2.881743192672729492e+00
2.698940753936767578e+00
3.153744459152221680e+00
2.969892501831054688e+00
2.530485630035400391e+00
2.720402002334594727e+00
2.141226291656494141e+00
1.532182455062866211e+00
1.691164731979370117e+00
1.722094774246215820e+00
1.653208494186401367e+00
1.646204948425292969e+00
2.376203060150146484e+00
1.638310909271240234e+00
1.761542916297912598e+00
1.802659273147583008e+00
1.794408917427062988e+00
1.416730523109436035e+00
1.654413342475891113e+00
1.142820358276367188e+00
7.054132223129272461e-01
8.273012638092041016e-01
8.239884972572326660e-01
7.893409132957458496e-01
7.881584167480468750e-01
7.688336968421936035e-01
7.003546953201293945e-01
5.981354117393493652e-01
6.097387671470642090e-01
7.023970484733581543e-01
5.987976193428039551e-01
5.380917787551879883e-01
5.282374024391174316e-01
3.640604317188262939e-01
3.455124795436859131e-01
3.801713585853576660e-01
3.055761456489562988e-01
2.680052816867828369e-01
3.018667697906494141e-01
9.303615093231201172e-01
1.360734224319458008e+00
1.175205469131469727e+00
1.112781405448913574e+00
1.605424433946609497e-01
2.049372643232345581e-01
3.406508266925811768e-01
3.141820132732391357e-01
2.425670623779296875e-01
3.201735019683837891e-01
3.635917007923126221e-01
3.322941064834594727e-01
3.036950230598449707e-01
4.135682582855224609e-01
4.196625649929046631e-01
4.035406708717346191e-01
4.614049196243286133e-01
4.360453784465789795e-01
4.009186327457427979e-01
3.707336187362670898e-01
4.153326153755187988e-01
3.653171658515930176e-01
3.773245811462402344e-01
4.168634712696075439e-01
3.941100537776947021e-01
4.109034836292266846e-01
4.024409949779510498e-01
3.924624323844909668e-01
3.398129045963287354e-01
4.055522680282592773e-01
1.461227774620056152e+00
1.752921104431152344e+00
1.498195648193359375e+00
2.043221473693847656e+00
2.536642551422119141e+00
2.418688058853149414e+00
1.573763132095336914e+00
1.600622177124023438e+00
1.540513873100280762e+00
1.477012515068054199e+00
1.516662120819091797e+00
1.582536101341247559e+00
1.322815179824829102e+00
1.417955160140991211e+00
1.435758113861083984e+00
1.269365549087524414e+00
1.283565759658813477e+00
1.478770017623901367e+00
3.717203736305236816e-01
3.118754625320434570e-01
3.951497077941894531e-01
4.153238534927368164e-01
2.944653034210205078e-01
3.116005361080169678e-01
4.298581779003143311e-01
3.168157935142517090e-01
2.875273525714874268e-01
3.345269262790679932e-01
4.642516970634460449e-01
3.072717189788818359e-01
3.602008521556854248e-01
4.472792744636535645e-01
3.980277180671691895e-01
3.584608733654022217e-01
3.863676190376281738e-01
4.518367052078247070e-01
3.434800505638122559e-01
3.662183880805969238e-01
3.857744634151458740e-01
3.173903226852416992e-01
2.847246825695037842e-01
3.631134033203125000e-01
3.220277726650238037e-01
2.878151535987854004e-01
2.868108451366424561e-01
3.349224328994750977e-01
2.898903489112854004e-01
3.027567863464355469e-01
3.273290991783142090e-01
3.070790171623229980e-01
3.233006894588470459e-01
3.320320844650268555e-01
3.310806751251220703e-01
2.972515225410461426e-01
3.797845840454101562e-01
3.926570415496826172e-01
4.086539447307586670e-01
3.995772004127502441e-01
4.717099070549011230e-01
4.650531709194183350e-01
3.602419495582580566e-01
4.150201678276062012e-01
4.793306589126586914e-01
4.245140850543975830e-01
1.504826664924621582e+00
1.334198474884033203e+00
1.313921570777893066e+00
7.810274958610534668e-01
2.378169447183609009e-01
5.065480470657348633e-01
3.636564016342163086e-01
3.997846841812133789e-01
4.149957597255706787e-01
5.145878791809082031e-01
3.841054737567901611e-01
4.223722815513610840e-01
4.566136896610260010e-01
4.159581065177917480e-01
4.389236867427825928e-01
5.201021432876586914e-01
5.044311881065368652e-01
4.314676821231842041e-01
4.172735214233398438e-01
1.427904605865478516e+00
1.905487060546875000e+00
1.402281641960144043e+00
1.262016773223876953e+00
1.406674385070800781e+00
7.634575366973876953e-01
1.007889628410339355e+00
1.443039536476135254e+00
1.887949705123901367e+00
1.784601926803588867e+00
1.710282444953918457e+00
1.367362380027770996e+00
9.147840142250061035e-01
4.346033632755279541e-01
3.732843697071075439e-01
3.693378865718841553e-01
4.526938199996948242e-01
4.145018458366394043e-01
2.831190228462219238e-01
3.649808466434478760e-01
4.482846856117248535e-01
3.350583910942077637e-01
3.482674360275268555e-01
4.322469234466552734e-01
4.240689575672149658e-01
3.218128979206085205e-01
3.526124358177185059e-01
3.987650573253631592e-01
3.296230435371398926e-01
3.274751901626586914e-01
3.886878490447998047e-01
3.274617791175842285e-01
3.202979564666748047e-01
3.403317630290985107e-01
3.336974978446960449e-01
3.037459850311279297e-01
3.587733507156372070e-01
3.782027661800384521e-01
2.871943116188049316e-01
3.227429091930389404e-01
3.656290769577026367e-01
3.067868351936340332e-01
2.846772670745849609e-01
3.964006900787353516e-01
4.408640265464782715e-01
3.318687081336975098e-01
3.557952642440795898e-01
4.623933136463165283e-01
4.140769839286804199e-01
3.354648947715759277e-01
3.455464839935302734e-01
4.081803262233734131e-01
3.259106576442718506e-01
3.326594829559326172e-01
4.145087003707885742e-01
3.682850897312164307e-01
3.717195391654968262e-01
4.100883007049560547e-01
6.963397264480590820e-01
1.249144196510314941e+00
2.051864147186279297e+00
2.617620944976806641e+00
1.914236545562744141e+00
1.947250008583068848e+00
2.149808883666992188e+00
1.965951204299926758e+00
1.952967405319213867e+00
2.103823184967041016e+00
2.077004909515380859e+00
1.727724671363830566e+00
2.337446689605712891e+00
2.513334274291992188e+00
2.537073373794555664e+00
2.555310487747192383e+00
1.345580697059631348e+00
1.692161321640014648e+00
1.510778903961181641e+00
1.501678109169006348e+00
1.582643628120422363e+00
1.644570827484130859e+00
2.684584856033325195e+00
2.448802709579467773e+00
3.195517063140869141e+00
2.944089651107788086e+00
2.595122337341308594e+00
1.601699948310852051e+00
2.575172424316406250e+00
2.833308696746826172e+00
2.392269849777221680e+00
3.119003057479858398e+00
1.842043876647949219e+00
2.010582208633422852e+00
1.955742120742797852e+00
2.005533456802368164e+00
1.894952654838562012e+00
1.769642233848571777e+00
2.150616645812988281e+00
1.845109343528747559e+00
1.874668836593627930e+00
1.865401387214660645e+00
1.712321519851684570e+00
1.638713598251342773e+00
2.428794860839843750e+00
2.480215072631835938e+00
1.393627285957336426e+00
1.547090649604797363e+00
1.441482543945312500e+00
1.621110439300537109e+00
1.790445208549499512e+00
1.838764548301696777e+00
2.780524015426635742e+00
2.606425046920776367e+00
4.884822368621826172e-01
5.715887546539306641e-01
7.133678197860717773e-01
7.820687890052795410e-01
8.443008065223693848e-01
1.097975969314575195e+00
8.912968039512634277e-01
8.389388918876647949e-01
7.978595495223999023e-01
6.705816388130187988e-01
7.130805253982543945e-01
7.515987157821655273e-01
6.554040312767028809e-01
7.762121558189392090e-01
7.724723219871520996e-01
1.025807857513427734e+00
1.104747533798217773e+00
3.296922206878662109e+00
3.695600271224975586e+00
4.575037956237792969e+00
3.250013589859008789e+00
3.178665637969970703e+00
3.148400068283081055e+00
1.673441767692565918e+00
1.495566248893737793e+00
1.788809061050415039e+00
3.249644517898559570e+00
2.798706293106079102e+00
1.384754776954650879e+00
1.560494780540466309e+00
1.749555230140686035e+00
1.729382991790771484e+00
1.757243990898132324e+00
2.045756340026855469e+00
1.938177585601806641e+00
1.922407150268554688e+00
2.711242914199829102e+00
2.640572309494018555e+00
2.650432109832763672e+00
1.963223338127136230e+00
1.750733613967895508e+00
1.831492185592651367e+00
1.352277159690856934e+00
3.972679376602172852e-01
5.379659533500671387e-01
3.580236732959747314e-01
2.554924190044403076e-01
2.999993562698364258e-01
3.227900564670562744e-01
2.976906299591064453e-01
2.975283563137054443e-01
4.028614461421966553e-01
4.277410507202148438e-01
3.727874159812927246e-01
3.920521140098571777e-01
3.929256796836853027e-01
3.883967399597167969e-01
3.226587474346160889e-01
3.476973176002502441e-01
3.460033833980560303e-01
3.012122213840484619e-01
3.180788457393646240e-01
3.336078524589538574e-01
2.753135561943054199e-01
2.883567810058593750e-01
3.558210432529449463e-01
2.656863927841186523e-01
2.118102610111236572e-01
3.014920949935913086e-01
3.662153780460357666e-01
2.408934235572814941e-01
2.624745368957519531e-01
3.631071150302886963e-01
2.813801467418670654e-01
2.317700684070587158e-01
3.429307639598846436e-01
4.249685406684875488e-01
3.170827627182006836e-01
3.752485513687133789e-01
4.683302938938140869e-01
4.189921021461486816e-01
4.069364666938781738e-01
4.301870763301849365e-01
4.324182569980621338e-01
4.021353721618652344e-01
4.258703291416168213e-01
5.432387590408325195e-01
4.788627624511718750e-01
5.320333838462829590e-01
5.096272230148315430e-01
4.866901934146881104e-01
5.367434620857238770e-01
1.748657822608947754e+00
1.767841100692749023e+00
2.546046495437622070e+00
2.127440214157104492e+00
2.292575120925903320e+00
2.153421163558959961e+00
2.519934654235839844e+00
2.479072570800781250e+00
1.580426692962646484e+00
2.254293918609619141e+00
2.037678956985473633e+00
1.483468413352966309e+00
1.350863099098205566e+00
1.307792186737060547e+00
1.432144045829772949e+00
1.338849663734436035e+00
1.263253688812255859e+00
1.409020304679870605e+00
1.361794352531433105e+00
1.899045467376708984e+00
1.483263373374938965e+00
1.490328192710876465e+00
1.548022270202636719e+00
1.589283347129821777e+00
1.581919908523559570e+00
1.554858565330505371e+00
1.411998748779296875e+00
1.406905651092529297e+00
1.797668457031250000e+00
2.308481693267822266e+00
1.725626468658447266e+00
1.459180593490600586e+00
1.535893678665161133e+00
1.806460380554199219e+00
9.342457652091979980e-01
6.443699598312377930e-01
5.887650847434997559e-01
5.693063139915466309e-01
4.665204286575317383e-01
2.108634948730468750e+00
7.407175302505493164e-01
4.639518558979034424e-01
4.976615011692047119e-01
5.678672790527343750e-01
1.614109754562377930e+00
1.576739192008972168e+00
1.667631745338439941e+00
2.612064838409423828e+00
4.399690926074981689e-01
4.542553424835205078e-01
4.158024191856384277e-01
4.236013293266296387e-01
4.639715850353240967e-01
7.997579574584960938e-01
6.771706938743591309e-01
4.229698181152343750e-01
7.162754535675048828e-01
6.356616020202636719e-01
5.365620255470275879e-01
5.695442557334899902e-01
6.313883662223815918e-01
1.332134246826171875e+00
1.167468547821044922e+00
1.391971707344055176e+00
7.898913025856018066e-01
7.256352901458740234e-01
8.677265644073486328e-01
1.352527737617492676e+00
1.467386722564697266e+00
1.814825057983398438e+00
1.836678862571716309e+00
1.930384755134582520e+00
1.952940821647644043e+00
3.067155122756958008e+00
2.750323772430419922e+00
2.432694673538208008e+00
2.571580648422241211e+00
2.161457777023315430e+00
1.582171082496643066e+00
1.598355412483215332e+00
2.970050811767578125e+00
2.452064037322998047e+00
2.927376747131347656e+00
2.590913772583007812e+00
2.646009206771850586e+00
2.416602373123168945e+00
2.102331876754760742e+00
1.183381319046020508e+00
1.384404182434082031e+00
1.100728988647460938e+00
1.048529505729675293e+00
1.210445165634155273e+00
9.047769308090209961e-01
7.004791498184204102e-01
7.258250117301940918e-01
7.681267857551574707e-01
5.981490612030029297e-01
6.380643248558044434e-01
6.527463793754577637e-01
6.057344675064086914e-01
5.384343862533569336e-01
6.501600146293640137e-01
5.251765251159667969e-01
3.507998287677764893e-01
4.433854520320892334e-01
4.504497945308685303e-01
3.762289881706237793e-01
3.321214318275451660e-01
3.303850293159484863e-01
3.917470574378967285e-01
2.538552284240722656e-01
2.629922926425933838e-01
3.358968496322631836e-01
3.383135795593261719e-01
2.091090232133865356e-01
2.705233991146087646e-01
3.149681091308593750e-01
2.569119930267333984e-01
2.028055936098098755e-01
2.787203192710876465e-01
1.202933788299560547e+00
1.290804982185363770e+00
1.147583603858947754e+00
1.082368016242980957e+00
2.293404638767242432e-01
2.254732251167297363e-01
3.243839144706726074e-01
3.913342654705047607e-01
2.904475927352905273e-01
3.745559155941009521e-01
3.836745917797088623e-01
3.641092181205749512e-01
3.415616452693939209e-01
3.618591427803039551e-01
3.986450135707855225e-01
3.471919000148773193e-01
3.597217202186584473e-01
4.359664320945739746e-01
4.000916779041290283e-01
3.851538896560668945e-01
4.354974627494812012e-01
5.373286604881286621e-01
4.482630193233489990e-01
4.785908758640289307e-01
1.975275993347167969e+00
1.843632221221923828e+00
1.896755099296569824e+00
1.836735367774963379e+00
2.818724870681762695e+00
1.874699592590332031e+00
3.877114057540893555e+00
2.949074983596801758e+00
1.515557885169982910e+00
1.916910052299499512e+00
1.638511300086975098e+00
1.633239269256591797e+00
1.410299539566040039e+00
2.074929475784301758e+00
1.492348313331604004e+00
1.330797433853149414e+00
1.422731518745422363e+00
1.392954349517822266e+00
1.440758109092712402e+00
1.395902872085571289e+00
1.282745957374572754e+00
1.305886864662170410e+00
1.679378509521484375e+00
1.262735366821289062e+00
1.359428882598876953e+00
1.461797356605529785e+00
1.415640354156494141e+00
1.273570537567138672e+00
1.316680669784545898e+00
1.473461866378784180e+00
1.372224688529968262e+00
1.366987705230712891e+00
1.439037322998046875e+00
1.463896989822387695e+00
2.109613656997680664e+00
1.399592518806457520e+00
1.419267773628234863e+00
1.679881691932678223e+00
1.355084419250488281e+00
2.129314661026000977e+00
2.824273109436035156e+00
1.267691969871520996e+00
1.487566113471984863e+00
1.685902833938598633e+00
1.615294456481933594e+00
1.392111539840698242e+00
1.693149209022521973e+00
2.765407323837280273e+00
2.292026042938232422e+00
1.242430210113525391e+00
1.483284950256347656e+00
1.503718137741088867e+00
1.392684459686279297e+00
1.520977258682250977e+00
1.874075174331665039e+00
1.488484382629394531e+00
4.360801875591278076e-01
5.976628661155700684e-01
1.129813790321350098e+00
8.306989669799804688e-01
7.677981853485107422e-01
2.396405220031738281e+00
2.340085744857788086e+00
2.438130378723144531e+00
2.094368219375610352e+00
2.439956903457641602e+00
8.213936090469360352e-01
9.054216146469116211e-01
2.023828506469726562e+00
2.348417282104492188e+00
2.392385244369506836e+00
2.437121868133544922e+00
2.206718683242797852e+00
1.907118797302246094e+00
1.390896677970886230e+00
1.784097552299499512e+00
1.626657128334045410e+00
1.879045128822326660e+00
1.668270111083984375e+00
2.133368492126464844e+00
2.669075965881347656e+00
2.610286235809326172e+00
2.580953598022460938e+00
1.902237892150878906e+00
1.957764983177185059e+00
1.957047581672668457e+00
2.125895261764526367e+00
1.962531805038452148e+00
1.982636094093322754e+00
1.325362682342529297e+00
6.881373524665832520e-01
7.106610536575317383e-01
5.192505717277526855e-01
5.682356953620910645e-01
3.490675389766693115e-01
3.423392474651336670e-01
3.418173789978027344e-01
3.742450773715972900e-01
3.228289783000946045e-01
3.379555940628051758e-01
3.965769410133361816e-01
3.717414736747741699e-01
2.954301238059997559e-01
3.416597545146942139e-01
3.646916747093200684e-01
2.962069213390350342e-01
2.777639925479888916e-01
3.301229774951934814e-01
2.582460045814514160e-01
2.849653661251068115e-01
2.527391016483306885e-01
3.139421641826629639e-01
2.622083723545074463e-01
3.296416699886322021e-01
2.987878322601318359e-01
2.978109419345855713e-01
2.573938369750976562e-01
3.319783508777618408e-01
2.881476283073425293e-01
2.425037473440170288e-01
2.586522400379180908e-01
3.605048358440399170e-01
2.873656153678894043e-01
2.973759472370147705e-01
3.469054400920867920e-01
4.654692411422729492e-01
3.019917607307434082e-01
3.706176578998565674e-01
4.359681010246276855e-01
4.215952157974243164e-01
3.608307242393493652e-01
3.802522122859954834e-01
4.487136304378509521e-01
1.511796116828918457e+00
1.351364374160766602e+00
1.372266888618469238e+00
1.311172366142272949e+00
3.361873924732208252e-01
4.222083687782287598e-01
5.215628147125244141e-01
4.698888063430786133e-01
4.312878549098968506e-01
1.618143081665039062e+00
9.377218484878540039e-01
2.229388236999511719e+00
1.768388271331787109e+00
1.966198921203613281e+00
2.695175170898437500e+00
2.025750160217285156e+00
2.411854028701782227e+00
3.213513612747192383e+00
1.971398591995239258e+00
2.124485492706298828e+00
1.924127340316772461e+00
1.975899577140808105e+00
1.792254447937011719e+00
1.019608020782470703e+00
1.537228345870971680e+00
1.628912925720214844e+00
1.464686870574951172e+00
7.503074407577514648e-01
1.078101396560668945e+00
8.446664810180664062e-01
7.415214776992797852e-01
8.983715772628784180e-01
1.114183068275451660e+00
8.471527695655822754e-01
6.916776299476623535e-01
5.811410546302795410e-01
4.546519815921783447e-01
4.375279843807220459e-01
5.912292003631591797e-01
1.647327661514282227e+00
1.388773560523986816e+00
1.330901861190795898e+00
6.738023161888122559e-01
4.603989720344543457e-01
7.478622198104858398e-01
4.486278593540191650e-01
5.285646915435791016e-01
5.055585503578186035e-01
6.044697761535644531e-01
5.009953379631042480e-01
5.303739905357360840e-01
3.490590453147888184e-01
3.771252930164337158e-01
4.454984664916992188e-01
3.700864613056182861e-01
3.164959251880645752e-01
3.712371289730072021e-01
3.415994644165039062e-01
3.479341566562652588e-01
3.027167618274688721e-01
3.463885188102722168e-01
2.741494476795196533e-01
3.366319835186004639e-01
3.893284201622009277e-01
3.708588778972625732e-01
3.760727643966674805e-01
4.073478877544403076e-01
4.434706866741180420e-01
3.755955696105957031e-01
6.829456686973571777e-01
6.867887973785400391e-01
7.914034724235534668e-01
6.482446193695068359e-01
1.305864930152893066e+00
1.605752468109130859e+00
1.876833677291870117e+00
1.622687697410583496e+00
1.770090103149414062e+00
1.824403405189514160e+00
1.738877177238464355e+00
1.834497690200805664e+00
2.020313739776611328e+00
2.549824476242065430e+00
2.662764072418212891e+00
2.827916383743286133e+00
2.846490383148193359e+00
2.729644775390625000e+00
2.538987159729003906e+00
1.939667582511901855e+00
1.483105182647705078e+00
1.523825764656066895e+00
2.390104532241821289e+00
1.656954050064086914e+00
1.654393315315246582e+00
1.602338552474975586e+00
1.601037979125976562e+00
1.569848656654357910e+00
1.465767145156860352e+00
1.542234182357788086e+00
1.545349836349487305e+00
1.135488152503967285e+00
1.052596807479858398e+00
1.220754027366638184e+00
1.160236239433288574e+00
9.720373153686523438e-01
9.576805830001831055e-01
1.092045903205871582e+00
1.780014872550964355e+00
1.506757616996765137e+00
1.560275316238403320e+00
1.538541555404663086e+00
5.271273255348205566e-01
5.195402503013610840e-01
6.064772605895996094e-01
4.741587042808532715e-01
3.761289417743682861e-01
4.187295138835906982e-01
4.348950088024139404e-01
3.235366940498352051e-01
2.837006747722625732e-01
3.124831318855285645e-01
3.458227813243865967e-01
2.190363109111785889e-01
2.684147655963897705e-01
3.371448218822479248e-01
2.561530172824859619e-01
2.039877772331237793e-01
2.628094851970672607e-01
3.465463817119598389e-01
2.107752710580825806e-01
2.359475940465927124e-01
3.049007654190063477e-01
2.971684634685516357e-01
2.365284115076065063e-01
2.907745838165283203e-01
3.660407662391662598e-01
3.466247916221618652e-01
2.924942672252655029e-01
3.869001865386962891e-01
4.342294931411743164e-01
3.915603756904602051e-01
3.672100901603698730e-01
4.082425236701965332e-01
4.160266518592834473e-01
4.030132889747619629e-01
3.928760588169097900e-01
