1.660723090171813965e+00
1.253659486770629883e+00
1.442621707916259766e+00
1.441289901733398438e+00
1.338908314704895020e+00
1.343497037887573242e+00
1.718899846076965332e+00
1.737046480178833008e+00
1.306695222854614258e+00
1.445316433906555176e+00
1.473157048225402832e+00
1.279929876327514648e+00
1.384197473526000977e+00
1.456528663635253906e+00
1.149602890014648438e+00
1.258586883544921875e+00
1.221849083900451660e+00
1.219246506690979004e+00
1.020557522773742676e+00
1.149699926376342773e+00
1.296924710273742676e+00
1.081811308860778809e+00
1.033575057983398438e+00
1.074669718742370605e+00
3.996925950050354004e-01
3.445654809474945068e-01
3.306366503238677979e-01
3.739334344863891602e-01
3.273077309131622314e-01
2.916193604469299316e-01
3.738448917865753174e-01
1.063545942306518555e+00
4.544869661331176758e-01
3.670135438442230225e-01
3.923621177673339844e-01
3.419985473155975342e-01
3.419004380702972412e-01
4.673712253570556641e-01
4.315082430839538574e-01
3.567214608192443848e-01
4.758342504501342773e-01
5.030552148818969727e-01
3.929421305656433105e-01
4.278339743614196777e-01
5.120185017585754395e-01
4.274269342422485352e-01
3.962636291980743408e-01
4.586178958415985107e-01
4.045046567916870117e-01
3.798120021820068359e-01
4.215466976165771484e-01
4.744881689548492432e-01
3.621540665626525879e-01
4.343015849590301514e-01
5.025365948677062988e-01
3.613654971122741699e-01
1.268266439437866211e+00
1.682847142219543457e+00
1.825385212898254395e+00
1.697597503662109375e+00
1.416088223457336426e+00
6.434810757637023926e-01
4.561392366886138916e-01
5.064328908920288086e-01
6.301790475845336914e-01
4.712165296077728271e-01
5.246538519859313965e-01
6.480343341827392578e-01
5.590805411338806152e-01
4.847438037395477295e-01
5.488479137420654297e-01
6.337727904319763184e-01
5.095282793045043945e-01
5.248509049415588379e-01
5.987137556076049805e-01
5.129991769790649414e-01
6.520518064498901367e-01
1.856044769287109375e+00
1.699117660522460938e+00
2.100819349288940430e+00
1.904862165451049805e+00
1.931325793266296387e+00
1.728018760681152344e+00
1.848784208297729492e+00
1.640972495079040527e+00
1.477158904075622559e+00
1.470451712608337402e+00
1.463577866554260254e+00
1.433616757392883301e+00
1.428315758705139160e+00
1.437723040580749512e+00
1.493549466133117676e+00
1.396334528923034668e+00
1.410684943199157715e+00
1.489928603172302246e+00
1.506673455238342285e+00
1.510466456413269043e+00
1.600874662399291992e+00
2.136840820312500000e+00
1.330787897109985352e+00
1.381180763244628906e+00
1.519911289215087891e+00
1.425850510597229004e+00
1.400731325149536133e+00
1.483707070350646973e+00
1.442483305931091309e+00
1.401938199996948242e+00
1.363376498222351074e+00
1.413175940513610840e+00
1.387457370758056641e+00
7.028703689575195312e-01
4.135575592517852783e-01
4.085679054260253906e-01
4.144119322299957275e-01
3.792613446712493896e-01
3.954775333404541016e-01
3.528240621089935303e-01
3.378289639949798584e-01
4.261561930179595947e-01
3.703175187110900879e-01
2.985529303550720215e-01
3.767166137695312500e-01
4.982258677482604980e-01
1.048854351043701172e+00
3.437908887863159180e-01
4.939658343791961670e-01
4.426489472389221191e-01
3.659549951553344727e-01
8.136023879051208496e-01
1.439258813858032227e+00
1.436371803283691406e+00
1.370599269866943359e+00
1.555908083915710449e+00
1.346206188201904297e+00
1.403190016746520996e+00
1.410784125328063965e+00
1.335172057151794434e+00
1.268331050872802734e+00
1.410239577293395996e+00
1.354730606079101562e+00
1.244823336601257324e+00
1.387529730796813965e+00
1.428239345550537109e+00
1.829118728637695312e+00
1.424267053604125977e+00
1.393635272979736328e+00
1.511260747909545898e+00
1.985432386398315430e+00
1.218589425086975098e+00
1.446375012397766113e+00
1.331758141517639160e+00
1.309922456741333008e+00
1.362741708755493164e+00
1.830210208892822266e+00
1.805596470832824707e+00
7.479153871536254883e-01
6.520687937736511230e-01
4.663455486297607422e-01
4.851020574569702148e-01
5.815899968147277832e-01
4.630138874053955078e-01
4.281417727470397949e-01
5.652776360511779785e-01
4.025262296199798584e-01
3.696246147155761719e-01
3.739649355411529541e-01
4.000799059867858887e-01
3.176164329051971436e-01
3.662674427032470703e-01
1.158036589622497559e+00
1.466181516647338867e+00
1.335582733154296875e+00
1.640123605728149414e+00
1.788117527961730957e+00
8.949648141860961914e-01
3.604820668697357178e-01
4.435022175312042236e-01
3.230408430099487305e-01
3.564528226852416992e-01
5.433443188667297363e-01
3.868681192398071289e-01
4.050599932670593262e-01
4.812263250350952148e-01
5.366261601448059082e-01
3.940017819404602051e-01
4.023392796516418457e-01
4.936972260475158691e-01
4.375978708267211914e-01
3.884935081005096436e-01
4.872435927391052246e-01
4.387556612491607666e-01
9.879673123359680176e-01
6.062662005424499512e-01
5.320037603378295898e-01
3.979367315769195557e-01
4.341398477554321289e-01
1.488232493400573730e+00
6.728596687316894531e-01
4.913616478443145752e-01
1.504022717475891113e+00
1.699836611747741699e+00
1.976687073707580566e+00
1.358670473098754883e+00
1.526921629905700684e+00
1.440719246864318848e+00
1.345890402793884277e+00
1.513734817504882812e+00
6.035606265068054199e-01
7.524949908256530762e-01
5.681076645851135254e-01
6.418923735618591309e-01
5.749362707138061523e-01
5.570766329765319824e-01
5.885068774223327637e-01
4.718192815780639648e-01
4.464885294437408447e-01
4.798462390899658203e-01
4.619761407375335693e-01
4.146566987037658691e-01
4.172362387180328369e-01
4.262872338294982910e-01
3.527585268020629883e-01
3.450202047824859619e-01
4.241281449794769287e-01
3.858849108219146729e-01
3.667583763599395752e-01
3.479415476322174072e-01
4.690199196338653564e-01
1.061896443367004395e+00
3.200646936893463135e-01
3.852131068706512451e-01
3.519655764102935791e-01
3.606369495391845703e-01
3.577430248260498047e-01
3.667257428169250488e-01
3.083376884460449219e-01
4.434188902378082275e-01
4.738566577434539795e-01
3.712031245231628418e-01
4.388365149497985840e-01
4.732223749160766602e-01
4.424625635147094727e-01
4.248967170715332031e-01
5.007859468460083008e-01
4.827708601951599121e-01
4.028080105781555176e-01
3.931707143783569336e-01
4.444853961467742920e-01
3.662172853946685791e-01
3.758658170700073242e-01
4.321989715099334717e-01
3.691153228282928467e-01
3.585529625415802002e-01
1.137247323989868164e+00
1.694679975509643555e+00
1.604616880416870117e+00
1.219576478004455566e+00
1.024687647819519043e+00
3.497440218925476074e-01
4.019719958305358887e-01
6.725754737854003906e-01
1.342111945152282715e+00
1.154709339141845703e+00
1.177228093147277832e+00
1.510568380355834961e+00
1.113138556480407715e+00
1.065441131591796875e+00
1.341759443283081055e+00
1.237015724182128906e+00
1.112814307212829590e+00
1.408253669738769531e+00
1.379243493080139160e+00
1.242001533508300781e+00
1.636611580848693848e+00
1.265147447586059570e+00
1.214190959930419922e+00
1.073596835136413574e+00
1.359266400337219238e+00
1.375483989715576172e+00
1.901756644248962402e+00
1.231465816497802734e+00
1.372274279594421387e+00
1.452895164489746094e+00
2.329361438751220703e+00
2.316424846649169922e+00
2.227995634078979492e+00
2.129980325698852539e+00
2.280294895172119141e+00
1.152117133140563965e+00
6.490452289581298828e-01
8.679491281509399414e-01
6.956040263175964355e-01
6.072428226470947266e-01
6.520315408706665039e-01
6.142353415489196777e-01
4.973356127738952637e-01
1.160734534263610840e+00
1.108897686004638672e+00
1.052501440048217773e+00
1.291560888290405273e+00
1.360762715339660645e+00
1.088230729103088379e+00
1.290325522422790527e+00
1.805361866950988770e+00
5.918640494346618652e-01
5.029482841491699219e-01
5.823752880096435547e-01
5.998871326446533203e-01
4.964804053306579590e-01
4.874225854873657227e-01
4.284013509750366211e-01
3.950806260108947754e-01
4.068479239940643311e-01
4.186355173587799072e-01
3.702835440635681152e-01
3.782225251197814941e-01
3.753735423088073730e-01
3.191683888435363770e-01
3.785234689712524414e-01
4.134638309478759766e-01
3.550716638565063477e-01
3.793964684009552002e-01
5.283418297767639160e-01
4.052074551582336426e-01
4.053083062171936035e-01
4.551826417446136475e-01
5.218322873115539551e-01
4.166192412376403809e-01
9.598541855812072754e-01
9.104984402656555176e-01
4.555893838405609131e-01
4.260158836841583252e-01
4.807633757591247559e-01
4.190666675567626953e-01
1.217516064643859863e+00
2.230957508087158203e+00
2.189154863357543945e+00
1.904981613159179688e+00
1.478986024856567383e+00
1.917322039604187012e+00
2.777472972869873047e+00
1.308895468711853027e+00
1.534815192222595215e+00
2.123352050781250000e+00
1.581324577331542969e+00
1.427450418472290039e+00
1.529507756233215332e+00
3.141905069351196289e+00
1.667090415954589844e+00
1.333119630813598633e+00
1.400670528411865234e+00
1.576968073844909668e+00
7.070416212081909180e-01
4.318804740905761719e-01
7.852595448493957520e-01
4.503505527973175049e-01
3.463328480720520020e-01
4.686844050884246826e-01
4.928508102893829346e-01
4.178000688552856445e-01
4.073309004306793213e-01
4.585038721561431885e-01
4.218660295009613037e-01
3.955158889293670654e-01
4.177496135234832764e-01
3.359127640724182129e-01
3.700160086154937744e-01
3.910716772079467773e-01
8.596423268318176270e-01
6.187108159065246582e-01
4.580373466014862061e-01
3.832445442676544189e-01
3.557146787643432617e-01
4.067717194557189941e-01
3.712878227233886719e-01
3.233522176742553711e-01
3.684561252593994141e-01
4.450166225433349609e-01
3.010757267475128174e-01
3.770792484283447266e-01
4.365848004817962646e-01
3.658332824707031250e-01
3.642473518848419189e-01
4.733391404151916504e-01
4.216165840625762939e-01
3.940209746360778809e-01
4.319081604480743408e-01
4.296865761280059814e-01
4.275286197662353516e-01
4.412044584751129150e-01
4.058609008789062500e-01
3.887199163436889648e-01
1.078268885612487793e+00
1.373548507690429688e+00
5.900936126708984375e-01
6.349420547485351562e-01
9.161720275878906250e-01
7.653452754020690918e-01
7.675440907478332520e-01
1.373378634452819824e+00
1.502664327621459961e+00
1.471590638160705566e+00
1.868645310401916504e+00
2.068333864212036133e+00
1.380269408226013184e+00
1.517601251602172852e+00
1.326974391937255859e+00
4.377494454383850098e-01
1.347243070602416992e+00
1.810760974884033203e+00
1.716204881668090820e+00
1.654963254928588867e+00
1.496685624122619629e+00
1.602564692497253418e+00
1.731368541717529297e+00
2.596664905548095703e+00
2.453035593032836914e+00
2.601122617721557617e+00
3.180399894714355469e+00
3.323503017425537109e+00
2.034699916839599609e+00
9.520583152770996094e-01
1.003648757934570312e+00
9.473802447319030762e-01
9.343408942222595215e-01
1.365960717201232910e+00
8.194941282272338867e-01
3.231940567493438721e-01
4.052381515502929688e-01
3.839256763458251953e-01
3.735949099063873291e-01
3.647330701351165771e-01
3.334412276744842529e-01
4.351707398891448975e-01
1.183526277542114258e+00
3.566192090511322021e-01
4.286000728607177734e-01
4.647097289562225342e-01
4.074246287345886230e-01
4.564152359962463379e-01
4.347143769264221191e-01
4.969310164451599121e-01
1.346399664878845215e+00
1.570038914680480957e+00
1.547075271606445312e+00
1.185035228729248047e+00
3.421717882156372070e-01
4.126609861850738525e-01
3.977396488189697266e-01
3.492070436477661133e-01
3.944337666034698486e-01
4.125404059886932373e-01
3.541336953639984131e-01
3.343671262264251709e-01
4.095579385757446289e-01
4.195282459259033203e-01
4.592790305614471436e-01
1.095939993858337402e+00
4.223799705505371094e-01
4.502781927585601807e-01
3.482200205326080322e-01
4.056490361690521240e-01
4.776183664798736572e-01
4.250674843788146973e-01
4.529366791248321533e-01
5.407409071922302246e-01
5.455247759819030762e-01
4.625912308692932129e-01
4.616351723670959473e-01
5.745583176612854004e-01
5.901904106140136719e-01
5.127571821212768555e-01
7.073993086814880371e-01
1.909357070922851562e+00
2.353148698806762695e+00
2.565780401229858398e+00
2.319030046463012695e+00
1.994029760360717773e+00
2.030071973800659180e+00
1.991117477416992188e+00
2.247652769088745117e+00
1.999860882759094238e+00
4.246119022369384766e+00
4.366809368133544922e+00
4.554730415344238281e+00
3.169366836547851562e+00
2.522193670272827148e+00
1.740437626838684082e+00
1.832038998603820801e+00
2.012120008468627930e+00
2.948800325393676758e+00
2.705890893936157227e+00
3.629109621047973633e+00
4.874032020568847656e+00
3.332259416580200195e+00
3.181940317153930664e+00
3.003036499023437500e+00
1.514252901077270508e+00
1.541933178901672363e+00
5.138952732086181641e+00
4.215084552764892578e+00
2.849320888519287109e+00
3.083077430725097656e+00
1.792988538742065430e+00
5.166131854057312012e-01
5.949180126190185547e-01
8.407235741615295410e-01
2.378562211990356445e+00
2.691273689270019531e+00
2.703625440597534180e+00
2.288953065872192383e+00
7.276828289031982422e-01
8.323668837547302246e-01
1.380475282669067383e+00
5.970582008361816406e+00
2.761815547943115234e+00
1.562903285026550293e+00
1.730250835418701172e+00
9.456619620323181152e-01
5.464624166488647461e-01
7.244679331779479980e-01
1.115128159523010254e+00
4.985816478729248047e-01
6.154761910438537598e-01
5.861710309982299805e-01
1.550222992897033691e+00
8.549229502677917480e-01
5.218818783760070801e-01
5.492149591445922852e-01
5.900585651397705078e-01
5.991374850273132324e-01
6.236730813980102539e-01
3.979257643222808838e-01
4.281467199325561523e-01
5.428248643875122070e-01
5.666300058364868164e-01
5.264867544174194336e-01
7.240458130836486816e-01
1.236440896987915039e+00
9.153478145599365234e-01
8.684718608856201172e-01
9.953303933143615723e-01
1.207974195480346680e+00
1.229426503181457520e+00
1.721234321594238281e+00
2.924409151077270508e+00
2.572099208831787109e+00
2.708137273788452148e+00
4.455209255218505859e+00
4.179132938385009766e+00
3.964111089706420898e+00
3.036718845367431641e+00
2.627230644226074219e+00
2.307613372802734375e+00
4.626264095306396484e+00
4.632927894592285156e+00
5.043900966644287109e+00
4.475845336914062500e+00
3.607238769531250000e+00
3.330398321151733398e+00
3.452926635742187500e+00
3.104145526885986328e+00
2.213469982147216797e+00
2.479177236557006836e+00
3.232861995697021484e+00
2.500091314315795898e+00
1.240340232849121094e+00
2.289340019226074219e+00
1.752921938896179199e+00
1.409435629844665527e+00
1.656276464462280273e+00
1.372948765754699707e+00
3.103492856025695801e-01
4.382351636886596680e-01
5.068410634994506836e-01
3.018138706684112549e-01
3.186330795288085938e-01
3.483540713787078857e-01
4.071790277957916260e-01
4.057945609092712402e-01
2.879831790924072266e-01
1.069454431533813477e+00
5.746210813522338867e-01
2.925041317939758301e-01
3.724631667137145996e-01
4.189479947090148926e-01
3.148261308670043945e-01
3.158389329910278320e-01
3.741642236709594727e-01
2.730579972267150879e-01
3.244850635528564453e-01
4.751860201358795166e-01
3.987864255905151367e-01
3.255326747894287109e-01
4.341500103473663330e-01
4.682006239891052246e-01
3.866063356399536133e-01
3.617081046104431152e-01
4.952529966831207275e-01
4.887607097625732422e-01
4.162604510784149170e-01
4.685583412647247314e-01
1.205383658409118652e+00
3.574390411376953125e-01
3.522032201290130615e-01
4.967111945152282715e-01
3.205216228961944580e-01
3.474591374397277832e-01
4.719944298267364502e-01
4.056786298751831055e-01
3.463611006736755371e-01
4.697947800159454346e-01
6.611562371253967285e-01
4.821004271507263184e-01
4.751501083374023438e-01
6.937555670738220215e-01
7.304819226264953613e-01
2.002149105072021484e+00
2.616798877716064453e+00
2.904830217361450195e+00
2.751092195510864258e+00
2.622382402420043945e+00
2.380169868469238281e+00
1.969140529632568359e+00
1.775225639343261719e+00
2.349550008773803711e+00
1.462084293365478516e+00
1.485152721405029297e+00
2.171411752700805664e+00
1.409601449966430664e+00
1.788468360900878906e+00
2.153400659561157227e+00
1.442899107933044434e+00
1.481892585754394531e+00
1.392246127128601074e+00
1.505076885223388672e+00
1.384244918823242188e+00
1.414967179298400879e+00
1.504599094390869141e+00
1.413881778717041016e+00
1.419907569885253906e+00
1.389403462409973145e+00
1.509280204772949219e+00
1.428326129913330078e+00
1.487967371940612793e+00
1.477177262306213379e+00
1.466338634490966797e+00
1.432662129402160645e+00
1.458047747611999512e+00
1.505566477775573730e+00
1.809601545333862305e+00
1.623314499855041504e+00
2.287191152572631836e+00
1.459100008010864258e+00
1.552790164947509766e+00
1.677024841308593750e+00
2.403091907501220703e+00
1.232063889503479004e+00
1.514933705329895020e+00
1.481661200523376465e+00
1.342182159423828125e+00
1.406733274459838867e+00
1.493768095970153809e+00
1.322215199470520020e+00
1.421014070510864258e+00
1.878216505050659180e+00
1.436783194541931152e+00
1.474695086479187012e+00
1.540715694427490234e+00
1.550856113433837891e+00
1.718888282775878906e+00
1.586781144142150879e+00
1.542767763137817383e+00
8.682240843772888184e-01
1.129798173904418945e+00
1.219721794128417969e+00
5.685892701148986816e-01
4.720840454101562500e-01
8.948693871498107910e-01
8.991212248802185059e-01
8.561045527458190918e-01
6.957581043243408203e-01
9.049071669578552246e-01
1.137309312820434570e+00
1.045084953308105469e+00
1.123009562492370605e+00
1.169037222862243652e+00
1.069152116775512695e+00
1.496497035026550293e+00
1.604120850563049316e+00
1.462929964065551758e+00
1.718639731407165527e+00
2.513221263885498047e+00
1.639613986015319824e+00
1.774690866470336914e+00
1.985754489898681641e+00
1.629573822021484375e+00
1.227653622627258301e+00
2.557850599288940430e+00
2.505476236343383789e+00
2.631134986877441406e+00
2.555741548538208008e+00
2.550298690795898438e+00
2.550503730773925781e+00
1.382983207702636719e+00
1.470883131027221680e+00
1.873937249183654785e+00
1.876152038574218750e+00
1.693876028060913086e+00
1.775168538093566895e+00
1.769799828529357910e+00
1.538768410682678223e+00
7.860944867134094238e-01
7.884648442268371582e-01
6.988855600357055664e-01
3.317174017429351807e-01
3.275272846221923828e-01
3.383218050003051758e-01
2.649800479412078857e-01
3.484784960746765137e-01
3.213726878166198730e-01
2.793844342231750488e-01
2.731018364429473877e-01
3.617541491985321045e-01
3.659226298332214355e-01
2.857133746147155762e-01
3.214765787124633789e-01
3.540125489234924316e-01
3.140424787998199463e-01
2.888092994689941406e-01
6.447224617004394531e-01
1.059322357177734375e+00
3.694091737270355225e-01
1.105771899223327637e+00
1.562627553939819336e+00
1.434001684188842773e+00
1.249395370483398438e+00
3.024993836879730225e-01
4.605733156204223633e-01
4.077203869819641113e-01
3.666972517967224121e-01
3.905349969863891602e-01
3.788214027881622314e-01
3.262494206428527832e-01
3.303025066852569580e-01
4.350120425224304199e-01
3.431453704833984375e-01
2.993212342262268066e-01
3.608718514442443848e-01
4.520469605922698975e-01
3.432695567607879639e-01
5.567145347595214844e-01
1.156926751136779785e+00
4.695574343204498291e-01
4.082263708114624023e-01
4.612432122230529785e-01
5.514194965362548828e-01
4.469347596168518066e-01
4.910171031951904297e-01
5.866616368293762207e-01
6.998928785324096680e-01
1.611431002616882324e+00
2.065004825592041016e+00
2.273643255233764648e+00
2.729370355606079102e+00
2.475754261016845703e+00
2.812699556350708008e+00
2.277196645736694336e+00
2.085692405700683594e+00
1.972408652305603027e+00
2.033028364181518555e+00
1.515550732612609863e+00
1.400205969810485840e+00
2.655901908874511719e+00
2.083401918411254883e+00
1.358124732971191406e+00
1.530019760131835938e+00
1.544445037841796875e+00
1.420224428176879883e+00
1.456379771232604980e+00
9.514750242233276367e-01
2.416891336441040039e+00
1.085230946540832520e+00
5.967701077461242676e-01
1.589070081710815430e+00
6.591767072677612305e-01
5.998356342315673828e-01
1.290603995323181152e+00
2.539672374725341797e+00
2.808798789978027344e+00
3.100271463394165039e+00
1.909605979919433594e+00
1.844759345054626465e+00
2.110220193862915039e+00
1.915024876594543457e+00
1.914051532745361328e+00
2.283774852752685547e+00
2.116998672485351562e+00
1.674065947532653809e+00
1.900283098220825195e+00
1.906013846397399902e+00
9.387053251266479492e-01
8.186485171318054199e-01
7.025787234306335449e-01
5.700189471244812012e-01
6.456823348999023438e-01
1.328244805335998535e+00
5.136666297912597656e-01
4.020690321922302246e-01
5.279978513717651367e-01
6.467219591140747070e-01
1.361289262771606445e+00
2.085388183593750000e+00
2.272219181060791016e+00
2.125149250030517578e+00
2.032872915267944336e+00
1.592835903167724609e+00
1.528394341468811035e+00
2.763441085815429688e+00
1.494706988334655762e+00
1.450557947158813477e+00
1.434170722961425781e+00
1.474552273750305176e+00
1.471200585365295410e+00
1.393928766250610352e+00
1.640087962150573730e+00
1.558232188224792480e+00
2.043619155883789062e+00
1.441071748733520508e+00
1.383217930793762207e+00
1.306086778640747070e+00
1.155197143554687500e+00
2.362090110778808594e+00
3.324393987655639648e+00
2.991383075714111328e+00
2.031503200531005859e+00
2.056512355804443359e+00
2.003975629806518555e+00
1.609541654586791992e+00
1.683886289596557617e+00
3.129123687744140625e+00
1.321700215339660645e+00
1.051879286766052246e+00
1.226581096649169922e+00
1.142852902412414551e+00
8.363467454910278320e-01
1.285909891128540039e+00
1.781341314315795898e+00
2.542877197265625000e+00
5.857853293418884277e-01
5.274035930633544922e-01
5.139653682708740234e-01
5.083277225494384766e-01
3.465858697891235352e-01
6.090932488441467285e-01
1.683002829551696777e+00
1.318370699882507324e+00
1.727448701858520508e+00
8.397282958030700684e-01
7.807089686393737793e-01
7.093834877014160156e-01
5.083940625190734863e-01
4.466209113597869873e-01
4.555776119232177734e-01
3.981313407421112061e-01
4.091267883777618408e-01
4.049709141254425049e-01
5.168179273605346680e-01
1.251129508018493652e+00
5.507024526596069336e-01
4.438777267932891846e-01
4.331766664981842041e-01
4.721095561981201172e-01
4.027227461338043213e-01
3.857788443565368652e-01
4.266232848167419434e-01
3.588690161705017090e-01
3.293302953243255615e-01
3.548688292503356934e-01
4.207822382450103760e-01
4.473831653594970703e-01
4.285904765129089355e-01
5.378097295761108398e-01
4.498566389083862305e-01
4.338265657424926758e-01
5.034605860710144043e-01
4.798377454280853271e-01
4.313141703605651855e-01
5.021498799324035645e-01
5.325264930725097656e-01
5.000129938125610352e-01
1.214340090751647949e+00
7.080596089363098145e-01
4.421687424182891846e-01
4.769059717655181885e-01
4.998701810836791992e-01
4.100968241691589355e-01
4.457788765430450439e-01
4.372670352458953857e-01
4.457747638225555420e-01
4.137475192546844482e-01
4.473445117473602295e-01
4.799980819225311279e-01
3.921277821063995361e-01
4.949358701705932617e-01
4.207320809364318848e-01
3.921264111995697021e-01
4.241766631603240967e-01
1.529602885246276855e+00
1.366879701614379883e+00
1.308010578155517578e+00
5.853084325790405273e-01
1.061122417449951172e+00
6.647239327430725098e-01
6.171306371688842773e-01
7.279574871063232422e-01
1.291233420372009277e+00
5.821815133094787598e-01
5.641000866889953613e-01
5.848147869110107422e-01
4.858232140541076660e-01
1.335955500602722168e+00
2.458395481109619141e+00
2.425905227661132812e+00
1.510917067527770996e+00
1.850838541984558105e+00
1.822523951530456543e+00
1.672443270683288574e+00
1.696417570114135742e+00
2.215906620025634766e+00
1.739103555679321289e+00
1.750614881515502930e+00
2.079643249511718750e+00
2.057245492935180664e+00
1.928059816360473633e+00
2.106837511062622070e+00
2.282973051071166992e+00
2.310554504394531250e+00
2.000947952270507812e+00
2.113229990005493164e+00
1.538973808288574219e+00
9.796744585037231445e-01
9.766100645065307617e-01
2.467217922210693359e+00
1.502817988395690918e+00
9.170091152191162109e-01
7.723572254180908203e-01
7.648535370826721191e-01
8.282778859138488770e-01
1.285048604011535645e+00
1.573121428489685059e+00
2.426394224166870117e+00
1.266059637069702148e+00
8.924691081047058105e-01
1.134118795394897461e+00
1.350776433944702148e+00
2.277223110198974609e+00
1.576266646385192871e+00
1.855016112327575684e+00
1.955676317214965820e+00
1.918166279792785645e+00
1.791692614555358887e+00
1.075984239578247070e+00
9.717870354652404785e-01
8.626031279563903809e-01
1.517931222915649414e+00
1.041846990585327148e+00
1.164994835853576660e+00
1.098000884056091309e+00
1.226973891258239746e+00
1.209877252578735352e+00
1.671366572380065918e+00
1.596666932106018066e+00
1.649771213531494141e+00
1.599697947502136230e+00
1.685814619064331055e+00
1.822308540344238281e+00
2.650918245315551758e+00
2.210092306137084961e+00
2.077969789505004883e+00
1.325760960578918457e+00
1.032941579818725586e+00
2.219060897827148438e+00
2.659817457199096680e+00
2.456124782562255859e+00
2.534668922424316406e+00
2.506054162979125977e+00
2.267376422882080078e+00
1.748512029647827148e+00
1.664035916328430176e+00
1.526305198669433594e+00
1.496363878250122070e+00
2.070286750793457031e+00
2.118382453918457031e+00
1.632860779762268066e+00
1.812199711799621582e+00
1.578918576240539551e+00
1.290952682495117188e+00
1.342380046844482422e+00
1.723614096641540527e+00
1.449738979339599609e+00
9.591415524482727051e-01
6.976452469825744629e-01
7.119756340980529785e-01
6.552987694740295410e-01
3.817416429519653320e-01
3.731300532817840576e-01
3.225422501564025879e-01
3.126612901687622070e-01
3.022853136062622070e-01
3.855332434177398682e-01
3.088507950305938721e-01
3.072147071361541748e-01
3.313994705677032471e-01
3.987521827220916748e-01
3.278630375862121582e-01
3.358508050441741943e-01
3.401034474372863770e-01
3.425009846687316895e-01
4.259202182292938232e-01
9.169425368309020996e-01
3.682667315006256104e-01
3.527500331401824951e-01
3.500496447086334229e-01
4.218323230743408203e-01
4.690629541873931885e-01
4.032005071640014648e-01
4.403684437274932861e-01
4.708725512027740479e-01
1.616213202476501465e+00
1.266619324684143066e+00
1.211464524269104004e+00
6.882831454277038574e-01
3.877408504486083984e-01
3.947114050388336182e-01
3.996021449565887451e-01
4.651307463645935059e-01
3.817446827888488770e-01
3.256362676620483398e-01
4.251861870288848877e-01
4.356520473957061768e-01
4.155754745006561279e-01
4.349215924739837646e-01
5.305263996124267578e-01
5.072406530380249023e-01
4.479434192180633545e-01
4.787846505641937256e-01
5.608870983123779297e-01
1.417567849159240723e+00
2.051361322402954102e+00
2.489197969436645508e+00
2.645716905593872070e+00
2.434755802154541016e+00
2.600724458694458008e+00
2.467740297317504883e+00
2.139912128448486328e+00
2.266085147857666016e+00
1.831391811370849609e+00
1.768365144729614258e+00
1.777328729629516602e+00
1.655528664588928223e+00
1.624464869499206543e+00
1.770848274230957031e+00
2.066268444061279297e+00
1.238326430320739746e+00
1.411867141723632812e+00
1.505520105361938477e+00
1.403675436973571777e+00
1.232393622398376465e+00
1.388074636459350586e+00
1.410800337791442871e+00
1.350343942642211914e+00
1.214762568473815918e+00
1.296614170074462891e+00
1.352753281593322754e+00
1.320415139198303223e+00
1.271319627761840820e+00
1.279777407646179199e+00
1.371478557586669922e+00
1.293710350990295410e+00
1.259063839912414551e+00
1.351697683334350586e+00
1.512283444404602051e+00
1.686521172523498535e+00
1.514870643615722656e+00
1.444610118865966797e+00
1.540512561798095703e+00
1.593388199806213379e+00
1.519026517868041992e+00
1.474263310432434082e+00
2.002193689346313477e+00
3.351030826568603516e+00
1.506191134452819824e+00
1.443181753158569336e+00
1.572561740875244141e+00
1.488088607788085938e+00
1.497350573539733887e+00
8.540488481521606445e-01
8.820251822471618652e-01
1.556500673294067383e+00
1.230846524238586426e+00
5.052433013916015625e-01
4.842482507228851318e-01
4.814760088920593262e-01
5.126820802688598633e-01
6.175894737243652344e-01
4.678158164024353027e-01
4.343810677528381348e-01
5.186042189598083496e-01
5.361708998680114746e-01
4.482158720493316650e-01
5.580669045448303223e-01
6.126283407211303711e-01
6.197926998138427734e-01
7.869244217872619629e-01
1.269434094429016113e+00
1.176328182220458984e+00
1.205726623535156250e+00
1.411039948463439941e+00
1.796071887016296387e+00
2.041429758071899414e+00
2.121664762496948242e+00
2.408914566040039062e+00
2.411317825317382812e+00
1.909844636917114258e+00
1.285318017005920410e+00
1.895015954971313477e+00
2.715692996978759766e+00
3.316652297973632812e+00
2.535703182220458984e+00
2.742944002151489258e+00
2.514334678649902344e+00
2.665588617324829102e+00
2.481586933135986328e+00
2.781837940216064453e+00
2.799000740051269531e+00
2.685068130493164062e+00
2.837262153625488281e+00
2.460488796234130859e+00
2.317685127258300781e+00
2.496109485626220703e+00
2.478627443313598633e+00
2.484390735626220703e+00
1.910224556922912598e+00
8.813731074333190918e-01
9.632225632667541504e-01
7.611337304115295410e-01
3.903631269931793213e-01
3.212682604789733887e-01
3.168780207633972168e-01
4.069413840770721436e-01
1.144855737686157227e+00
3.340354561805725098e-01
2.912981212139129639e-01
4.149113297462463379e-01
4.180407226085662842e-01
3.181405067443847656e-01
2.835762202739715576e-01
4.269135296344757080e-01
3.447463810443878174e-01
3.089091777801513672e-01
3.046793043613433838e-01
3.722529411315917969e-01
2.822654843330383301e-01
2.906476855278015137e-01
3.195773363113403320e-01
2.820601761341094971e-01
2.715778648853302002e-01
2.874352633953094482e-01
3.599111139774322510e-01
2.580601871013641357e-01
3.012347221374511719e-01
2.849302589893341064e-01
3.218627572059631348e-01
2.560743391513824463e-01
2.738344967365264893e-01
3.294426798820495605e-01
3.086844086647033691e-01
2.847027778625488281e-01
3.213608860969543457e-01
3.738361299037933350e-01
2.831771373748779297e-01
3.195981681346893311e-01
4.438848495483398438e-01
4.773467481136322021e-01
4.249323606491088867e-01
5.208071470260620117e-01
6.017767786979675293e-01
5.373862385749816895e-01
1.468872427940368652e+00
1.607640981674194336e+00
1.580573081970214844e+00
1.652981162071228027e+00
2.620292901992797852e+00
2.361532926559448242e+00
2.047652721405029297e+00
2.033838748931884766e+00
2.515475511550903320e+00
2.071738719940185547e+00
1.787893056869506836e+00
1.919188737869262695e+00
2.086146831512451172e+00
1.651114106178283691e+00
1.709099531173706055e+00
1.792664527893066406e+00
2.552667379379272461e+00
1.469636797904968262e+00
1.702465176582336426e+00
2.411255359649658203e+00
1.726183772087097168e+00
1.904565811157226562e+00
1.887215971946716309e+00
1.032862305641174316e+00
1.016410470008850098e+00
1.211818933486938477e+00
1.834274291992187500e+00
9.677076339721679688e-01
1.219600558280944824e+00
1.018582940101623535e+00
9.109463691711425781e-01
2.125152111053466797e+00
1.447861194610595703e+00
2.071998357772827148e+00
1.452647686004638672e+00
2.168712615966796875e+00
2.847936630249023438e+00
1.418949842453002930e+00
5.200424194335937500e-01
5.150198340415954590e-01
5.944383740425109863e-01
4.992954134941101074e-01
6.807293295860290527e-01
1.624801158905029297e+00
1.171487927436828613e+00
3.510728478431701660e-01
3.952878415584564209e-01
5.111646652221679688e-01
5.297375321388244629e-01
6.323469281196594238e-01
1.013647794723510742e+00
5.324941277503967285e-01
4.948958456516265869e-01
5.334030389785766602e-01
5.134174823760986328e-01
5.491861701011657715e-01
5.356246232986450195e-01
5.592962503433227539e-01
5.844587087631225586e-01
5.867792367935180664e-01
5.418858528137207031e-01
5.830742716789245605e-01
1.448447465896606445e+00
5.618250966072082520e-01
7.034794092178344727e-01
8.777818679809570312e-01
7.837265133857727051e-01
2.442220687866210938e+00
2.582251071929931641e+00
2.825470685958862305e+00
2.981879472732543945e+00
2.953728675842285156e+00
2.612419605255126953e+00
2.867577314376831055e+00
2.805002927780151367e+00
2.881513357162475586e+00
2.927556037902832031e+00
2.483523368835449219e+00
2.857623577117919922e+00
2.038909673690795898e+00
2.266545295715332031e+00
2.430626869201660156e+00
2.382089138031005859e+00
2.689424037933349609e+00
2.583364009857177734e+00
2.675043344497680664e+00
3.821554899215698242e+00
3.969237804412841797e+00
3.956667423248291016e+00
3.557662963867187500e+00
2.997618675231933594e+00
2.354995012283325195e+00
2.518831253051757812e+00
2.546462774276733398e+00
2.468484163284301758e+00
2.458789587020874023e+00
2.401016712188720703e+00
2.184499025344848633e+00
2.148905992507934570e+00
2.239897012710571289e+00
2.105618000030517578e+00
2.066110610961914062e+00
2.082170009613037109e+00
1.779151558876037598e+00
5.676455497741699219e-01
6.827957630157470703e-01
8.298287391662597656e-01
8.141911625862121582e-01
6.616126298904418945e-01
1.108653187751770020e+00
1.071251988410949707e+00
7.614032030105590820e-01
6.151700019836425781e-01
5.527023077011108398e-01
5.118142962455749512e-01
4.609512984752655029e-01
3.583347797393798828e-01
3.192843198776245117e-01
4.358433783054351807e-01
3.723847866058349609e-01
3.066747188568115234e-01
3.648914992809295654e-01
4.647138416767120361e-01
2.872293889522552490e-01
2.966748178005218506e-01
2.963121831417083740e-01
3.726437985897064209e-01
2.774079144001007080e-01
3.071563243865966797e-01
3.572759628295898438e-01
3.785078525543212891e-01
2.546854913234710693e-01
3.144267797470092773e-01
3.385421633720397949e-01
3.856815397739410400e-01
3.368030190467834473e-01
3.543387055397033691e-01
4.118937849998474121e-01
3.794263601303100586e-01
3.337021470069885254e-01
3.779242932796478271e-01
4.964938461780548096e-01
5.119146108627319336e-01
4.343591332435607910e-01
4.767598807811737061e-01
5.971097350120544434e-01
5.176764130592346191e-01
4.648648500442504883e-01
1.800334095954895020e+00
2.433387279510498047e+00
2.775489568710327148e+00
2.467789173126220703e+00
2.575040578842163086e+00
2.751494169235229492e+00
2.804678916931152344e+00
2.947806358337402344e+00
1.917678117752075195e+00
2.512011528015136719e+00
1.585546255111694336e+00
2.901624202728271484e+00
1.981747150421142578e+00
1.752646565437316895e+00
1.374423503875732422e+00
1.459475755691528320e+00
1.442327380180358887e+00
1.425909399986267090e+00
1.773373842239379883e+00
4.304131984710693359e+00
4.055098056793212891e+00
3.311078786849975586e+00
2.709852695465087891e+00
1.714155197143554688e+00
1.670999288558959961e+00
1.882943868637084961e+00
3.624590873718261719e+00
4.691992759704589844e+00
3.743716478347778320e+00
2.897308826446533203e+00
2.730750322341918945e+00
1.628692030906677246e+00
1.435597777366638184e+00
1.734766840934753418e+00
2.204182624816894531e+00
1.593397498130798340e+00
1.384416818618774414e+00
1.593492627143859863e+00
1.674328804016113281e+00
1.628586769104003906e+00
1.614376425743103027e+00
2.820943355560302734e+00
2.793507337570190430e+00
3.107349395751953125e+00
2.605783224105834961e+00
1.964647769927978516e+00
1.412021994590759277e+00
1.356866955757141113e+00
1.437514543533325195e+00
2.214083433151245117e+00
1.679894566535949707e+00
1.431491732597351074e+00
1.623113632202148438e+00
1.503316640853881836e+00
1.593668937683105469e+00
1.631991863250732422e+00
1.621416926383972168e+00
1.659936785697937012e+00
1.715275764465332031e+00
1.611685872077941895e+00
1.681949853897094727e+00
1.686709523200988770e+00
1.592362523078918457e+00
9.265159368515014648e-01
7.008102536201477051e-01
1.660264253616333008e+00
1.659986615180969238e+00
1.591624617576599121e+00
2.128290891647338867e+00
2.023225307464599609e+00
2.028746128082275391e+00
1.484041571617126465e+00
1.710817575454711914e+00
1.755611658096313477e+00
1.522768855094909668e+00
1.136430025100708008e+00
1.241189360618591309e+00
1.236283302307128906e+00
4.874609410762786865e-01
3.950622677803039551e-01
4.583555757999420166e-01
6.121670007705688477e-01
4.466990232467651367e-01
4.187476038932800293e-01
4.313322603702545166e-01
5.310543179512023926e-01
4.313931167125701904e-01
4.083305299282073975e-01
3.841537237167358398e-01
4.262293875217437744e-01
5.170114636421203613e-01
9.301101565361022949e-01
3.846435248851776123e-01
3.580543994903564453e-01
5.385941863059997559e-01
3.906487524509429932e-01
4.123126268386840820e-01
4.123194813728332520e-01
1.302563786506652832e+00
1.440641641616821289e+00
1.291006445884704590e+00
1.113440275192260742e+00
1.319097042083740234e+00
3.612966835498809814e-01
8.680261969566345215e-01
6.744669675827026367e-01
5.110747814178466797e-01
8.792159557342529297e-01
6.805505752563476562e-01
4.226614534854888916e-01
4.958042204380035400e-01
5.157927870750427246e-01
4.581524729728698730e-01
3.728863596916198730e-01
3.729853332042694092e-01
3.961400091648101807e-01
3.942909538745880127e-01
3.760382235050201416e-01
4.333359301090240479e-01
4.571881890296936035e-01
3.764638900756835938e-01
3.982864916324615479e-01
4.716509878635406494e-01
4.742584824562072754e-01
4.284095764160156250e-01
5.484951734542846680e-01
4.233050346374511719e-01
4.839404225349426270e-01
3.624761402606964111e-01
3.809448480606079102e-01
4.208096563816070557e-01
5.112783908843994141e-01
4.200199842453002930e-01
4.913449287414550781e-01
4.225849807262420654e-01
5.360601544380187988e-01
4.555740356445312500e-01
4.154680371284484863e-01
4.038999974727630615e-01
4.305757582187652588e-01
1.202219009399414062e+00
1.451274514198303223e+00
1.392768502235412598e+00
1.235169053077697754e+00
1.241095066070556641e+00
2.898963689804077148e-01
4.973920583724975586e-01
1.168842554092407227e+00
4.601289927959442139e-01
4.233184754848480225e-01
1.432261705398559570e+00
8.081903457641601562e-01
8.603886961936950684e-01
8.094056844711303711e-01
8.551210761070251465e-01
8.833512663841247559e-01
1.073838353157043457e+00
1.174458861351013184e+00
1.170265197753906250e+00
1.473349452018737793e+00
9.812102317810058594e-01
1.100972652435302734e+00
1.160513639450073242e+00
1.194743990898132324e+00
1.163027882575988770e+00
1.139962792396545410e+00
1.569949030876159668e+00
1.860453605651855469e+00
1.798023104667663574e+00
1.777484178543090820e+00
2.038641929626464844e+00
2.872712850570678711e+00
1.674915909767150879e+00
1.917370915412902832e+00
2.917205572128295898e+00
2.614567518234252930e+00
2.874470710754394531e+00
2.376130819320678711e+00
2.033906698226928711e+00
1.750789999961853027e+00
5.926569700241088867e-01
9.089728593826293945e-01
7.944506406784057617e-01
6.490476727485656738e-01
5.208408832550048828e-01
1.749501228332519531e+00
1.650106430053710938e+00
2.782854557037353516e+00
2.301213264465332031e+00
1.597051262855529785e+00
1.602074980735778809e+00
9.523411393165588379e-01
1.139135837554931641e+00
1.875870823860168457e+00
3.236185312271118164e+00
2.499683141708374023e+00
2.959279775619506836e+00
3.610922098159790039e+00
1.419944047927856445e+00
1.725815296173095703e+00
1.913385510444641113e+00
1.931759595870971680e+00
2.478370904922485352e+00
3.047847270965576172e+00
3.821882247924804688e+00
3.160059213638305664e+00
2.510688543319702148e+00
2.453809738159179688e+00
2.426210403442382812e+00
2.319370031356811523e+00
2.296551942825317383e+00
2.711198091506958008e+00
1.895226716995239258e+00
1.171555876731872559e+00
1.190088272094726562e+00
1.646765232086181641e+00
1.502898335456848145e+00
1.770359277725219727e+00
2.101666450500488281e+00
1.827362298965454102e+00
6.320267915725708008e-01
6.190446615219116211e-01
1.634809613227844238e+00
2.759407281875610352e+00
2.100669384002685547e+00
2.146389245986938477e+00
2.231140375137329102e+00
1.478692173957824707e+00
1.345445871353149414e+00
1.302083492279052734e+00
1.456073403358459473e+00
8.906683325767517090e-01
8.056938648223876953e-01
7.018449902534484863e-01
5.855073928833007812e-01
6.807778477668762207e-01
6.049387454986572266e-01
5.878342390060424805e-01
5.094869136810302734e-01
6.027169227600097656e-01
5.320810675621032715e-01
4.289895594120025635e-01
3.090651333332061768e-01
3.736236989498138428e-01
3.841490447521209717e-01
2.855598628520965576e-01
2.865230441093444824e-01
3.117976188659667969e-01
3.227157592773437500e-01
1.038783431053161621e+00
1.357068657875061035e+00
1.335294008255004883e+00
6.203600764274597168e-01
2.275188118219375610e-01
3.075666427612304688e-01
3.068550825119018555e-01
3.756141960620880127e-01
2.210163921117782593e-01
2.767418622970581055e-01
3.431774377822875977e-01
4.008155763149261475e-01
3.954035043716430664e-01
3.623475730419158936e-01
3.949471414089202881e-01
4.499818980693817139e-01
4.468037188053131104e-01
3.514779508113861084e-01
3.840029537677764893e-01
4.245996177196502686e-01
4.159106910228729248e-01
3.761881589889526367e-01
4.198547005653381348e-01
4.196225404739379883e-01
4.423786997795104980e-01
3.286952078342437744e-01
3.538669943809509277e-01
4.286661148071289062e-01
4.891814589500427246e-01
4.104534089565277100e-01
3.920280039310455322e-01
4.815878570079803467e-01
4.589509367942810059e-01
4.129814207553863525e-01
3.755037486553192139e-01
4.658908247947692871e-01
4.766351878643035889e-01
4.859528541564941406e-01
4.766771197319030762e-01
1.817967057228088379e+00
2.006814241409301758e+00
2.324046850204467773e+00
2.683056592941284180e+00
2.255278587341308594e+00
2.524799823760986328e+00
2.535269498825073242e+00
2.435688018798828125e+00
2.071882009506225586e+00
2.338149547576904297e+00
2.058958292007446289e+00
1.841413378715515137e+00
2.519609928131103516e+00
2.734840393066406250e+00
1.372201085090637207e+00
1.673774838447570801e+00
1.611615777015686035e+00
1.470766425132751465e+00
1.402312636375427246e+00
1.658103585243225098e+00
2.783401966094970703e+00
1.991425275802612305e+00
1.178546786308288574e+00
1.355880975723266602e+00
1.518302679061889648e+00
1.403543353080749512e+00
1.282881617546081543e+00
1.672050237655639648e+00
1.495584607124328613e+00
1.388144850730895996e+00
1.359370589256286621e+00
1.347702980041503906e+00
1.458863377571105957e+00
1.412226200103759766e+00
1.695963859558105469e+00
1.760395288467407227e+00
9.856953024864196777e-01
7.557200193405151367e-01
1.050622820854187012e+00
6.555147767066955566e-01
8.663037419319152832e-01
9.847313165664672852e-01
1.127263307571411133e+00
1.333938598632812500e+00
1.206209540367126465e+00
9.064568877220153809e-01
1.066394448280334473e+00
1.522455573081970215e+00
1.593331694602966309e+00
1.610891819000244141e+00
1.809724330902099609e+00
2.337410926818847656e+00
1.636260986328125000e+00
1.631311535835266113e+00
1.875642180442810059e+00
7.679031491279602051e-01
1.091936230659484863e+00
1.238238453865051270e+00
1.175882816314697266e+00
1.534871816635131836e+00
1.795470237731933594e+00
2.746936798095703125e+00
2.649080991744995117e+00
2.996133565902709961e+00
2.877810239791870117e+00
1.980166435241699219e+00
1.748675942420959473e+00
1.995157361030578613e+00
2.471868038177490234e+00
2.555909872055053711e+00
2.346523046493530273e+00
2.456027030944824219e+00
2.386249303817749023e+00
3.018627166748046875e+00
2.550967454910278320e+00
2.872473716735839844e+00
2.458471298217773438e+00
2.689951419830322266e+00
1.776875138282775879e+00
2.282886505126953125e+00
3.342642784118652344e+00
1.636835455894470215e+00
1.830874919891357422e+00
9.488475322723388672e-01
9.470768570899963379e-01
9.279692173004150391e-01
1.111191868782043457e+00
2.141613960266113281e+00
2.067950487136840820e+00
6.680769324302673340e-01
6.012771129608154297e-01
3.703186213970184326e-01
3.756665587425231934e-01
4.453052282333374023e-01
4.074690341949462891e-01
3.336040377616882324e-01
2.613222301006317139e-01
4.024530351161956787e-01
2.870049178600311279e-01
5.659072399139404297e-01
9.412330389022827148e-01
7.492866516113281250e-01
7.048104405403137207e-01
6.582930088043212891e-01
6.954659223556518555e-01
6.994362473487854004e-01
7.838816642761230469e-01
7.598715424537658691e-01
7.659937739372253418e-01
1.013915657997131348e+00
1.505157470703125000e+00
1.438284397125244141e+00
7.650730609893798828e-01
2.931329309940338135e-01
3.354679048061370850e-01
3.817301392555236816e-01
3.018763661384582520e-01
2.311621308326721191e-01
3.054081201553344727e-01
3.697320520877838135e-01
3.496565818786621094e-01
2.957374155521392822e-01
3.478749394416809082e-01
3.720539510250091553e-01
3.701829314231872559e-01
3.287086486816406250e-01
3.549455702304840088e-01
4.178735017776489258e-01
3.775956630706787109e-01
4.224597215652465820e-01
4.211070537567138672e-01
4.692586660385131836e-01
4.825765192508697510e-01
5.502542853355407715e-01
5.202783942222595215e-01
5.858796238899230957e-01
5.716753602027893066e-01
6.048570871353149414e-01
5.364975929260253906e-01
4.983426332473754883e-01
4.306464791297912598e-01
4.458920657634735107e-01
4.569447934627532959e-01
5.365787744522094727e-01
1.447290182113647461e+00
2.085336923599243164e+00
2.243600606918334961e+00
2.093676328659057617e+00
2.446436405181884766e+00
1.727466225624084473e+00
2.135660409927368164e+00
1.781072139739990234e+00
1.568250656127929688e+00
1.632436990737915039e+00
1.660785079002380371e+00
1.705966591835021973e+00
1.668144583702087402e+00
8.444280028343200684e-01
8.529275059700012207e-01
1.124851822853088379e+00
1.027580499649047852e+00
9.648885130882263184e-01
7.226539850234985352e-01
5.033331513404846191e-01
4.537181258201599121e-01
4.740986824035644531e-01
4.275379478931427002e-01
5.304002761840820312e-01
6.093240380287170410e-01
7.034021615982055664e-01
5.449658632278442383e-01
1.506073474884033203e+00
1.539495348930358887e+00
1.616046786308288574e+00
8.492455482482910156e-01
8.499688506126403809e-01
1.182532668113708496e+00
1.699956417083740234e+00
8.824478387832641602e-01
5.696346759796142578e-01
1.396917819976806641e+00
1.784049391746520996e+00
1.855878949165344238e+00
1.805764198303222656e+00
2.282326698303222656e+00
2.190974473953247070e+00
2.161474466323852539e+00
2.317489862442016602e+00
1.880817174911499023e+00
1.637442827224731445e+00
1.452845096588134766e+00
2.403868436813354492e+00
2.284262657165527344e+00
2.459606647491455078e+00
3.137909173965454102e+00
2.890737295150756836e+00
1.132617831230163574e+00
1.112957000732421875e+00
1.549742460250854492e+00
2.424992322921752930e+00
2.348420619964599609e+00
2.957945346832275391e+00
3.394775629043579102e+00
3.832076072692871094e+00
2.729220867156982422e+00
2.902901172637939453e+00
3.587389230728149414e+00
3.282097339630126953e+00
2.880401849746704102e+00
2.087888479232788086e+00
2.337215900421142578e+00
1.474786281585693359e+00
1.791132092475891113e+00
1.956206202507019043e+00
1.897526144981384277e+00
1.849553227424621582e+00
1.780506372451782227e+00
2.461384534835815430e+00
2.544770479202270508e+00
2.839193344116210938e+00
2.210784673690795898e+00
1.878857374191284180e+00
1.922190904617309570e+00
1.901351809501647949e+00
1.776135921478271484e+00
1.851672887802124023e+00
1.841092467308044434e+00
1.784495592117309570e+00
1.681115746498107910e+00
1.842511653900146484e+00
1.874063611030578613e+00
1.664638280868530273e+00
1.711313366889953613e+00
1.836064338684082031e+00
1.710323929786682129e+00
1.617165923118591309e+00
1.774744868278503418e+00
1.760583877563476562e+00
1.587694406509399414e+00
1.662618756294250488e+00
1.817452311515808105e+00
1.609622716903686523e+00
1.628127932548522949e+00
1.821010112762451172e+00
1.788942813873291016e+00
1.768585801124572754e+00
1.867399573326110840e+00
1.935518026351928711e+00
1.776059627532958984e+00
2.764909744262695312e+00
1.757750272750854492e+00
1.661182999610900879e+00
1.597008466720581055e+00
1.757777571678161621e+00
1.763579487800598145e+00
1.593501925468444824e+00
1.631275653839111328e+00
1.704419016838073730e+00
1.567134618759155273e+00
1.561687469482421875e+00
1.673321485519409180e+00
1.674369096755981445e+00
8.098477721214294434e-01
5.809017419815063477e-01
6.553903222084045410e-01
5.131984949111938477e-01
5.205813050270080566e-01
1.248895645141601562e+00
1.375248789787292480e+00
3.070771098136901855e-01
3.343641161918640137e-01
4.156862199306488037e-01
3.314035832881927490e-01
3.094494342803955078e-01
5.240212082862854004e-01
4.296109378337860107e-01
3.368345499038696289e-01
4.228091835975646973e-01
4.476416409015655518e-01
4.037972092628479004e-01
4.348643124103546143e-01
4.351183772087097168e-01
4.037328064441680908e-01
3.780114650726318359e-01
3.766469955444335938e-01
3.490913808345794678e-01
3.699499666690826416e-01
3.040546178817749023e-01
3.516574800014495850e-01
3.483570814132690430e-01
3.857339024543762207e-01
3.291828334331512451e-01
2.766012549400329590e-01
3.349243700504302979e-01
3.713763654232025146e-01
3.886111080646514893e-01
3.007210493087768555e-01
3.502475321292877197e-01
4.081756472587585449e-01
1.420750617980957031e+00
1.013382792472839355e+00
4.303789734840393066e-01
5.743691921234130859e-01
1.350212335586547852e+00
1.162014603614807129e+00
1.514332890510559082e+00
1.649213433265686035e+00
1.701369047164916992e+00
1.509883522987365723e+00
1.440965056419372559e+00
1.479208588600158691e+00
1.183331370353698730e+00
4.686874449253082275e-01
5.608783364295959473e-01
5.847843289375305176e-01
5.584533810615539551e-01
6.080982685089111328e-01
6.588085889816284180e-01
2.287713289260864258e+00
1.923176765441894531e+00
1.751372814178466797e+00
1.705853343009948730e+00
1.565571665763854980e+00
1.469904422760009766e+00
7.318589687347412109e-01
1.049415946006774902e+00
1.002718448638916016e+00
1.039954662322998047e+00
1.128716826438903809e+00
1.946491599082946777e+00
1.700936317443847656e+00
1.679982662200927734e+00
1.941476702690124512e+00
1.761929988861083984e+00
1.774084568023681641e+00
1.412411451339721680e+00
8.380368351936340332e-01
2.043085336685180664e+00
3.619967460632324219e+00
3.638789176940917969e+00
3.002697229385375977e+00
3.485954046249389648e+00
3.483301401138305664e+00
3.520670890808105469e+00
3.757636308670043945e+00
2.499186277389526367e+00
2.368554115295410156e+00
2.420996665954589844e+00
2.469581127166748047e+00
2.220445156097412109e+00
2.379687070846557617e+00
2.283094167709350586e+00
2.290200948715209961e+00
2.275493144989013672e+00
2.558651924133300781e+00
2.724466800689697266e+00
2.630381822586059570e+00
2.591094732284545898e+00
2.704848766326904297e+00
2.443676471710205078e+00
1.928746461868286133e+00
2.014903306961059570e+00
1.924344778060913086e+00
2.111103296279907227e+00
1.288964986801147461e+00
1.103497385978698730e+00
1.229141712188720703e+00
1.979882478713989258e+00
1.870986342430114746e+00
2.846736669540405273e+00
3.142605543136596680e+00
2.061426401138305664e+00
2.905823945999145508e+00
2.837948083877563477e+00
2.941996335983276367e+00
2.437562227249145508e+00
1.836814045906066895e+00
3.306252956390380859e+00
2.939792871475219727e+00
1.390701889991760254e+00
1.458922028541564941e+00
1.159069061279296875e+00
8.775104880332946777e-01
8.160084486007690430e-01
1.046816945075988770e+00
5.898814797401428223e-01
4.337341785430908203e-01
4.606834948062896729e-01
4.700856208801269531e-01
3.885258436203002930e-01
3.599845767021179199e-01
3.025512099266052246e-01
2.663746476173400879e-01
3.378955721855163574e-01
2.252657264471054077e-01
2.216632664203643799e-01
2.713476121425628662e-01
2.844470441341400146e-01
2.451594769954681396e-01
2.145643979310989380e-01
3.098682463169097900e-01
3.166387379169464111e-01
3.679761886596679688e-01
3.757254779338836670e-01
4.214666783809661865e-01
3.814842700958251953e-01
4.274924397468566895e-01
4.172123968601226807e-01
3.720934092998504639e-01
3.056071102619171143e-01
3.372714519500732422e-01
3.927707970142364502e-01
4.130115807056427002e-01
3.431223630905151367e-01
1.495038270950317383e+00
1.329044342041015625e+00
1.251774787902832031e+00
3.143294751644134521e-01
3.108824193477630615e-01
3.432103395462036133e-01
3.420377373695373535e-01
3.700461685657501221e-01
3.353777229785919189e-01
5.119748711585998535e-01
4.290241003036499023e-01
5.043278336524963379e-01
5.297318100929260254e-01
5.753038525581359863e-01
5.840050578117370605e-01
5.776926279067993164e-01
5.758438110351562500e-01
6.897997856140136719e-01
2.202755689620971680e+00
2.019133806228637695e+00
1.971764802932739258e+00
1.935346245765686035e+00
2.147055864334106445e+00
2.288339376449584961e+00
3.760359287261962891e+00
2.761408329010009766e+00
1.468834519386291504e+00
2.231092691421508789e+00
1.572455406188964844e+00
1.273122906684875488e+00
1.623041510581970215e+00
2.064460754394531250e+00
1.290676712989807129e+00
1.394982933998107910e+00
1.559354901313781738e+00
1.421701788902282715e+00
1.343765616416931152e+00
1.424844264984130859e+00
1.214383482933044434e+00
1.332729339599609375e+00
1.392252922058105469e+00
1.272259235382080078e+00
1.215651392936706543e+00
1.183078169822692871e+00
1.445317745208740234e+00
1.312883019447326660e+00
1.142881393432617188e+00
1.181603550910949707e+00
1.441131472587585449e+00
2.483281612396240234e+00
3.951366186141967773e+00
3.365188598632812500e+00
2.955578088760375977e+00
2.189776659011840820e+00
1.682843685150146484e+00
1.565662384033203125e+00
2.913763046264648438e+00
3.310503721237182617e+00
3.209028005599975586e+00
3.158676385879516602e+00
2.506637096405029297e+00
7.170689105987548828e-01
6.102546453475952148e-01
6.557082533836364746e-01
5.858966112136840820e-01
5.036903023719787598e-01
5.817552804946899414e-01
4.730261266231536865e-01
4.128180444240570068e-01
4.376036226749420166e-01
3.785423934459686279e-01
4.051962196826934814e-01
4.535007774829864502e-01
4.217180013656616211e-01
4.069696366786956787e-01
5.388282537460327148e-01
4.924487173557281494e-01
6.346098780632019043e-01
6.330362558364868164e-01
6.859911680221557617e-01
1.258275270462036133e+00
8.829337954521179199e-01
8.994218707084655762e-01
9.370196461677551270e-01
1.062389254570007324e+00
1.138687968254089355e+00
1.208182215690612793e+00
1.252080917358398438e+00
1.232497453689575195e+00
1.660153508186340332e+00
1.778517484664916992e+00
1.592540144920349121e+00
1.561847448348999023e+00
1.596047520637512207e+00
1.535584568977355957e+00
2.316740512847900391e+00
1.148382902145385742e+00
2.339277267456054688e+00
2.498593330383300781e+00
2.996271371841430664e+00
2.380019664764404297e+00
3.533370971679687500e+00
3.054835796356201172e+00
1.398491740226745605e+00
1.422652363777160645e+00
1.390816926956176758e+00
1.231383800506591797e+00
1.489724397659301758e+00
1.871944069862365723e+00
2.189383983612060547e+00
1.586739182472229004e+00
8.801912069320678711e-01
1.157160043716430664e+00
1.036302804946899414e+00
5.910803675651550293e-01
6.075013279914855957e-01
1.021104693412780762e+00
7.251203060150146484e-01
3.612659871578216553e-01
3.645979166030883789e-01
3.173790872097015381e-01
4.549597799777984619e-01
4.124373197555541992e-01
2.944611907005310059e-01
2.718127667903900146e-01
2.878979146480560303e-01
3.146411180496215820e-01
2.556053698062896729e-01
2.259830385446548462e-01
2.893078923225402832e-01
3.325218856334686279e-01
2.619685530662536621e-01
3.100063800811767578e-01
3.330936729907989502e-01
4.305697381496429443e-01
8.399571776390075684e-01
1.465885043144226074e+00
1.278621554374694824e+00
1.158604741096496582e+00
5.505100488662719727e-01
2.581130862236022949e-01
3.411864042282104492e-01
3.209618031978607178e-01
2.758970856666564941e-01
2.969031333923339844e-01
3.189192414283752441e-01
2.854414582252502441e-01
3.394773900508880615e-01
3.737464845180511475e-01
3.880080878734588623e-01
2.695873677730560303e-01
3.238650560379028320e-01
3.990567028522491455e-01
4.534418284893035889e-01
3.890540301799774170e-01
3.916028738021850586e-01
5.034605860710144043e-01
5.368607640266418457e-01
5.864242911338806152e-01
4.889194369316101074e-01
5.283777117729187012e-01
1.861282229423522949e+00
2.226323127746582031e+00
2.707476139068603516e+00
2.511185884475708008e+00
2.537094116210937500e+00
2.530285120010375977e+00
2.213473558425903320e+00
2.208696603775024414e+00
1.925670027732849121e+00
2.301380872726440430e+00
1.706237912178039551e+00
1.474883317947387695e+00
1.472182631492614746e+00
1.412797689437866211e+00
1.533283710479736328e+00
1.545839071273803711e+00
1.477503776550292969e+00
1.484274506568908691e+00
1.762412905693054199e+00
1.787629365921020508e+00
1.413295149803161621e+00
1.310560584068298340e+00
1.564551234245300293e+00
1.584224820137023926e+00
1.620047807693481445e+00
1.397682547569274902e+00
1.443617224693298340e+00
1.371917605400085449e+00
1.472528338432312012e+00
9.741374254226684570e-01
3.522725701332092285e-01
5.139291882514953613e-01
3.151021599769592285e-01
4.010260999202728271e-01
3.811405599117279053e-01
4.023760259151458740e-01
3.740995228290557861e-01
4.803037047386169434e-01
4.376143217086791992e-01
4.334463775157928467e-01
3.962532281875610352e-01
4.339046776294708252e-01
4.337624311447143555e-01
3.580318987369537354e-01
3.060306012630462646e-01
3.248074054718017578e-01
3.884921371936798096e-01
3.152271211147308350e-01
2.968995869159698486e-01
3.137165904045104980e-01
3.735872507095336914e-01
3.224690854549407959e-01
2.647651731967926025e-01
3.310732841491699219e-01
3.370727300643920898e-01
3.498443365097045898e-01
2.720040977001190186e-01
2.835526466369628906e-01
3.356452286243438721e-01
3.787084817886352539e-01
3.759842216968536377e-01
1.526041269302368164e+00
7.819440960884094238e-01
1.080721259117126465e+00
1.297236919403076172e+00
1.244468927383422852e+00
1.026680588722229004e+00
2.157272338867187500e+00
2.298095226287841797e+00
2.239536046981811523e+00
2.497875213623046875e+00
1.875074267387390137e+00
1.931069731712341309e+00
2.454662799835205078e+00
1.909880638122558594e+00
1.921521544456481934e+00
2.025673866271972656e+00
1.988766789436340332e+00
2.006220817565917969e+00
2.668185472488403320e+00
2.109700918197631836e+00
1.743311882019042969e+00
1.759251475334167480e+00
1.827025771141052246e+00
2.669224977493286133e+00
2.590420007705688477e+00
2.809257030487060547e+00
2.471054077148437500e+00
2.475832700729370117e+00
2.505562782287597656e+00
2.545242547988891602e+00
2.178925514221191406e+00
1.487443566322326660e+00
9.324775338172912598e-01
9.183360338211059570e-01
7.236568927764892578e-01
6.326393485069274902e-01
6.263132095336914062e-01
5.220416784286499023e-01
8.483944535255432129e-01
5.915893912315368652e-01
3.907296061515808105e-01
3.890271782875061035e-01
5.023080110549926758e-01
4.554482400417327881e-01
3.826511204242706299e-01
3.933823108673095703e-01
3.959259390830993652e-01
4.040340483188629150e-01
3.822322785854339600e-01
3.317215144634246826e-01
3.287815451622009277e-01
3.853150606155395508e-01
3.210613131523132324e-01
2.756092846393585205e-01
3.050723671913146973e-01
3.446581363677978516e-01
3.750783205032348633e-01
2.393434047698974609e-01
3.121410608291625977e-01
3.470449745655059814e-01
3.979885280132293701e-01
2.839564085006713867e-01
3.055051565170288086e-01
3.377519547939300537e-01
4.117646813392639160e-01
3.706798851490020752e-01
3.528500795364379883e-01
4.135082364082336426e-01
4.593327343463897705e-01
5.151752829551696777e-01
4.411266148090362549e-01
4.189756512641906738e-01
1.291807889938354492e+00
1.605911493301391602e+00
1.374505162239074707e+00
1.225702047348022461e+00
3.914362192153930664e-01
4.871484637260437012e-01
5.585498809814453125e-01
5.011351704597473145e-01
5.070225000381469727e-01
5.340715646743774414e-01
5.726922154426574707e-01
7.446432113647460938e-01
2.283908843994140625e+00
2.496805191040039062e+00
2.416902542114257812e+00
2.293510437011718750e+00
2.386339187622070312e+00
2.758289575576782227e+00
2.863581657409667969e+00
2.284288406372070312e+00
1.595209836959838867e+00
1.536862373352050781e+00
1.529328823089599609e+00
1.408301115036010742e+00
1.531517982482910156e+00
1.550385236740112305e+00
1.348455667495727539e+00
1.322359681129455566e+00
1.425769448280334473e+00
1.263922810554504395e+00
1.335484027862548828e+00
1.290542125701904297e+00
1.367598414421081543e+00
1.325387835502624512e+00
1.547230362892150879e+00
1.470567464828491211e+00
1.384830117225646973e+00
1.423681259155273438e+00
1.423734545707702637e+00
1.341164112091064453e+00
1.343251943588256836e+00
1.435028433799743652e+00
1.408230423927307129e+00
1.364757895469665527e+00
1.450785160064697266e+00
1.538052797317504883e+00
1.400209546089172363e+00
1.403241276741027832e+00
1.792230606079101562e+00
1.320949912071228027e+00
1.389865875244140625e+00
8.727080225944519043e-01
3.341991007328033447e-01
3.949010968208312988e-01
3.449919819831848145e-01
2.811063230037689209e-01
3.141342997550964355e-01
3.600355684757232666e-01
3.237735033035278320e-01
2.490160465240478516e-01
2.920044660568237305e-01
3.775846958160400391e-01
3.565317690372467041e-01
2.478533238172531128e-01
3.075329363346099854e-01
4.183331727981567383e-01
1.157556653022766113e+00
8.249812722206115723e-01
8.753193616867065430e-01
8.406668305397033691e-01
1.028885722160339355e+00
8.959147930145263672e-01
8.645073175430297852e-01
8.649595379829406738e-01
9.163027405738830566e-01
1.244291901588439941e+00
1.202695846557617188e+00
1.207971692085266113e+00
1.299430489540100098e+00
1.288233637809753418e+00
1.538673043251037598e+00
1.687687516212463379e+00
1.915354609489440918e+00
1.850734353065490723e+00
1.864985585212707520e+00
1.764537096023559570e+00
1.324210643768310547e+00
1.298709392547607422e+00
2.687343120574951172e+00
2.437031269073486328e+00
2.929095983505249023e+00
4.139436244964599609e+00
2.976804256439208984e+00
2.397119045257568359e+00
2.448281764984130859e+00
1.709335446357727051e+00
1.075914144515991211e+00
1.475364923477172852e+00
2.080545425415039062e+00
2.149378776550292969e+00
1.275332450866699219e+00
1.456419825553894043e+00
1.475216388702392578e+00
1.140764832496643066e+00
1.306788086891174316e+00
1.232480764389038086e+00
1.066053390502929688e+00
7.778202891349792480e-01
9.279993176460266113e-01
7.682092785835266113e-01
6.411007642745971680e-01
6.395126581192016602e-01
6.081838011741638184e-01
5.693356394767761230e-01
5.678209662437438965e-01
4.003468751907348633e-01
4.489397704601287842e-01
5.241341590881347656e-01
4.960826933383941650e-01
4.252949953079223633e-01
5.009161233901977539e-01
4.207647144794464111e-01
4.762648642063140869e-01
4.117882549762725830e-01
4.109278619289398193e-01
3.561979234218597412e-01
4.259706437587738037e-01
4.419628977775573730e-01
3.850250840187072754e-01
3.494224846363067627e-01
3.861214518547058105e-01
4.522015452384948730e-01
4.825463593006134033e-01
1.479553103446960449e+00
1.225048303604125977e+00
1.351694703102111816e+00
1.222990632057189941e+00
3.852470815181732178e-01
4.091865420341491699e-01
5.479247570037841797e-01
5.372828841209411621e-01
5.318494439125061035e-01
5.567057728767395020e-01
5.776898860931396484e-01
5.963299274444580078e-01
5.203770995140075684e-01
5.007015466690063477e-01
5.221400856971740723e-01
4.930045902729034424e-01
5.605436563491821289e-01
5.110657215118408203e-01
4.780824184417724609e-01
4.716468751430511475e-01
6.104344129562377930e-01
6.103373765945434570e-01
6.036310195922851562e-01
2.032815694808959961e+00
2.595148086547851562e+00
2.633737802505493164e+00
2.394164800643920898e+00
2.469532966613769531e+00
2.615330219268798828e+00
2.555365085601806641e+00
1.948533296585083008e+00
1.899731516838073730e+00
1.367705345153808594e+00
1.510540723800659180e+00
1.501337409019470215e+00
1.409089684486389160e+00
1.404098153114318848e+00
1.318398714065551758e+00
1.405308246612548828e+00
1.277977466583251953e+00
1.333507776260375977e+00
1.268514156341552734e+00
1.358682870864868164e+00
1.306042909622192383e+00
1.256729602813720703e+00
1.177744984626770020e+00
1.278243899345397949e+00
1.321662902832031250e+00
1.267328143119812012e+00
1.215215086936950684e+00
1.254411578178405762e+00
1.348622322082519531e+00
1.332942247390747070e+00
1.271315217018127441e+00
1.311129331588745117e+00
1.376516222953796387e+00
1.381637692451477051e+00
1.323590636253356934e+00
1.311067342758178711e+00
2.368110418319702148e+00
1.364422440528869629e+00
1.236575722694396973e+00
8.314867019653320312e-01
8.168877363204956055e-01
1.353148818016052246e+00
4.621880352497100830e-01
4.414678514003753662e-01
3.582015633583068848e-01
9.256550073623657227e-01
3.705228269100189209e-01
3.296594917774200439e-01
3.304009139537811279e-01
3.538428843021392822e-01
2.840164303779602051e-01
3.076033890247344971e-01
3.607411086559295654e-01
3.150846064090728760e-01
3.719412684440612793e-01
3.772494494915008545e-01
4.346877932548522949e-01
3.644359409809112549e-01
4.501556754112243652e-01
5.283925533294677734e-01
6.006491184234619141e-01
5.674838423728942871e-01
6.293381452560424805e-01
6.770254373550415039e-01
6.274002790451049805e-01
6.524797081947326660e-01
6.552392840385437012e-01
6.862857937812805176e-01
9.454317092895507812e-01
3.020093202590942383e+00
3.496720790863037109e+00
2.982692480087280273e+00
2.872029066085815430e+00
3.175951957702636719e+00
2.213831663131713867e+00
2.318116188049316406e+00
2.806318044662475586e+00
2.830493927001953125e+00
2.456835031509399414e+00
3.357414960861206055e+00
2.790329933166503906e+00
1.516177535057067871e+00
1.697386741638183594e+00
1.916355013847351074e+00
1.779272913932800293e+00
2.707089900970458984e+00
1.398795127868652344e+00
2.696599006652832031e+00
2.355466604232788086e+00
9.998598694801330566e-01
1.293852090835571289e+00
1.571788787841796875e+00
8.541902303695678711e-01
7.491748332977294922e-01
1.376708865165710449e+00
9.022549986839294434e-01
6.965225338935852051e-01
9.549610018730163574e-01
6.472606062889099121e-01
3.640456199645996094e-01
3.594566583633422852e-01
4.989050924777984619e-01
4.391722977161407471e-01
3.037873804569244385e-01
3.780649006366729736e-01
4.102242588996887207e-01
3.245557844638824463e-01
3.050844073295593262e-01
3.339321315288543701e-01
3.069704771041870117e-01
2.954268455505371094e-01
3.057332038879394531e-01
2.863215804100036621e-01
2.686612010002136230e-01
2.517997920513153076e-01
3.060095012187957764e-01
2.370730489492416382e-01
1.270162105560302734e+00
1.218925476074218750e+00
1.042884230613708496e+00
5.188492536544799805e-01
1.544807702302932739e-01
3.234747350215911865e-01
2.727345526218414307e-01
2.760985493659973145e-01
3.524235785007476807e-01
3.270708918571472168e-01
3.083031475543975830e-01
4.018327593803405762e-01
4.763202369213104248e-01
3.887034654617309570e-01
3.879044651985168457e-01
3.838360309600830078e-01
4.294338822364807129e-01
3.633025288581848145e-01
4.126780033111572266e-01
5.081243515014648438e-01
4.247245788574218750e-01
4.538998603820800781e-01
5.348231792449951172e-01
5.553972125053405762e-01
4.365979731082916260e-01
4.758909940719604492e-01
1.642031788825988770e+00
1.862338542938232422e+00
2.220589399337768555e+00
2.477520942687988281e+00
2.629308700561523438e+00
1.903969883918762207e+00
1.778135657310485840e+00
2.086088895797729492e+00
1.919641733169555664e+00
1.596468806266784668e+00
1.544876694679260254e+00
1.599264621734619141e+00
1.431063055992126465e+00
1.370729684829711914e+00
1.514507770538330078e+00
1.370227813720703125e+00
1.422444820404052734e+00
1.360708117485046387e+00
1.379013776779174805e+00
1.285609960556030273e+00
1.416531801223754883e+00
1.359781742095947266e+00
1.288566708564758301e+00
1.297333359718322754e+00
1.359006047248840332e+00
1.333457350730895996e+00
1.255340456962585449e+00
1.374124169349670410e+00
1.402139902114868164e+00
1.269212841987609863e+00
1.398792147636413574e+00
1.428056478500366211e+00
1.376852750778198242e+00
1.359517216682434082e+00
1.403056263923645020e+00
1.473743677139282227e+00
1.311976790428161621e+00
1.333607196807861328e+00
2.141128778457641602e+00
1.457244873046875000e+00
1.446586251258850098e+00
1.431230545043945312e+00
1.595713138580322266e+00
1.297643184661865234e+00
1.329871892929077148e+00
2.079276323318481445e+00
1.670936584472656250e+00
1.212298393249511719e+00
1.307335734367370605e+00
1.455527424812316895e+00
1.274960756301879883e+00
1.720018148422241211e+00
1.646048784255981445e+00
1.674700140953063965e+00
1.707641243934631348e+00
1.671757221221923828e+00
1.748023867607116699e+00
1.785923957824707031e+00
1.562045931816101074e+00
1.659659862518310547e+00
1.027707457542419434e+00
1.590669989585876465e+00
1.019366860389709473e+00
1.443080902099609375e+00
9.231601357460021973e-01
6.201152801513671875e-01
6.514940261840820312e-01
6.894766092300415039e-01
6.494248509407043457e-01
9.590234160423278809e-01
1.268742561340332031e+00
1.250932455062866211e+00
1.262310266494750977e+00
1.357639670372009277e+00
1.322279930114746094e+00
1.266781091690063477e+00
1.043512105941772461e+00
1.548288702964782715e+00
1.692871809005737305e+00
1.470063567161560059e+00
1.593919634819030762e+00
1.761225819587707520e+00
2.838699579238891602e+00
1.603146910667419434e+00
1.279833912849426270e+00
1.058213949203491211e+00
1.614413738250732422e+00
1.043516874313354492e+00
2.238497018814086914e+00
2.080789327621459961e+00
1.870870947837829590e+00
1.897685170173645020e+00
1.808795690536499023e+00
9.052130579948425293e-01
4.508368074893951416e-01
4.338772594928741455e-01
3.682067096233367920e-01
4.050884842872619629e-01
4.338520467281341553e-01
3.040634095668792725e-01
3.418700098991394043e-01
3.543732464313507080e-01
3.279376029968261719e-01
3.386024832725524902e-01
3.929267823696136475e-01
4.024124741554260254e-01
3.283936977386474609e-01
3.568110764026641846e-01
3.296600282192230225e-01
2.974831461906433105e-01
3.262880742549896240e-01
3.470005691051483154e-01
3.054127991199493408e-01
2.721156477928161621e-01
3.236509859561920166e-01
3.067912161350250244e-01
2.420383244752883911e-01
2.915289103984832764e-01
3.547186255455017090e-01
2.899254262447357178e-01
6.844713091850280762e-01
3.180763721466064453e-01
3.991526365280151367e-01
3.276202082633972168e-01
3.442085981369018555e-01
4.631550312042236328e-01
3.772859275341033936e-01
3.242416679859161377e-01
4.240229129791259766e-01
4.784113168716430664e-01
3.661487698554992676e-01
3.753269314765930176e-01
4.461220502853393555e-01
3.822624385356903076e-01
3.956532180309295654e-01
4.050292968750000000e-01
4.861173331737518311e-01
1.319336652755737305e+00
1.448171377182006836e+00
1.425649285316467285e+00
1.293140292167663574e+00
5.158841013908386230e-01
3.641766309738159180e-01
5.434194207191467285e-01
4.840292334556579590e-01
1.585040807723999023e+00
2.058026313781738281e+00
2.412297487258911133e+00
2.769938707351684570e+00
2.106828451156616211e+00
2.348829984664916992e+00
2.403607606887817383e+00
2.545846700668334961e+00
2.357221603393554688e+00
2.335911750793457031e+00
2.090581893920898438e+00
1.318562030792236328e+00
1.616472721099853516e+00
1.458489060401916504e+00
2.567653417587280273e+00
1.486622691154479980e+00
1.397659063339233398e+00
1.547899723052978516e+00
1.481674432754516602e+00
1.588479638099670410e+00
7.632974982261657715e-01
2.338678121566772461e+00
1.718979597091674805e+00
5.664954185485839844e-01
8.159050941467285156e-01
1.823959946632385254e+00
1.879545569419860840e+00
2.487346887588500977e+00
2.902202606201171875e+00
3.082590818405151367e+00
2.605618715286254883e+00
1.490762948989868164e+00
2.490025281906127930e+00
1.678850054740905762e+00
6.327150464057922363e-01
1.079246520996093750e+00
7.543755769729614258e-01
6.075586080551147461e-01
1.815284729003906250e+00
5.864530801773071289e-01
8.562026619911193848e-01
1.755081057548522949e+00
1.506833076477050781e+00
1.414625167846679688e+00
8.744260668754577637e-01
1.297542572021484375e+00
2.241395235061645508e+00
4.890912771224975586e-01
5.447940230369567871e-01
5.646658539772033691e-01
4.814329743385314941e-01
1.617455363273620605e+00
1.640929460525512695e+00
1.509822368621826172e+00
1.403413414955139160e+00
1.450879216194152832e+00
1.560133337974548340e+00
1.683886885643005371e+00
1.557074904441833496e+00
1.421716570854187012e+00
1.550435662269592285e+00
1.472959995269775391e+00
1.445920825004577637e+00
1.733106374740600586e+00
2.046012639999389648e+00
2.132269620895385742e+00
1.988024234771728516e+00
2.127841949462890625e+00
2.970564603805541992e+00
4.732882976531982422e+00
4.771203517913818359e+00
5.118465423583984375e+00
4.642512798309326172e+00
3.999628543853759766e+00
3.652609586715698242e+00
3.750285625457763672e+00
3.021305799484252930e+00
2.753337144851684570e+00
3.123640060424804688e+00
3.064033985137939453e+00
2.461568117141723633e+00
2.626785993576049805e+00
2.169494867324829102e+00
1.511220455169677734e+00
1.627753019332885742e+00
1.710469126701354980e+00
1.545383214950561523e+00
1.583866000175476074e+00
2.450361728668212891e+00
1.650550484657287598e+00
1.773569226264953613e+00
1.829426288604736328e+00
1.805840373039245605e+00
1.385414242744445801e+00
1.667346954345703125e+00
1.136474132537841797e+00
7.543221116065979004e-01
8.264241218566894531e-01
8.462554216384887695e-01
7.959557175636291504e-01
7.704393863677978516e-01
8.058561086654663086e-01
7.051319479942321777e-01
5.868778824806213379e-01
6.793138384819030762e-01
7.118641138076782227e-01
5.794794559478759766e-01
5.288807153701782227e-01
5.196965336799621582e-01
3.493210673332214355e-01
3.402821421623229980e-01
3.874996304512023926e-01
3.448234200477600098e-01
2.459387481212615967e-01
3.264429569244384766e-01
8.966584205627441406e-01
1.322226762771606445e+00
1.172479033470153809e+00
1.115706562995910645e+00
1.803347766399383545e-01
2.218578755855560303e-01
3.092644214630126953e-01
3.144941926002502441e-01
2.621598541736602783e-01
3.120966553688049316e-01
3.734241425991058350e-01
3.528712093830108643e-01
3.215738832950592041e-01
4.393507242202758789e-01
4.300804734230041504e-01
3.753790259361267090e-01
4.332221746444702148e-01
4.602271318435668945e-01
3.607690632343292236e-01
3.360204696655273438e-01
4.191584885120391846e-01
3.448072373867034912e-01
3.995985984802246094e-01
4.288204312324523926e-01
3.909436762332916260e-01
4.088030755519866943e-01
3.825518786907196045e-01
3.714684545993804932e-01
3.092564642429351807e-01
3.980976343154907227e-01
1.437988162040710449e+00
1.759883761405944824e+00
1.467680335044860840e+00
2.095628261566162109e+00
2.553528547286987305e+00
2.391502618789672852e+00
1.598015308380126953e+00
1.571142196655273438e+00
1.485537290573120117e+00
1.481098532676696777e+00
1.477959275245666504e+00
1.521244287490844727e+00
1.360152840614318848e+00
1.465183854103088379e+00
1.414231181144714355e+00
1.257434368133544922e+00
1.284697771072387695e+00
1.480229139328002930e+00
3.719185292720794678e-01
3.075405955314636230e-01
4.111252129077911377e-01
3.978728652000427246e-01
3.078152537345886230e-01
3.089914023876190186e-01
4.278238117694854736e-01
3.126917183399200439e-01
2.976240217685699463e-01
3.373720645904541016e-01
4.680616557598114014e-01
2.989325523376464844e-01
3.199090063571929932e-01
4.369702041149139404e-01
4.164369702339172363e-01
3.741428256034851074e-01
3.912386000156402588e-01
4.462127685546875000e-01
3.566077053546905518e-01
3.707138597965240479e-01
3.968485593795776367e-01
3.193780779838562012e-01
2.803331017494201660e-01
3.624615967273712158e-01
3.326581120491027832e-01
3.155253529548645020e-01
2.985241413116455078e-01
3.377437293529510498e-01
2.790906131267547607e-01
2.778272926807403564e-01
3.211468160152435303e-01
3.070420324802398682e-01
2.972142398357391357e-01
3.172390162944793701e-01
3.227031528949737549e-01
3.089113831520080566e-01
4.047022759914398193e-01
4.170649349689483643e-01
4.169840812683105469e-01
3.876882195472717285e-01
4.874376356601715088e-01
4.793838262557983398e-01
3.931822180747985840e-01
4.275935888290405273e-01
4.823860228061676025e-01
4.356243610382080078e-01
1.489262819290161133e+00
1.328888893127441406e+00
1.293986678123474121e+00
8.304278850555419922e-01
2.466883957386016846e-01
5.115883946418762207e-01
3.599911630153656006e-01
3.744654655456542969e-01
4.407047629356384277e-01
5.350391268730163574e-01
3.847751021385192871e-01
3.991794884204864502e-01
4.497815370559692383e-01
4.137480556964874268e-01
4.316274821758270264e-01
5.000831484794616699e-01
4.829906821250915527e-01
4.372251033782958984e-01
4.010378718376159668e-01
1.409011006355285645e+00
1.772598862648010254e+00
1.353385925292968750e+00
1.275897622108459473e+00
1.386101126670837402e+00
7.630428075790405273e-01
1.095067501068115234e+00
1.431654214859008789e+00
1.904699087142944336e+00
1.797400116920471191e+00
1.745198726654052734e+00
1.352841019630432129e+00
9.819774627685546875e-01
4.783345758914947510e-01
3.717118501663208008e-01
3.700513839721679688e-01
4.254811108112335205e-01
4.053020179271697998e-01
2.789823412895202637e-01
3.699080348014831543e-01
4.830882549285888672e-01
3.518134653568267822e-01
3.621154129505157471e-01
4.123523533344268799e-01
4.460370838642120361e-01
3.224531710147857666e-01
3.576402366161346436e-01
3.807299733161926270e-01
3.129628002643585205e-01
3.429787158966064453e-01
3.810879290103912354e-01
3.205175101757049561e-01
3.157429993152618408e-01
3.430028557777404785e-01
3.588550388813018799e-01
3.141014277935028076e-01
3.605495095252990723e-01
3.960572481155395508e-01
2.931340336799621582e-01
3.280234038829803467e-01
3.797686994075775146e-01
2.972937226295471191e-01
3.015082478523254395e-01
4.214554131031036377e-01
4.565692842006683350e-01
3.372276127338409424e-01
3.888923227787017822e-01
4.640105068683624268e-01
4.115752875804901123e-01
3.517608344554901123e-01
3.476540148258209229e-01
3.919515311717987061e-01
3.275922536849975586e-01
3.338712751865386963e-01
4.048760533332824707e-01
3.787378072738647461e-01
3.819718956947326660e-01
4.427690207958221436e-01
6.978464722633361816e-01
1.197099924087524414e+00
2.006850957870483398e+00
2.590493917465209961e+00
1.922115802764892578e+00
2.087736606597900391e+00
2.111645698547363281e+00
2.032361268997192383e+00
1.932610392570495605e+00
2.110704183578491211e+00
2.140255689620971680e+00
1.679155707359313965e+00
2.326449871063232422e+00
2.554303169250488281e+00
2.555345773696899414e+00
2.556030988693237305e+00
1.362865328788757324e+00
1.664316534996032715e+00
1.510896801948547363e+00
1.481116056442260742e+00
1.539424657821655273e+00
1.587211132049560547e+00
2.543953180313110352e+00
2.452719926834106445e+00
3.065856456756591797e+00
2.951461791992187500e+00
2.593969583511352539e+00
1.638035774230957031e+00
2.652868032455444336e+00
2.745425701141357422e+00
2.317008972167968750e+00
3.071285724639892578e+00
1.883321285247802734e+00
1.999723076820373535e+00
1.954316496849060059e+00
2.031552076339721680e+00
1.918960928916931152e+00
1.694226622581481934e+00
2.142348527908325195e+00
1.826878786087036133e+00
1.842669606208801270e+00
1.847067713737487793e+00
1.662741541862487793e+00
1.630757331848144531e+00
2.414215087890625000e+00
2.452378988265991211e+00
1.406865119934082031e+00
1.565198659896850586e+00
1.453459024429321289e+00
1.617386341094970703e+00
1.832437753677368164e+00
1.842646241188049316e+00
2.741595268249511719e+00
2.587469339370727539e+00
5.181369185447692871e-01
6.079127192497253418e-01
7.283590435981750488e-01
7.890925407409667969e-01
9.073274135589599609e-01
1.172774553298950195e+00
8.674897551536560059e-01
8.673782348632812500e-01
8.151376247406005859e-01
7.373943924903869629e-01
7.419679760932922363e-01
7.574877142906188965e-01
6.609163880348205566e-01
7.652803063392639160e-01
7.770119309425354004e-01
9.714260697364807129e-01
1.132071495056152344e+00
3.304780960083007812e+00
3.623670339584350586e+00
4.611029624938964844e+00
3.172361135482788086e+00
3.205085515975952148e+00
3.149339675903320312e+00
1.683154225349426270e+00
1.459404826164245605e+00
1.958297848701477051e+00
3.287280082702636719e+00
2.902225971221923828e+00
1.429606795310974121e+00
1.593487501144409180e+00
1.795423865318298340e+00
1.761375665664672852e+00
1.710019588470458984e+00
2.109026193618774414e+00
2.075722455978393555e+00
1.895271658897399902e+00
2.689919233322143555e+00
2.636942148208618164e+00
2.674129962921142578e+00
1.946807384490966797e+00
1.758265256881713867e+00
1.872043848037719727e+00
1.344012618064880371e+00
3.277262747287750244e-01
4.486199021339416504e-01
3.061635494232177734e-01
2.489420324563980103e-01
2.816624641418457031e-01
3.114544451236724854e-01
2.985559403896331787e-01
3.003671765327453613e-01
3.807875216007232666e-01
4.401979744434356689e-01
3.469243645668029785e-01
3.808037042617797852e-01
3.841570019721984863e-01
3.830148279666900635e-01
3.413316607475280762e-01
3.572512865066528320e-01
3.390895426273345947e-01
2.966413795948028564e-01
3.255702257156372070e-01
3.491215407848358154e-01
2.546446323394775391e-01
2.762128710746765137e-01
3.437544107437133789e-01
2.750657498836517334e-01
2.184711098670959473e-01
3.171567916870117188e-01
3.799232840538024902e-01
2.347824126482009888e-01
2.491114288568496704e-01
3.594695627689361572e-01
2.992919087409973145e-01
2.563796937465667725e-01
3.537261188030242920e-01
4.577037692070007324e-01
2.815509140491485596e-01
3.436579406261444092e-01
4.366297721862792969e-01
4.016408920288085938e-01
4.350334107875823975e-01
4.336034357547760010e-01
4.417337477207183838e-01
4.211629629135131836e-01
4.488095641136169434e-01
5.111731290817260742e-01
4.997051656246185303e-01
5.265848636627197266e-01
5.322899222373962402e-01
5.015216469764709473e-01
5.739575028419494629e-01
1.851342916488647461e+00
1.757004380226135254e+00
2.494078397750854492e+00
2.152201414108276367e+00
2.293257951736450195e+00
2.161401510238647461e+00
2.514622449874877930e+00
2.467645406723022461e+00
1.570580005645751953e+00
2.266318559646606445e+00
2.020279169082641602e+00
1.478613495826721191e+00
1.356766104698181152e+00
1.298751592636108398e+00
1.433099627494812012e+00
1.322300672531127930e+00
1.244218945503234863e+00
1.406242132186889648e+00
1.364416956901550293e+00
1.908678174018859863e+00
1.481686711311340332e+00
1.517233133316040039e+00
1.535183548927307129e+00
1.553850173950195312e+00
1.585801243782043457e+00
1.564300894737243652e+00
1.417521476745605469e+00
1.400065064430236816e+00
1.812810420989990234e+00
2.340829610824584961e+00
1.752410292625427246e+00
1.428855776786804199e+00
1.546495556831359863e+00
1.839047431945800781e+00
9.805891513824462891e-01
6.242272853851318359e-01
5.748085379600524902e-01
5.670847296714782715e-01
4.528982937335968018e-01
2.222570419311523438e+00
6.962915062904357910e-01
4.656882584095001221e-01
5.089401006698608398e-01
5.847328305244445801e-01
1.550626158714294434e+00
1.599169254302978516e+00
1.753930091857910156e+00
2.584249973297119141e+00
4.645131826400756836e-01
4.456092119216918945e-01
4.354500472545623779e-01
4.184959828853607178e-01
4.647842645645141602e-01
7.956084012985229492e-01
6.827853322029113770e-01
4.275371134281158447e-01
7.134327292442321777e-01
6.363912224769592285e-01
5.516552329063415527e-01
5.763750076293945312e-01
6.296229362487792969e-01
1.309581756591796875e+00
1.159658193588256836e+00
1.392495036125183105e+00
7.433716654777526855e-01
7.083408236503601074e-01
8.893750905990600586e-01
1.333682656288146973e+00
1.437854886054992676e+00
1.813541769981384277e+00
1.851149916648864746e+00
1.956243157386779785e+00
1.954273462295532227e+00
3.172385931015014648e+00
2.779695510864257812e+00
2.403836488723754883e+00
2.550350427627563477e+00
2.168110132217407227e+00
1.566428542137145996e+00
1.609728574752807617e+00
3.006975412368774414e+00
2.508142232894897461e+00
2.921271562576293945e+00
2.514396667480468750e+00
2.664591312408447266e+00
2.389741420745849609e+00
2.116113424301147461e+00
1.199608683586120605e+00
1.324244022369384766e+00
1.134357810020446777e+00
1.133520483970642090e+00
1.213993072509765625e+00
9.370697736740112305e-01
7.002001404762268066e-01
6.985780000686645508e-01
7.740432024002075195e-01
5.980778336524963379e-01
6.583368778228759766e-01
6.781037449836730957e-01
6.402053236961364746e-01
5.659368038177490234e-01
6.463651061058044434e-01
5.084456205368041992e-01
3.485094606876373291e-01
4.829865694046020508e-01
4.773790836334228516e-01
3.832291960716247559e-01
3.361827433109283447e-01
3.314729034900665283e-01
3.904963433742523193e-01
2.560735046863555908e-01
2.575692534446716309e-01
3.316401243209838867e-01
3.065382242202758789e-01
2.121145129203796387e-01
2.773643434047698975e-01
2.943937778472900391e-01
2.518206238746643066e-01
2.106352001428604126e-01
2.650795578956604004e-01
1.251611948013305664e+00
1.286111593246459961e+00
1.166567087173461914e+00
1.037423372268676758e+00
2.555151879787445068e-01
1.847307533025741577e-01
3.287725150585174561e-01
3.792966902256011963e-01
2.711414992809295654e-01
3.542915582656860352e-01
3.954246342182159424e-01
3.745504319667816162e-01
3.434948623180389404e-01
3.801327049732208252e-01
3.671083748340606689e-01
3.081153929233551025e-01
3.650997877120971680e-01
4.567680060863494873e-01
3.809689581394195557e-01
3.955282270908355713e-01
4.565813541412353516e-01
5.499980449676513672e-01
4.418113231658935547e-01
4.750692546367645264e-01
2.100676298141479492e+00
1.834637403488159180e+00
1.898110508918762207e+00
1.846822142601013184e+00
2.723806619644165039e+00
1.886085867881774902e+00
3.754872798919677734e+00
2.936173677444458008e+00
1.528569817543029785e+00
1.812168478965759277e+00
1.800063848495483398e+00
1.597209095954895020e+00
1.317238688468933105e+00
2.111017942428588867e+00
1.434711813926696777e+00
1.318620920181274414e+00
1.564619421958923340e+00
1.433246731758117676e+00
1.394127488136291504e+00
1.399933457374572754e+00
1.311007022857666016e+00
1.344170451164245605e+00
1.687332034111022949e+00
1.304035663604736328e+00
1.327585816383361816e+00
1.445160508155822754e+00
1.409792184829711914e+00
1.234617829322814941e+00
1.305030345916748047e+00
1.482554316520690918e+00
1.359690904617309570e+00
1.335338950157165527e+00
1.413790464401245117e+00
1.454584479331970215e+00
2.241608381271362305e+00
1.414075255393981934e+00
1.425653696060180664e+00
1.712254047393798828e+00
1.365972518920898438e+00
2.190979957580566406e+00
2.851280212402343750e+00
1.344037532806396484e+00
1.511916995048522949e+00
1.676420688629150391e+00
1.639649391174316406e+00
1.408411026000976562e+00
1.690088272094726562e+00
2.780490398406982422e+00
2.152592420578002930e+00
1.280798196792602539e+00
1.513980388641357422e+00
1.535583376884460449e+00
1.385739564895629883e+00
1.508294463157653809e+00
1.917459130287170410e+00
1.530631899833679199e+00
4.413587749004364014e-01
6.296741962432861328e-01
1.116655230522155762e+00
8.409590125083923340e-01
7.901111245155334473e-01
2.358520030975341797e+00
2.376783609390258789e+00
2.454217910766601562e+00
2.108328819274902344e+00
2.416859388351440430e+00
8.565480709075927734e-01
9.072660207748413086e-01
1.995848894119262695e+00
2.485322475433349609e+00
2.382057905197143555e+00
2.523648500442504883e+00
2.255966424942016602e+00
1.866822838783264160e+00
1.394722819328308105e+00
1.723438858985900879e+00
1.602531552314758301e+00
1.867065072059631348e+00
1.645450115203857422e+00
2.199472188949584961e+00
2.638844251632690430e+00
2.608794450759887695e+00
2.541707277297973633e+00
1.915215134620666504e+00
1.930339813232421875e+00
1.969213962554931641e+00
2.140517473220825195e+00
1.985964179039001465e+00
2.050176620483398438e+00
1.315691351890563965e+00
6.934625506401062012e-01
7.334281802177429199e-01
5.483183860778808594e-01
6.240389943122863770e-01
3.397753536701202393e-01
3.639378845691680908e-01
3.525954484939575195e-01
3.860214054584503174e-01
3.015362322330474854e-01
3.314866125583648682e-01
3.935437500476837158e-01
4.017754793167114258e-01
3.163942396640777588e-01
3.712590634822845459e-01
3.726492822170257568e-01
3.066278696060180664e-01
2.884803712368011475e-01
3.387414515018463135e-01
2.567211985588073730e-01
2.674598097801208496e-01
2.566154003143310547e-01
3.275108337402343750e-01
2.596592605113983154e-01
3.283950686454772949e-01
2.913551330566406250e-01
3.072292208671569824e-01
2.409134358167648315e-01
3.130932748317718506e-01
2.983131110668182373e-01
2.478788048028945923e-01
2.599920034408569336e-01
3.859748244285583496e-01
3.003323674201965332e-01
3.049426972866058350e-01
3.519559800624847412e-01
4.799767136573791504e-01
3.270966708660125732e-01
3.596570491790771484e-01
3.994859457015991211e-01
4.124746024608612061e-01
3.627716004848480225e-01
3.740057945251464844e-01
4.539719521999359131e-01
1.445141792297363281e+00
1.377141118049621582e+00
1.377403974533081055e+00
1.270314216613769531e+00
3.435685932636260986e-01
4.153203070163726807e-01
5.708563327789306641e-01
5.198387503623962402e-01
4.647713899612426758e-01
1.723953723907470703e+00
9.918992519378662109e-01
2.249358892440795898e+00
1.768916130065917969e+00
1.947591543197631836e+00
2.644556522369384766e+00
1.988064050674438477e+00
2.408645391464233398e+00
3.352589130401611328e+00
1.897619605064392090e+00
2.116456508636474609e+00
2.027190446853637695e+00
2.024834632873535156e+00
1.772769689559936523e+00
1.007596850395202637e+00
1.433019280433654785e+00
1.865332841873168945e+00
1.468948364257812500e+00
7.781481146812438965e-01
1.045079469680786133e+00
8.600992560386657715e-01
7.837503552436828613e-01
9.357541203498840332e-01
1.136233687400817871e+00
8.963251113891601562e-01
7.209169864654541016e-01
6.016646623611450195e-01
4.714862406253814697e-01
4.516645669937133789e-01
5.909762382507324219e-01
1.658818721771240234e+00
1.364604473114013672e+00
1.338935136795043945e+00
6.486952304840087891e-01
4.477104544639587402e-01
7.454605698585510254e-01
4.592883288860321045e-01
5.230163931846618652e-01
4.974553883075714111e-01
5.688515901565551758e-01
5.182024240493774414e-01
5.343103408813476562e-01
3.657537996768951416e-01
3.972947895526885986e-01
4.596183598041534424e-01
3.557141423225402832e-01
3.042317032814025879e-01
3.703186213970184326e-01
3.525228202342987061e-01
3.333115577697753906e-01
3.179215192794799805e-01
3.680140078067779541e-01
2.764737904071807861e-01
3.264703452587127686e-01
3.732054233551025391e-01
3.467497527599334717e-01
3.621614575386047363e-01
4.088340401649475098e-01
4.304148554801940918e-01
3.694757819175720215e-01
6.836369633674621582e-01
6.895026564598083496e-01
8.049461245536804199e-01
6.622093319892883301e-01
1.305380105972290039e+00
1.595035791397094727e+00
1.890392780303955078e+00
1.562843322753906250e+00
1.801976203918457031e+00
1.851577520370483398e+00
1.725221395492553711e+00
1.835478901863098145e+00
1.946230888366699219e+00
2.513659477233886719e+00
2.643548011779785156e+00
2.834148883819580078e+00
2.908073186874389648e+00
2.847079277038574219e+00
2.512894153594970703e+00
1.990710735321044922e+00
1.466792821884155273e+00
1.450853705406188965e+00
2.327544689178466797e+00
1.737434864044189453e+00
1.640733122825622559e+00
1.590613007545471191e+00
1.567519903182983398e+00
1.566464900970458984e+00
1.446400761604309082e+00
1.508249878883361816e+00
1.527636528015136719e+00
1.142734766006469727e+00
1.018853187561035156e+00
1.308631181716918945e+00
1.223208069801330566e+00
9.442788362503051758e-01
9.314548969268798828e-01
1.066234111785888672e+00
1.814225912094116211e+00
1.525512576103210449e+00
1.572641968727111816e+00
1.547191739082336426e+00
5.549131631851196289e-01
5.163193345069885254e-01
5.891238451004028320e-01
4.621869325637817383e-01
3.660468161106109619e-01
3.953330814838409424e-01
4.417416751384735107e-01
3.030736446380615234e-01
2.793227732181549072e-01
3.017738461494445801e-01
3.114651441574096680e-01
2.100724875926971436e-01
2.569369375705718994e-01
3.452912867069244385e-01
2.586234509944915771e-01
2.126843631267547607e-01
2.640220820903778076e-01
3.435378968715667725e-01
2.017434686422348022e-01
2.074688225984573364e-01
2.851514518260955811e-01
3.103843629360198975e-01
2.481263130903244019e-01
2.881199419498443604e-01
3.600451648235321045e-01
3.594144582748413086e-01
2.975766062736511230e-01
3.800534904003143311e-01
4.108919799327850342e-01
4.057427644729614258e-01
3.805106878280639648e-01
4.101699888706207275e-01
4.028463661670684814e-01
3.871970176696777344e-01
4.142776131629943848e-01
