1.672763466835021973e+00
1.264121532440185547e+00
1.430200219154357910e+00
1.414140820503234863e+00
1.312730908393859863e+00
1.309707522392272949e+00
1.768927931785583496e+00
1.764453768730163574e+00
1.296734809875488281e+00
1.443060874938964844e+00
1.458894968032836914e+00
1.287925601005554199e+00
1.355402112007141113e+00
1.444776177406311035e+00
1.130661845207214355e+00
1.233365774154663086e+00
1.223528385162353516e+00
1.252719044685363770e+00
1.030167698860168457e+00
1.116080164909362793e+00
1.258062362670898438e+00
1.092321872711181641e+00
1.046995997428894043e+00
1.067024230957031250e+00
4.075191915035247803e-01
3.544373810291290283e-01
3.212619423866271973e-01
3.671626746654510498e-01
3.031514883041381836e-01
2.715584039688110352e-01
3.820467293262481689e-01
1.153754591941833496e+00
4.881314039230346680e-01
3.625849485397338867e-01
3.872606158256530762e-01
3.294605016708374023e-01
3.198122382164001465e-01
4.790557324886322021e-01
4.401461780071258545e-01
3.654673695564270020e-01
4.627334773540496826e-01
4.788698852062225342e-01
3.664072453975677490e-01
4.072933495044708252e-01
4.781956076622009277e-01
4.141416847705841064e-01
3.985123336315155029e-01
4.472735226154327393e-01
4.006401598453521729e-01
3.532127141952514648e-01
4.209804236888885498e-01
4.318303167819976807e-01
3.410751223564147949e-01
4.276267290115356445e-01
5.262041687965393066e-01
3.649679720401763916e-01
1.365816831588745117e+00
1.756055235862731934e+00
1.882787942886352539e+00
1.763099551200866699e+00
1.405981421470642090e+00
6.013664603233337402e-01
4.473911225795745850e-01
4.799619019031524658e-01
5.944303870201110840e-01
4.610187113285064697e-01
5.069331526756286621e-01
6.054535508155822754e-01
5.476874113082885742e-01
4.566254913806915283e-01
5.672516822814941406e-01
6.044640541076660156e-01
4.851445555686950684e-01
5.184776186943054199e-01
6.079999208450317383e-01
5.050100684165954590e-01
6.751275658607482910e-01
1.828235268592834473e+00
1.651931643486022949e+00
2.140897512435913086e+00
1.881494402885437012e+00
1.918435215950012207e+00
1.708686113357543945e+00
1.835177063941955566e+00
1.610754489898681641e+00
1.485430955886840820e+00
1.441632270812988281e+00
1.414853215217590332e+00
1.452718973159790039e+00
1.420431613922119141e+00
1.412733554840087891e+00
1.449279308319091797e+00
1.381832838058471680e+00
1.397957801818847656e+00
1.451697111129760742e+00
1.532485604286193848e+00
1.520127296447753906e+00
1.587878823280334473e+00
2.154876470565795898e+00
1.281664371490478516e+00
1.360947728157043457e+00
1.512433409690856934e+00
1.445774674415588379e+00
1.404560208320617676e+00
1.456987738609313965e+00
1.414810180664062500e+00
1.375167369842529297e+00
1.348774433135986328e+00
1.432872414588928223e+00
1.369615793228149414e+00
7.080001235008239746e-01
3.984254598617553711e-01
3.907663226127624512e-01
3.590625226497650146e-01
3.731903433799743652e-01
3.779925405979156494e-01
3.509865105152130127e-01
3.444922864437103271e-01
4.346817433834075928e-01
3.832086324691772461e-01
3.156593739986419678e-01
3.704378604888916016e-01
5.195770263671875000e-01
1.153174042701721191e+00
3.504668176174163818e-01
4.998010993003845215e-01
4.281305372714996338e-01
3.659612834453582764e-01
7.858932614326477051e-01
1.432831525802612305e+00
1.458976626396179199e+00
1.398720860481262207e+00
1.552605152130126953e+00
1.341326117515563965e+00
1.400675415992736816e+00
1.414597153663635254e+00
1.326261758804321289e+00
1.295469760894775391e+00
1.435657978057861328e+00
1.380737900733947754e+00
1.293594717979431152e+00
1.403805613517761230e+00
1.456249356269836426e+00
1.873884677886962891e+00
1.454627513885498047e+00
1.370567202568054199e+00
1.490580081939697266e+00
1.990909457206726074e+00
1.156975269317626953e+00
1.420268535614013672e+00
1.354079365730285645e+00
1.284364700317382812e+00
1.358479976654052734e+00
1.844907283782958984e+00
1.825734138488769531e+00
7.938848733901977539e-01
6.587252616882324219e-01
4.659483730792999268e-01
4.808996021747589111e-01
5.787517428398132324e-01
4.762541949748992920e-01
4.248567223548889160e-01
5.463859438896179199e-01
4.126390814781188965e-01
3.952568769454956055e-01
4.162322282791137695e-01
4.062372446060180664e-01
2.987689375877380371e-01
3.541081845760345459e-01
1.234892010688781738e+00
1.427117347717285156e+00
1.294108390808105469e+00
1.620089173316955566e+00
1.829357981681823730e+00
9.084479212760925293e-01
3.478426039218902588e-01
4.588949978351593018e-01
3.010905385017395020e-01
3.657200932502746582e-01
4.588747322559356689e-01
3.901874423027038574e-01
3.863234817981719971e-01
4.429046809673309326e-01
4.921362400054931641e-01
3.888062536716461182e-01
3.971963822841644287e-01
4.929516911506652832e-01
4.402859508991241455e-01
3.744991719722747803e-01
4.826793074607849121e-01
4.352968335151672363e-01
1.037114381790161133e+00
6.147399544715881348e-01
5.173721313476562500e-01
3.956364989280700684e-01
4.306412637233734131e-01
1.488605260848999023e+00
6.903210878372192383e-01
4.788885414600372314e-01
1.532565355300903320e+00
1.656120419502258301e+00
1.927422523498535156e+00
1.340038180351257324e+00
1.520799398422241211e+00
1.438659906387329102e+00
1.346444129943847656e+00
1.508720517158508301e+00
5.938920974731445312e-01
8.063787817955017090e-01
5.354368686676025391e-01
6.387038230895996094e-01
5.985522866249084473e-01
5.708618164062500000e-01
5.815502405166625977e-01
4.762854278087615967e-01
4.507019519805908203e-01
4.778845012187957764e-01
4.753099083900451660e-01
4.062462747097015381e-01
4.071642458438873291e-01
4.165364801883697510e-01
3.424277901649475098e-01
3.475953638553619385e-01
4.490263760089874268e-01
3.550595939159393311e-01
3.463980853557586670e-01
3.384750187397003174e-01
4.779779911041259766e-01
1.158099651336669922e+00
3.326255083084106445e-01
3.876912295818328857e-01
3.302827775478363037e-01
3.707673251628875732e-01
3.626860976219177246e-01
3.442691862583160400e-01
3.234681487083435059e-01
4.868669807910919189e-01
4.583684802055358887e-01
3.802831768989562988e-01
4.347927570343017578e-01
4.760332703590393066e-01
4.394184350967407227e-01
4.043824076652526855e-01
4.954720139503479004e-01
4.990769326686859131e-01
4.106003344058990479e-01
4.019424021244049072e-01
4.327263236045837402e-01
3.502439558506011963e-01
3.490332663059234619e-01
4.451832771301269531e-01
3.575533330440521240e-01
3.505342304706573486e-01
1.234932541847229004e+00
1.735011577606201172e+00
1.663270592689514160e+00
1.218525052070617676e+00
9.925965666770935059e-01
3.072171807289123535e-01
3.593574464321136475e-01
7.637659311294555664e-01
1.383437991142272949e+00
1.164369583129882812e+00
1.167240500450134277e+00
1.451428771018981934e+00
1.136962771415710449e+00
1.161584734916687012e+00
1.356707692146301270e+00
1.245907664299011230e+00
1.125458121299743652e+00
1.369865417480468750e+00
1.367237210273742676e+00
1.276592135429382324e+00
1.674267649650573730e+00
1.271399140357971191e+00
1.233642339706420898e+00
1.104376673698425293e+00
1.329929113388061523e+00
1.363681554794311523e+00
1.897580981254577637e+00
1.250502467155456543e+00
1.364677906036376953e+00
1.494580864906311035e+00
2.388455629348754883e+00
2.324004411697387695e+00
2.249129056930541992e+00
2.105769634246826172e+00
2.273587703704833984e+00
1.139181613922119141e+00
5.963923931121826172e-01
7.952997684478759766e-01
7.383298873901367188e-01
5.795463323593139648e-01
5.829100608825683594e-01
5.749864578247070312e-01
4.500254690647125244e-01
1.263724327087402344e+00
1.093275785446166992e+00
1.034883022308349609e+00
1.225378274917602539e+00
1.339300513267517090e+00
1.106947779655456543e+00
1.298347830772399902e+00
1.828277826309204102e+00
6.379247903823852539e-01
4.903291165828704834e-01
5.688592791557312012e-01
6.041929721832275391e-01
4.905388057231903076e-01
4.608057439327239990e-01
4.182350635528564453e-01
3.870547711849212646e-01
3.715496063232421875e-01
3.984070718288421631e-01
3.563892543315887451e-01
3.752466440200805664e-01
3.823169767856597900e-01
3.152306973934173584e-01
3.707174360752105713e-01
4.109377562999725342e-01
3.399932384490966797e-01
4.028258025646209717e-01
5.476435422897338867e-01
4.195386469364166260e-01
4.155880808830261230e-01
4.615403413772583008e-01
5.140070319175720215e-01
4.147693514823913574e-01
1.025091171264648438e+00
8.980190753936767578e-01
4.569886624813079834e-01
4.311900138854980469e-01
4.414741694927215576e-01
4.005261361598968506e-01
1.259316325187683105e+00
2.228039026260375977e+00
2.141599893569946289e+00
1.864058256149291992e+00
1.521895527839660645e+00
1.901177167892456055e+00
2.771229267120361328e+00
1.258819937705993652e+00
1.576485395431518555e+00
2.130557298660278320e+00
1.576195955276489258e+00
1.452743411064147949e+00
1.603132963180541992e+00
3.328142166137695312e+00
1.859703898429870605e+00
1.275170445442199707e+00
1.382241845130920410e+00
1.599656820297241211e+00
6.938854455947875977e-01
4.339693784713745117e-01
7.175283432006835938e-01
4.771195054054260254e-01
3.139117360115051270e-01
4.644885361194610596e-01
4.822245836257934570e-01
4.045720994472503662e-01
3.941344320774078369e-01
4.609268903732299805e-01
4.252925217151641846e-01
4.060497581958770752e-01
4.277114272117614746e-01
3.429639339447021484e-01
3.507833778858184814e-01
3.742826282978057861e-01
9.721222519874572754e-01
6.354212164878845215e-01
4.327129125595092773e-01
3.867461383342742920e-01
3.306849002838134766e-01
3.895254731178283691e-01
3.509286642074584961e-01
3.008405566215515137e-01
3.591357171535491943e-01
4.565078914165496826e-01
2.784730792045593262e-01
3.525518774986267090e-01
4.282785356044769287e-01
3.860650062561035156e-01
3.669250309467315674e-01
4.792793989181518555e-01
4.087112545967102051e-01
4.063433110713958740e-01
4.718990325927734375e-01
4.247073233127593994e-01
4.320802986621856689e-01
4.373437762260437012e-01
3.772299885749816895e-01
3.466993272304534912e-01
1.191176891326904297e+00
1.395369172096252441e+00
5.759707093238830566e-01
6.075514554977416992e-01
9.318046569824218750e-01
7.242993712425231934e-01
7.533556818962097168e-01
1.326868534088134766e+00
1.481939673423767090e+00
1.427902698516845703e+00
1.877910375595092773e+00
2.114621639251708984e+00
1.408557176589965820e+00
1.537542700767517090e+00
1.331208944320678711e+00
3.950036168098449707e-01
1.340269804000854492e+00
1.784525752067565918e+00
1.695218563079833984e+00
1.660370588302612305e+00
1.512844562530517578e+00
1.585631847381591797e+00
1.723267555236816406e+00
2.714137792587280273e+00
2.459116697311401367e+00
2.620169401168823242e+00
3.362904071807861328e+00
3.139050483703613281e+00
2.076770782470703125e+00
9.732221961021423340e-01
1.146992325782775879e+00
9.878135323524475098e-01
9.083876609802246094e-01
1.313267588615417480e+00
6.867219209671020508e-01
3.170586526393890381e-01
3.693858683109283447e-01
3.822577893733978271e-01
3.650285303592681885e-01
3.505920767784118652e-01
3.291688561439514160e-01
4.545563161373138428e-01
1.311241745948791504e+00
3.837206363677978516e-01
4.115322530269622803e-01
4.841032624244689941e-01
4.130329489707946777e-01
4.384859502315521240e-01
4.514779150485992432e-01
4.883076250553131104e-01
1.402641773223876953e+00
1.572440505027770996e+00
1.501543760299682617e+00
1.176836133003234863e+00
3.086986839771270752e-01
3.595241010189056396e-01
3.855143487453460693e-01
3.194586634635925293e-01
3.615946471691131592e-01
4.251044988632202148e-01
3.543543517589569092e-01
3.502228558063507080e-01
4.157583117485046387e-01
4.118211567401885986e-01
4.498201906681060791e-01
1.199218630790710449e+00
4.384259283542633057e-01
4.577035009860992432e-01
3.723472356796264648e-01
3.642174899578094482e-01
4.548457562923431396e-01
4.063013792037963867e-01
4.455094337463378906e-01
5.022271275520324707e-01
5.591331720352172852e-01
4.718979299068450928e-01
4.565273523330688477e-01
6.222293972969055176e-01
5.959242582321166992e-01
5.095200538635253906e-01
6.877676248550415039e-01
1.849247694015502930e+00
2.318316698074340820e+00
2.497608423233032227e+00
2.307214260101318359e+00
1.954306960105895996e+00
2.029693126678466797e+00
1.989849448204040527e+00
2.234257459640502930e+00
1.893190503120422363e+00
4.354694843292236328e+00
4.342648506164550781e+00
4.669265747070312500e+00
3.260811567306518555e+00
2.448780298233032227e+00
1.686289906501770020e+00
1.859467387199401855e+00
1.983003616333007812e+00
2.837500333786010742e+00
2.407458305358886719e+00
3.678001880645751953e+00
4.748428821563720703e+00
3.270601511001586914e+00
3.095288515090942383e+00
3.055707693099975586e+00
1.423143267631530762e+00
1.542495965957641602e+00
4.848567962646484375e+00
3.941637992858886719e+00
2.685494661331176758e+00
3.032966375350952148e+00
1.736247777938842773e+00
2.838410139083862305e-01
4.529898464679718018e-01
1.171217083930969238e+00
2.483709573745727539e+00
2.803385972976684570e+00
2.754865646362304688e+00
2.356463909149169922e+00
7.988457679748535156e-01
6.739133000373840332e-01
1.455832481384277344e+00
4.725228309631347656e+00
3.005501747131347656e+00
1.523722648620605469e+00
1.957598805427551270e+00
1.126888394355773926e+00
4.121358096599578857e-01
8.414921164512634277e-01
9.642293453216552734e-01
4.460954666137695312e-01
4.875897765159606934e-01
6.618162989616394043e-01
1.619909644126892090e+00
8.700714707374572754e-01
4.790801405906677246e-01
5.087928771972656250e-01
3.929947316646575928e-01
4.967514872550964355e-01
5.429172515869140625e-01
4.526655972003936768e-01
4.056893289089202881e-01
5.183473825454711914e-01
5.675085186958312988e-01
4.568595588207244873e-01
6.835344433784484863e-01
1.098351716995239258e+00
9.094264507293701172e-01
8.540362119674682617e-01
1.031915664672851562e+00
1.392094016075134277e+00
1.207050442695617676e+00
1.738357186317443848e+00
3.104868412017822266e+00
2.496474504470825195e+00
2.669548988342285156e+00
4.825829505920410156e+00
4.214612960815429688e+00
4.059317588806152344e+00
3.207847595214843750e+00
2.793071031570434570e+00
2.059883594512939453e+00
4.722433090209960938e+00
4.488702774047851562e+00
5.140954494476318359e+00
4.483149051666259766e+00
3.728542327880859375e+00
3.327484369277954102e+00
3.745707511901855469e+00
3.146305322647094727e+00
2.128037214279174805e+00
2.207390785217285156e+00
3.305247306823730469e+00
2.269561767578125000e+00
1.228131890296936035e+00
3.110718011856079102e+00
1.821419358253479004e+00
1.583534121513366699e+00
1.738756895065307617e+00
1.369129538536071777e+00
3.627642095088958740e-01
2.908208966255187988e-01
5.080062150955200195e-01
3.046351671218872070e-01
3.435647487640380859e-01
3.793252110481262207e-01
4.233297109603881836e-01
3.387850224971771240e-01
3.477822840213775635e-01
1.228945136070251465e+00
5.842100977897644043e-01
2.921516597270965576e-01
3.809719979763031006e-01
4.334126710891723633e-01
3.411948978900909424e-01
2.935079038143157959e-01
5.870525240898132324e-01
2.730736136436462402e-01
3.228440284729003906e-01
4.384303092956542969e-01
3.906193971633911133e-01
3.310894668102264404e-01
4.433862864971160889e-01
4.639776051044464111e-01
3.792627155780792236e-01
3.536671698093414307e-01
4.939227998256683350e-01
4.077842533588409424e-01
3.797709047794342041e-01
4.790839552879333496e-01
1.265097022056579590e+00
3.656781315803527832e-01
3.636500835418701172e-01
4.834936559200286865e-01
3.146084845066070557e-01
3.519217073917388916e-01
4.915968179702758789e-01
4.397890269756317139e-01
3.764734864234924316e-01
4.229684472084045410e-01
6.543514728546142578e-01
5.169689655303955078e-01
4.785346686840057373e-01
6.916548609733581543e-01
6.579983830451965332e-01
1.836811542510986328e+00
2.625551700592041016e+00
2.875284910202026367e+00
2.676636457443237305e+00
2.653115749359130859e+00
2.387784242630004883e+00
1.906488656997680664e+00
1.858969092369079590e+00
2.535412073135375977e+00
1.450071692466735840e+00
1.497149109840393066e+00
2.233193159103393555e+00
1.555806636810302734e+00
1.779029250144958496e+00
2.178965091705322266e+00
1.366587042808532715e+00
1.442240715026855469e+00
1.441219210624694824e+00
1.505982518196105957e+00
1.356945276260375977e+00
1.411742448806762695e+00
1.495153665542602539e+00
1.401359558105468750e+00
1.457013010978698730e+00
1.362067341804504395e+00
1.515431761741638184e+00
1.454641819000244141e+00
1.452184438705444336e+00
1.490702390670776367e+00
1.454296708106994629e+00
1.393307685852050781e+00
1.432971596717834473e+00
1.516143918037414551e+00
1.851002931594848633e+00
1.651248693466186523e+00
2.309603452682495117e+00
1.446634054183959961e+00
1.536947011947631836e+00
1.681346774101257324e+00
2.420400619506835938e+00
1.200042366981506348e+00
1.540482640266418457e+00
1.461987018585205078e+00
1.318708658218383789e+00
1.414710879325866699e+00
1.484589457511901855e+00
1.319520235061645508e+00
1.396690607070922852e+00
1.921020746231079102e+00
1.515988945960998535e+00
1.419055581092834473e+00
1.527876615524291992e+00
1.541030883789062500e+00
1.733936548233032227e+00
1.584704279899597168e+00
1.560898303985595703e+00
8.712350130081176758e-01
1.147097349166870117e+00
1.206441402435302734e+00
5.778970718383789062e-01
4.854696393013000488e-01
9.631241559982299805e-01
8.994383215904235840e-01
8.468852639198303223e-01
7.004470825195312500e-01
9.013869166374206543e-01
1.085080742835998535e+00
1.001643180847167969e+00
1.099452257156372070e+00
1.149522304534912109e+00
1.061289906501770020e+00
1.425434112548828125e+00
1.593108654022216797e+00
1.435966968536376953e+00
1.724620223045349121e+00
2.495112180709838867e+00
1.636229991912841797e+00
1.806827664375305176e+00
1.985958099365234375e+00
1.599079370498657227e+00
1.237037062644958496e+00
2.563424110412597656e+00
2.470837593078613281e+00
2.750692129135131836e+00
2.550016164779663086e+00
2.599625825881958008e+00
2.562869071960449219e+00
1.346950888633728027e+00
1.465778946876525879e+00
1.903629183769226074e+00
1.887973070144653320e+00
1.719741344451904297e+00
1.785695314407348633e+00
1.779877543449401855e+00
1.523920297622680664e+00
8.130147457122802734e-01
8.259030580520629883e-01
6.852765679359436035e-01
3.915321528911590576e-01
3.388168215751647949e-01
3.653804659843444824e-01
2.935843765735626221e-01
3.428611457347869873e-01
3.373846709728240967e-01
3.143168687820434570e-01
3.083335757255554199e-01
3.582520186901092529e-01
3.612577617168426514e-01
2.797067761421203613e-01
3.148283362388610840e-01
3.595506846904754639e-01
3.225093781948089600e-01
3.094730079174041748e-01
7.508767247200012207e-01
1.046477675437927246e+00
3.817635774612426758e-01
1.147884488105773926e+00
1.611640453338623047e+00
1.396169543266296387e+00
1.238063335418701172e+00
3.259372413158416748e-01
4.741534888744354248e-01
3.922475576400756836e-01
3.655997514724731445e-01
3.860608935356140137e-01
4.041973948478698730e-01
3.331100940704345703e-01
3.149867653846740723e-01
4.389184713363647461e-01
3.670190274715423584e-01
3.223854899406433105e-01
3.988744318485260010e-01
4.867348670959472656e-01
3.471332192420959473e-01
5.830016136169433594e-01
1.198635697364807129e+00
4.783033430576324463e-01
4.017250239849090576e-01
4.274107515811920166e-01
6.100767254829406738e-01
4.046946167945861816e-01
4.544409215450286865e-01
5.850924253463745117e-01
6.832534670829772949e-01
1.549624323844909668e+00
2.048563241958618164e+00
2.207249879837036133e+00
2.693798542022705078e+00
2.479325771331787109e+00
2.776932001113891602e+00
2.287983894348144531e+00
2.111191034317016602e+00
1.950341582298278809e+00
2.057175397872924805e+00
1.549593091011047363e+00
1.418970942497253418e+00
2.723735094070434570e+00
2.034458875656127930e+00
1.368563532829284668e+00
1.449889779090881348e+00
1.543406486511230469e+00
1.450476288795471191e+00
1.440828084945678711e+00
8.195936083793640137e-01
2.416065454483032227e+00
1.079334020614624023e+00
5.720373988151550293e-01
1.650863766670227051e+00
7.002747058868408203e-01
5.652304887771606445e-01
1.374926090240478516e+00
2.536510467529296875e+00
3.049834966659545898e+00
3.120527029037475586e+00
1.960193991661071777e+00
1.867637157440185547e+00
2.071014165878295898e+00
1.951436042785644531e+00
1.888486146926879883e+00
2.188986301422119141e+00
2.116752386093139648e+00
1.715559720993041992e+00
1.920760393142700195e+00
1.959193229675292969e+00
9.373381137847900391e-01
8.458009362220764160e-01
7.618118524551391602e-01
5.786026120185852051e-01
6.235924959182739258e-01
1.404724478721618652e+00
5.330138206481933594e-01
3.442124426364898682e-01
5.209110379219055176e-01
7.277685999870300293e-01
1.410485982894897461e+00
2.085472822189331055e+00
2.252931356430053711e+00
2.193838596343994141e+00
2.069711208343505859e+00
1.564471960067749023e+00
1.565865278244018555e+00
2.798280239105224609e+00
1.511813163757324219e+00
1.418738007545471191e+00
1.458522200584411621e+00
1.512664198875427246e+00
1.440096259117126465e+00
1.411261916160583496e+00
1.571621775627136230e+00
1.542420506477355957e+00
2.062055826187133789e+00
1.437561869621276855e+00
1.362207412719726562e+00
1.333149194717407227e+00
1.123654603958129883e+00
2.428216934204101562e+00
3.421166896820068359e+00
3.025918722152709961e+00
2.008458375930786133e+00
2.129730463027954102e+00
1.985843300819396973e+00
1.610198140144348145e+00
1.606534242630004883e+00
3.197365760803222656e+00
1.306502819061279297e+00
1.042004942893981934e+00
1.240754365921020508e+00
1.098551511764526367e+00
8.595464229583740234e-01
1.245245814323425293e+00
1.761453866958618164e+00
2.626897096633911133e+00
5.673700571060180664e-01
5.126647949218750000e-01
5.091440081596374512e-01
4.934113323688507080e-01
3.675422966480255127e-01
5.793385505676269531e-01
1.636917471885681152e+00
1.177571296691894531e+00
1.732212185859680176e+00
7.958882451057434082e-01
7.454498410224914551e-01
7.329559326171875000e-01
4.903825521469116211e-01
4.520839452743530273e-01
4.532938301563262939e-01
3.958292007446289062e-01
3.949896395206451416e-01
3.843938112258911133e-01
5.354163050651550293e-01
1.296833753585815430e+00
5.419143438339233398e-01
4.944068491458892822e-01
4.378368854522705078e-01
4.479609727859497070e-01
3.840564191341400146e-01
3.679512441158294678e-01
4.538981914520263672e-01
3.660385906696319580e-01
3.245985507965087891e-01
3.508683741092681885e-01
4.500229954719543457e-01
4.574787616729736328e-01
4.352822899818420410e-01
5.562019944190979004e-01
4.685989022254943848e-01
4.241322576999664307e-01
4.978640675544738770e-01
4.474881589412689209e-01
4.411523640155792236e-01
4.890704452991485596e-01
5.160312652587890625e-01
4.829495847225189209e-01
1.202809095382690430e+00
6.690055727958679199e-01
4.315235912799835205e-01
4.351496398448944092e-01
4.997769892215728760e-01
4.282259345054626465e-01
4.608553647994995117e-01
4.326605498790740967e-01
4.178219735622406006e-01
3.887144327163696289e-01
4.223295152187347412e-01
5.011970996856689453e-01
4.043059349060058594e-01
4.983459115028381348e-01
4.279208481311798096e-01
3.856390416622161865e-01
4.228489398956298828e-01
1.506070733070373535e+00
1.372469663619995117e+00
1.299589514732360840e+00
5.809135437011718750e-01
1.036508440971374512e+00
6.133363246917724609e-01
5.945241451263427734e-01
7.915520071983337402e-01
1.278175592422485352e+00
5.417855381965637207e-01
5.427116751670837402e-01
5.861499309539794922e-01
5.301908850669860840e-01
1.452360153198242188e+00
2.672765016555786133e+00
2.426844835281372070e+00
1.502938628196716309e+00
1.836104393005371094e+00
1.849519252777099609e+00
1.646885275840759277e+00
1.717842936515808105e+00
2.151629447937011719e+00
1.761904716491699219e+00
1.820415854454040527e+00
2.168299198150634766e+00
2.047395229339599609e+00
1.905128240585327148e+00
2.160256862640380859e+00
2.271955013275146484e+00
2.319940090179443359e+00
1.969429731369018555e+00
2.115122318267822266e+00
1.513908028602600098e+00
9.558632969856262207e-01
9.876701831817626953e-01
2.505622863769531250e+00
1.424845933914184570e+00
8.949034214019775391e-01
7.329339981079101562e-01
7.511522173881530762e-01
8.470620512962341309e-01
1.295413613319396973e+00
1.542183756828308105e+00
2.444180011749267578e+00
1.245593905448913574e+00
9.008310437202453613e-01
1.127571940422058105e+00
1.318183779716491699e+00
2.269320249557495117e+00
1.535005688667297363e+00
1.864155530929565430e+00
2.104412555694580078e+00
1.886196851730346680e+00
1.864802479743957520e+00
1.075529575347900391e+00
1.001962184906005859e+00
8.731926679611206055e-01
1.504835963249206543e+00
1.066878437995910645e+00
1.139716386795043945e+00
1.120545983314514160e+00
1.207663416862487793e+00
1.195015072822570801e+00
1.668171405792236328e+00
1.562723755836486816e+00
1.666518330574035645e+00
1.600450873374938965e+00
1.620370388031005859e+00
1.824145793914794922e+00
2.584387063980102539e+00
2.237616300582885742e+00
2.047617197036743164e+00
1.332164645195007324e+00
1.017718434333801270e+00
2.263418436050415039e+00
2.607583522796630859e+00
2.444545507431030273e+00
2.492330074310302734e+00
2.512195587158203125e+00
2.392824172973632812e+00
1.791308879852294922e+00
1.640364527702331543e+00
1.498798727989196777e+00
1.483040213584899902e+00
2.061639308929443359e+00
2.091789007186889648e+00
1.622133374214172363e+00
1.817917943000793457e+00
1.711763739585876465e+00
1.270421981811523438e+00
1.312716841697692871e+00
1.705587983131408691e+00
1.465493798255920410e+00
9.663716554641723633e-01
7.400408387184143066e-01
7.051574587821960449e-01
6.467104554176330566e-01
3.597864210605621338e-01
3.774320185184478760e-01
3.550316393375396729e-01
3.385536968708038330e-01
3.328384757041931152e-01
4.121846258640289307e-01
3.459050059318542480e-01
3.201636373996734619e-01
3.668833673000335693e-01
3.974099159240722656e-01
3.167215287685394287e-01
3.230120539665222168e-01
3.432440459728240967e-01
3.452436029911041260e-01
4.352971017360687256e-01
1.044959664344787598e+00
3.795979321002960205e-01
3.506419658660888672e-01
3.230682611465454102e-01
4.052247107028961182e-01
4.569842815399169922e-01
4.230898618698120117e-01
4.347184896469116211e-01
4.139155447483062744e-01
1.588517785072326660e+00
1.240441083908081055e+00
1.266174197196960449e+00
7.373319268226623535e-01
4.169232249259948730e-01
3.905180096626281738e-01
4.009830653667449951e-01
4.665502905845642090e-01
3.880694806575775146e-01
3.531746268272399902e-01
4.286866784095764160e-01
4.555107355117797852e-01
4.008709490299224854e-01
4.117677211761474609e-01
5.119009017944335938e-01
5.211505889892578125e-01
4.341579377651214600e-01
4.585205912590026855e-01
5.977132916450500488e-01
1.473566293716430664e+00
2.086714506149291992e+00
2.497073650360107422e+00
2.649573087692260742e+00
2.375958681106567383e+00
2.520087003707885742e+00
2.442428350448608398e+00
2.183506727218627930e+00
2.331734657287597656e+00
1.880977511405944824e+00
1.723130822181701660e+00
1.846437931060791016e+00
1.655598878860473633e+00
1.646008729934692383e+00
1.782785773277282715e+00
2.009856700897216797e+00
1.256319642066955566e+00
1.391732454299926758e+00
1.508120775222778320e+00
1.358997821807861328e+00
1.252915620803833008e+00
1.422165274620056152e+00
1.448441624641418457e+00
1.361059784889221191e+00
1.258067250251770020e+00
1.311633944511413574e+00
1.335833430290222168e+00
1.314554214477539062e+00
1.251496791839599609e+00
1.274825096130371094e+00
1.375557422637939453e+00
1.290530085563659668e+00
1.272892594337463379e+00
1.322768926620483398e+00
1.501117229461669922e+00
1.728206276893615723e+00
1.525785207748413086e+00
1.398225307464599609e+00
1.527292013168334961e+00
1.570858478546142578e+00
1.501657485961914062e+00
1.487250328063964844e+00
2.048619985580444336e+00
3.274242162704467773e+00
1.560648322105407715e+00
1.472774982452392578e+00
1.605772018432617188e+00
1.527598381042480469e+00
1.485782623291015625e+00
7.425622344017028809e-01
8.151474595069885254e-01
1.526511311531066895e+00
1.112940669059753418e+00
5.209357142448425293e-01
4.995653927326202393e-01
4.609274566173553467e-01
4.982680678367614746e-01
6.158237457275390625e-01
4.845365881919860840e-01
3.935676217079162598e-01
5.140202045440673828e-01
5.467219948768615723e-01
4.241550266742706299e-01
5.662484765052795410e-01
6.155809164047241211e-01
6.203159093856811523e-01
8.119109272956848145e-01
1.259276032447814941e+00
1.153397202491760254e+00
1.167578220367431641e+00
1.313976049423217773e+00
1.841627240180969238e+00
2.013451337814331055e+00
2.149227619171142578e+00
2.385531187057495117e+00
2.395769357681274414e+00
1.937808990478515625e+00
1.294357776641845703e+00
1.892464160919189453e+00
2.611311197280883789e+00
3.288773775100708008e+00
2.472477436065673828e+00
2.635520935058593750e+00
2.482451438903808594e+00
2.679224491119384766e+00
2.457641363143920898e+00
2.742023944854736328e+00
2.632882118225097656e+00
2.614761590957641602e+00
2.879938125610351562e+00
2.468177795410156250e+00
2.254784822463989258e+00
2.436145067214965820e+00
2.513379812240600586e+00
2.491101503372192383e+00
1.905786991119384766e+00
8.959712982177734375e-01
9.356727004051208496e-01
7.852011919021606445e-01
4.285008311271667480e-01
3.519389927387237549e-01
3.359059095382690430e-01
3.936786055564880371e-01
1.225271105766296387e+00
3.443996608257293701e-01
3.081080019474029541e-01
4.108289182186126709e-01
4.311085939407348633e-01
3.369206190109252930e-01
2.786383628845214844e-01
4.492645859718322754e-01
3.433109223842620850e-01
3.357858359813690186e-01
3.205786347389221191e-01
4.161283373832702637e-01
2.757277190685272217e-01
2.645538151264190674e-01
3.103673756122589111e-01
2.708221673965454102e-01
2.540649175643920898e-01
2.842949032783508301e-01
3.768254220485687256e-01
2.404989898204803467e-01
2.937301695346832275e-01
2.916519641876220703e-01
3.168640434741973877e-01
2.410532236099243164e-01
2.629580199718475342e-01
3.532050549983978271e-01
2.926984727382659912e-01
2.789782285690307617e-01
3.305089175701141357e-01
4.485952258110046387e-01
2.758834064006805420e-01
3.080038428306579590e-01
4.559355676174163818e-01
4.566446542739868164e-01
4.134778082370758057e-01
4.966059625148773193e-01
6.199793219566345215e-01
5.294168591499328613e-01
1.471965312957763672e+00
1.572215795516967773e+00
1.593868494033813477e+00
1.638152480125427246e+00
2.517006635665893555e+00
2.213046073913574219e+00
2.021926164627075195e+00
2.023735761642456055e+00
2.487437725067138672e+00
2.123492240905761719e+00
1.793555855751037598e+00
1.941794872283935547e+00
2.125527858734130859e+00
1.661238193511962891e+00
1.682440757751464844e+00
1.858619570732116699e+00
2.579813957214355469e+00
1.426021575927734375e+00
1.694727659225463867e+00
2.428213834762573242e+00
1.716884732246398926e+00
1.926140308380126953e+00
1.880097389221191406e+00
9.433910250663757324e-01
9.669122099876403809e-01
1.209777712821960449e+00
1.828859210014343262e+00
9.354578256607055664e-01
1.245875120162963867e+00
1.008430361747741699e+00
9.117965698242187500e-01
2.178304672241210938e+00
1.460409641265869141e+00
2.029617071151733398e+00
1.513133764266967773e+00
2.205548048019409180e+00
2.813120603561401367e+00
1.427858829498291016e+00
5.510804653167724609e-01
4.568135142326354980e-01
5.683315992355346680e-01
5.569979548454284668e-01
6.423671245574951172e-01
1.661605954170227051e+00
1.307789683341979980e+00
3.317023515701293945e-01
4.313550293445587158e-01
4.949555993080139160e-01
5.165660381317138672e-01
6.942403912544250488e-01
1.007030606269836426e+00
5.046457648277282715e-01
4.227910935878753662e-01
5.057284832000732422e-01
4.998537302017211914e-01
4.983867704868316650e-01
5.144631266593933105e-01
5.622693896293640137e-01
6.033048629760742188e-01
5.437445044517517090e-01
5.492201447486877441e-01
5.653074979782104492e-01
1.483186841011047363e+00
5.337906479835510254e-01
7.339257001876831055e-01
8.277502059936523438e-01
7.790216207504272461e-01
2.396518707275390625e+00
2.484527587890625000e+00
2.732061386108398438e+00
3.001809597015380859e+00
2.815460443496704102e+00
2.632139921188354492e+00
2.833406209945678711e+00
2.801554679870605469e+00
2.899267911911010742e+00
2.860254049301147461e+00
2.393222332000732422e+00
2.889703035354614258e+00
2.100284337997436523e+00
2.177528619766235352e+00
2.442156076431274414e+00
2.393502950668334961e+00
2.667918205261230469e+00
2.501279830932617188e+00
2.667916297912597656e+00
3.723528146743774414e+00
3.872700452804565430e+00
4.184688568115234375e+00
3.704081058502197266e+00
2.956486940383911133e+00
2.326672554016113281e+00
2.381048679351806641e+00
2.580693006515502930e+00
2.450522184371948242e+00
2.417740821838378906e+00
2.500318050384521484e+00
2.190730571746826172e+00
2.127102613449096680e+00
2.291684389114379883e+00
2.186801433563232422e+00
2.168945789337158203e+00
2.055881261825561523e+00
1.737949132919311523e+00
5.600532889366149902e-01
6.762179136276245117e-01
7.911422848701477051e-01
8.243113756179809570e-01
6.503450274467468262e-01
1.104191184043884277e+00
1.036551475524902344e+00
7.714985013008117676e-01
6.480387449264526367e-01
5.548254251480102539e-01
5.200736522674560547e-01
4.255921244621276855e-01
3.182487785816192627e-01
3.161497414112091064e-01
4.262282848358154297e-01
3.504402339458465576e-01
3.002131581306457520e-01
3.454023003578186035e-01
4.504303336143493652e-01
2.805140018463134766e-01
2.710513174533843994e-01
2.952599227428436279e-01
3.800351321697235107e-01
2.556289136409759521e-01
2.854844927787780762e-01
3.744539320468902588e-01
3.634464442729949951e-01
2.317914515733718872e-01
2.873881161212921143e-01
3.348117172718048096e-01
3.898574113845825195e-01
3.283465504646301270e-01
3.516533672809600830e-01
4.222563505172729492e-01
3.850670158863067627e-01
3.124291300773620605e-01
3.560509979724884033e-01
4.719716608524322510e-01
4.905245304107666016e-01
4.290166795253753662e-01
4.975285530090332031e-01
6.016010642051696777e-01
5.204420685768127441e-01
5.405405759811401367e-01
1.832946181297302246e+00
2.447469472885131836e+00
2.838503837585449219e+00
2.396371603012084961e+00
2.442070007324218750e+00
2.713290929794311523e+00
2.757800102233886719e+00
3.008476495742797852e+00
2.078114986419677734e+00
2.436998367309570312e+00
1.579294323921203613e+00
3.143349409103393555e+00
1.973461151123046875e+00
1.777292013168334961e+00
1.402202963829040527e+00
1.500656008720397949e+00
1.403180718421936035e+00
1.435296773910522461e+00
1.804821610450744629e+00
4.453923702239990234e+00
3.956204891204833984e+00
3.057249307632446289e+00
2.648937702178955078e+00
1.902740359306335449e+00
1.629503607749938965e+00
1.877025604248046875e+00
3.102671623229980469e+00
4.829957962036132812e+00
3.630733966827392578e+00
2.763699769973754883e+00
2.691628217697143555e+00
1.565302491188049316e+00
1.511794805526733398e+00
1.735415577888488770e+00
2.154193401336669922e+00
1.493122100830078125e+00
1.559561491012573242e+00
1.554601192474365234e+00
1.615544319152832031e+00
1.577682375907897949e+00
1.609604716300964355e+00
2.919667482376098633e+00
2.806712150573730469e+00
2.967477321624755859e+00
2.481975793838500977e+00
2.096562623977661133e+00
1.413735985755920410e+00
1.430533528327941895e+00
1.514419198036193848e+00
2.188622236251831055e+00
1.705256938934326172e+00
1.509797930717468262e+00
1.669654369354248047e+00
1.486562967300415039e+00
1.614410161972045898e+00
1.629116892814636230e+00
1.582475781440734863e+00
1.627632379531860352e+00
1.582952260971069336e+00
1.559687376022338867e+00
1.695973515510559082e+00
1.683517098426818848e+00
1.594770789146423340e+00
9.482239484786987305e-01
7.643924951553344727e-01
1.646537184715270996e+00
1.624485492706298828e+00
1.592182993888854980e+00
2.091960906982421875e+00
2.045095205307006836e+00
2.046588182449340820e+00
1.510645151138305664e+00
1.682030916213989258e+00
1.793521642684936523e+00
1.549016475677490234e+00
1.216935038566589355e+00
1.246097087860107422e+00
1.263393759727478027e+00
5.045106410980224609e-01
4.044021368026733398e-01
5.214384198188781738e-01
6.476273536682128906e-01
4.420064687728881836e-01
4.725533127784729004e-01
4.273466169834136963e-01
5.976773500442504883e-01
4.435101747512817383e-01
4.044981002807617188e-01
3.673572838306427002e-01
3.992562294006347656e-01
5.739078521728515625e-01
1.076002120971679688e+00
3.492150008678436279e-01
3.582054078578948975e-01
5.388619899749755859e-01
3.967139720916748047e-01
3.972095549106597900e-01
3.778664469718933105e-01
1.386123895645141602e+00
1.471733450889587402e+00
1.329141974449157715e+00
1.171242356300354004e+00
1.370214700698852539e+00
3.288547396659851074e-01
8.413972854614257812e-01
7.436336874961853027e-01
5.016998052597045898e-01
9.618386626243591309e-01
7.095298767089843750e-01
4.508433938026428223e-01
4.630878865718841553e-01
5.507515072822570801e-01
4.450253844261169434e-01
3.733918070793151855e-01
3.695558011531829834e-01
4.270451068878173828e-01
4.008040726184844971e-01
3.958152234554290771e-01
4.265988767147064209e-01
4.708319604396820068e-01
3.809273242950439453e-01
4.055670797824859619e-01
4.490908086299896240e-01
4.773434400558471680e-01
4.174522161483764648e-01
5.567175149917602539e-01
4.005782008171081543e-01
5.026561021804809570e-01
3.770984411239624023e-01
3.802798986434936523e-01
4.164854884147644043e-01
4.965524971485137939e-01
4.169298112392425537e-01
4.728871583938598633e-01
4.267458021640777588e-01
5.380862951278686523e-01
4.297266006469726562e-01
4.116199612617492676e-01
3.702734112739562988e-01
4.287656247615814209e-01
1.219824552536010742e+00
1.416723012924194336e+00
1.333911180496215820e+00
1.228284001350402832e+00
1.253864526748657227e+00
2.704200744628906250e-01
4.766088724136352539e-01
1.218873977661132812e+00
4.350882470607757568e-01
4.167042076587677002e-01
1.465761065483093262e+00
7.773386836051940918e-01
8.742808103561401367e-01
8.294973373413085938e-01
8.160610198974609375e-01
8.795295357704162598e-01
1.037667512893676758e+00
1.167275071144104004e+00
1.158221602439880371e+00
1.434959053993225098e+00
9.823000431060791016e-01
1.106316208839416504e+00
1.146895289421081543e+00
1.181913256645202637e+00
1.143858909606933594e+00
1.152435064315795898e+00
1.581612944602966309e+00
1.845238924026489258e+00
1.810083508491516113e+00
1.762955904006958008e+00
2.088434934616088867e+00
2.812773704528808594e+00
1.748318195343017578e+00
1.944916009902954102e+00
2.992700576782226562e+00
2.605270624160766602e+00
2.891563653945922852e+00
2.371672630310058594e+00
1.967262744903564453e+00
1.759061217308044434e+00
5.983722209930419922e-01
1.055837273597717285e+00
8.203207850456237793e-01
6.383932232856750488e-01
5.325536131858825684e-01
1.871508479118347168e+00
1.525814533233642578e+00
2.804528713226318359e+00
2.341192245483398438e+00
1.602210044860839844e+00
1.593284606933593750e+00
9.387469887733459473e-01
1.111556172370910645e+00
1.921553015708923340e+00
3.226230144500732422e+00
2.569088935852050781e+00
2.969633817672729492e+00
3.746044158935546875e+00
1.422199845314025879e+00
1.744381308555603027e+00
1.930743336677551270e+00
1.929601907730102539e+00
2.379396438598632812e+00
2.839310407638549805e+00
3.983458280563354492e+00
3.283488512039184570e+00
2.515204668045043945e+00
2.472912073135375977e+00
2.337322235107421875e+00
2.274816036224365234e+00
2.325902938842773438e+00
2.673545122146606445e+00
1.980795741081237793e+00
1.239782214164733887e+00
1.241297125816345215e+00
1.713492751121520996e+00
1.527241230010986328e+00
1.848250269889831543e+00
2.112554311752319336e+00
1.814178228378295898e+00
6.348060965538024902e-01
6.189761161804199219e-01
1.695794224739074707e+00
2.931571006774902344e+00
2.138205528259277344e+00
2.193513870239257812e+00
2.239286184310913086e+00
1.499106526374816895e+00
1.355126738548278809e+00
1.246782064437866211e+00
1.495480656623840332e+00
9.497380256652832031e-01
7.816187143325805664e-01
6.923156976699829102e-01
5.413088798522949219e-01
6.530226469039916992e-01
5.982282757759094238e-01
5.583618283271789551e-01
5.108590722084045410e-01
5.982348918914794922e-01
5.306848287582397461e-01
4.198305606842041016e-01
3.103048801422119141e-01
3.631616532802581787e-01
3.681850433349609375e-01
2.747173905372619629e-01
2.479566484689712524e-01
3.467212617397308350e-01
3.159129321575164795e-01
1.035008788108825684e+00
1.326136946678161621e+00
1.303346276283264160e+00
5.977349281311035156e-01
3.056630492210388184e-01
3.105630874633789062e-01
3.282500803470611572e-01
4.011974036693572998e-01
2.707857191562652588e-01
2.755588591098785400e-01
3.276607692241668701e-01
4.032561480998992920e-01
4.351005852222442627e-01
3.426895439624786377e-01
3.642742037773132324e-01
4.400579035282135010e-01
4.506950974464416504e-01
3.588048517704010010e-01
3.838390409946441650e-01
4.272197186946868896e-01
4.286718666553497314e-01
4.247078597545623779e-01
4.131847918033599854e-01
4.074457287788391113e-01
4.644090533256530762e-01
3.382439613342285156e-01
3.335760831832885742e-01
4.270494878292083740e-01
5.168878436088562012e-01
4.307358264923095703e-01
3.387384414672851562e-01
4.633175730705261230e-01
4.656825065612792969e-01
4.091604948043823242e-01
3.431240022182464600e-01
4.584153294563293457e-01
4.618056714534759521e-01
4.820061326026916504e-01
4.637545049190521240e-01
1.767925500869750977e+00
1.911349773406982422e+00
2.344032764434814453e+00
2.535951137542724609e+00
2.202944278717041016e+00
2.454786777496337891e+00
2.446218729019165039e+00
2.406918048858642578e+00
2.092181205749511719e+00
2.267824411392211914e+00
1.986904263496398926e+00
1.861026167869567871e+00
2.562733650207519531e+00
2.864102363586425781e+00
1.310039997100830078e+00
1.659437060356140137e+00
1.727364778518676758e+00
1.471968054771423340e+00
1.411791443824768066e+00
1.668173074722290039e+00
2.769930124282836914e+00
2.053339958190917969e+00
1.118298411369323730e+00
1.315934538841247559e+00
1.539125561714172363e+00
1.388859391212463379e+00
1.290946125984191895e+00
1.599589467048645020e+00
1.451895833015441895e+00
1.345839738845825195e+00
1.313286423683166504e+00
1.338422298431396484e+00
1.419556975364685059e+00
1.429057240486145020e+00
1.738903760910034180e+00
1.800325512886047363e+00
9.763216972351074219e-01
7.579399347305297852e-01
1.080784797668457031e+00
6.573852300643920898e-01
8.368000984191894531e-01
9.031329154968261719e-01
1.141756534576416016e+00
1.260597109794616699e+00
1.276935338973999023e+00
9.180781245231628418e-01
1.056348681449890137e+00
1.513367295265197754e+00
1.588396668434143066e+00
1.585894107818603516e+00
1.817511558532714844e+00
2.335611343383789062e+00
1.697523832321166992e+00
1.670822501182556152e+00
1.950159549713134766e+00
7.229223251342773438e-01
1.074986815452575684e+00
1.269758343696594238e+00
1.165918231010437012e+00
1.547386407852172852e+00
1.826402664184570312e+00
2.778566360473632812e+00
2.613357067108154297e+00
2.911879062652587891e+00
2.898261308670043945e+00
1.958870887756347656e+00
1.686485886573791504e+00
1.945498824119567871e+00
2.430596113204956055e+00
2.572106122970581055e+00
2.409417152404785156e+00
2.508590459823608398e+00
2.418092012405395508e+00
3.006983518600463867e+00
2.570871829986572266e+00
2.845545053482055664e+00
2.502188205718994141e+00
2.642327070236206055e+00
1.811071872711181641e+00
2.323139429092407227e+00
3.460541963577270508e+00
1.580233454704284668e+00
1.849474668502807617e+00
9.713479280471801758e-01
1.004644513130187988e+00
9.152727127075195312e-01
1.028101325035095215e+00
2.072907686233520508e+00
2.212129116058349609e+00
6.825424432754516602e-01
6.389768123626708984e-01
3.511038124561309814e-01
3.629462122917175293e-01
4.273726642131805420e-01
4.550409317016601562e-01
3.483691215515136719e-01
2.547224760055541992e-01
3.871397376060485840e-01
3.123469054698944092e-01
6.941321492195129395e-01
8.935627937316894531e-01
7.357415556907653809e-01
6.752487421035766602e-01
6.695401072502136230e-01
7.124221324920654297e-01
6.792675256729125977e-01
8.194691538810729980e-01
7.959535121917724609e-01
7.877689599990844727e-01
9.692957401275634766e-01
1.502636909484863281e+00
1.431549310684204102e+00
7.540984749794006348e-01
2.976961135864257812e-01
3.229586184024810791e-01
3.861307799816131592e-01
3.174295127391815186e-01
2.528196871280670166e-01
3.210711777210235596e-01
4.040573239326477051e-01
3.490034043788909912e-01
2.935849130153656006e-01
3.385621905326843262e-01
3.630552887916564941e-01
3.765579164028167725e-01
3.196782171726226807e-01
3.418442308902740479e-01
4.089560210704803467e-01
3.921053111553192139e-01
4.542666077613830566e-01
4.200528562068939209e-01
4.472554326057434082e-01
4.624221026897430420e-01
5.718266367912292480e-01
4.973402619361877441e-01
5.622688531875610352e-01
5.370205640792846680e-01
6.572440266609191895e-01
5.261136889457702637e-01
4.844450354576110840e-01
4.338092803955078125e-01
4.250644743442535400e-01
4.377261400222778320e-01
5.052614212036132812e-01
1.464955806732177734e+00
1.943373203277587891e+00
2.242329597473144531e+00
2.090399742126464844e+00
2.367737293243408203e+00
1.702752232551574707e+00
2.156751871109008789e+00
1.812696933746337891e+00
1.623527169227600098e+00
1.607260584831237793e+00
1.668978691101074219e+00
1.677859663963317871e+00
1.671562552452087402e+00
8.187502026557922363e-01
7.866519689559936523e-01
1.121565699577331543e+00
1.034137725830078125e+00
1.026805639266967773e+00
7.346249222755432129e-01
4.636752903461456299e-01
4.149667024612426758e-01
4.297000169754028320e-01
4.031711816787719727e-01
5.357739925384521484e-01
5.839360356330871582e-01
7.872511744499206543e-01
5.739539265632629395e-01
1.493559002876281738e+00
1.572445511817932129e+00
1.630655169486999512e+00
8.633991479873657227e-01
8.581351041793823242e-01
1.204194903373718262e+00
1.716101288795471191e+00
9.292752742767333984e-01
5.909668803215026855e-01
1.439621210098266602e+00
1.821300387382507324e+00
1.863973021507263184e+00
1.804535150527954102e+00
2.249804973602294922e+00
2.228431463241577148e+00
2.208348035812377930e+00
2.361004829406738281e+00
1.893381595611572266e+00
1.627514004707336426e+00
1.435226917266845703e+00
2.417584419250488281e+00
2.282774925231933594e+00
2.491473913192749023e+00
3.049811363220214844e+00
2.914375782012939453e+00
1.083958268165588379e+00
1.106009721755981445e+00
1.507151007652282715e+00
2.397436857223510742e+00
2.211374521255493164e+00
2.960410594940185547e+00
3.662374734878540039e+00
3.997288465499877930e+00
2.705928564071655273e+00
2.888531923294067383e+00
3.633152961730957031e+00
3.241719961166381836e+00
2.588608980178833008e+00
2.065222263336181641e+00
2.223186492919921875e+00
1.489715576171875000e+00
1.835555076599121094e+00
1.881317973136901855e+00
1.830603837966918945e+00
1.902029871940612793e+00
1.806646823883056641e+00
2.498221874237060547e+00
2.429122686386108398e+00
2.858110904693603516e+00
2.325587749481201172e+00
1.859207510948181152e+00
1.954088211059570312e+00
1.948945522308349609e+00
1.822851181030273438e+00
1.854661703109741211e+00
1.854472756385803223e+00
1.825153589248657227e+00
1.699698686599731445e+00
1.847305655479431152e+00
1.924988627433776855e+00
1.664223313331604004e+00
1.764139175415039062e+00
1.848904490470886230e+00
1.673421502113342285e+00
1.577654719352722168e+00
1.784370899200439453e+00
1.737055540084838867e+00
1.564912438392639160e+00
1.653062939643859863e+00
1.826084733009338379e+00
1.619600534439086914e+00
1.635399699211120605e+00
1.845479607582092285e+00
1.807019829750061035e+00
1.767250776290893555e+00
1.880477547645568848e+00
1.951477646827697754e+00
1.758674740791320801e+00
2.662844181060791016e+00
1.767093062400817871e+00
1.676627397537231445e+00
1.621982097625732422e+00
1.739605784416198730e+00
1.747352004051208496e+00
1.587545037269592285e+00
1.662964940071105957e+00
1.653289794921875000e+00
1.558153510093688965e+00
1.583658337593078613e+00
1.658141136169433594e+00
1.658283114433288574e+00
7.719715833663940430e-01
5.408291816711425781e-01
6.680443286895751953e-01
5.177564620971679688e-01
5.141772627830505371e-01
1.281002402305603027e+00
1.337534546852111816e+00
3.404123485088348389e-01
3.603458404541015625e-01
4.224898815155029297e-01
3.126612901687622070e-01
3.298996090888977051e-01
6.072412133216857910e-01
4.182125627994537354e-01
3.425333201885223389e-01
4.669378697872161865e-01
4.982332587242126465e-01
4.271958470344543457e-01
3.959311544895172119e-01
4.418088495731353760e-01
4.058159589767456055e-01
3.654763996601104736e-01
3.836891055107116699e-01
3.542000353336334229e-01
3.708446323871612549e-01
3.120265007019042969e-01
3.571761846542358398e-01
3.392172753810882568e-01
3.644737601280212402e-01
3.299283683300018311e-01
2.907937765121459961e-01
3.482074141502380371e-01
3.867565393447875977e-01
3.772357702255249023e-01
3.132283985614776611e-01
3.530043959617614746e-01
4.219342768192291260e-01
1.464836001396179199e+00
9.945697784423828125e-01
4.548657834529876709e-01
5.682417154312133789e-01
1.397208333015441895e+00
1.152573227882385254e+00
1.469056844711303711e+00
1.660795807838439941e+00
1.730029821395874023e+00
1.478885173797607422e+00
1.383376002311706543e+00
1.479233860969543457e+00
1.120207548141479492e+00
4.545834362506866455e-01
5.846168994903564453e-01
5.850620269775390625e-01
5.904206037521362305e-01
5.966358184814453125e-01
6.579123139381408691e-01
2.248720645904541016e+00
1.891984462738037109e+00
1.723452925682067871e+00
1.797817349433898926e+00
1.570543289184570312e+00
1.389695644378662109e+00
6.684195995330810547e-01
1.089265346527099609e+00
1.004265189170837402e+00
1.039369940757751465e+00
1.157261133193969727e+00
1.950669407844543457e+00
1.692988872528076172e+00
1.697616457939147949e+00
1.971797347068786621e+00
1.775661706924438477e+00
1.797254085540771484e+00
1.406576275825500488e+00
8.481612205505371094e-01
2.075080156326293945e+00
3.811165809631347656e+00
3.766522407531738281e+00
3.073473930358886719e+00
3.378366231918334961e+00
3.670477151870727539e+00
3.603789806365966797e+00
3.784570455551147461e+00
2.308194398880004883e+00
2.207653760910034180e+00
2.388865947723388672e+00
2.481396436691284180e+00
2.319759130477905273e+00
2.441105365753173828e+00
2.325502157211303711e+00
2.139283180236816406e+00
2.295665502548217773e+00
2.638092041015625000e+00
2.741412639617919922e+00
2.656859397888183594e+00
2.523262023925781250e+00
2.569698095321655273e+00
2.466722965240478516e+00
1.914092898368835449e+00
2.032316923141479492e+00
1.937443852424621582e+00
2.100702524185180664e+00
1.299842476844787598e+00
1.090265274047851562e+00
1.148347258567810059e+00
1.996567368507385254e+00
1.900780797004699707e+00
2.809777975082397461e+00
3.174401283264160156e+00
2.060048580169677734e+00
2.884072065353393555e+00
2.831216573715209961e+00
2.914839982986450195e+00
2.470749139785766602e+00
1.790040850639343262e+00
3.254171371459960938e+00
2.831242322921752930e+00
1.330775022506713867e+00
1.431082010269165039e+00
1.217255949974060059e+00
9.131649136543273926e-01
7.949541211128234863e-01
9.778015613555908203e-01
6.674868464469909668e-01
4.426089227199554443e-01
4.745481908321380615e-01
4.390029013156890869e-01
3.780418932437896729e-01
3.231694102287292480e-01
3.124398291110992432e-01
3.025256991386413574e-01
3.481361567974090576e-01
2.253375500440597534e-01
2.161632180213928223e-01
2.938836812973022461e-01
2.890296876430511475e-01
2.240158468484878540e-01
2.618139386177062988e-01
3.163807988166809082e-01
3.392967581748962402e-01
3.923094868659973145e-01
4.125752151012420654e-01
4.453619718551635742e-01
3.702034950256347656e-01
3.784354925155639648e-01
4.280548691749572754e-01
3.728392422199249268e-01
2.440578788518905640e-01
2.980806529521942139e-01
4.116986393928527832e-01
4.463333785533905029e-01
3.218485116958618164e-01
1.418396949768066406e+00
1.315806269645690918e+00
1.308514952659606934e+00
3.139103651046752930e-01
3.426251411437988281e-01
3.791895210742950439e-01
3.803840577602386475e-01
3.780958652496337891e-01
3.307029902935028076e-01
4.965398907661437988e-01
4.121163487434387207e-01
4.801737666130065918e-01
5.261013507843017578e-01
5.500843524932861328e-01
5.416994690895080566e-01
5.682348608970642090e-01
6.071087718009948730e-01
6.398440599441528320e-01
2.136283159255981445e+00
2.064855337142944336e+00
2.031477212905883789e+00
1.883942723274230957e+00
2.240612506866455078e+00
2.325172185897827148e+00
3.881786823272705078e+00
2.773002624511718750e+00
1.464599967002868652e+00
2.276404142379760742e+00
1.646505355834960938e+00
1.323559403419494629e+00
1.637005448341369629e+00
2.062283754348754883e+00
1.295320391654968262e+00
1.394891738891601562e+00
1.533629059791564941e+00
1.360495209693908691e+00
1.375279188156127930e+00
1.453673124313354492e+00
1.224811792373657227e+00
1.354590058326721191e+00
1.377339601516723633e+00
1.287592291831970215e+00
1.252637624740600586e+00
1.207201242446899414e+00
1.427384138107299805e+00
1.306259989738464355e+00
1.143868207931518555e+00
1.180862665176391602e+00
1.445201039314270020e+00
2.561614990234375000e+00
4.109794616699218750e+00
3.452994108200073242e+00
3.030481338500976562e+00
2.300776958465576172e+00
1.880285143852233887e+00
1.595687627792358398e+00
2.998514413833618164e+00
3.397823572158813477e+00
2.907053947448730469e+00
2.833802938461303711e+00
2.482668876647949219e+00
7.201738953590393066e-01
6.228305101394653320e-01
6.419872045516967773e-01
5.336672663688659668e-01
5.141835808753967285e-01
6.129621863365173340e-01
5.788065195083618164e-01
4.739396870136260986e-01
3.776277303695678711e-01
3.825255632400512695e-01
4.181637763977050781e-01
4.272509515285491943e-01
4.990284144878387451e-01
3.919550776481628418e-01
5.709703564643859863e-01
5.258532762527465820e-01
6.730452775955200195e-01
7.104456424713134766e-01
6.651334166526794434e-01
1.245070099830627441e+00
8.427888751029968262e-01
9.077752828598022461e-01
9.275068044662475586e-01
1.039440393447875977e+00
1.139806032180786133e+00
1.184875965118408203e+00
1.225414991378784180e+00
1.200216174125671387e+00
1.686206221580505371e+00
1.763945341110229492e+00
1.610463142395019531e+00
1.567231893539428711e+00
1.588309168815612793e+00
1.574479818344116211e+00
2.387007236480712891e+00
1.057575583457946777e+00
2.405715703964233398e+00
2.473167896270751953e+00
2.938076972961425781e+00
2.431185483932495117e+00
3.656631708145141602e+00
3.111752986907958984e+00
1.521526098251342773e+00
1.410889983177185059e+00
1.394567966461181641e+00
1.255460858345031738e+00
1.430214166641235352e+00
1.836874008178710938e+00
2.395425081253051758e+00
1.565766572952270508e+00
8.331148624420166016e-01
1.145979881286621094e+00
1.082045912742614746e+00
6.375147700309753418e-01
6.108337640762329102e-01
9.751093983650207520e-01
6.479606032371520996e-01
3.410156369209289551e-01
3.465455770492553711e-01
2.985052466392517090e-01
4.744977653026580811e-01
4.242397248744964600e-01
2.938132286071777344e-01
2.815780639648437500e-01
3.087699413299560547e-01
3.510426878929138184e-01
2.932247519493103027e-01
2.626847624778747559e-01
2.913959622383117676e-01
3.612772226333618164e-01
2.772245407104492188e-01
2.714720666408538818e-01
3.273041546344757080e-01
4.381227791309356689e-01
9.602384567260742188e-01
1.529882431030273438e+00
1.266467213630676270e+00
1.193179488182067871e+00
5.434530973434448242e-01
2.550749778747558594e-01
3.518438637256622314e-01
3.044778406620025635e-01
2.885848283767700195e-01
3.136360049247741699e-01
3.100337982177734375e-01
2.891955077648162842e-01
3.334423005580902100e-01
3.967855274677276611e-01
4.237485229969024658e-01
3.073991835117340088e-01
3.590534627437591553e-01
4.102450907230377197e-01
4.505681991577148438e-01
4.388359785079956055e-01
4.028778970241546631e-01
4.966862499713897705e-01
5.386819243431091309e-01
5.631237626075744629e-01
4.453943073749542236e-01
5.047869682312011719e-01
1.857362031936645508e+00
2.065374374389648438e+00
2.775040864944458008e+00
2.470129966735839844e+00
2.567333698272705078e+00
2.612692594528198242e+00
2.157370567321777344e+00
2.201080560684204102e+00
1.954930543899536133e+00
2.431808710098266602e+00
1.696600079536437988e+00
1.464993357658386230e+00
1.487523913383483887e+00
1.437610983848571777e+00
1.549241423606872559e+00
1.533416152000427246e+00
1.492919802665710449e+00
1.444238424301147461e+00
1.772840142250061035e+00
1.796635389328002930e+00
1.387183547019958496e+00
1.286839246749877930e+00
1.544726252555847168e+00
1.575015187263488770e+00
1.633614540100097656e+00
1.380504369735717773e+00
1.458082556724548340e+00
1.375158548355102539e+00
1.468192577362060547e+00
9.701890349388122559e-01
3.534928560256958008e-01
5.154553651809692383e-01
3.719505965709686279e-01
3.813543617725372314e-01
3.514105379581451416e-01
3.751775622367858887e-01
3.543280363082885742e-01
4.637311995029449463e-01
4.553383290767669678e-01
4.384393692016601562e-01
4.010455608367919922e-01
4.385643601417541504e-01
4.640354514122009277e-01
3.517871499061584473e-01
3.145868480205535889e-01
3.324380218982696533e-01
3.963513374328613281e-01
3.284838795661926270e-01
2.775707542896270752e-01
3.182792067527770996e-01
3.616963326930999756e-01
3.601273894309997559e-01
2.492419034242630005e-01
3.460765779018402100e-01
3.268875479698181152e-01
3.546797037124633789e-01
2.699384689331054688e-01
3.071527481079101562e-01
3.376573920249938965e-01
3.699496984481811523e-01
3.847803175449371338e-01
1.518452048301696777e+00
7.427203655242919922e-01
1.065042018890380859e+00
1.275369644165039062e+00
1.238822579383850098e+00
1.038323760032653809e+00
2.213683843612670898e+00
2.263169527053833008e+00
2.261307239532470703e+00
2.470503091812133789e+00
1.878174066543579102e+00
1.949486970901489258e+00
2.427994012832641602e+00
1.986936330795288086e+00
1.906218886375427246e+00
2.036707639694213867e+00
2.018615722656250000e+00
1.995155692100524902e+00
2.658528804779052734e+00
2.147444486618041992e+00
1.708298802375793457e+00
1.739708781242370605e+00
1.842388033866882324e+00
2.680970907211303711e+00
2.599574804306030273e+00
2.819827795028686523e+00
2.504979133605957031e+00
2.403449058532714844e+00
2.464857339859008789e+00
2.510004043579101562e+00
2.255130290985107422e+00
1.494709372520446777e+00
9.398055672645568848e-01
9.136635065078735352e-01
7.508772611618041992e-01
6.240159869194030762e-01
6.740204691886901855e-01
5.332936644554138184e-01
8.592706918716430664e-01
6.125559210777282715e-01
3.772911131381988525e-01
3.551352322101593018e-01
5.206404924392700195e-01
4.555008709430694580e-01
3.787830471992492676e-01
3.459112942218780518e-01
3.865638673305511475e-01
4.410282075405120850e-01
3.894465565681457520e-01
3.097443580627441406e-01
3.178431391716003418e-01
3.696928620338439941e-01
3.315411806106567383e-01
2.516972720623016357e-01
3.060788512229919434e-01
3.550955057144165039e-01
3.754363059997558594e-01
2.302386909723281860e-01
3.002405464649200439e-01
3.446477055549621582e-01
3.999058604240417480e-01
2.680425345897674561e-01
3.030023574829101562e-01
3.326635956764221191e-01
4.110915064811706543e-01
3.641009926795959473e-01
3.401270210742950439e-01
4.104430079460144043e-01
4.495480060577392578e-01
5.201035141944885254e-01
4.510410130023956299e-01
4.266144931316375732e-01
1.335489511489868164e+00
1.625608682632446289e+00
1.379122257232666016e+00
1.211802840232849121e+00
3.735836744308471680e-01
4.822618663311004639e-01
5.351106524467468262e-01
4.685268104076385498e-01
4.926855266094207764e-01
5.237260460853576660e-01
5.941697359085083008e-01
6.958397626876831055e-01
2.046179056167602539e+00
2.489845275878906250e+00
2.459125041961669922e+00
2.277174711227416992e+00
2.319249153137207031e+00
2.763829708099365234e+00
2.828099489212036133e+00
2.238544464111328125e+00
1.584188342094421387e+00
1.529222965240478516e+00
1.494361519813537598e+00
1.405523180961608887e+00
1.544191241264343262e+00
1.534622192382812500e+00
1.331696510314941406e+00
1.309030294418334961e+00
1.403387427330017090e+00
1.290960311889648438e+00
1.327037096023559570e+00
1.300988554954528809e+00
1.400255799293518066e+00
1.378161072731018066e+00
1.671222686767578125e+00
1.401465177536010742e+00
1.372956752777099609e+00
1.412714123725891113e+00
1.415206432342529297e+00
1.320852875709533691e+00
1.351823568344116211e+00
1.440032601356506348e+00
1.406324028968811035e+00
1.380489468574523926e+00
1.418613791465759277e+00
1.501733660697937012e+00
1.403603315353393555e+00
1.384016036987304688e+00
1.778236269950866699e+00
1.352176785469055176e+00
1.352503061294555664e+00
8.941049575805664062e-01
3.307013213634490967e-01
3.818839192390441895e-01
3.445654809474945068e-01
2.764074802398681641e-01
2.803248763084411621e-01
3.584863543510437012e-01
3.208310604095458984e-01
2.584869563579559326e-01
2.830814719200134277e-01
3.771019876003265381e-01
3.245996534824371338e-01
2.482666522264480591e-01
3.034178912639617920e-01
4.210667610168457031e-01
1.233847379684448242e+00
8.842889666557312012e-01
8.492819666862487793e-01
8.840707540512084961e-01
1.035666942596435547e+00
8.625891804695129395e-01
8.405908942222595215e-01
8.689054846763610840e-01
8.901058435440063477e-01
1.212967991828918457e+00
1.191707611083984375e+00
1.165922045707702637e+00
1.247118115425109863e+00
1.270208358764648438e+00
1.523259997367858887e+00
1.671439290046691895e+00
1.941983699798583984e+00
1.884967327117919922e+00
1.856304883956909180e+00
1.789681553840637207e+00
1.267347693443298340e+00
1.295363426208496094e+00
2.699636936187744141e+00
2.375568389892578125e+00
2.922142028808593750e+00
3.873221874237060547e+00
2.958963871002197266e+00
2.389795541763305664e+00
2.457618474960327148e+00
1.683543443679809570e+00
1.070034384727478027e+00
1.345273375511169434e+00
2.072077274322509766e+00
2.486781358718872070e+00
1.331547141075134277e+00
1.410765767097473145e+00
1.490177750587463379e+00
1.129068493843078613e+00
1.293544292449951172e+00
1.257148146629333496e+00
1.081600308418273926e+00
7.379338145256042480e-01
9.294616580009460449e-01
8.156345486640930176e-01
6.901275515556335449e-01
6.538658142089843750e-01
6.217678189277648926e-01
5.758594274520874023e-01
5.643566250801086426e-01
4.036535918712615967e-01
4.425464272499084473e-01
5.086138844490051270e-01
5.372492074966430664e-01
3.832053244113922119e-01
4.884710013866424561e-01
4.040279984474182129e-01
4.678371846675872803e-01
4.255216717720031738e-01
4.046154022216796875e-01
3.363770842552185059e-01
4.186004102230072021e-01
4.314723312854766846e-01
3.779703378677368164e-01
3.436143696308135986e-01
3.977607488632202148e-01
4.590781033039093018e-01
5.010712742805480957e-01
1.470642209053039551e+00
1.214996576309204102e+00
1.384897828102111816e+00
1.258334755897521973e+00
3.770214021205902100e-01
4.185102581977844238e-01
5.875053405761718750e-01
5.633482336997985840e-01
5.341417193412780762e-01
5.517566204071044922e-01
5.733084082603454590e-01
6.083320975303649902e-01
5.080602169036865234e-01
4.833686649799346924e-01
4.656296074390411377e-01
4.964741170406341553e-01
5.399706959724426270e-01
5.046630501747131348e-01
5.003492832183837891e-01
4.612761139869689941e-01
6.242484450340270996e-01
5.978196263313293457e-01
5.830199718475341797e-01
1.981817603111267090e+00
2.598442792892456055e+00
2.660467147827148438e+00
2.395616054534912109e+00
2.443239450454711914e+00
2.568672657012939453e+00
2.599023818969726562e+00
2.086873054504394531e+00
1.918986082077026367e+00
1.376710534095764160e+00
1.520028114318847656e+00
1.544474124908447266e+00
1.360411047935485840e+00
1.364944577217102051e+00
1.309985756874084473e+00
1.413451671600341797e+00
1.261504173278808594e+00
1.351860761642456055e+00
1.274156808853149414e+00
1.387562870979309082e+00
1.330665946006774902e+00
1.266549229621887207e+00
1.185527205467224121e+00
1.271708250045776367e+00
1.345643401145935059e+00
1.244760632514953613e+00
1.208533883094787598e+00
1.227612257003784180e+00
1.363072514533996582e+00
1.330950975418090820e+00
1.272857308387756348e+00
1.317556023597717285e+00
1.366233110427856445e+00
1.360407710075378418e+00
1.349757671356201172e+00
1.295958518981933594e+00
2.388445377349853516e+00
1.353086352348327637e+00
1.209935665130615234e+00
8.506954908370971680e-01
8.371542692184448242e-01
1.377316832542419434e+00
4.550960063934326172e-01
4.007391035556793213e-01
3.288887143135070801e-01
9.723418354988098145e-01
3.841202855110168457e-01
3.287135660648345947e-01
3.363655805587768555e-01
3.534654378890991211e-01
2.853403091430664062e-01
2.870970070362091064e-01
3.638027608394622803e-01
3.151150345802307129e-01
3.585036396980285645e-01
3.692093491554260254e-01
4.671124517917633057e-01
3.590033054351806641e-01
4.679336547851562500e-01
6.122514009475708008e-01
6.384595632553100586e-01
5.984944701194763184e-01
6.417682170867919922e-01
6.940866708755493164e-01
6.384811997413635254e-01
6.383606195449829102e-01
6.452070474624633789e-01
6.990244984626770020e-01
9.519908428192138672e-01
2.921795606613159180e+00
3.667470693588256836e+00
2.872935056686401367e+00
2.849321365356445312e+00
3.222467184066772461e+00
2.288132190704345703e+00
2.303745269775390625e+00
2.893907785415649414e+00
2.862902879714965820e+00
2.463676452636718750e+00
3.420326948165893555e+00
2.786503076553344727e+00
1.434797406196594238e+00
1.714238762855529785e+00
1.941591501235961914e+00
1.815246582031250000e+00
2.698632717132568359e+00
1.318829774856567383e+00
2.642207622528076172e+00
2.510041713714599609e+00
1.011767745018005371e+00
1.317893505096435547e+00
1.576572299003601074e+00
8.707718253135681152e-01
7.247774004936218262e-01
1.291032671928405762e+00
8.616528511047363281e-01
6.951348185539245605e-01
9.396923780441284180e-01
6.267904043197631836e-01
3.253268301486968994e-01
3.459430932998657227e-01
4.677456319332122803e-01
4.040126502513885498e-01
3.085668385028839111e-01
3.849480450153350830e-01
3.850817978382110596e-01
3.447167873382568359e-01
3.225197792053222656e-01
3.125428855419158936e-01
2.972685098648071289e-01
2.759234011173248291e-01
3.083360493183135986e-01
2.795834541320800781e-01
2.502012550830841064e-01
2.491725534200668335e-01
2.996964752674102783e-01
2.242115437984466553e-01
1.265274882316589355e+00
1.197226047515869141e+00
1.099307537078857422e+00
5.410289764404296875e-01
1.955820173025131226e-01
2.948090434074401855e-01
2.607331871986389160e-01
2.521807849407196045e-01
3.605209887027740479e-01
3.227760791778564453e-01
3.090270459651947021e-01
3.713067471981048584e-01
4.921875000000000000e-01
3.485166132450103760e-01
3.667811155319213867e-01
3.943150639533996582e-01
4.066357612609863281e-01
3.472431302070617676e-01
4.125713706016540527e-01
5.318943858146667480e-01
4.019591212272644043e-01
4.562647640705108643e-01
5.299178957939147949e-01
4.837225377559661865e-01
4.351584017276763916e-01
4.620531797409057617e-01
1.753680706024169922e+00
1.875396847724914551e+00
2.135049343109130859e+00
2.471450567245483398e+00
2.617841720581054688e+00
1.875973343849182129e+00
1.744979977607727051e+00
2.084305047988891602e+00
1.946670889854431152e+00
1.602997303009033203e+00
1.595053076744079590e+00
1.587207913398742676e+00
1.451193094253540039e+00
1.355766177177429199e+00
1.493998408317565918e+00
1.332895994186401367e+00
1.420400619506835938e+00
1.369165182113647461e+00
1.390532493591308594e+00
1.308064103126525879e+00
1.409133315086364746e+00
1.370825409889221191e+00
1.313018918037414551e+00
1.315513730049133301e+00
1.349254965782165527e+00
1.336478114128112793e+00
1.273395657539367676e+00
1.410177111625671387e+00
1.383443474769592285e+00
1.243294954299926758e+00
1.404158473014831543e+00
1.414648652076721191e+00
1.371757268905639648e+00
1.370371460914611816e+00
1.367859125137329102e+00
1.480370521545410156e+00
1.323204636573791504e+00
1.332175135612487793e+00
2.218184947967529297e+00
1.504469513893127441e+00
1.432460427284240723e+00
1.467802286148071289e+00
1.551879405975341797e+00
1.302391648292541504e+00
1.327069759368896484e+00
2.153425693511962891e+00
1.752494931221008301e+00
1.246238231658935547e+00
1.283738970756530762e+00
1.465389370918273926e+00
1.265091300010681152e+00
1.762279391288757324e+00
1.641855597496032715e+00
1.635874748229980469e+00
1.710877537727355957e+00
1.700166344642639160e+00
1.804711699485778809e+00
1.803292155265808105e+00
1.577705144882202148e+00
1.670122981071472168e+00
1.050876855850219727e+00
1.545065879821777344e+00
1.030547857284545898e+00
1.432076692581176758e+00
9.523099064826965332e-01
6.038886904716491699e-01
6.836602091789245605e-01
7.010961771011352539e-01
6.504428386688232422e-01
9.743260145187377930e-01
1.224688649177551270e+00
1.222857952117919922e+00
1.215101242065429688e+00
1.309102654457092285e+00
1.305470228195190430e+00
1.184650421142578125e+00
9.438496232032775879e-01
1.491771101951599121e+00
1.704985260963439941e+00
1.464211344718933105e+00
1.608517289161682129e+00
1.777192831039428711e+00
2.820907354354858398e+00
1.638727545738220215e+00
1.255281329154968262e+00
1.081668257713317871e+00
1.623347640037536621e+00
1.046379446983337402e+00
2.220799207687377930e+00
2.022466659545898438e+00
1.861205458641052246e+00
1.894232392311096191e+00
1.807290077209472656e+00
9.004168510437011719e-01
4.447219669818878174e-01
4.323678016662597656e-01
3.747960031032562256e-01
4.182262718677520752e-01
4.352496862411499023e-01
3.188764750957489014e-01
3.182167112827301025e-01
4.046258032321929932e-01
3.407368659973144531e-01
3.383058905601501465e-01
3.952933251857757568e-01
3.960314691066741943e-01
3.312012851238250732e-01
3.470452427864074707e-01
3.511303961277008057e-01
3.008049130439758301e-01
3.292820453643798828e-01
3.488573133945465088e-01
2.935503721237182617e-01
2.547915577888488770e-01
3.263744115829467773e-01
3.395881354808807373e-01
2.589504420757293701e-01
2.854724228382110596e-01
3.652006685733795166e-01
2.769263386726379395e-01
7.969588637351989746e-01
3.238020241260528564e-01
3.857158124446868896e-01
3.158731758594512939e-01
3.373394310474395752e-01
4.780733585357666016e-01
3.957869708538055420e-01
3.184039294719696045e-01
4.324336051940917969e-01
4.839355051517486572e-01
3.606977760791778564e-01
3.568557500839233398e-01
4.057477116584777832e-01
3.909590244293212891e-01
3.743643164634704590e-01
4.133059382438659668e-01
4.894056618213653564e-01
1.396694183349609375e+00
1.470212221145629883e+00
1.385799050331115723e+00
1.295030951499938965e+00
5.797354578971862793e-01
3.757071197032928467e-01
5.004181265830993652e-01
4.586469531059265137e-01
1.502016544342041016e+00
1.975050926208496094e+00
2.449312686920166016e+00
2.799504518508911133e+00
2.135635375976562500e+00
2.360621690750122070e+00
2.323220252990722656e+00
2.513754129409790039e+00
2.332638263702392578e+00
2.324050426483154297e+00
2.115626335144042969e+00
1.335150480270385742e+00
1.599625349044799805e+00
1.462891817092895508e+00
2.634719371795654297e+00
1.508651971817016602e+00
1.351312637329101562e+00
1.529124259948730469e+00
1.485105276107788086e+00
1.596156597137451172e+00
7.117679119110107422e-01
2.329318046569824219e+00
1.782524585723876953e+00
5.297980904579162598e-01
7.938566207885742188e-01
1.840761303901672363e+00
1.865120649337768555e+00
2.552465915679931641e+00
3.105466365814208984e+00
3.035899877548217773e+00
2.590816259384155273e+00
1.531945347785949707e+00
2.576690912246704102e+00
1.761903285980224609e+00
6.398020982742309570e-01
1.186915040016174316e+00
6.690283417701721191e-01
5.870283842086791992e-01
1.960908293724060059e+00
5.423534512519836426e-01
8.029613494873046875e-01
1.784742593765258789e+00
1.529721260070800781e+00
1.408054113388061523e+00
8.234197497367858887e-01
1.280437469482421875e+00
2.309441566467285156e+00
4.297134578227996826e-01
5.474703311920166016e-01
5.337722301483154297e-01
4.494583606719970703e-01
1.629818797111511230e+00
1.537383675575256348e+00
1.561683058738708496e+00
1.388577103614807129e+00
1.481246829032897949e+00
1.543504595756530762e+00
1.651907086372375488e+00
1.581577897071838379e+00
1.404555320739746094e+00
1.567032337188720703e+00
1.495648503303527832e+00
1.415372252464294434e+00
1.725782155990600586e+00
2.083684206008911133e+00
2.103771686553955078e+00
1.988305807113647461e+00
2.188882350921630859e+00
2.946786403656005859e+00
4.758057117462158203e+00
5.073369503021240234e+00
5.130639553070068359e+00
5.078697204589843750e+00
4.292601585388183594e+00
3.863405227661132812e+00
3.465120792388916016e+00
3.032052040100097656e+00
2.532340288162231445e+00
3.089162826538085938e+00
3.038178205490112305e+00
2.275713443756103516e+00
2.707071065902709961e+00
2.122699975967407227e+00
1.498728275299072266e+00
1.603258728981018066e+00
1.688171863555908203e+00
1.627439618110656738e+00
1.603951692581176758e+00
2.408068656921386719e+00
1.534695029258728027e+00
1.743688225746154785e+00
1.874733328819274902e+00
1.825270652770996094e+00
1.393569469451904297e+00
1.647207617759704590e+00
1.152365803718566895e+00
7.898918390274047852e-01
8.275948166847229004e-01
7.981978058815002441e-01
7.884429097175598145e-01
8.068017363548278809e-01
8.214487433433532715e-01
7.192907929420471191e-01
6.065619587898254395e-01
6.518067717552185059e-01
7.263545393943786621e-01
5.463366508483886719e-01
5.245343446731567383e-01
5.132880806922912598e-01
3.241594433784484863e-01
3.306955695152282715e-01
3.927061259746551514e-01
3.275716900825500488e-01
2.504133880138397217e-01
3.179714083671569824e-01
9.683421850204467773e-01
1.357470273971557617e+00
1.195342898368835449e+00
1.136700749397277832e+00
1.974757611751556396e-01
2.322064340114593506e-01
3.082721829414367676e-01
3.044194579124450684e-01
2.546896040439605713e-01
3.049909472465515137e-01
3.940086364746093750e-01
3.430042266845703125e-01
3.200413882732391357e-01
4.322713315486907959e-01
4.066790938377380371e-01
4.003208279609680176e-01
4.854942858219146729e-01
4.323680996894836426e-01
4.233395755290985107e-01
3.859295845031738281e-01
3.996273577213287354e-01
3.399864137172698975e-01
3.906580507755279541e-01
4.262568056583404541e-01
3.849650323390960693e-01
3.912928700447082520e-01
4.067618548870086670e-01
4.115418493747711182e-01
3.142886161804199219e-01
4.159751236438751221e-01
1.530524373054504395e+00
1.784100651741027832e+00
1.453591465950012207e+00
2.101976156234741211e+00
2.571689128875732422e+00
2.271529436111450195e+00
1.546985030174255371e+00
1.606144785881042480e+00
1.512219548225402832e+00
1.444354653358459473e+00
1.554651856422424316e+00
1.520206212997436523e+00
1.345193624496459961e+00
1.461386442184448242e+00
1.437141656875610352e+00
1.302849888801574707e+00
1.331439971923828125e+00
1.483157038688659668e+00
4.107908308506011963e-01
3.411559760570526123e-01
4.030160307884216309e-01
3.855762779712677002e-01
2.828199863433837891e-01
3.322880864143371582e-01
4.687564969062805176e-01
3.250434100627899170e-01
2.509051263332366943e-01
3.605719804763793945e-01
4.586050212383270264e-01
2.911473512649536133e-01
3.101598918437957764e-01
4.414108395576477051e-01
4.106208980083465576e-01
3.627546131610870361e-01
4.001643359661102295e-01
4.276075661182403564e-01
3.386487960815429688e-01
3.749026358127593994e-01
3.880782425403594971e-01
3.230358958244323730e-01
2.769787013530731201e-01
3.476476967334747314e-01
3.397084772586822510e-01
3.136266767978668213e-01
2.841883003711700439e-01
3.432402014732360840e-01
2.851161062717437744e-01
2.757756710052490234e-01
3.085347712039947510e-01
2.968211770057678223e-01
2.837360203266143799e-01
3.084221184253692627e-01
3.294174671173095703e-01
2.994856834411621094e-01
3.962326645851135254e-01
4.071546494960784912e-01
4.168223440647125244e-01
3.950762450695037842e-01
4.829024374485015869e-01
4.821993708610534668e-01
3.681740760803222656e-01
4.133744835853576660e-01
4.441077113151550293e-01
3.978005051612854004e-01
1.613689303398132324e+00
1.356378793716430664e+00
1.281060457229614258e+00
8.504403233528137207e-01
3.058573603630065918e-01
5.229448676109313965e-01
4.113162755966186523e-01
4.004321098327636719e-01
4.349180161952972412e-01
5.380166769027709961e-01
3.803179860115051270e-01
4.180631935596466064e-01
4.538877904415130615e-01
4.279622435569763184e-01
4.014388918876647949e-01
5.050752758979797363e-01
4.952749311923980713e-01
4.053530097007751465e-01
4.054810106754302979e-01
1.478271722793579102e+00
1.848222255706787109e+00
1.399287939071655273e+00
1.308956503868103027e+00
1.468595027923583984e+00
6.961113810539245605e-01
1.062490701675415039e+00
1.407459139823913574e+00
1.929428696632385254e+00
1.813442230224609375e+00
1.743052005767822266e+00
1.346453905105590820e+00
9.884291887283325195e-01
4.706003665924072266e-01
3.699858784675598145e-01
3.510794043540954590e-01
4.247333705425262451e-01
3.524296283721923828e-01
2.753845453262329102e-01
3.815273046493530273e-01
4.797796308994293213e-01
3.414561152458190918e-01
3.277320265769958496e-01
4.297101497650146484e-01
4.465523958206176758e-01
3.098693490028381348e-01
3.539815545082092285e-01
4.094356894493103027e-01
3.009806275367736816e-01
3.191036880016326904e-01
3.912150263786315918e-01
3.171652853488922119e-01
3.228528201580047607e-01
3.476630747318267822e-01
3.486330807209014893e-01
3.062731921672821045e-01
3.631161451339721680e-01
3.679287731647491455e-01
2.620910704135894775e-01
3.449771702289581299e-01
3.947155177593231201e-01
3.098441362380981445e-01
2.832651138305664062e-01
4.461108148097991943e-01
4.799043536186218262e-01
3.398142755031585693e-01
3.810292780399322510e-01
4.836600422859191895e-01
4.345244169235229492e-01
3.325720429420471191e-01
3.386235833168029785e-01
4.055369198322296143e-01
3.176301419734954834e-01
3.262949287891387939e-01
4.234511256217956543e-01
3.529739677906036377e-01
3.687754571437835693e-01
4.187377393245697021e-01
8.392867445945739746e-01
1.241499662399291992e+00
2.052278041839599609e+00
2.752100467681884766e+00
1.904338598251342773e+00
2.036684751510620117e+00
2.154622077941894531e+00
1.968417763710021973e+00
2.004957199096679688e+00
2.192707061767578125e+00
2.102154254913330078e+00
1.665575146675109863e+00
2.334413051605224609e+00
2.689390659332275391e+00
2.554916143417358398e+00
2.498628616333007812e+00
1.296578049659729004e+00
1.685397386550903320e+00
1.520181059837341309e+00
1.476397156715393066e+00
1.608344316482543945e+00
1.522119998931884766e+00
2.622410535812377930e+00
2.481915235519409180e+00
3.150586128234863281e+00
2.933044433593750000e+00
2.644739866256713867e+00
1.625846028327941895e+00
2.527832508087158203e+00
2.850085735321044922e+00
2.399658918380737305e+00
3.026884078979492188e+00
1.862514257431030273e+00
2.093268632888793945e+00
1.961419224739074707e+00
2.010768890380859375e+00
1.947780966758728027e+00
1.690866708755493164e+00
2.075852632522583008e+00
1.807600140571594238e+00
1.850460767745971680e+00
1.884215474128723145e+00
1.737672805786132812e+00
1.626172542572021484e+00
2.499948501586914062e+00
2.489311218261718750e+00
1.331165075302124023e+00
1.552607417106628418e+00
1.483914613723754883e+00
1.610292434692382812e+00
1.856265425682067871e+00
1.810334205627441406e+00
2.780174732208251953e+00
2.580634117126464844e+00
4.185850620269775391e-01
5.870083570480346680e-01
7.554478645324707031e-01
7.785356640815734863e-01
8.650935888290405273e-01
1.063985586166381836e+00
7.961373925209045410e-01
8.159667849540710449e-01
7.782486677169799805e-01
7.247225642204284668e-01
7.119334340095520020e-01
7.601870298385620117e-01
6.368747353553771973e-01
7.419643998146057129e-01
7.587754130363464355e-01
9.990411400794982910e-01
1.085275888442993164e+00
3.411198854446411133e+00
3.645299434661865234e+00
4.546119213104248047e+00
3.215746402740478516e+00
3.179780244827270508e+00
3.180640459060668945e+00
1.840740799903869629e+00
1.520452737808227539e+00
1.877466320991516113e+00
3.545878171920776367e+00
3.014525175094604492e+00
1.420174241065979004e+00
1.544828534126281738e+00
1.780310988426208496e+00
1.757172107696533203e+00
1.738995075225830078e+00
2.070224761962890625e+00
2.093243122100830078e+00
2.044528961181640625e+00
2.614880800247192383e+00
2.603849887847900391e+00
2.655233144760131836e+00
1.986985206604003906e+00
1.714334487915039062e+00
1.912905216217041016e+00
1.343450665473937988e+00
3.613202571868896484e-01
4.700458645820617676e-01
3.278641402721405029e-01
3.084141612052917480e-01
3.131683766841888428e-01
3.509714305400848389e-01
3.418198525905609131e-01
3.434822559356689453e-01
4.302575290203094482e-01
4.682220220565795898e-01
3.568379282951354980e-01
3.746353983879089355e-01
3.718368411064147949e-01
4.113337993621826172e-01
3.465603590011596680e-01
3.435680270195007324e-01
3.273307383060455322e-01
2.931924164295196533e-01
3.192317187786102295e-01
3.110910058021545410e-01
2.507911026477813721e-01
2.576421797275543213e-01
3.244507908821105957e-01
2.630531489849090576e-01
2.087313234806060791e-01
2.948531508445739746e-01
3.651820421218872070e-01
2.271290421485900879e-01
2.747445106506347656e-01
3.701253831386566162e-01
2.828994691371917725e-01
2.393047511577606201e-01
3.756029605865478516e-01
4.655331075191497803e-01
3.060026466846466064e-01
3.367068171501159668e-01
4.568773806095123291e-01
4.338062703609466553e-01
3.690890073776245117e-01
4.334189891815185547e-01
4.154014289379119873e-01
4.351126253604888916e-01
4.501776099205017090e-01
4.728921055793762207e-01
4.948339164257049561e-01
4.845234453678131104e-01
4.505975246429443359e-01
5.204551815986633301e-01
5.417745709419250488e-01
1.754249453544616699e+00
1.861909627914428711e+00
2.556323289871215820e+00
2.082449674606323242e+00
2.222848176956176758e+00
2.160054206848144531e+00
2.513496398925781250e+00
2.471455335617065430e+00
1.635188698768615723e+00
2.254079818725585938e+00
2.006248235702514648e+00
1.436090230941772461e+00
1.378610253334045410e+00
1.375123262405395508e+00
1.429025411605834961e+00
1.254449367523193359e+00
1.253717899322509766e+00
1.379540801048278809e+00
1.397978305816650391e+00
1.955557107925415039e+00
1.510657548904418945e+00
1.560321331024169922e+00
1.577621340751647949e+00
1.579624176025390625e+00
1.601238608360290527e+00
1.573777556419372559e+00
1.398762226104736328e+00
1.408599853515625000e+00
1.897166609764099121e+00
2.361253976821899414e+00
1.731568694114685059e+00
1.466764807701110840e+00
1.502793908119201660e+00
1.841212749481201172e+00
1.017999172210693359e+00
5.956942439079284668e-01
5.370817184448242188e-01
5.469763875007629395e-01
4.180667698383331299e-01
2.151989936828613281e+00
7.594335079193115234e-01
4.523492753505706787e-01
5.246431231498718262e-01
6.597029566764831543e-01
1.578947663307189941e+00
1.489245772361755371e+00
1.748776793479919434e+00
2.649751186370849609e+00
3.541062772274017334e-01
3.956452608108520508e-01
3.928195834159851074e-01
3.744635283946990967e-01
4.657227993011474609e-01
7.483207583427429199e-01
6.915904283523559570e-01
4.018533229827880859e-01
7.403294444084167480e-01
6.810031533241271973e-01
5.493443012237548828e-01
5.824043750762939453e-01
6.469667553901672363e-01
1.282264113426208496e+00
1.114706635475158691e+00
1.334476947784423828e+00
7.838425040245056152e-01
7.055488824844360352e-01
7.812709212303161621e-01
1.344326972961425781e+00
1.402342796325683594e+00
1.825616598129272461e+00
1.843649744987487793e+00
1.964190602302551270e+00
1.949531912803649902e+00
3.077403068542480469e+00
2.813708782196044922e+00
2.442478895187377930e+00
2.581378459930419922e+00
2.172701120376586914e+00
1.494152426719665527e+00
1.548001408576965332e+00
2.921255588531494141e+00
2.539364576339721680e+00
2.901527166366577148e+00
2.538080453872680664e+00
2.674504756927490234e+00
2.440749406814575195e+00
2.045535326004028320e+00
1.200446963310241699e+00
1.352344870567321777e+00
1.153001070022583008e+00
1.050687789916992188e+00
1.223947286605834961e+00
8.845597505569458008e-01
7.010005116462707520e-01
7.740659713745117188e-01
8.114891052246093750e-01
6.216664314270019531e-01
6.571168899536132812e-01
6.938728690147399902e-01
6.278550028800964355e-01
5.496625304222106934e-01
7.168924212455749512e-01
5.425814986228942871e-01
3.023163080215454102e-01
4.567159414291381836e-01
4.523720145225524902e-01
3.824639022350311279e-01
3.314841687679290771e-01
3.254805803298950195e-01
3.931350708007812500e-01
2.521530985832214355e-01
2.491010129451751709e-01
3.302797675132751465e-01
3.126703500747680664e-01
2.110504657030105591e-01
2.546043395996093750e-01
3.189989924430847168e-01
2.439701706171035767e-01
1.936394870281219482e-01
2.736771702766418457e-01
1.296146512031555176e+00
1.298838257789611816e+00
1.167066454887390137e+00
1.054767489433288574e+00
2.697696387767791748e-01
2.093121409416198730e-01
3.143552243709564209e-01
4.014120101928710938e-01
2.832442820072174072e-01
3.813477754592895508e-01
4.310666620731353760e-01
3.709257543087005615e-01
3.435899615287780762e-01
3.788416981697082520e-01
3.953232169151306152e-01
3.273181319236755371e-01
3.714591562747955322e-01
4.604949057102203369e-01
3.944277167320251465e-01
4.084289371967315674e-01
4.210155010223388672e-01
5.324404239654541016e-01
4.347212314605712891e-01
4.872603118419647217e-01
1.958977341651916504e+00
1.704405307769775391e+00
1.893061637878417969e+00
1.829925417900085449e+00
2.823622941970825195e+00
1.923181414604187012e+00
3.933978557586669922e+00
3.080913543701171875e+00
1.533663630485534668e+00
1.857390522956848145e+00
1.817063927650451660e+00
1.635257482528686523e+00
1.338894367218017578e+00
2.011801242828369141e+00
1.460179924964904785e+00
1.328512907028198242e+00
1.496032476425170898e+00
1.438226342201232910e+00
1.394186496734619141e+00
1.423190951347351074e+00
1.315194129943847656e+00
1.318345189094543457e+00
1.659361124038696289e+00
1.267399430274963379e+00
1.320033073425292969e+00
1.406555175781250000e+00
1.398525118827819824e+00
1.263484835624694824e+00
1.294880509376525879e+00
1.460084199905395508e+00
1.381979227066040039e+00
1.318922162055969238e+00
1.398566246032714844e+00
1.497793793678283691e+00
2.225376129150390625e+00
1.381609201431274414e+00
1.411866307258605957e+00
1.745581865310668945e+00
1.355283737182617188e+00
2.278908967971801758e+00
2.786749601364135742e+00
1.296111226081848145e+00
1.521013975143432617e+00
1.681082248687744141e+00
1.628314018249511719e+00
1.382507205009460449e+00
1.672411203384399414e+00
2.805506229400634766e+00
2.478351116180419922e+00
1.255713820457458496e+00
1.495225787162780762e+00
1.590488314628601074e+00
1.390725135803222656e+00
1.478983283042907715e+00
1.912659406661987305e+00
1.607302308082580566e+00
3.739205300807952881e-01
6.274312138557434082e-01
1.160664319992065430e+00
8.801972270011901855e-01
7.797792553901672363e-01
2.381128072738647461e+00
2.226614475250244141e+00
2.365238666534423828e+00
2.062888860702514648e+00
2.374084234237670898e+00
8.320941329002380371e-01
9.306802749633789062e-01
2.108599662780761719e+00
2.433731794357299805e+00
2.302841424942016602e+00
2.401876926422119141e+00
2.211750268936157227e+00
1.989573955535888672e+00
1.422360181808471680e+00
1.754287838935852051e+00
1.626422762870788574e+00
1.936424493789672852e+00
1.660589337348937988e+00
2.201241016387939453e+00
2.659213542938232422e+00
2.664667129516601562e+00
2.555259227752685547e+00
1.903185486793518066e+00
1.943603157997131348e+00
1.997370719909667969e+00
2.162301778793334961e+00
1.961266517639160156e+00
2.048142433166503906e+00
1.324996709823608398e+00
7.084115743637084961e-01
7.010934352874755859e-01
5.708976984024047852e-01
6.711824536323547363e-01
3.758619725704193115e-01
3.716745972633361816e-01
3.547194302082061768e-01
4.153046607971191406e-01
3.163528442382812500e-01
3.613485097885131836e-01
4.344388842582702637e-01
3.741551637649536133e-01
2.882553637027740479e-01
3.414062261581420898e-01
3.798618912696838379e-01
2.935350239276885986e-01
3.107538521289825439e-01
3.518674373626708984e-01
2.655430436134338379e-01
3.043580651283264160e-01
2.756526172161102295e-01
3.107705712318420410e-01
2.570290267467498779e-01
2.936391830444335938e-01
3.011820912361145020e-01
2.981138229370117188e-01
2.343189120292663574e-01
3.046055734157562256e-01
3.024695217609405518e-01
2.300317436456680298e-01
2.462040632963180542e-01
3.986935019493103027e-01
3.137593269348144531e-01
2.871504724025726318e-01
3.394593000411987305e-01
5.360056161880493164e-01
3.262472450733184814e-01
3.578578531742095947e-01
4.143113493919372559e-01
4.226419925689697266e-01
3.441299498081207275e-01
3.908181190490722656e-01
4.309452474117279053e-01
1.563149213790893555e+00
1.372728466987609863e+00
1.371615052223205566e+00
1.252760171890258789e+00
3.467845618724822998e-01
4.294689595699310303e-01
5.232814550399780273e-01
4.755091965198516846e-01
4.348738789558410645e-01
1.621752738952636719e+00
1.015242576599121094e+00
2.231110572814941406e+00
1.812822461128234863e+00
1.964887619018554688e+00
2.722611427307128906e+00
1.917454242706298828e+00
2.297632455825805664e+00
3.248962163925170898e+00
1.947781801223754883e+00
2.095426321029663086e+00
1.915790081024169922e+00
2.065117835998535156e+00
1.783682942390441895e+00
1.027650952339172363e+00
1.463552951812744141e+00
2.080530643463134766e+00
1.447436809539794922e+00
6.780398488044738770e-01
1.122776627540588379e+00
8.039470314979553223e-01
7.475242018699645996e-01
9.754566550254821777e-01
1.099803924560546875e+00
8.049507737159729004e-01
6.882428526878356934e-01
6.317515969276428223e-01
4.512243866920471191e-01
3.989437520503997803e-01
5.600990653038024902e-01
1.647726774215698242e+00
1.348462581634521484e+00
1.327561497688293457e+00
7.165023684501647949e-01
4.604047536849975586e-01
7.998511791229248047e-01
5.114837288856506348e-01
5.165802836418151855e-01
4.851768910884857178e-01
5.588108301162719727e-01
4.980918467044830322e-01
5.010855197906494141e-01
3.601748049259185791e-01
3.503785431385040283e-01
4.317653477191925049e-01
3.511164188385009766e-01
2.745986878871917725e-01
3.538754880428314209e-01
3.413859307765960693e-01
3.171203434467315674e-01
3.047522008419036865e-01
3.573600947856903076e-01
2.692790031433105469e-01
3.103235363960266113e-01
3.747354447841644287e-01
3.789170682430267334e-01
4.059749245643615723e-01
3.924972712993621826e-01
4.754392802715301514e-01
3.450832366943359375e-01
7.994619607925415039e-01
7.240661382675170898e-01
8.808616399765014648e-01
6.604033112525939941e-01
1.271911621093750000e+00
1.563998937606811523e+00
1.898636579513549805e+00
1.633276820182800293e+00
1.819966316223144531e+00
1.837144613265991211e+00
1.755002975463867188e+00
1.877407073974609375e+00
2.058956384658813477e+00
2.539004564285278320e+00
2.651679515838623047e+00
2.882990598678588867e+00
2.975988864898681641e+00
2.789401531219482422e+00
2.511838912963867188e+00
1.952903509140014648e+00
1.449793815612792969e+00
1.481158256530761719e+00
2.292622804641723633e+00
1.642818450927734375e+00
1.630522131919860840e+00
1.554551601409912109e+00
1.608321070671081543e+00
1.555649042129516602e+00
1.449040055274963379e+00
1.478114128112792969e+00
1.513618826866149902e+00
1.144356608390808105e+00
1.011467933654785156e+00
1.231185317039489746e+00
1.195383787155151367e+00
9.529721140861511230e-01
1.013164639472961426e+00
1.103937029838562012e+00
1.842147946357727051e+00
1.523832321166992188e+00
1.561768293380737305e+00
1.583084106445312500e+00
5.589761137962341309e-01
4.845494925975799561e-01
5.936313867568969727e-01
4.691852033138275146e-01
3.441357016563415527e-01
3.689114153385162354e-01
4.520217180252075195e-01
3.047086298465728760e-01
2.691556513309478760e-01
3.224156200885772705e-01
3.271465599536895752e-01
2.157016247510910034e-01
2.405324429273605347e-01
3.417148590087890625e-01
2.394368648529052734e-01
2.008828073740005493e-01
2.537543773651123047e-01
3.460823297500610352e-01
1.896302551031112671e-01
2.106790542602539062e-01
2.992603778839111328e-01
3.122720718383789062e-01
2.240813523530960083e-01
2.781677246093750000e-01
3.578052222728729248e-01
3.724173903465270996e-01
2.801510989665985107e-01
3.794625401496887207e-01
4.119239449501037598e-01
3.818271756172180176e-01
3.632112741470336914e-01
4.258376955986022949e-01
3.943992257118225098e-01
3.813557326793670654e-01
3.895729184150695801e-01
