1.666595339775085449e+00
1.220428943634033203e+00
1.349117398262023926e+00
1.524909019470214844e+00
1.236895322799682617e+00
1.345226287841796875e+00
1.748154044151306152e+00
1.747079849243164062e+00
1.218752026557922363e+00
1.443223714828491211e+00
1.461608767509460449e+00
1.401852488517761230e+00
1.480374097824096680e+00
1.439936995506286621e+00
1.233439326286315918e+00
1.232438564300537109e+00
1.257177233695983887e+00
1.215580701828002930e+00
1.019259452819824219e+00
1.070038318634033203e+00
1.164459466934204102e+00
1.043568134307861328e+00
1.037382006645202637e+00
1.058626770973205566e+00
3.316330015659332275e-01
3.358195722103118896e-01
2.975878417491912842e-01
3.343295753002166748e-01
3.209050595760345459e-01
2.613046765327453613e-01
3.641695082187652588e-01
1.097959518432617188e+00
5.145865082740783691e-01
2.808275818824768066e-01
3.515963554382324219e-01
3.141164779663085938e-01
3.000508844852447510e-01
5.926460027694702148e-01
4.500441253185272217e-01
3.785859644412994385e-01
5.302109122276306152e-01
4.751599729061126709e-01
3.418000936508178711e-01
4.135841727256774902e-01
5.312004089355468750e-01
3.703520596027374268e-01
3.938033282756805420e-01
4.679564237594604492e-01
3.724483549594879150e-01
3.211394250392913818e-01
4.210840165615081787e-01
4.031936526298522949e-01
3.069362342357635498e-01
3.600953221321105957e-01
5.556461215019226074e-01
2.785558402538299561e-01
1.470917105674743652e+00
1.599940776824951172e+00
2.065217256546020508e+00
1.652990818023681641e+00
1.471479296684265137e+00
5.834511518478393555e-01
3.845454156398773193e-01
4.160324037075042725e-01
7.308042645454406738e-01
4.064033329486846924e-01
5.523827075958251953e-01
6.168782114982604980e-01
5.245850682258605957e-01
3.926499187946319580e-01
5.316022038459777832e-01
5.790590047836303711e-01
4.660078585147857666e-01
4.471901953220367432e-01
5.667906403541564941e-01
4.815382361412048340e-01
7.175768613815307617e-01
1.788811206817626953e+00
1.647399544715881348e+00
2.178841114044189453e+00
1.899302840232849121e+00
1.961867332458496094e+00
1.743702173233032227e+00
1.900722146034240723e+00
1.640864491462707520e+00
1.467615604400634766e+00
1.460587501525878906e+00
1.467412829399108887e+00
1.514292001724243164e+00
1.362450003623962402e+00
1.427021145820617676e+00
1.437918186187744141e+00
1.348696112632751465e+00
1.370137333869934082e+00
1.471009254455566406e+00
1.529070854187011719e+00
1.515594601631164551e+00
1.691356062889099121e+00
2.186105251312255859e+00
1.300406813621520996e+00
1.400776028633117676e+00
1.493242383003234863e+00
1.491748094558715820e+00
1.429249882698059082e+00
1.490388751029968262e+00
1.521180391311645508e+00
1.371747374534606934e+00
1.320069551467895508e+00
1.427553772926330566e+00
1.388131380081176758e+00
7.365830540657043457e-01
3.292190134525299072e-01
4.278235435485839844e-01
3.975206613540649414e-01
3.780961632728576660e-01
3.888114690780639648e-01
3.752052485942840576e-01
3.231406211853027344e-01
4.229421317577362061e-01
4.006505608558654785e-01
2.990638613700866699e-01
3.780701160430908203e-01
6.466044187545776367e-01
1.092297196388244629e+00
2.965717613697052002e-01
5.209603905677795410e-01
4.019722640514373779e-01
3.533377051353454590e-01
1.095140695571899414e+00
1.424747824668884277e+00
1.477027654647827148e+00
1.497016191482543945e+00
1.672797918319702148e+00
1.360197186470031738e+00
1.395626306533813477e+00
1.412893414497375488e+00
1.376424312591552734e+00
1.308892965316772461e+00
1.452642798423767090e+00
1.350539684295654297e+00
1.228258252143859863e+00
1.313795685768127441e+00
1.383415460586547852e+00
1.935947060585021973e+00
1.395605683326721191e+00
1.427505254745483398e+00
1.498396277427673340e+00
1.979484796524047852e+00
1.262017250061035156e+00
1.430181026458740234e+00
1.289545774459838867e+00
1.275447845458984375e+00
1.461882829666137695e+00
1.889816880226135254e+00
1.849766492843627930e+00
8.118599653244018555e-01
6.071071624755859375e-01
4.574488699436187744e-01
5.149028301239013672e-01
6.502386331558227539e-01
5.170805454254150391e-01
4.281447827816009521e-01
5.598817467689514160e-01
3.570180237293243408e-01
3.763992190361022949e-01
3.952472805976867676e-01
4.402472972869873047e-01
3.228127956390380859e-01
3.226058483123779297e-01
1.331606864929199219e+00
1.481853604316711426e+00
1.439773559570312500e+00
1.811002254486083984e+00
1.816751956939697266e+00
9.446263909339904785e-01
2.691356539726257324e-01
4.389801621437072754e-01
2.776145935058593750e-01
3.470326364040374756e-01
4.801052510738372803e-01
3.674696385860443115e-01
3.354824185371398926e-01
4.756169021129608154e-01
5.638388991355895996e-01
3.312703669071197510e-01
3.872866630554199219e-01
5.047830939292907715e-01
4.090377092361450195e-01
3.768098056316375732e-01
5.166044235229492188e-01
4.232869446277618408e-01
1.136646270751953125e+00
7.120940685272216797e-01
5.095052719116210938e-01
4.098514914512634277e-01
3.767941892147064209e-01
1.538766264915466309e+00
7.401767373085021973e-01
4.486053884029388428e-01
1.672256588935852051e+00
1.704481244087219238e+00
1.931244611740112305e+00
1.308829665184020996e+00
1.473455309867858887e+00
1.447578787803649902e+00
1.326432466506958008e+00
1.482067704200744629e+00
4.394214451313018799e-01
8.491718173027038574e-01
5.499755740165710449e-01
5.774483680725097656e-01
5.970447659492492676e-01
5.326328277587890625e-01
5.841358304023742676e-01
4.715298414230346680e-01
4.018100202083587646e-01
4.976362884044647217e-01
4.377335608005523682e-01
3.589024543762207031e-01
3.416356444358825684e-01
3.685918152332305908e-01
3.282898068428039551e-01
3.025380373001098633e-01
3.696048855781555176e-01
3.107006847858428955e-01
2.745301723480224609e-01
3.063885867595672607e-01
5.419159531593322754e-01
1.071547746658325195e+00
3.301221728324890137e-01
3.825367987155914307e-01
2.798410952091217041e-01
3.341695070266723633e-01
3.343035280704498291e-01
3.437212705612182617e-01
2.994402050971984863e-01
4.830290675163269043e-01
4.389242231845855713e-01
3.461579978466033936e-01
3.974099159240722656e-01
4.749892055988311768e-01
3.687707781791687012e-01
3.791906237602233887e-01
5.125285983085632324e-01
4.493492841720581055e-01
3.573620021343231201e-01
4.066486656665802002e-01
4.174919724464416504e-01
3.333937823772430420e-01
3.056101202964782715e-01
4.021638631820678711e-01
3.657521605491638184e-01
3.174813091754913330e-01
1.343335509300231934e+00
1.575306296348571777e+00
1.605701804161071777e+00
1.214220046997070312e+00
9.288526177406311035e-01
2.998921871185302734e-01
3.569971919059753418e-01
1.150773525238037109e+00
1.335406661033630371e+00
1.107269525527954102e+00
1.122904300689697266e+00
1.411224603652954102e+00
1.091660976409912109e+00
1.075895786285400391e+00
1.270870089530944824e+00
1.199152112007141113e+00
1.054823040962219238e+00
1.341957926750183105e+00
1.315848469734191895e+00
1.277199268341064453e+00
1.684330940246582031e+00
1.212818861007690430e+00
1.208153724670410156e+00
1.064872384071350098e+00
1.205739259719848633e+00
1.301630139350891113e+00
1.944922685623168945e+00
1.259154915809631348e+00
1.320214509963989258e+00
1.415441155433654785e+00
2.296322584152221680e+00
2.233361959457397461e+00
2.243266820907592773e+00
2.084732532501220703e+00
2.171564817428588867e+00
9.487381577491760254e-01
6.081092357635498047e-01
9.928761124610900879e-01
7.818050980567932129e-01
6.430646777153015137e-01
6.701655983924865723e-01
5.671486258506774902e-01
4.338468611240386963e-01
1.189320206642150879e+00
1.171977758407592773e+00
9.478138685226440430e-01
1.271797657012939453e+00
1.298853278160095215e+00
1.170008301734924316e+00
1.266147136688232422e+00
1.820667147636413574e+00
6.255679130554199219e-01
4.580135047435760498e-01
6.005233526229858398e-01
5.954012274742126465e-01
5.144450664520263672e-01
4.405529201030731201e-01
3.644929528236389160e-01
3.329434394836425781e-01
3.507274687290191650e-01
3.775789439678192139e-01
3.327559828758239746e-01
3.766535818576812744e-01
3.723291456699371338e-01
2.543151676654815674e-01
3.532469868659973145e-01
4.474840462207794189e-01
3.816202282905578613e-01
3.734469115734100342e-01
6.573646664619445801e-01
3.920641839504241943e-01
3.963129818439483643e-01
4.518386423587799072e-01
5.434821844100952148e-01
4.133076071739196777e-01
1.173565030097961426e+00
9.596837162971496582e-01
3.993502557277679443e-01
4.575415253639221191e-01
4.280359745025634766e-01
3.687228262424468994e-01
1.289077877998352051e+00
2.100620985031127930e+00
2.082404375076293945e+00
1.885776400566101074e+00
1.477383136749267578e+00
1.924274563789367676e+00
2.835013389587402344e+00
1.202698111534118652e+00
1.600620031356811523e+00
2.277686119079589844e+00
1.613389730453491211e+00
1.523614645004272461e+00
1.508088707923889160e+00
3.079298496246337891e+00
2.026566267013549805e+00
1.283876538276672363e+00
1.531035542488098145e+00
1.666439175605773926e+00
8.115866780281066895e-01
4.925295710563659668e-01
6.845233440399169922e-01
4.786177277565002441e-01
2.257659584283828735e-01
4.532362520694732666e-01
4.822818636894226074e-01
3.528547585010528564e-01
3.809399306774139404e-01
4.425645172595977783e-01
3.351987302303314209e-01
2.935429811477661133e-01
4.400957226753234863e-01
3.113697469234466553e-01
2.944515943527221680e-01
3.120982944965362549e-01
1.038527965545654297e+00
6.755603551864624023e-01
3.581360578536987305e-01
3.268044888973236084e-01
2.784684002399444580e-01
4.043673276901245117e-01
3.063455522060394287e-01
2.428913265466690063e-01
3.519743382930755615e-01
5.813444256782531738e-01
2.593953013420104980e-01
3.516569435596466064e-01
4.989555180072784424e-01
3.887295126914978027e-01
3.126459419727325439e-01
4.990015625953674316e-01
4.076244533061981201e-01
3.494441509246826172e-01
4.071006476879119873e-01
3.894492983818054199e-01
3.990794420242309570e-01
4.130162298679351807e-01
3.569335937500000000e-01
3.141406178474426270e-01
1.331254124641418457e+00
1.295750498771667480e+00
6.690735816955566406e-01
7.227556705474853516e-01
9.457847476005554199e-01
7.850304245948791504e-01
7.866977453231811523e-01
1.246348142623901367e+00
1.437212944030761719e+00
1.416903734207153320e+00
1.823527097702026367e+00
1.969042420387268066e+00
1.395583868026733398e+00
1.470040321350097656e+00
1.337605476379394531e+00
4.671768844127655029e-01
1.507314085960388184e+00
1.798417806625366211e+00
1.705307602882385254e+00
1.587311744689941406e+00
1.540707945823669434e+00
1.650467991828918457e+00
1.740883350372314453e+00
2.685106515884399414e+00
2.593545675277709961e+00
2.526316404342651367e+00
3.122946262359619141e+00
3.286149024963378906e+00
1.982796072959899902e+00
9.300435781478881836e-01
1.090265870094299316e+00
1.052017688751220703e+00
9.140908122062683105e-01
1.172926425933837891e+00
7.673280835151672363e-01
3.750745058059692383e-01
4.626290500164031982e-01
3.534070551395416260e-01
3.398869037628173828e-01
3.176909983158111572e-01
2.211238294839859009e-01
4.384393692016601562e-01
1.282430410385131836e+00
3.158356249332427979e-01
3.885162472724914551e-01
4.788784086704254150e-01
3.733907043933868408e-01
4.650375545024871826e-01
4.375605881214141846e-01
4.657433331012725830e-01
1.336679339408874512e+00
1.478392601013183594e+00
1.577252864837646484e+00
1.191042304039001465e+00
3.539324998855590820e-01
3.374748528003692627e-01
4.457616209983825684e-01
3.286080360412597656e-01
4.269135296344757080e-01
3.878444433212280273e-01
3.666495382785797119e-01
3.007785975933074951e-01
3.961962163448333740e-01
3.413752615451812744e-01
4.848792254924774170e-01
1.176236152648925781e+00
3.170638680458068848e-01
3.598774075508117676e-01
3.326619565486907959e-01
4.096829295158386230e-01
5.252699851989746094e-01
3.839273154735565186e-01
4.307317137718200684e-01
5.781632661819458008e-01
5.775399208068847656e-01
4.231635928153991699e-01
4.144511222839355469e-01
5.883936882019042969e-01
5.791390538215637207e-01
4.537493586540222168e-01
6.090368032455444336e-01
1.853833556175231934e+00
2.355476856231689453e+00
2.497822999954223633e+00
2.355042695999145508e+00
2.033806085586547852e+00
1.871891498565673828e+00
1.822609424591064453e+00
2.322313070297241211e+00
1.958463311195373535e+00
4.304294109344482422e+00
4.857801914215087891e+00
4.734354019165039062e+00
3.079356431961059570e+00
2.708470106124877930e+00
1.752895116806030273e+00
1.894160270690917969e+00
1.622791290283203125e+00
2.797871589660644531e+00
2.877918720245361328e+00
4.102034568786621094e+00
5.275923728942871094e+00
3.128954410552978516e+00
3.120852708816528320e+00
2.701966285705566406e+00
1.428744196891784668e+00
1.322325110435485840e+00
4.395460605621337891e+00
4.179911136627197266e+00
3.082499742507934570e+00
3.049939155578613281e+00
1.702425479888916016e+00
5.917050242424011230e-01
3.531521558761596680e-01
9.259370565414428711e-01
2.761357069015502930e+00
3.125104665756225586e+00
2.672685861587524414e+00
2.509573221206665039e+00
4.709216058254241943e-01
8.213574290275573730e-01
1.405641555786132812e+00
4.939570903778076172e+00
3.060514926910400391e+00
1.659582853317260742e+00
1.940906882286071777e+00
1.243626356124877930e+00
9.954003244638442993e-02
7.367908358573913574e-01
1.099953889846801758e+00
3.472253382205963135e-01
8.360940217971801758e-01
8.872908949851989746e-01
1.638134121894836426e+00
9.917101263999938965e-01
5.315827727317810059e-01
5.243399739265441895e-01
5.099761486053466797e-01
6.456770896911621094e-01
6.107318401336669922e-01
5.079525113105773926e-01
3.425864875316619873e-01
4.972413182258605957e-01
8.116837143898010254e-01
5.091530680656433105e-01
8.883571028709411621e-01
1.141573190689086914e+00
9.662669897079467773e-01
8.723289370536804199e-01
9.658791422843933105e-01
1.247034788131713867e+00
1.199732661247253418e+00
1.664226412773132324e+00
3.109714269638061523e+00
2.713845491409301758e+00
2.573294878005981445e+00
4.384351730346679688e+00
4.322077751159667969e+00
3.897738456726074219e+00
3.396603345870971680e+00
3.404074668884277344e+00
2.250049591064453125e+00
4.762553691864013672e+00
4.316267967224121094e+00
5.093911170959472656e+00
4.573064804077148438e+00
4.285533905029296875e+00
3.825037240982055664e+00
4.059027194976806641e+00
2.987282752990722656e+00
2.029510021209716797e+00
2.886868476867675781e+00
3.563916206359863281e+00
2.657850265502929688e+00
1.628800868988037109e+00
2.373308181762695312e+00
2.137067079544067383e+00
1.591197848320007324e+00
1.910916447639465332e+00
1.628492474555969238e+00
3.304694592952728271e-01
2.853016853332519531e-01
5.068508982658386230e-01
3.593091964721679688e-01
3.581645786762237549e-01
2.804523408412933350e-01
3.833615779876708984e-01
3.230822384357452393e-01
2.294155657291412354e-01
1.268888592720031738e+00
6.986153125762939453e-01
3.665958344936370850e-01
4.022622704505920410e-01
3.616425991058349609e-01
2.238445281982421875e-01
4.163264930248260498e-01
3.984065353870391846e-01
2.801938652992248535e-01
2.511027455329895020e-01
6.899373531341552734e-01
4.499216079711914062e-01
2.948298752307891846e-01
4.311985075473785400e-01
4.751194119453430176e-01
2.828616499900817871e-01
3.658587634563446045e-01
5.796088576316833496e-01
4.363230466842651367e-01
3.508321940898895264e-01
4.330404400825500488e-01
1.140862941741943359e+00
2.971246242523193359e-01
3.160472214221954346e-01
5.201019048690795898e-01
2.362477332353591919e-01
3.346672654151916504e-01
4.843184053897857666e-01
4.704737365245819092e-01
3.783993124961853027e-01
3.788381218910217285e-01
5.313963890075683594e-01
4.002353250980377197e-01
5.074172019958496094e-01
6.790008544921875000e-01
7.731477022171020508e-01
1.705457568168640137e+00
2.644917249679565430e+00
3.007828950881958008e+00
2.828224182128906250e+00
2.712089538574218750e+00
2.638825893402099609e+00
1.959945082664489746e+00
1.878033399581909180e+00
2.916500091552734375e+00
1.612262010574340820e+00
1.548650741577148438e+00
2.391908645629882812e+00
1.543232440948486328e+00
1.927051186561584473e+00
2.147502899169921875e+00
1.374384522438049316e+00
1.499509692192077637e+00
1.481022596359252930e+00
1.497794389724731445e+00
1.372148752212524414e+00
1.370331168174743652e+00
1.523973464965820312e+00
1.526503682136535645e+00
1.390977025032043457e+00
1.354061245918273926e+00
1.454888224601745605e+00
1.420130610466003418e+00
1.362497687339782715e+00
1.475111961364746094e+00
1.426103234291076660e+00
1.342906832695007324e+00
1.419888854026794434e+00
1.497560262680053711e+00
1.851718425750732422e+00
1.537370562553405762e+00
2.114587306976318359e+00
1.436964392662048340e+00
1.672707438468933105e+00
1.701774239540100098e+00
2.505777359008789062e+00
1.285386562347412109e+00
1.536504626274108887e+00
1.593057870864868164e+00
1.398664116859436035e+00
1.432085752487182617e+00
1.540904760360717773e+00
1.364460825920104980e+00
1.451930999755859375e+00
1.946421146392822266e+00
1.539574265480041504e+00
1.501794815063476562e+00
1.572008252143859863e+00
1.642511487007141113e+00
1.719012498855590820e+00
1.733531236648559570e+00
1.608895063400268555e+00
9.761037826538085938e-01
1.286421537399291992e+00
1.238284826278686523e+00
5.104569196701049805e-01
5.140678882598876953e-01
1.150030732154846191e+00
1.022271990776062012e+00
9.413520097732543945e-01
7.351481914520263672e-01
1.011101722717285156e+00
1.163489460945129395e+00
1.051557183265686035e+00
1.172078847885131836e+00
1.147713780403137207e+00
1.191276669502258301e+00
1.417866587638854980e+00
1.870429635047912598e+00
1.506137132644653320e+00
1.720178484916687012e+00
2.644075632095336914e+00
1.654386758804321289e+00
1.840217828750610352e+00
2.043223857879638672e+00
1.619155883789062500e+00
1.233634710311889648e+00
2.409765243530273438e+00
2.520113945007324219e+00
2.514656543731689453e+00
2.727459907531738281e+00
2.773695468902587891e+00
2.551886796951293945e+00
1.403877735137939453e+00
1.489608168601989746e+00
2.040104150772094727e+00
2.031563282012939453e+00
1.696852207183837891e+00
1.857060551643371582e+00
1.906596660614013672e+00
1.615742802619934082e+00
8.362294435501098633e-01
9.033930301666259766e-01
8.711994290351867676e-01
3.125689327716827393e-01
4.097725450992584229e-01
3.814469873905181885e-01
2.857832610607147217e-01
3.417904973030090332e-01
3.677864968776702881e-01
3.629722595214843750e-01
2.950214445590972900e-01
3.942032456398010254e-01
4.088839292526245117e-01
3.064203560352325439e-01
3.146290481090545654e-01
3.413585424423217773e-01
3.123606145381927490e-01
3.041872978210449219e-01
1.073168992996215820e+00
1.003709793090820312e+00
3.289246261119842529e-01
1.247442603111267090e+00
1.553946852684020996e+00
1.430292606353759766e+00
1.284596085548400879e+00
2.887018620967864990e-01
5.409218072891235352e-01
4.100833833217620850e-01
3.988700211048126221e-01
4.038517773151397705e-01
3.815023601055145264e-01
3.018947243690490723e-01
3.057606220245361328e-01
4.432429373264312744e-01
3.138344287872314453e-01
2.871893942356109619e-01
3.883424699306488037e-01
5.229793787002563477e-01
2.916763722896575928e-01
8.769765496253967285e-01
1.101528048515319824e+00
4.539305567741394043e-01
3.447907865047454834e-01
3.050013780593872070e-01
5.982924699783325195e-01
3.314649760723114014e-01
3.640628755092620850e-01
4.689565896987915039e-01
7.567331194877624512e-01
1.554091930389404297e+00
2.095548391342163086e+00
2.220993518829345703e+00
2.734170675277709961e+00
2.509881496429443359e+00
2.780466318130493164e+00
2.312973737716674805e+00
2.108877658843994141e+00
2.031150102615356445e+00
2.135343551635742188e+00
1.459572792053222656e+00
1.438259243965148926e+00
2.679286956787109375e+00
2.303538560867309570e+00
1.391423583030700684e+00
1.424253582954406738e+00
1.548236846923828125e+00
1.409711599349975586e+00
1.498476624488830566e+00
8.265970945358276367e-01
2.483121633529663086e+00
1.137226819992065430e+00
5.568715929985046387e-01
1.596641778945922852e+00
7.862709760665893555e-01
5.359781980514526367e-01
1.339018821716308594e+00
2.561285257339477539e+00
3.138231992721557617e+00
2.990944385528564453e+00
1.963489532470703125e+00
1.724021911621093750e+00
1.933096408843994141e+00
1.777492642402648926e+00
1.910185098648071289e+00
2.206727743148803711e+00
2.032955169677734375e+00
1.718330502510070801e+00
1.848808526992797852e+00
1.862151384353637695e+00
9.464390277862548828e-01
9.158260822296142578e-01
8.076799511909484863e-01
7.993728518486022949e-01
7.151423096656799316e-01
1.460270047187805176e+00
5.002487301826477051e-01
3.741351664066314697e-01
5.126522183418273926e-01
8.768902420997619629e-01
1.374172925949096680e+00
2.081375360488891602e+00
2.246068477630615234e+00
2.001781463623046875e+00
2.047691345214843750e+00
1.520998120307922363e+00
1.521086454391479492e+00
2.582825183868408203e+00
1.585914611816406250e+00
1.388810873031616211e+00
1.414922237396240234e+00
1.481175780296325684e+00
1.467278838157653809e+00
1.464479088783264160e+00
1.588949799537658691e+00
1.550821661949157715e+00
2.108135938644409180e+00
1.447181344032287598e+00
1.340480208396911621e+00
1.308181643486022949e+00
1.047092437744140625e+00
2.288522243499755859e+00
3.393035650253295898e+00
3.026178598403930664e+00
2.276965379714965820e+00
2.122669219970703125e+00
2.026055812835693359e+00
1.414131164550781250e+00
1.680699348449707031e+00
3.090414047241210938e+00
1.424351215362548828e+00
1.196837902069091797e+00
1.245657444000244141e+00
1.086167335510253906e+00
8.403973579406738281e-01
1.353332161903381348e+00
1.830220937728881836e+00
2.810111999511718750e+00
4.938553869724273682e-01
5.466754436492919922e-01
6.017822623252868652e-01
4.916971325874328613e-01
3.744183182716369629e-01
5.368481874465942383e-01
1.793804764747619629e+00
1.396519064903259277e+00
1.960174560546875000e+00
8.058964014053344727e-01
8.829039335250854492e-01
7.632092237472534180e-01
5.003043413162231445e-01
4.321219623088836670e-01
3.919222056865692139e-01
3.685715198516845703e-01
3.770258128643035889e-01
3.819272220134735107e-01
6.247735619544982910e-01
1.232306718826293945e+00
6.290456652641296387e-01
5.024088621139526367e-01
3.759494125843048096e-01
4.176095724105834961e-01
3.898264467716217041e-01
3.493084609508514404e-01
3.634623289108276367e-01
3.389374315738677979e-01
3.176060318946838379e-01
3.752030432224273682e-01
4.625657200813293457e-01
4.278548061847686768e-01
3.760332763195037842e-01
5.641933083534240723e-01
4.857448339462280273e-01
4.259199202060699463e-01
5.318308472633361816e-01
5.009484887123107910e-01
4.703043401241302490e-01
4.818912744522094727e-01
4.540242850780487061e-01
4.137340784072875977e-01
1.340731859207153320e+00
5.710574984550476074e-01
3.352127075195312500e-01
4.221595823764801025e-01
4.111731946468353271e-01
3.770463466644287109e-01
4.602685272693634033e-01
4.364433884620666504e-01
4.010337591171264648e-01
3.542627990245819092e-01
3.292826116085052490e-01
4.410410821437835693e-01
3.422392010688781738e-01
4.171940386295318604e-01
4.008635580539703369e-01
4.114135801792144775e-01
3.701292276382446289e-01
1.620471596717834473e+00
1.394630551338195801e+00
1.358937740325927734e+00
7.360897064208984375e-01
1.018926382064819336e+00
5.539190173149108887e-01
5.965146422386169434e-01
8.717870712280273438e-01
1.343445777893066406e+00
4.966284334659576416e-01
5.387759208679199219e-01
5.212882161140441895e-01
4.389042258262634277e-01
1.475303769111633301e+00
2.723320722579956055e+00
2.415138244628906250e+00
1.464013457298278809e+00
1.846475481986999512e+00
1.847888112068176270e+00
1.563549399375915527e+00
1.778118968009948730e+00
2.129763603210449219e+00
1.837728142738342285e+00
1.856207251548767090e+00
2.125366687774658203e+00
2.123217821121215820e+00
1.779175877571105957e+00
2.128543615341186523e+00
2.233384370803833008e+00
2.275113821029663086e+00
2.081871986389160156e+00
2.118870019912719727e+00
1.496289014816284180e+00
1.025207877159118652e+00
9.764680862426757812e-01
2.443414688110351562e+00
1.555235147476196289e+00
1.016270399093627930e+00
9.066106677055358887e-01
6.600480675697326660e-01
8.479328751564025879e-01
1.303333163261413574e+00
1.452042222023010254e+00
2.458027124404907227e+00
1.219057083129882812e+00
9.778423905372619629e-01
1.120833039283752441e+00
1.235060811042785645e+00
2.162701368331909180e+00
1.505000114440917969e+00
1.761344790458679199e+00
2.162894725799560547e+00
1.740703821182250977e+00
1.741355538368225098e+00
1.102349758148193359e+00
1.025328516960144043e+00
9.110652804374694824e-01
1.448074698448181152e+00
1.037257194519042969e+00
1.219545006752014160e+00
1.114073991775512695e+00
1.162213563919067383e+00
1.105790257453918457e+00
1.728218078613281250e+00
1.676988959312438965e+00
1.722121596336364746e+00
1.653466939926147461e+00
1.588939070701599121e+00
1.830712080001831055e+00
2.367108106613159180e+00
2.197816371917724609e+00
2.149360179901123047e+00
1.417230129241943359e+00
9.367825388908386230e-01
2.163934469223022461e+00
2.426302671432495117e+00
2.556719064712524414e+00
2.643980979919433594e+00
2.539494037628173828e+00
2.431796312332153320e+00
1.768615484237670898e+00
1.847498416900634766e+00
1.558699727058410645e+00
1.561572551727294922e+00
2.124745130538940430e+00
2.326447248458862305e+00
1.648466229438781738e+00
1.836447834968566895e+00
1.712694525718688965e+00
1.411777257919311523e+00
1.313126921653747559e+00
1.813380360603332520e+00
1.511145710945129395e+00
1.038310289382934570e+00
7.548007369041442871e-01
7.365452647209167480e-01
7.320897579193115234e-01
3.853120505809783936e-01
4.170701205730438232e-01
3.837869763374328613e-01
3.933014571666717529e-01
3.082987666130065918e-01
3.299996554851531982e-01
3.676998913288116455e-01
3.580889105796813965e-01
3.898278176784515381e-01
3.978388905525207520e-01
3.543041646480560303e-01
3.291639089584350586e-01
3.690786063671112061e-01
3.814845383167266846e-01
4.664598405361175537e-01
1.091811537742614746e+00
3.195954263210296631e-01
2.996846735477447510e-01
3.385024368762969971e-01
3.978525698184967041e-01
5.006264448165893555e-01
4.249611496925354004e-01
4.236290156841278076e-01
4.328603744506835938e-01
1.709444522857666016e+00
1.307045221328735352e+00
1.379097938537597656e+00
8.655400872230529785e-01
4.459737539291381836e-01
3.327842056751251221e-01
3.435192406177520752e-01
4.389552175998687744e-01
3.240456879138946533e-01
3.195291161537170410e-01
3.706541061401367188e-01
4.330815672874450684e-01
3.278816938400268555e-01
3.665750026702880859e-01
4.989193379878997803e-01
4.966813325881958008e-01
3.556412160396575928e-01
4.938948452472686768e-01
5.785916447639465332e-01
1.443626046180725098e+00
2.011975765228271484e+00
2.513488292694091797e+00
2.717388391494750977e+00
2.487951278686523438e+00
2.475814104080200195e+00
2.542226314544677734e+00
2.176528453826904297e+00
2.356400012969970703e+00
1.765829563140869141e+00
1.715536713600158691e+00
1.893219828605651855e+00
1.660873293876647949e+00
1.747097730636596680e+00
1.833522677421569824e+00
1.931116580963134766e+00
1.225373387336730957e+00
1.342294812202453613e+00
1.458128333091735840e+00
1.340262293815612793e+00
1.219204306602478027e+00
1.363244056701660156e+00
1.399897575378417969e+00
1.264940500259399414e+00
1.277030706405639648e+00
1.317938446998596191e+00
1.314487338066101074e+00
1.237153053283691406e+00
1.221180200576782227e+00
1.281731486320495605e+00
1.306006669998168945e+00
1.254151701927185059e+00
1.261911153793334961e+00
1.307991743087768555e+00
1.424872040748596191e+00
1.652721047401428223e+00
1.582222342491149902e+00
1.406103968620300293e+00
1.582117319107055664e+00
1.636886239051818848e+00
1.562913417816162109e+00
1.549299240112304688e+00
2.091788530349731445e+00
3.513758420944213867e+00
1.574225783348083496e+00
1.448458671569824219e+00
1.633993387222290039e+00
1.610654473304748535e+00
1.456008911132812500e+00
6.407046914100646973e-01
7.939493060111999512e-01
2.193569183349609375e+00
1.238836288452148438e+00
5.097483992576599121e-01
5.482616424560546875e-01
4.719091653823852539e-01
4.861710369586944580e-01
7.046322822570800781e-01
5.096215009689331055e-01
3.998693823814392090e-01
5.487610101699829102e-01
5.832946300506591797e-01
3.644156455993652344e-01
5.498963594436645508e-01
7.468894124031066895e-01
6.426650285720825195e-01
9.049521088600158691e-01
1.279504179954528809e+00
1.194243311882019043e+00
1.192534565925598145e+00
1.299138903617858887e+00
1.858117699623107910e+00
2.105651378631591797e+00
2.138067007064819336e+00
2.444551706314086914e+00
2.411120891571044922e+00
1.893968343734741211e+00
1.333397269248962402e+00
1.847541093826293945e+00
2.654147386550903320e+00
3.626391172409057617e+00
2.553698062896728516e+00
2.650618314743041992e+00
2.509449005126953125e+00
2.820202589035034180e+00
2.536579608917236328e+00
2.780128002166748047e+00
2.964733362197875977e+00
2.649023771286010742e+00
2.946202278137207031e+00
2.480788469314575195e+00
2.482649564743041992e+00
2.515758752822875977e+00
2.579806327819824219e+00
2.440455436706542969e+00
2.055259466171264648e+00
9.580555558204650879e-01
1.021402835845947266e+00
8.567281365394592285e-01
4.149461388587951660e-01
4.190255403518676758e-01
2.992077469825744629e-01
3.873011767864227295e-01
1.197198033332824707e+00
3.274382054805755615e-01
2.877252399921417236e-01
3.479286730289459229e-01
4.471222162246704102e-01
3.444147109985351562e-01
3.143568634986877441e-01
4.461573958396911621e-01
3.005385100841522217e-01
2.421959340572357178e-01
2.545695304870605469e-01
3.488257825374603271e-01
2.805307209491729736e-01
2.556862235069274902e-01
3.274233937263488770e-01
2.784459292888641357e-01
2.354561388492584229e-01
2.910687029361724854e-01
3.576742112636566162e-01
2.539188265800476074e-01
2.616999149322509766e-01
2.714432775974273682e-01
3.254189193248748779e-01
2.794907987117767334e-01
2.864328622817993164e-01
3.372816145420074463e-01
2.740965485572814941e-01
2.650249898433685303e-01
3.152885437011718750e-01
4.179025590419769287e-01
2.574966251850128174e-01
3.494594991207122803e-01
5.734068155288696289e-01
4.826414883136749268e-01
3.820102810859680176e-01
4.518654942512512207e-01
5.733470916748046875e-01
4.181262254714965820e-01
1.548781752586364746e+00
1.516016721725463867e+00
1.487342238426208496e+00
1.839549779891967773e+00
2.589205265045166016e+00
2.325999259948730469e+00
1.955982446670532227e+00
2.047138929367065430e+00
2.541871070861816406e+00
2.197139263153076172e+00
1.846761822700500488e+00
1.884715437889099121e+00
2.147364854812622070e+00
1.597064733505249023e+00
1.768066763877868652e+00
1.794525384902954102e+00
2.493146896362304688e+00
1.574587345123291016e+00
1.778623342514038086e+00
2.415232419967651367e+00
1.788390278816223145e+00
1.915354847908020020e+00
1.895875334739685059e+00
9.074016809463500977e-01
1.049651622772216797e+00
1.131097674369812012e+00
1.914244532585144043e+00
9.481277465820312500e-01
1.196042418479919434e+00
1.001660704612731934e+00
8.740258812904357910e-01
1.983832240104675293e+00
1.401633143424987793e+00
1.883666396141052246e+00
1.370129466056823730e+00
2.101422786712646484e+00
2.623009920120239258e+00
1.421646118164062500e+00
5.716090202331542969e-01
4.939639270305633545e-01
6.360949277877807617e-01
6.711347699165344238e-01
6.718471646308898926e-01
1.771772265434265137e+00
2.008968830108642578e+00
3.402788639068603516e-01
3.712922334671020508e-01
5.477712750434875488e-01
5.760140419006347656e-01
7.768982052803039551e-01
1.097337365150451660e+00
4.765101969242095947e-01
4.075054824352264404e-01
4.897751510143280029e-01
4.708251357078552246e-01
5.374819040298461914e-01
5.351065397262573242e-01
5.856378674507141113e-01
6.397127509117126465e-01
5.669211149215698242e-01
4.990399479866027832e-01
5.635551810264587402e-01
1.431033134460449219e+00
4.788849651813507080e-01
7.726321220397949219e-01
9.610547423362731934e-01
8.418325781822204590e-01
2.476655721664428711e+00
2.419271469116210938e+00
2.743157625198364258e+00
2.785332679748535156e+00
2.919668674468994141e+00
2.671986341476440430e+00
3.032080888748168945e+00
2.678726434707641602e+00
2.740722894668579102e+00
3.001049280166625977e+00
2.543882608413696289e+00
2.968948125839233398e+00
2.277364015579223633e+00
2.308712482452392578e+00
2.656471967697143555e+00
2.416688442230224609e+00
2.486973762512207031e+00
2.595517396926879883e+00
2.643465518951416016e+00
4.061789035797119141e+00
3.865581750869750977e+00
4.164543628692626953e+00
3.849239826202392578e+00
3.241764307022094727e+00
2.552262067794799805e+00
2.662491321563720703e+00
2.555384635925292969e+00
2.444105386734008789e+00
2.541257858276367188e+00
2.511655807495117188e+00
2.077232122421264648e+00
2.046931028366088867e+00
2.207614898681640625e+00
2.082187414169311523e+00
2.161234855651855469e+00
2.170268297195434570e+00
1.867664813995361328e+00
7.128661870956420898e-01
8.393421173095703125e-01
9.604328274726867676e-01
9.410554766654968262e-01
7.403220534324645996e-01
1.104760408401489258e+00
1.191327691078186035e+00
8.359764814376831055e-01
6.236037611961364746e-01
6.534365415573120117e-01
4.921630918979644775e-01
3.911223709583282471e-01
2.835052311420440674e-01
2.874133288860321045e-01
4.105630517005920410e-01
3.025446236133575439e-01
2.821558415889739990e-01
3.340075016021728516e-01
4.413946866989135742e-01
2.497900873422622681e-01
2.730141282081604004e-01
3.080619275569915771e-01
4.827892184257507324e-01
2.230957001447677612e-01
2.913611531257629395e-01
3.414103388786315918e-01
3.767722547054290771e-01
2.423782050609588623e-01
3.280316293239593506e-01
2.698800861835479736e-01
3.393554389476776123e-01
2.916736304759979248e-01
3.269785344600677490e-01
4.139434993267059326e-01
3.520291745662689209e-01
2.487424910068511963e-01
3.468155562877655029e-01
4.371110796928405762e-01
5.135164260864257812e-01
4.198519587516784668e-01
5.124139785766601562e-01
5.840010046958923340e-01
4.717362225055694580e-01
4.265421330928802490e-01
1.765194416046142578e+00
2.451186895370483398e+00
2.786055088043212891e+00
2.543479919433593750e+00
2.537681579589843750e+00
2.771600246429443359e+00
2.748028278350830078e+00
3.005422830581665039e+00
2.230479717254638672e+00
2.429688453674316406e+00
1.549746394157409668e+00
3.093384504318237305e+00
2.319273948669433594e+00
1.771680474281311035e+00
1.470555305480957031e+00
1.583189845085144043e+00
1.476011514663696289e+00
1.456847190856933594e+00
1.928065896034240723e+00
5.049988269805908203e+00
4.160234451293945312e+00
3.098026752471923828e+00
2.739887714385986328e+00
1.477952718734741211e+00
1.530515074729919434e+00
1.679844975471496582e+00
2.831116676330566406e+00
4.429554939270019531e+00
3.048918962478637695e+00
2.477671861648559570e+00
2.697762012481689453e+00
1.560850620269775391e+00
1.815742254257202148e+00
1.419030666351318359e+00
1.434598088264465332e+00
1.604882001876831055e+00
1.606467366218566895e+00
1.585790991783142090e+00
1.733710169792175293e+00
1.782018065452575684e+00
2.076160192489624023e+00
2.863088130950927734e+00
2.823383331298828125e+00
3.199697494506835938e+00
2.840900182723999023e+00
2.051100015640258789e+00
1.202114224433898926e+00
1.339978337287902832e+00
1.424024701118469238e+00
2.161200761795043945e+00
1.749115586280822754e+00
1.473980784416198730e+00
1.698559045791625977e+00
1.482047438621520996e+00
1.599549412727355957e+00
1.733156204223632812e+00
1.620181798934936523e+00
1.476800680160522461e+00
1.645926713943481445e+00
1.661496877670288086e+00
1.761302232742309570e+00
1.727774262428283691e+00
1.619035601615905762e+00
1.065100073814392090e+00
8.258674740791320801e-01
1.786720991134643555e+00
1.827175378799438477e+00
1.717758178710937500e+00
2.077233791351318359e+00
1.956196308135986328e+00
1.943901896476745605e+00
1.659900546073913574e+00
1.807321667671203613e+00
1.874196290969848633e+00
1.588526248931884766e+00
1.267025828361511230e+00
1.202672600746154785e+00
1.322662472724914551e+00
5.422361493110656738e-01
3.290238678455352783e-01
4.356849491596221924e-01
7.603818774223327637e-01
5.077447295188903809e-01
3.902655541896820068e-01
4.053099751472473145e-01
6.777926087379455566e-01
4.680024683475494385e-01
3.658705651760101318e-01
3.209346830844879150e-01
3.852972388267517090e-01
7.307960391044616699e-01
1.118907451629638672e+00
2.913512885570526123e-01
2.504668533802032471e-01
6.335288286209106445e-01
4.294725060462951660e-01
4.796061217784881592e-01
4.715459942817687988e-01
1.477419257164001465e+00
1.551449894905090332e+00
1.363274574279785156e+00
1.366446137428283691e+00
1.442683100700378418e+00
3.105488419532775879e-01
9.403641819953918457e-01
7.709903120994567871e-01
3.930257260799407959e-01
8.985738158226013184e-01
7.173145413398742676e-01
4.423542916774749756e-01
4.929149448871612549e-01
4.715259969234466553e-01
4.672237634658813477e-01
4.505821764469146729e-01
4.128218889236450195e-01
3.309104740619659424e-01
3.758227825164794922e-01
4.184559881687164307e-01
3.978566825389862061e-01
3.418135344982147217e-01
3.047354817390441895e-01
3.235301077365875244e-01
3.416518270969390869e-01
3.942468166351318359e-01
3.207970857620239258e-01
4.940376579761505127e-01
3.815667927265167236e-01
4.802894592285156250e-01
3.169704079627990723e-01
3.606933951377868652e-01
4.047590196132659912e-01
5.219663381576538086e-01
4.016400575637817383e-01
4.391188323497772217e-01
3.814072608947753906e-01
5.103209614753723145e-01
3.703602850437164307e-01
3.935273289680480957e-01
3.258059322834014893e-01
3.904807269573211670e-01
1.254580497741699219e+00
1.464849948883056641e+00
1.380336284637451172e+00
1.309489607810974121e+00
1.307294368743896484e+00
2.621541023254394531e-01
5.173836946487426758e-01
1.306575417518615723e+00
4.147918224334716797e-01
3.834270834922790527e-01
1.538201332092285156e+00
7.588400840759277344e-01
9.211921095848083496e-01
9.117179512977600098e-01
9.174320697784423828e-01
9.338982105255126953e-01
1.045391082763671875e+00
1.214123368263244629e+00
1.157553076744079590e+00
1.395300626754760742e+00
9.008129239082336426e-01
1.066867709159851074e+00
1.110353946685791016e+00
1.243710756301879883e+00
1.140889883041381836e+00
1.146233677864074707e+00
1.513157606124877930e+00
1.889245986938476562e+00
1.673877358436584473e+00
1.843909859657287598e+00
2.058107614517211914e+00
3.086842775344848633e+00
1.879227638244628906e+00
1.909001827239990234e+00
2.830144405364990234e+00
2.586873292922973633e+00
2.694449424743652344e+00
2.484263658523559570e+00
1.985815525054931641e+00
1.795825123786926270e+00
7.376569509506225586e-01
1.061812877655029297e+00
9.334341883659362793e-01
6.810110807418823242e-01
6.357607841491699219e-01
2.015610456466674805e+00
1.553333997726440430e+00
2.785054206848144531e+00
2.324470520019531250e+00
1.539698243141174316e+00
1.628395438194274902e+00
9.368332624435424805e-01
1.186365365982055664e+00
1.888026475906372070e+00
2.646041631698608398e+00
2.649036884307861328e+00
2.959308624267578125e+00
3.394075155258178711e+00
1.359136223793029785e+00
1.692451000213623047e+00
1.882599115371704102e+00
1.873555779457092285e+00
2.301399230957031250e+00
2.901806592941284180e+00
3.823644161224365234e+00
3.169841051101684570e+00
2.561366081237792969e+00
2.611452102661132812e+00
2.354803562164306641e+00
2.244214296340942383e+00
2.224115133285522461e+00
2.491468906402587891e+00
2.245975255966186523e+00
1.364537835121154785e+00
1.273290395736694336e+00
1.701742410659790039e+00
1.614534616470336914e+00
1.967533826828002930e+00
2.223139047622680664e+00
1.825731992721557617e+00
6.563981771469116211e-01
7.071419358253479004e-01
1.656900048255920410e+00
2.693945646286010742e+00
2.392393589019775391e+00
2.442766189575195312e+00
2.310477733612060547e+00
1.411257863044738770e+00
1.349487900733947754e+00
1.193606495857238770e+00
1.390966653823852539e+00
1.097082138061523438e+00
8.697110414505004883e-01
8.197583556175231934e-01
5.324203968048095703e-01
7.436120510101318359e-01
6.236988306045532227e-01
5.746089816093444824e-01
4.474917054176330566e-01
6.225550174713134766e-01
5.452402234077453613e-01
3.567017018795013428e-01
2.881750464439392090e-01
3.511838614940643311e-01
3.791182637214660645e-01
2.615941166877746582e-01
2.876991927623748779e-01
4.014750719070434570e-01
2.771557569503784180e-01
1.089678764343261719e+00
1.241856217384338379e+00
1.349909782409667969e+00
6.564310789108276367e-01
2.212586998939514160e-01
3.444772064685821533e-01
3.101513981819152832e-01
3.646903038024902344e-01
2.419799417257308960e-01
2.310173958539962769e-01
3.012541830539703369e-01
4.189361929893493652e-01
3.878474533557891846e-01
3.804273605346679688e-01
3.408489823341369629e-01
4.284221827983856201e-01
3.943071365356445312e-01
4.105496108531951904e-01
4.041324257850646973e-01
4.373711943626403809e-01
4.053417742252349854e-01
3.865939974784851074e-01
4.229503571987152100e-01
3.617840409278869629e-01
3.604919314384460449e-01
3.954328596591949463e-01
4.285025000572204590e-01
4.704183638095855713e-01
4.492346942424774170e-01
3.519019782543182373e-01
2.917775213718414307e-01
4.204508662223815918e-01
3.904790878295898438e-01
3.230021893978118896e-01
3.631775379180908203e-01
3.940587937831878662e-01
3.958971798419952393e-01
4.575242400169372559e-01
4.760993123054504395e-01
1.742927551269531250e+00
1.990236759185791016e+00
2.265178918838500977e+00
2.743805408477783203e+00
2.295732021331787109e+00
2.504969835281372070e+00
2.426245689392089844e+00
2.326287031173706055e+00
2.205044269561767578e+00
2.239418268203735352e+00
1.956187486648559570e+00
1.827772617340087891e+00
2.427725791931152344e+00
2.907405376434326172e+00
1.382627725601196289e+00
1.735651016235351562e+00
1.830706596374511719e+00
1.485028028488159180e+00
1.353746652603149414e+00
1.594565153121948242e+00
2.769131422042846680e+00
2.377659320831298828e+00
1.169005751609802246e+00
1.243174433708190918e+00
1.495872616767883301e+00
1.391276597976684570e+00
1.268462419509887695e+00
1.465422630310058594e+00
1.449705839157104492e+00
1.339719057083129883e+00
1.268486738204956055e+00
1.321073055267333984e+00
1.386127471923828125e+00
1.419304013252258301e+00
1.668236732482910156e+00
1.844228625297546387e+00
1.048898220062255859e+00
6.707354187965393066e-01
1.085304141044616699e+00
6.889719963073730469e-01
9.244475960731506348e-01
1.026955008506774902e+00
1.138581633567810059e+00
1.180954217910766602e+00
1.193869948387145996e+00
8.182661533355712891e-01
1.174229979515075684e+00
1.416836857795715332e+00
1.604820847511291504e+00
1.671200513839721680e+00
1.864322781562805176e+00
2.260720729827880859e+00
1.686015486717224121e+00
1.663244247436523438e+00
1.989242911338806152e+00
7.346909642219543457e-01
9.937071800231933594e-01
1.348617434501647949e+00
1.282106399536132812e+00
1.565864086151123047e+00
1.849839687347412109e+00
2.643702507019042969e+00
2.690166473388671875e+00
2.729727029800415039e+00
2.814790248870849609e+00
2.162609815597534180e+00
1.682399630546569824e+00
2.111246109008789062e+00
2.306732416152954102e+00
2.475225687026977539e+00
2.351911544799804688e+00
2.489561796188354492e+00
2.420607566833496094e+00
3.017485857009887695e+00
2.595528125762939453e+00
2.813885927200317383e+00
2.490660429000854492e+00
2.749795913696289062e+00
1.760870814323425293e+00
2.359243631362915039e+00
3.580936193466186523e+00
1.721955537796020508e+00
1.798533201217651367e+00
9.427745938301086426e-01
9.995133876800537109e-01
9.879124760627746582e-01
1.083560347557067871e+00
2.167660951614379883e+00
2.513679027557373047e+00
7.677688002586364746e-01
6.391763687133789062e-01
2.447713613510131836e-01
5.441334247589111328e-01
4.908657968044281006e-01
3.435403406620025635e-01
3.600692749023437500e-01
2.559891045093536377e-01
3.897233903408050537e-01
3.158268630504608154e-01
8.537719845771789551e-01
9.512190222740173340e-01
8.490936756134033203e-01
7.817700505256652832e-01
7.432852983474731445e-01
6.682888269424438477e-01
7.451941370964050293e-01
9.500560164451599121e-01
8.401934504508972168e-01
8.590009808540344238e-01
1.175100564956665039e+00
1.547247648239135742e+00
1.494014024734497070e+00
7.568123340606689453e-01
2.313726395368576050e-01
2.436552345752716064e-01
3.042925596237182617e-01
2.859814465045928955e-01
2.568593621253967285e-01
2.579102516174316406e-01
3.428704440593719482e-01
3.011426031589508057e-01
2.812058329582214355e-01
3.262809514999389648e-01
4.078067243099212646e-01
3.712335526943206787e-01
2.800877690315246582e-01
2.943721115589141846e-01
4.049503505229949951e-01
3.941972255706787109e-01
3.476978838443756104e-01
4.409026801586151123e-01
4.231855273246765137e-01
4.287428557872772217e-01
5.674838423728942871e-01
4.992860853672027588e-01
4.764479696750640869e-01
3.571578264236450195e-01
5.179099440574645996e-01
4.438399076461791992e-01
4.056282043457031250e-01
3.365793526172637939e-01
3.925962150096893311e-01
3.756876587867736816e-01
4.517106413841247559e-01
1.488336920738220215e+00
2.009149789810180664e+00
2.185692787170410156e+00
2.062658309936523438e+00
2.451599597930908203e+00
1.720228672027587891e+00
2.025606870651245117e+00
1.711518406867980957e+00
1.697498559951782227e+00
1.644621729850769043e+00
1.619358420372009277e+00
1.704849839210510254e+00
1.780633568763732910e+00
9.483475685119628906e-01
8.840173482894897461e-01
1.070842742919921875e+00
1.011128067970275879e+00
1.026018977165222168e+00
7.608741521835327148e-01
3.811495900154113770e-01
3.529010713100433350e-01
3.840654492378234863e-01
3.748607039451599121e-01
5.270532965660095215e-01
5.965365767478942871e-01
9.412876367568969727e-01
5.684610009193420410e-01
1.487674117088317871e+00
1.490681529045104980e+00
1.675460577011108398e+00
9.409636259078979492e-01
9.479868412017822266e-01
1.202247500419616699e+00
1.695323824882507324e+00
9.754794239997863770e-01
6.063309311866760254e-01
1.404891133308410645e+00
1.685516357421875000e+00
1.845516324043273926e+00
1.859075188636779785e+00
2.460500717163085938e+00
2.162928104400634766e+00
2.133260488510131836e+00
2.297906160354614258e+00
1.879081606864929199e+00
1.644353747367858887e+00
1.506026625633239746e+00
2.378556013107299805e+00
2.461741924285888672e+00
2.488734483718872070e+00
2.902394533157348633e+00
2.606131792068481445e+00
1.126908898353576660e+00
1.188424706459045410e+00
1.479783415794372559e+00
2.361400127410888672e+00
2.263109445571899414e+00
2.785956859588623047e+00
3.305487155914306641e+00
3.622375965118408203e+00
2.658695459365844727e+00
2.777229547500610352e+00
3.676234006881713867e+00
3.074935674667358398e+00
2.798377513885498047e+00
2.035253286361694336e+00
2.278918027877807617e+00
1.616061091423034668e+00
1.790427565574645996e+00
1.926561117172241211e+00
1.869123101234436035e+00
1.861118793487548828e+00
1.792549133300781250e+00
2.620004415512084961e+00
2.514775991439819336e+00
2.879603624343872070e+00
2.421319723129272461e+00
1.933107137680053711e+00
2.012367963790893555e+00
1.936071157455444336e+00
1.756730556488037109e+00
1.804249882698059082e+00
1.819658756256103516e+00
1.791544318199157715e+00
1.772108793258666992e+00
1.824152112007141113e+00
1.969565153121948242e+00
1.667030334472656250e+00
1.679455280303955078e+00
1.887321829795837402e+00
1.654590964317321777e+00
1.688160896301269531e+00
1.787937402725219727e+00
1.878149151802062988e+00
1.699798226356506348e+00
1.766622781753540039e+00
1.963581562042236328e+00
1.751224160194396973e+00
1.736472249031066895e+00
1.842137336730957031e+00
1.851608753204345703e+00
1.743430256843566895e+00
1.896984338760375977e+00
1.965083360671997070e+00
1.743356823921203613e+00
2.639984846115112305e+00
1.853307008743286133e+00
1.782183885574340820e+00
1.664942622184753418e+00
1.861652731895446777e+00
1.857362866401672363e+00
1.648391127586364746e+00
1.640243053436279297e+00
1.714769721031188965e+00
1.540790438652038574e+00
1.710612177848815918e+00
1.721412539482116699e+00
1.849941730499267578e+00
7.496399879455566406e-01
5.640524029731750488e-01
8.348575830459594727e-01
6.056415438652038574e-01
6.337906122207641602e-01
1.422568440437316895e+00
1.428625226020812988e+00
3.645493984222412109e-01
3.860940635204315186e-01
4.505257010459899902e-01
3.789137899875640869e-01
4.216848611831665039e-01
7.335175275802612305e-01
4.480324983596801758e-01
4.035803973674774170e-01
4.538058340549468994e-01
5.361804962158203125e-01
4.372440278530120850e-01
4.168297648429870605e-01
4.306185245513916016e-01
4.310261011123657227e-01
4.069827795028686523e-01
3.645241856575012207e-01
4.000730514526367188e-01
3.498251438140869141e-01
3.316176533699035645e-01
3.418532907962799072e-01
3.118258416652679443e-01
3.245418071746826172e-01
3.548932075500488281e-01
2.901532053947448730e-01
3.345096409320831299e-01
3.869100511074066162e-01
3.580998778343200684e-01
2.683802247047424316e-01
3.487896025180816650e-01
4.140372276306152344e-01
1.415413737297058105e+00
1.016611933708190918e+00
3.861554563045501709e-01
5.877703428268432617e-01
1.447480440139770508e+00
1.143727898597717285e+00
1.479780912399291992e+00
1.710299491882324219e+00
1.920373082160949707e+00
1.516977667808532715e+00
1.407959103584289551e+00
1.441182732582092285e+00
1.237214684486389160e+00
3.831453025341033936e-01
5.724351406097412109e-01
5.890696048736572266e-01
5.151470303535461426e-01
5.801611542701721191e-01
6.099095344543457031e-01
2.297627449035644531e+00
2.020366191864013672e+00
1.654141187667846680e+00
1.694604635238647461e+00
1.679651260375976562e+00
1.359862327575683594e+00
7.221863269805908203e-01
1.183434724807739258e+00
1.046894788742065430e+00
1.098168611526489258e+00
1.108163595199584961e+00
1.859472393989562988e+00
1.580590605735778809e+00
1.686313152313232422e+00
1.934807062149047852e+00
1.725721836090087891e+00
1.713333487510681152e+00
1.422709345817565918e+00
8.663012981414794922e-01
1.870087862014770508e+00
3.455230236053466797e+00
3.594725370407104492e+00
3.127287387847900391e+00
3.307727098464965820e+00
3.473172903060913086e+00
3.623520135879516602e+00
3.827286243438720703e+00
2.623383522033691406e+00
2.773811817169189453e+00
2.501511573791503906e+00
2.300169467926025391e+00
2.246939659118652344e+00
2.484766483306884766e+00
2.271818876266479492e+00
2.071965456008911133e+00
2.189796686172485352e+00
2.641912698745727539e+00
2.682855367660522461e+00
2.571559190750122070e+00
2.735814571380615234e+00
2.783119440078735352e+00
2.726189851760864258e+00
2.043731689453125000e+00
2.007897615432739258e+00
2.032027721405029297e+00
2.105497598648071289e+00
1.266308307647705078e+00
1.063249111175537109e+00
1.166178941726684570e+00
1.990839838981628418e+00
1.885013580322265625e+00
2.664603233337402344e+00
3.116795063018798828e+00
1.963445305824279785e+00
2.662903308868408203e+00
2.847770452499389648e+00
2.795922040939331055e+00
2.513407945632934570e+00
1.780836343765258789e+00
3.235268115997314453e+00
2.814088821411132812e+00
1.249793648719787598e+00
1.472103118896484375e+00
1.047870874404907227e+00
9.097463488578796387e-01
7.163423299789428711e-01
9.991822838783264160e-01
4.884783923625946045e-01
5.312154889106750488e-01
5.123424530029296875e-01
4.922924637794494629e-01
3.679805696010589600e-01
3.382946550846099854e-01
3.351532220840454102e-01
2.963648140430450439e-01
3.785717189311981201e-01
2.430859357118606567e-01
2.364434450864791870e-01
2.474284619092941284e-01
1.770837008953094482e-01
1.824206560850143433e-01
2.316396087408065796e-01
3.173171281814575195e-01
2.641223967075347900e-01
3.512910306453704834e-01
4.212090075016021729e-01
3.861395418643951416e-01
3.359645605087280273e-01
3.609316051006317139e-01
4.354763627052307129e-01
4.310123920440673828e-01
3.321625590324401855e-01
3.628801405429840088e-01
4.178642034530639648e-01
3.836841881275177002e-01
3.390092551708221436e-01
1.529937028884887695e+00
1.350605130195617676e+00
1.351126790046691895e+00
4.060105681419372559e-01
2.899470925331115723e-01
3.430719077587127686e-01
3.236035704612731934e-01
4.015811383724212646e-01
3.456714749336242676e-01
4.586864113807678223e-01
3.947919905185699463e-01
4.309271574020385742e-01
4.676834046840667725e-01
5.682247281074523926e-01
4.880115985870361328e-01
4.769720435142517090e-01
5.173249840736389160e-01
5.496913194656372070e-01
2.075885772705078125e+00
2.055773019790649414e+00
1.940827369689941406e+00
1.925597071647644043e+00
2.178998708724975586e+00
2.301590442657470703e+00
4.099853515625000000e+00
3.104595184326171875e+00
1.515199065208435059e+00
2.233823537826538086e+00
1.518916964530944824e+00
1.189842104911804199e+00
1.564720034599304199e+00
1.876294255256652832e+00
1.459739685058593750e+00
1.455989003181457520e+00
1.578340291976928711e+00
1.405966043472290039e+00
1.288733839988708496e+00
1.419077515602111816e+00
1.131049156188964844e+00
1.228198528289794922e+00
1.340489268302917480e+00
1.244563221931457520e+00
1.104187250137329102e+00
1.192554235458374023e+00
1.360672831535339355e+00
1.261963844299316406e+00
1.117434144020080566e+00
1.196288585662841797e+00
1.438108682632446289e+00
2.390390634536743164e+00
3.817774772644042969e+00
2.890393733978271484e+00
2.938079833984375000e+00
2.214528322219848633e+00
1.695701599121093750e+00
1.297564744949340820e+00
2.795899152755737305e+00
3.429145812988281250e+00
2.622516870498657227e+00
3.013122320175170898e+00
2.637430429458618164e+00
7.398886680603027344e-01
6.962854862213134766e-01
6.925185322761535645e-01
4.661580622196197510e-01
7.365350723266601562e-01
6.275463700294494629e-01
8.375196456909179688e-01
4.300853908061981201e-01
3.610987961292266846e-01
4.541484713554382324e-01
4.239168167114257812e-01
4.240807294845581055e-01
4.692433178424835205e-01
3.542778789997100830e-01
6.484518051147460938e-01
5.224972367286682129e-01
8.495020866394042969e-01
7.950127720832824707e-01
7.350327372550964355e-01
1.153791069984436035e+00
9.021617770195007324e-01
9.371352791786193848e-01
8.658709526062011719e-01
9.738296270370483398e-01
1.059664726257324219e+00
1.293815135955810547e+00
1.212056636810302734e+00
1.143383622169494629e+00
1.649382591247558594e+00
1.752779960632324219e+00
1.656963586807250977e+00
1.506203651428222656e+00
1.531004309654235840e+00
1.580393791198730469e+00
2.348334550857543945e+00
1.189612150192260742e+00
2.277464628219604492e+00
2.443491935729980469e+00
2.935027837753295898e+00
2.472879886627197266e+00
3.571425676345825195e+00
3.343380689620971680e+00
1.789706468582153320e+00
1.422848105430603027e+00
1.385526299476623535e+00
1.245748996734619141e+00
1.617767333984375000e+00
1.671654939651489258e+00
3.078439712524414062e+00
2.046471595764160156e+00
7.454756498336791992e-01
1.326307773590087891e+00
9.961699843406677246e-01
6.331711411476135254e-01
7.063887119293212891e-01
1.148791193962097168e+00
9.630115032196044922e-01
3.203799128532409668e-01
3.345896899700164795e-01
3.278893530368804932e-01
5.432990789413452148e-01
5.025204420089721680e-01
2.495645135641098022e-01
2.170625329017639160e-01
2.768534123897552490e-01
3.313473761081695557e-01
3.128082156181335449e-01
3.183644711971282959e-01
2.017264813184738159e-01
3.446998000144958496e-01
2.865268886089324951e-01
2.858191728591918945e-01
2.666358649730682373e-01
4.178189635276794434e-01
1.011025786399841309e+00
1.470251321792602539e+00
1.267067193984985352e+00
1.218352913856506348e+00
6.620221138000488281e-01
2.982791066169738770e-01
2.647418677806854248e-01
2.485029250383377075e-01
2.729456126689910889e-01
3.576934039592742920e-01
3.441869616508483887e-01
3.143160343170166016e-01
3.142349123954772949e-01
3.471080064773559570e-01
3.490341007709503174e-01
2.804460227489471436e-01
3.587568998336791992e-01
4.027540087699890137e-01
3.477979302406311035e-01
3.572880029678344727e-01
3.817446827888488770e-01
4.570917189121246338e-01
4.375989735126495361e-01
4.849570691585540771e-01
4.188435375690460205e-01
5.174620747566223145e-01
1.811892509460449219e+00
2.175187349319458008e+00
2.754295110702514648e+00
2.400635004043579102e+00
2.573312997817993164e+00
2.714377403259277344e+00
2.173766136169433594e+00
2.219317674636840820e+00
1.930566430091857910e+00
2.389053344726562500e+00
1.731798648834228516e+00
1.387500166893005371e+00
1.418323755264282227e+00
1.489814043045043945e+00
1.566808700561523438e+00
1.617283821105957031e+00
1.501495003700256348e+00
1.463166236877441406e+00
1.818141937255859375e+00
1.798744320869445801e+00
1.380272984504699707e+00
1.330102920532226562e+00
1.534788250923156738e+00
1.530342102050781250e+00
1.709669828414916992e+00
1.451141834259033203e+00
1.421177148818969727e+00
1.298357129096984863e+00
1.422268033027648926e+00
1.090762495994567871e+00
2.463285177946090698e-01
6.493697762489318848e-01
3.194567263126373291e-01
4.160639345645904541e-01
3.741332590579986572e-01
3.696555793285369873e-01
3.490258753299713135e-01
5.573452115058898926e-01
4.863196015357971191e-01
4.835925996303558350e-01
3.863226473331451416e-01
3.954364061355590820e-01
5.141372680664062500e-01
3.389190733432769775e-01
2.842502295970916748e-01
2.765488922595977783e-01
3.515563607215881348e-01
3.393129408359527588e-01
2.337698936462402344e-01
3.500792384147644043e-01
4.054097235202789307e-01
3.445504009723663330e-01
2.216139286756515503e-01
2.609595954418182373e-01
3.059072494506835938e-01
3.734784126281738281e-01
2.458260953426361084e-01
2.821136415004730225e-01
3.235087394714355469e-01
3.570281565189361572e-01
3.895750939846038818e-01
1.494081497192382812e+00
7.799598574638366699e-01
1.111260652542114258e+00
1.260352611541748047e+00
1.248923063278198242e+00
1.063724637031555176e+00
2.126179218292236328e+00
2.158702135086059570e+00
2.281507968902587891e+00
2.506558656692504883e+00
1.858892679214477539e+00
1.915460109710693359e+00
2.422777175903320312e+00
2.068849086761474609e+00
1.837613821029663086e+00
1.980582475662231445e+00
1.970235347747802734e+00
1.979054450988769531e+00
2.693917751312255859e+00
2.249094247817993164e+00
1.643526792526245117e+00
1.813268780708312988e+00
1.935589075088500977e+00
2.551631212234497070e+00
2.776650190353393555e+00
2.861623048782348633e+00
2.509506225585937500e+00
2.485819339752197266e+00
2.349086284637451172e+00
2.422749280929565430e+00
2.363108158111572266e+00
1.426040530204772949e+00
1.019371509552001953e+00
9.874122738838195801e-01
8.630600571632385254e-01
6.847782731056213379e-01
7.715220451354980469e-01
6.960006952285766602e-01
8.436807990074157715e-01
6.325001120567321777e-01
2.948918044567108154e-01
3.428307175636291504e-01
6.067724823951721191e-01
4.608775675296783447e-01
3.516391217708587646e-01
3.082908093929290771e-01
3.911103308200836182e-01
4.575697481632232666e-01
3.568856418132781982e-01
2.816594541072845459e-01
2.684586346149444580e-01
2.850593626499176025e-01
2.897949516773223877e-01
2.283010929822921753e-01
2.704573571681976318e-01
3.075411617755889893e-01
3.784228861331939697e-01
2.456794530153274536e-01
3.624588549137115479e-01
3.436003923416137695e-01
4.112716019153594971e-01
2.651551961898803711e-01
2.973225116729736328e-01
3.272734582424163818e-01
3.853027224540710449e-01
3.754272460937500000e-01
3.682845532894134521e-01
4.026972651481628418e-01
4.582086801528930664e-01
4.558174312114715576e-01
3.947900831699371338e-01
4.354766309261322021e-01
1.373203754425048828e+00
1.655612826347351074e+00
1.485514521598815918e+00
1.231686711311340332e+00
3.817350864410400391e-01
3.906155824661254883e-01
4.835641086101531982e-01
3.833947479724884033e-01
4.053554534912109375e-01
4.288829267024993896e-01
4.505224227905273438e-01
6.236371994018554688e-01
2.252542972564697266e+00
2.463589429855346680e+00
2.399459123611450195e+00
2.250621795654296875e+00
2.385124921798706055e+00
2.764363050460815430e+00
3.011677742004394531e+00
2.415745019912719727e+00
1.585990071296691895e+00
1.492222547531127930e+00
1.497343778610229492e+00
1.465749263763427734e+00
1.458687424659729004e+00
1.521277666091918945e+00
1.411824941635131836e+00
1.295789122581481934e+00
1.435559868812561035e+00
1.259293556213378906e+00
1.345159411430358887e+00
1.259746670722961426e+00
1.322628855705261230e+00
1.309494018554687500e+00
1.647020936012268066e+00
1.366827368736267090e+00
1.303742051124572754e+00
1.341865062713623047e+00
1.364179849624633789e+00
1.301363706588745117e+00
1.335312962532043457e+00
1.348569750785827637e+00
1.446016788482666016e+00
1.353977918624877930e+00
1.383120536804199219e+00
1.582937121391296387e+00
1.395221948623657227e+00
1.356097579002380371e+00
1.879535794258117676e+00
1.392947316169738770e+00
1.330189228057861328e+00
9.740439653396606445e-01
2.700859606266021729e-01
4.253418743610382080e-01
3.458666205406188965e-01
3.264952898025512695e-01
2.924309670925140381e-01
4.007829725742340088e-01
3.184554576873779297e-01
2.347410172224044800e-01
3.186010122299194336e-01
4.112614393234252930e-01
3.323815464973449707e-01
2.024961411952972412e-01
2.852145135402679443e-01
4.228653907775878906e-01
1.241158127784729004e+00
9.018296003341674805e-01
9.033080339431762695e-01
9.321974515914916992e-01
1.121818900108337402e+00
9.368283152580261230e-01
8.977024555206298828e-01
9.338971376419067383e-01
1.007001996040344238e+00
1.211963653564453125e+00
1.237216353416442871e+00
1.218547224998474121e+00
1.223204970359802246e+00
1.182024836540222168e+00
1.458302617073059082e+00
1.734102964401245117e+00
1.998448252677917480e+00
1.851000547409057617e+00
1.769837379455566406e+00
1.749886393547058105e+00
1.366405487060546875e+00
1.257091164588928223e+00
2.712138652801513672e+00
2.345255374908447266e+00
2.796965122222900391e+00
4.093374729156494141e+00
2.851957082748413086e+00
2.511246681213378906e+00
2.552620172500610352e+00
1.819235324859619141e+00
1.059895277023315430e+00
9.273264408111572266e-01
1.923237681388854980e+00
2.790144681930541992e+00
1.369169831275939941e+00
1.593935608863830566e+00
1.577966094017028809e+00
1.237062811851501465e+00
1.274277687072753906e+00
1.386280894279479980e+00
8.871009349822998047e-01
9.900584220886230469e-01
1.064502835273742676e+00
8.607696890830993652e-01
8.552614450454711914e-01
8.263421654701232910e-01
6.875231266021728516e-01
7.127908468246459961e-01
6.281768083572387695e-01
3.912155628204345703e-01
3.948279023170471191e-01
5.754395127296447754e-01
5.667777657508850098e-01
3.875714540481567383e-01
4.721084535121917725e-01
3.663244545459747314e-01
4.573726654052734375e-01
4.143724739551544189e-01
4.060705900192260742e-01
3.282826840877532959e-01
3.947936594486236572e-01
4.734622240066528320e-01
3.769276738166809082e-01
3.406828939914703369e-01
4.088269174098968506e-01
5.250775814056396484e-01
5.134171843528747559e-01
1.537710189819335938e+00
1.270943284034729004e+00
1.481278300285339355e+00
1.402607560157775879e+00
3.365867733955383301e-01
3.844757676124572754e-01
6.983779072761535645e-01
6.392347216606140137e-01
6.016654968261718750e-01
6.287411451339721680e-01
8.275915384292602539e-01
5.783608555793762207e-01
4.701924920082092285e-01
4.128026962280273438e-01
4.440569877624511719e-01
4.353601336479187012e-01
5.784222483634948730e-01
3.957516252994537354e-01
3.848206102848052979e-01
4.366917014122009277e-01
5.430904626846313477e-01
4.722320735454559326e-01
4.842764735221862793e-01
2.205413818359375000e+00
2.832221269607543945e+00
2.739981651306152344e+00
2.621129274368286133e+00
2.627418756484985352e+00
2.685621261596679688e+00
2.692332029342651367e+00
2.457296371459960938e+00
2.020215988159179688e+00
1.260838627815246582e+00
1.500306248664855957e+00
1.464609622955322266e+00
1.388124823570251465e+00
1.396407723426818848e+00
1.355991959571838379e+00
1.391726732254028320e+00
1.369222402572631836e+00
1.343679785728454590e+00
1.207617044448852539e+00
1.309560894966125488e+00
1.366105675697326660e+00
1.280157923698425293e+00
1.143529176712036133e+00
1.252066969871520996e+00
1.337864279747009277e+00
1.282366871833801270e+00
1.183458089828491211e+00
1.207104206085205078e+00
1.270836353302001953e+00
1.323182463645935059e+00
1.248377323150634766e+00
1.303625822067260742e+00
1.302741885185241699e+00
1.349872827529907227e+00
1.345312356948852539e+00
1.324957489967346191e+00
2.410382509231567383e+00
1.457246541976928711e+00
1.226297140121459961e+00
7.899110317230224609e-01
8.732551336288452148e-01
1.277108788490295410e+00
4.672442972660064697e-01
4.784721732139587402e-01
3.260024785995483398e-01
1.141466856002807617e+00
3.239601552486419678e-01
2.928369045257568359e-01
3.204610347747802734e-01
4.090089201927185059e-01
2.754267454147338867e-01
2.925532162189483643e-01
3.336193859577178955e-01
3.128792047500610352e-01
3.228645920753479004e-01
3.348256945610046387e-01
4.717644453048706055e-01
3.360437750816345215e-01
4.700146019458770752e-01
7.180839180946350098e-01
7.125833034515380859e-01
6.575263738632202148e-01
6.677192449569702148e-01
7.394983768463134766e-01
6.207278966903686523e-01
7.334101200103759766e-01
7.437317967414855957e-01
7.696979045867919922e-01
9.885289669036865234e-01
3.018349409103393555e+00
3.320842027664184570e+00
2.989043235778808594e+00
2.968552827835083008e+00
3.102475643157958984e+00
2.419426202774047852e+00
2.230886459350585938e+00
2.805995702743530273e+00
2.826636552810668945e+00
2.541019916534423828e+00
3.554775953292846680e+00
3.065834522247314453e+00
1.453563690185546875e+00
1.701972365379333496e+00
1.990776777267456055e+00
1.822113633155822754e+00
2.845129728317260742e+00
1.442527413368225098e+00
2.870916843414306641e+00
2.524532318115234375e+00
1.192302942276000977e+00
1.395129084587097168e+00
1.765426635742187500e+00
8.926045298576354980e-01
9.174942970275878906e-01
1.241484045982360840e+00
9.742747545242309570e-01
8.420614004135131836e-01
9.887786507606506348e-01
6.406646966934204102e-01
3.048275709152221680e-01
3.337991833686828613e-01
4.508568048477172852e-01
4.149658977985382080e-01
2.669858932495117188e-01
3.261003196239471436e-01
4.551475346088409424e-01
3.579285740852355957e-01
3.219373226165771484e-01
3.122696280479431152e-01
2.790788412094116211e-01
2.529616951942443848e-01
2.370198667049407959e-01
2.906221747398376465e-01
2.366377860307693481e-01
2.260847389698028564e-01
2.858929038047790527e-01
2.477305233478546143e-01
1.405014753341674805e+00
1.161792039871215820e+00
1.234403491020202637e+00
7.680933475494384766e-01
2.333099544048309326e-01
2.970676124095916748e-01
2.951064407825469971e-01
2.753297090530395508e-01
3.974208831787109375e-01
3.258382976055145264e-01
2.803191244602203369e-01
3.708054125308990479e-01
5.280041694641113281e-01
3.089826405048370361e-01
3.148705363273620605e-01
3.430357277393341064e-01
4.171022176742553711e-01
2.982495129108428955e-01
3.010866940021514893e-01
4.505076110363006592e-01
3.714045882225036621e-01
3.839634954929351807e-01
4.851985573768615723e-01
5.405556559562683105e-01
3.904196023941040039e-01
4.046863913536071777e-01
1.688256263732910156e+00
1.758342027664184570e+00
2.331609487533569336e+00
2.440634727478027344e+00
2.912162065505981445e+00
1.789841294288635254e+00
1.795437335968017578e+00
2.049763917922973633e+00
1.773647665977478027e+00
1.655702471733093262e+00
1.588234901428222656e+00
1.491989254951477051e+00
1.462159752845764160e+00
1.304137587547302246e+00
1.484812498092651367e+00
1.328405737876892090e+00
1.303321957588195801e+00
1.342381715774536133e+00
1.378665924072265625e+00
1.247923731803894043e+00
1.302163839340209961e+00
1.350082755088806152e+00
1.373751640319824219e+00
1.338937044143676758e+00
1.332055807113647461e+00
1.319569826126098633e+00
1.183140873908996582e+00
1.355150580406188965e+00
1.306101560592651367e+00
1.298701167106628418e+00
1.339260578155517578e+00
1.400348186492919922e+00
1.346916317939758301e+00
1.339401721954345703e+00
1.352826476097106934e+00
1.445757985115051270e+00
1.310003280639648438e+00
1.359758138656616211e+00
2.260246515274047852e+00
1.564810991287231445e+00
1.506100893020629883e+00
1.461278200149536133e+00
1.656632423400878906e+00
1.304454803466796875e+00
1.328964829444885254e+00
2.219461202621459961e+00
1.763574838638305664e+00
1.162625551223754883e+00
1.341068148612976074e+00
1.393783569335937500e+00
1.276327371597290039e+00
1.743174791336059570e+00
1.770772337913513184e+00
1.672295808792114258e+00
1.669381260871887207e+00
1.693542003631591797e+00
1.759219408035278320e+00
1.780082345008850098e+00
1.609532594680786133e+00
1.724964499473571777e+00
1.103399515151977539e+00
1.538872838020324707e+00
1.078416347503662109e+00
1.431939601898193359e+00
9.569583535194396973e-01
7.613077759742736816e-01
8.003744482994079590e-01
7.807860374450683594e-01
7.415603995323181152e-01
9.928911924362182617e-01
1.383546233177185059e+00
1.292864203453063965e+00
1.274647474288940430e+00
1.217712879180908203e+00
1.333749532699584961e+00
1.159246444702148438e+00
9.915887117385864258e-01
1.491570949554443359e+00
1.771411776542663574e+00
1.495112895965576172e+00
1.624882936477661133e+00
1.781626105308532715e+00
2.851933002471923828e+00
1.661161422729492188e+00
1.263311505317687988e+00
1.110515952110290527e+00
1.613921403884887695e+00
1.193186402320861816e+00
2.197591066360473633e+00
2.073577165603637695e+00
1.864832639694213867e+00
1.940528869628906250e+00
1.937867641448974609e+00
1.088847994804382324e+00
3.556686341762542725e-01
4.454740881919860840e-01
4.364622831344604492e-01
4.540410041809082031e-01
4.648983180522918701e-01
3.421462774276733398e-01
3.489280343055725098e-01
3.472445011138916016e-01
3.460626006126403809e-01
3.417203426361083984e-01
4.055202007293701172e-01
3.930232524871826172e-01
2.944883406162261963e-01
3.434419631958007812e-01
3.427301049232482910e-01
2.888797521591186523e-01
3.520250618457794189e-01
3.876517415046691895e-01
2.908716201782226562e-01
2.635958492755889893e-01
3.220401108264923096e-01
3.523271083831787109e-01
2.470282763242721558e-01
2.532026171684265137e-01
3.619219064712524414e-01
3.077823519706726074e-01
1.040395140647888184e+00
3.195973634719848633e-01
3.575963675975799561e-01
2.918501496315002441e-01
3.164312541484832764e-01
4.475687444210052490e-01
3.897179067134857178e-01
2.915823459625244141e-01
4.132264554500579834e-01
5.347036719322204590e-01
3.525976538658142090e-01
3.446575701236724854e-01
3.949512541294097900e-01
3.161549568176269531e-01
3.378495275974273682e-01
3.875588476657867432e-01
4.920975863933563232e-01
1.324836373329162598e+00
1.410172939300537109e+00
1.454047799110412598e+00
1.358938336372375488e+00
5.778548717498779297e-01
3.398090600967407227e-01
4.658894538879394531e-01
3.602586686611175537e-01
1.515335559844970703e+00
2.034018278121948242e+00
2.483528852462768555e+00
2.860590934753417969e+00
2.238163948059082031e+00
2.330363750457763672e+00
2.406047344207763672e+00
2.402128458023071289e+00
2.411046981811523438e+00
2.309689044952392578e+00
2.113672494888305664e+00
1.286680102348327637e+00
1.492018580436706543e+00
1.406126737594604492e+00
2.946228027343750000e+00
1.661714196205139160e+00
1.344595313072204590e+00
1.518918871879577637e+00
1.471656441688537598e+00
1.609398245811462402e+00
6.784384250640869141e-01
2.256247282028198242e+00
1.977100610733032227e+00
4.978103339672088623e-01
8.794497251510620117e-01
1.901994824409484863e+00
1.857317090034484863e+00
2.273510217666625977e+00
3.029546260833740234e+00
2.913176298141479492e+00
2.498879671096801758e+00
1.577252388000488281e+00
2.544635772705078125e+00
1.640527844429016113e+00
4.777894020080566406e-01
1.131740689277648926e+00
7.428741455078125000e-01
6.639810800552368164e-01
2.234866380691528320e+00
5.316326618194580078e-01
9.590812325477600098e-01
1.731707096099853516e+00
1.546382904052734375e+00
1.390654683113098145e+00
8.529952168464660645e-01
1.349992513656616211e+00
2.320623397827148438e+00
3.362219333648681641e-01
5.864755511283874512e-01
5.398536920547485352e-01
5.106794834136962891e-01
1.722754716873168945e+00
1.547798871994018555e+00
1.556682348251342773e+00
1.382744789123535156e+00
1.496233344078063965e+00
1.623395919799804688e+00
1.716414093971252441e+00
1.711079239845275879e+00
1.483913183212280273e+00
1.667761921882629395e+00
1.580442309379577637e+00
1.428573131561279297e+00
1.787973642349243164e+00
2.116405725479125977e+00
2.157465934753417969e+00
2.081110000610351562e+00
2.302305698394775391e+00
2.967267751693725586e+00
4.819067001342773438e+00
4.665565490722656250e+00
4.928887844085693359e+00
4.901221275329589844e+00
3.965123414993286133e+00
3.928897142410278320e+00
3.059269905090332031e+00
3.285296440124511719e+00
2.712045907974243164e+00
3.094982385635375977e+00
3.202640056610107422e+00
2.405403852462768555e+00
2.608739614486694336e+00
2.287646532058715820e+00
1.468433856964111328e+00
1.794659137725830078e+00
1.890116453170776367e+00
1.848420381546020508e+00
2.006644725799560547e+00
2.736533641815185547e+00
2.020705938339233398e+00
1.917022705078125000e+00
1.955951571464538574e+00
1.842964291572570801e+00
1.384316205978393555e+00
1.695275068283081055e+00
1.148101568222045898e+00
7.762321233749389648e-01
8.851049542427062988e-01
1.005343794822692871e+00
9.512938261032104492e-01
9.788973927497863770e-01
8.487398028373718262e-01
7.285555601119995117e-01
5.479357242584228516e-01
5.995264053344726562e-01
6.153832674026489258e-01
5.170821547508239746e-01
5.268337726593017578e-01
5.233730077743530273e-01
2.933069765567779541e-01
3.214285969734191895e-01
3.403536975383758545e-01
3.091342151165008545e-01
2.145912647247314453e-01
2.649874389171600342e-01
1.243076562881469727e+00
1.280398011207580566e+00
1.228348731994628906e+00
1.264350056648254395e+00
1.233377605676651001e-01
1.842138171195983887e-01
2.854088544845581055e-01
3.039296269416809082e-01
2.952437400817871094e-01
3.432240486145019531e-01
4.393691122531890869e-01
3.926587104797363281e-01
3.410646915435791016e-01
4.831049740314483643e-01
4.627425372600555420e-01
3.938606083393096924e-01
5.278276205062866211e-01
3.911481499671936035e-01
4.034173190593719482e-01
4.748603999614715576e-01
3.551229238510131836e-01
3.098268508911132812e-01
4.525233209133148193e-01
4.199681580066680908e-01
4.317971467971801758e-01
4.196036159992218018e-01
4.276083707809448242e-01
4.224509596824645996e-01
3.196595609188079834e-01
3.719925284385681152e-01
1.423687338829040527e+00
1.809379339218139648e+00
1.436015129089355469e+00
2.059686660766601562e+00
2.623175144195556641e+00
2.390362024307250977e+00
1.704646468162536621e+00
1.671254515647888184e+00
1.434350609779357910e+00
1.407783627510070801e+00
1.566342473030090332e+00
1.401142001152038574e+00
1.270900726318359375e+00
1.219103455543518066e+00
1.370795726776123047e+00
1.300552725791931152e+00
1.339574337005615234e+00
1.418769478797912598e+00
3.770765066146850586e-01
3.248186409473419189e-01
4.207507073879241943e-01
3.319035172462463379e-01
2.957308292388916016e-01
3.213806450366973877e-01
4.388781785964965820e-01
2.831530272960662842e-01
2.660062611103057861e-01
3.675521612167358398e-01
4.289034903049468994e-01
2.413010001182556152e-01
3.346705436706542969e-01
4.809083640575408936e-01
3.731626570224761963e-01
2.908795773983001709e-01
4.121607542037963867e-01
4.674402773380279541e-01
2.876339852809906006e-01
2.998466789722442627e-01
3.563122153282165527e-01
2.547318041324615479e-01
2.218307405710220337e-01
3.000075817108154297e-01
3.326614201068878174e-01
2.924060225486755371e-01
3.140490651130676270e-01
3.649495840072631836e-01
2.900493144989013672e-01
3.111175894737243652e-01
3.318454027175903320e-01
2.779045999050140381e-01
2.904837727546691895e-01
2.780043482780456543e-01
3.966470956802368164e-01
2.986990213394165039e-01
3.941303193569183350e-01
4.200621843338012695e-01
3.456103503704071045e-01
3.922209739685058594e-01
5.024697184562683105e-01
4.035110473632812500e-01
3.462563753128051758e-01
3.714100718498229980e-01
4.738799333572387695e-01
3.713925480842590332e-01
1.557080626487731934e+00
1.258133292198181152e+00
1.361590981483459473e+00
7.877878546714782715e-01
3.266320824623107910e-01
4.857763350009918213e-01
3.046384453773498535e-01
3.468983173370361328e-01
4.083946645259857178e-01
5.072957873344421387e-01
3.310371041297912598e-01
3.834204971790313721e-01
4.818002879619598389e-01
3.591749072074890137e-01
3.605338633060455322e-01
4.837921559810638428e-01
5.164317488670349121e-01
3.881533443927764893e-01
3.793137073516845703e-01
1.530804038047790527e+00
1.703601121902465820e+00
1.328578352928161621e+00
1.322506308555603027e+00
1.491286754608154297e+00
7.247510552406311035e-01
1.068399190902709961e+00
1.365570306777954102e+00
1.834775805473327637e+00
1.787100315093994141e+00
1.642427325248718262e+00
1.362053632736206055e+00
1.032972812652587891e+00
4.639093577861785889e-01
3.435296714305877686e-01
3.439397215843200684e-01
3.880261778831481934e-01
3.180766701698303223e-01
2.908439338207244873e-01
3.586620688438415527e-01
5.003457665443420410e-01
3.101881146430969238e-01
3.317736089229583740e-01
4.216755330562591553e-01
4.214329421520233154e-01
2.621713578701019287e-01
3.300626873970031738e-01
3.894270956516265869e-01
2.379663288593292236e-01
2.826876044273376465e-01
3.884754180908203125e-01
3.141680061817169189e-01
2.429269552230834961e-01
3.342232108116149902e-01
3.269892334938049316e-01
2.624520361423492432e-01
3.290934860706329346e-01
3.472557365894317627e-01
2.530746161937713623e-01
3.064222931861877441e-01
3.519019782543182373e-01
2.529597580432891846e-01
2.775065898895263672e-01
3.876956105232238770e-01
4.795269072055816650e-01
2.920518815517425537e-01
3.713911771774291992e-01
5.618012547492980957e-01
3.647492229938507080e-01
3.732690215110778809e-01
3.518213927745819092e-01
3.419267535209655762e-01
2.808599174022674561e-01
3.010524213314056396e-01
4.045161902904510498e-01
3.479072749614715576e-01
3.343276381492614746e-01
3.809780180454254150e-01
1.124015808105468750e+00
1.130540132522583008e+00
2.073441743850708008e+00
2.629743576049804688e+00
1.850940823554992676e+00
1.908555865287780762e+00
2.013473987579345703e+00
1.916757106781005859e+00
1.900233745574951172e+00
2.200034379959106445e+00
2.066698074340820312e+00
1.633139848709106445e+00
2.299182653427124023e+00
2.777534008026123047e+00
2.527000427246093750e+00
2.685296297073364258e+00
1.384207606315612793e+00
1.636906147003173828e+00
1.433780670166015625e+00
1.479234695434570312e+00
1.664680480957031250e+00
1.637318968772888184e+00
2.677942037582397461e+00
2.704467535018920898e+00
3.060593843460083008e+00
2.959848880767822266e+00
2.791300296783447266e+00
1.732439517974853516e+00
2.510607004165649414e+00
2.590736865997314453e+00
2.424046993255615234e+00
2.941857337951660156e+00
1.834916710853576660e+00
1.897610902786254883e+00
2.003028631210327148e+00
1.916933655738830566e+00
1.805420517921447754e+00
1.787448763847351074e+00
2.025507450103759766e+00
1.814854145050048828e+00
1.815169334411621094e+00
1.887608766555786133e+00
1.728995919227600098e+00
1.742019414901733398e+00
2.310254096984863281e+00
2.463666200637817383e+00
1.350346684455871582e+00
1.515476465225219727e+00
1.473885059356689453e+00
1.554172992706298828e+00
1.789756298065185547e+00
2.000501632690429688e+00
2.593994617462158203e+00
2.551314353942871094e+00
3.747875094413757324e-01
6.781289577484130859e-01
8.593416810035705566e-01
8.897692561149597168e-01
9.483793377876281738e-01
1.032696247100830078e+00
8.828614354133605957e-01
9.444096088409423828e-01
8.494220376014709473e-01
7.586142420768737793e-01
7.811354994773864746e-01
7.941452860832214355e-01
7.573531270027160645e-01
7.675506472587585449e-01
7.476412653923034668e-01
9.734453558921813965e-01
1.115992188453674316e+00
3.413636922836303711e+00
3.620962858200073242e+00
4.215984344482421875e+00
3.385462999343872070e+00
3.205377817153930664e+00
3.339765787124633789e+00
1.980905652046203613e+00
1.274843692779541016e+00
1.892144203186035156e+00
3.396130323410034180e+00
3.133731365203857422e+00
1.428726315498352051e+00
1.658273816108703613e+00
1.877534508705139160e+00
1.692782163619995117e+00
1.909814238548278809e+00
2.140414953231811523e+00
2.179641962051391602e+00
2.246577739715576172e+00
2.739584684371948242e+00
2.611975669860839844e+00
2.660252332687377930e+00
2.325561285018920898e+00
1.837272644042968750e+00
1.923963189125061035e+00
1.353498578071594238e+00
2.725377678871154785e-01
4.533286392688751221e-01
4.241670668125152588e-01
2.975231409072875977e-01
2.976327836513519287e-01
3.071782588958740234e-01
2.851051390171051025e-01
2.314677387475967407e-01
4.156404435634613037e-01
4.056520462036132812e-01
3.287703096866607666e-01
3.014293313026428223e-01
4.138779938220977783e-01
4.067182838916778564e-01
3.396267890930175781e-01
2.940982878208160400e-01
3.175887763500213623e-01
2.610086500644683838e-01
2.324898540973663330e-01
2.833766937255859375e-01
2.896589934825897217e-01
2.513050436973571777e-01
3.572959601879119873e-01
2.697734832763671875e-01
2.795371115207672119e-01
3.326142728328704834e-01
3.973836004734039307e-01
2.390969842672348022e-01
2.722905278205871582e-01
4.311579465866088867e-01
2.914420068264007568e-01
2.292223274707794189e-01
4.075364470481872559e-01
4.798963963985443115e-01
2.826470434665679932e-01
3.455810248851776123e-01
4.338454902172088623e-01
3.827782869338989258e-01
4.130740761756896973e-01
4.287565648555755615e-01
4.004208743572235107e-01
3.723414540290832520e-01
3.433542549610137939e-01
4.743004143238067627e-01
4.493081569671630859e-01
4.687630832195281982e-01
4.081403017044067383e-01
3.485782742500305176e-01
4.518317878246307373e-01
1.579841256141662598e+00
1.847575426101684570e+00
2.540840387344360352e+00
2.093865156173706055e+00
2.191625118255615234e+00
2.169696092605590820e+00
2.374352693557739258e+00
2.471148729324340820e+00
1.617527723312377930e+00
2.367785930633544922e+00
2.129117250442504883e+00
1.288492918014526367e+00
1.255396962165832520e+00
1.317188024520874023e+00
1.381989955902099609e+00
1.284437894821166992e+00
1.270434260368347168e+00
1.372715234756469727e+00
1.371018052101135254e+00
1.879871010780334473e+00
1.414155006408691406e+00
1.486944437026977539e+00
1.518979907035827637e+00
1.551662564277648926e+00
1.660893559455871582e+00
1.641473770141601562e+00
1.307547926902770996e+00
1.315923333168029785e+00
1.895192742347717285e+00
2.300024271011352539e+00
1.690997481346130371e+00
1.367752194404602051e+00
1.441447734832763672e+00
1.816790103912353516e+00
9.276408553123474121e-01
6.075498461723327637e-01
6.106715202331542969e-01
6.910998225212097168e-01
4.850899875164031982e-01
2.236560821533203125e+00
8.343253135681152344e-01
4.027068614959716797e-01
5.395689010620117188e-01
8.042460680007934570e-01
1.563660383224487305e+00
1.583846330642700195e+00
1.931793332099914551e+00
2.634147882461547852e+00
6.023181080818176270e-01
3.650501966476440430e-01
4.187805056571960449e-01
3.175660073757171631e-01
6.036337614059448242e-01
6.973369121551513672e-01
6.188443303108215332e-01
5.671685934066772461e-01
7.853286266326904297e-01
6.259747147560119629e-01
5.466005802154541016e-01
6.963558793067932129e-01
6.412118077278137207e-01
1.319808125495910645e+00
1.109189629554748535e+00
1.217187166213989258e+00
7.325458526611328125e-01
7.244758605957031250e-01
9.846940636634826660e-01
1.306069493293762207e+00
1.372464179992675781e+00
1.824506521224975586e+00
1.906613349914550781e+00
1.911624431610107422e+00
1.932103037834167480e+00
3.069834709167480469e+00
2.729079484939575195e+00
2.405992507934570312e+00
2.632705211639404297e+00
2.202017784118652344e+00
1.393083214759826660e+00
1.449687123298645020e+00
2.808560132980346680e+00
2.751718997955322266e+00
3.192790031433105469e+00
2.691470146179199219e+00
2.711158990859985352e+00
2.512353897094726562e+00
2.113557338714599609e+00
1.247587919235229492e+00
1.392683267593383789e+00
1.137650251388549805e+00
1.194469451904296875e+00
1.241561651229858398e+00
8.315982818603515625e-01
7.758900523185729980e-01
8.130286931991577148e-01
7.936708331108093262e-01
6.065230369567871094e-01
6.761409044265747070e-01
7.538216114044189453e-01
6.637653708457946777e-01
6.197710037231445312e-01
6.729816794395446777e-01
5.759145617485046387e-01
3.430116176605224609e-01
5.072680711746215820e-01
4.954783022403717041e-01
3.028140664100646973e-01
3.522629737854003906e-01
2.878187000751495361e-01
3.702964186668395996e-01
1.943614631891250610e-01
2.746039032936096191e-01
1.853937953710556030e-01
2.819612324237823486e-01
1.777412593364715576e-01
2.585475146770477295e-01
4.098783433437347412e-01
2.949238717555999756e-01
2.566556930541992188e-01
3.350265920162200928e-01
1.339321970939636230e+00
1.367493748664855957e+00
1.178303956985473633e+00
1.185902714729309082e+00
2.708797454833984375e-01
2.301468700170516968e-01
3.513548970222473145e-01
3.883838653564453125e-01
3.019777834415435791e-01
3.436321616172790527e-01
3.919427692890167236e-01
3.451482057571411133e-01
3.030245602130889893e-01
3.297096490859985352e-01
3.356929421424865723e-01
2.690164148807525635e-01
2.877312898635864258e-01
3.782041370868682861e-01
3.463778197765350342e-01
3.844815492630004883e-01
3.954808115959167480e-01
4.455609619617462158e-01
3.255946040153503418e-01
4.615184068679809570e-01
2.012332916259765625e+00
1.797391057014465332e+00
1.898429632186889648e+00
1.779935479164123535e+00
2.706117868423461914e+00
1.920515298843383789e+00
4.195761203765869141e+00
3.138345479965209961e+00
1.410856246948242188e+00
1.803888559341430664e+00
1.557882070541381836e+00
1.720529913902282715e+00
1.320155382156372070e+00
1.723979711532592773e+00
1.497268915176391602e+00
1.350179791450500488e+00
1.455771565437316895e+00
1.441698551177978516e+00
1.371170163154602051e+00
1.357703804969787598e+00
1.257718563079833984e+00
1.292898535728454590e+00
1.727421522140502930e+00
1.299071192741394043e+00
1.333385467529296875e+00
1.329473614692687988e+00
1.362855911254882812e+00
9.817099571228027344e-01
1.330843567848205566e+00
1.444505572319030762e+00
1.352301001548767090e+00
1.375520944595336914e+00
1.320776224136352539e+00
1.512874126434326172e+00
2.118626117706298828e+00
1.421995639801025391e+00
1.406561732292175293e+00
1.726885437965393066e+00
1.365638852119445801e+00
2.211355209350585938e+00
2.720577239990234375e+00
1.322479724884033203e+00
1.534691214561462402e+00
1.814873099327087402e+00
1.662086486816406250e+00
1.537013173103332520e+00
1.688630342483520508e+00
2.642503499984741211e+00
2.496627569198608398e+00
1.338709831237792969e+00
1.544509172439575195e+00
1.571723461151123047e+00
1.427185058593750000e+00
1.460924148559570312e+00
1.875901818275451660e+00
1.505846023559570312e+00
5.049982666969299316e-01
6.534584760665893555e-01
1.145737528800964355e+00
9.209007620811462402e-01
1.097661018371582031e+00
2.293837308883666992e+00
2.324354410171508789e+00
2.375528097152709961e+00
2.170770883560180664e+00
2.490323066711425781e+00
7.345089912414550781e-01
8.759234547615051270e-01
2.206109762191772461e+00
2.603024721145629883e+00
2.513729810714721680e+00
2.499028921127319336e+00
2.221844196319580078e+00
1.980737328529357910e+00
1.302826285362243652e+00
1.695052504539489746e+00
1.789872884750366211e+00
1.996222019195556641e+00
1.746571183204650879e+00
2.217363595962524414e+00
2.702110528945922852e+00
2.644538164138793945e+00
2.654556512832641602e+00
2.154639005661010742e+00
2.052758216857910156e+00
2.111506223678588867e+00
2.232617139816284180e+00
1.979565620422363281e+00
2.188347578048706055e+00
1.375973224639892578e+00
7.939997315406799316e-01
8.478816151618957520e-01
6.296267509460449219e-01
7.674870491027832031e-01
3.816218674182891846e-01
3.216341733932495117e-01
3.104348182678222656e-01
3.844012320041656494e-01
3.411858379840850830e-01
3.819340765476226807e-01
4.993493854999542236e-01
4.316208958625793457e-01
3.210761249065399170e-01
2.977284491062164307e-01
3.743585646152496338e-01
3.138613104820251465e-01
2.841288149356842041e-01
3.324561119079589844e-01
2.512965500354766846e-01
2.798251807689666748e-01
2.733457982540130615e-01
3.472702801227569580e-01
2.871109843254089355e-01
3.004060983657836914e-01
2.892256677150726318e-01
3.339348733425140381e-01
3.245354890823364258e-01
3.476869165897369385e-01
2.794219851493835449e-01
2.425174564123153687e-01
2.761021256446838379e-01
3.284194767475128174e-01
3.187413513660430908e-01
3.199010491371154785e-01
3.865572810173034668e-01
4.977130293846130371e-01
2.639146447181701660e-01
3.353566229343414307e-01
4.341631531715393066e-01
4.046356976032257080e-01
3.249090909957885742e-01
4.055941998958587646e-01
4.498807489871978760e-01
1.442474246025085449e+00
1.314600467681884766e+00
1.364689111709594727e+00
1.356680035591125488e+00
3.039439022541046143e-01
3.743952810764312744e-01
4.594815671443939209e-01
3.582081496715545654e-01
3.642325401306152344e-01
1.484659910202026367e+00
9.229745864868164062e-01
2.194410085678100586e+00
1.837789535522460938e+00
1.906355738639831543e+00
2.636838436126708984e+00
2.141094684600830078e+00
2.431057691574096680e+00
3.695493459701538086e+00
2.049921512603759766e+00
2.057986021041870117e+00
1.765971541404724121e+00
2.070861577987670898e+00
1.736020326614379883e+00
7.609547376632690430e-01
1.385673284530639648e+00
2.583854675292968750e+00
1.588199853897094727e+00
9.054756164550781250e-01
1.071997284889221191e+00
9.362486004829406738e-01
6.837572455406188965e-01
8.545630574226379395e-01
1.082907199859619141e+00
8.770437240600585938e-01
6.233927011489868164e-01
4.519674479961395264e-01
3.556187450885772705e-01
3.748815357685089111e-01
7.450488805770874023e-01
1.675657033920288086e+00
1.326317310333251953e+00
1.362118363380432129e+00
7.331656217575073242e-01
4.329406917095184326e-01
9.669144153594970703e-01
4.382987320423126221e-01
4.981822967529296875e-01
4.739268124103546143e-01
5.936188101768493652e-01
4.582042694091796875e-01
5.362575054168701172e-01
3.387592732906341553e-01
3.230942785739898682e-01
3.805893361568450928e-01
3.690257072448730469e-01
3.007695674896240234e-01
3.135946094989776611e-01
2.960904538631439209e-01
3.309293687343597412e-01
2.588805556297302246e-01
3.161941468715667725e-01
2.716957330703735352e-01
2.977183163166046143e-01
4.230265617370605469e-01
3.589975535869598389e-01
3.753609359264373779e-01
4.148052632808685303e-01
4.643572270870208740e-01
3.721556365489959717e-01
9.033491611480712891e-01
8.927114605903625488e-01
9.056093692779541016e-01
6.886225342750549316e-01
1.289468765258789062e+00
1.497929453849792480e+00
1.873048424720764160e+00
1.611859679222106934e+00
1.796640634536743164e+00
1.817126989364624023e+00
1.779962778091430664e+00
1.882213115692138672e+00
2.083240747451782227e+00
2.532944440841674805e+00
2.651811838150024414e+00
2.728282690048217773e+00
2.767309427261352539e+00
2.895460128784179688e+00
2.556998014450073242e+00
1.849725961685180664e+00
1.358853816986083984e+00
1.271372795104980469e+00
2.409277915954589844e+00
1.951359272003173828e+00
1.680747628211975098e+00
1.738842606544494629e+00
1.634351372718811035e+00
1.607061266899108887e+00
1.481629490852355957e+00
1.564573168754577637e+00
1.605051636695861816e+00
1.154296278953552246e+00
9.573782682418823242e-01
1.203706264495849609e+00
1.117133498191833496e+00
9.439235925674438477e-01
1.008161783218383789e+00
1.209864377975463867e+00
1.773285865783691406e+00
1.591768860816955566e+00
1.589050054550170898e+00
1.647111654281616211e+00
5.669238567352294922e-01
4.824106991291046143e-01
6.927416324615478516e-01
4.627159237861633301e-01
3.898349404335021973e-01
3.539870381355285645e-01
4.103407561779022217e-01
2.821720242500305176e-01
2.402572482824325562e-01
3.153978884220123291e-01
3.610807061195373535e-01
2.526689469814300537e-01
2.541995048522949219e-01
3.657686114311218262e-01
2.600978314876556396e-01
2.095330655574798584e-01
2.699995934963226318e-01
3.542734682559967041e-01
1.871019750833511353e-01
1.954416781663894653e-01
3.136181831359863281e-01
3.398334383964538574e-01
2.000040411949157715e-01
2.987338304519653320e-01
3.786045908927917480e-01
3.867209255695343018e-01
2.941544950008392334e-01
3.877353668212890625e-01
3.818425238132476807e-01
3.576733767986297607e-01
3.117123842239379883e-01
3.865084946155548096e-01
3.341212570667266846e-01
2.989440858364105225e-01
3.223114609718322754e-01
