1.739259243011474609e+00
1.390026807785034180e+00
1.437859892845153809e+00
1.510836482048034668e+00
1.291983008384704590e+00
1.352361798286437988e+00
1.832882881164550781e+00
1.863151311874389648e+00
1.188194155693054199e+00
1.377067923545837402e+00
1.391824007034301758e+00
1.273458957672119141e+00
1.395162463188171387e+00
1.411276698112487793e+00
1.238646864891052246e+00
1.268085479736328125e+00
1.294117689132690430e+00
1.210971236228942871e+00
1.190821170806884766e+00
1.300484180450439453e+00
1.248013854026794434e+00
1.199184179306030273e+00
1.033987522125244141e+00
1.124377369880676270e+00
2.930537164211273193e-01
3.069743216037750244e-01
3.010998666286468506e-01
3.300223946571350098e-01
2.939286231994628906e-01
2.402142137289047241e-01
2.883710265159606934e-01
1.100081086158752441e+00
5.682359337806701660e-01
3.569470345973968506e-01
3.386350870132446289e-01
2.858942747116088867e-01
3.138281404972076416e-01
4.936372041702270508e-01
4.555438756942749023e-01
3.186259567737579346e-01
4.874077737331390381e-01
4.969173371791839600e-01
3.192544579505920410e-01
3.873741030693054199e-01
5.025960803031921387e-01
3.833333551883697510e-01
3.379780948162078857e-01
4.214041829109191895e-01
3.254633247852325439e-01
3.268091380596160889e-01
4.364165067672729492e-01
4.299300014972686768e-01
3.281505703926086426e-01
3.199627101421356201e-01
5.353338122367858887e-01
3.162032067775726318e-01
1.416110754013061523e+00
1.569335341453552246e+00
2.117874383926391602e+00
1.765872597694396973e+00
1.519474983215332031e+00
5.518262386322021484e-01
3.470301628112792969e-01
3.875086605548858643e-01
7.036441564559936523e-01
4.727388620376586914e-01
5.818284749984741211e-01
6.497025489807128906e-01
5.451925396919250488e-01
3.744761347770690918e-01
4.788150787353515625e-01
5.670710206031799316e-01
5.139451026916503906e-01
4.301533699035644531e-01
5.662835836410522461e-01
4.233469665050506592e-01
6.208778619766235352e-01
1.810874819755554199e+00
1.743012547492980957e+00
2.297035455703735352e+00
2.006301879882812500e+00
2.097198486328125000e+00
1.740015745162963867e+00
2.004364252090454102e+00
1.786816358566284180e+00
1.491811633110046387e+00
1.461044669151306152e+00
1.534801721572875977e+00
1.409338355064392090e+00
1.334483504295349121e+00
1.412231683731079102e+00
1.451595664024353027e+00
1.340336918830871582e+00
1.349667191505432129e+00
1.505111694335937500e+00
1.484383821487426758e+00
1.485715746879577637e+00
1.714780926704406738e+00
2.324254989624023438e+00
1.278402566909790039e+00
1.377920985221862793e+00
1.548669934272766113e+00
1.541227936744689941e+00
1.407498598098754883e+00
1.624636173248291016e+00
1.443702220916748047e+00
1.376771330833435059e+00
1.324458122253417969e+00
1.431193828582763672e+00
1.343682289123535156e+00
7.565968632698059082e-01
3.726103603839874268e-01
3.667139708995819092e-01
3.693897128105163574e-01
3.716107308864593506e-01
4.225893616676330566e-01
3.197250962257385254e-01
3.593914210796356201e-01
4.260668456554412842e-01
3.817622065544128418e-01
3.049133718013763428e-01
3.541915118694305420e-01
6.051235198974609375e-01
1.045174598693847656e+00
2.743380367755889893e-01
5.045197010040283203e-01
3.838319182395935059e-01
3.483288586139678955e-01
1.121095895767211914e+00
1.334750533103942871e+00
1.678081750869750977e+00
1.462497472763061523e+00
1.690910577774047852e+00
1.434915184974670410e+00
1.380054473876953125e+00
1.353035330772399902e+00
1.334261536598205566e+00
1.246729969978332520e+00
1.430576801300048828e+00
1.425228357315063477e+00
1.311593055725097656e+00
1.328538894653320312e+00
1.395787477493286133e+00
1.938759565353393555e+00
1.377561569213867188e+00
1.407769322395324707e+00
1.476754665374755859e+00
2.101906299591064453e+00
1.325326204299926758e+00
1.464161992073059082e+00
1.391444921493530273e+00
1.351702690124511719e+00
1.414676427841186523e+00
1.896682739257812500e+00
1.850484371185302734e+00
8.129119277000427246e-01
6.454581022262573242e-01
4.888117015361785889e-01
4.801422655582427979e-01
5.954053401947021484e-01
4.761533141136169434e-01
3.842057883739471436e-01
5.857198238372802734e-01
3.527341485023498535e-01
2.937428057193756104e-01
4.019221067428588867e-01
4.905626475811004639e-01
2.934898138046264648e-01
2.990230023860931396e-01
1.357776165008544922e+00
1.385078787803649902e+00
1.340077280998229980e+00
1.891979813575744629e+00
1.945747613906860352e+00
8.768055438995361328e-01
2.830154299736022949e-01
5.115766525268554688e-01
3.060136139392852783e-01
4.052841961383819580e-01
4.300061762332916260e-01
2.891154587268829346e-01
2.787638902664184570e-01
5.064496397972106934e-01
5.432450771331787109e-01
2.696334123611450195e-01
3.184823095798492432e-01
4.602531790733337402e-01
3.726172149181365967e-01
3.373624682426452637e-01
4.807691276073455811e-01
4.345899224281311035e-01
1.241134285926818848e+00
6.806966662406921387e-01
5.560489892959594727e-01
4.257217645645141602e-01
3.945713639259338379e-01
1.597130775451660156e+00
7.337505221366882324e-01
4.351844489574432373e-01
1.735119819641113281e+00
1.786944627761840820e+00
1.995227575302124023e+00
1.266725420951843262e+00
1.560735464096069336e+00
1.537760019302368164e+00
1.333358407020568848e+00
1.428031802177429199e+00
5.600897669792175293e-01
7.533633112907409668e-01
5.235328078269958496e-01
6.849937438964843750e-01
6.810055971145629883e-01
6.156853437423706055e-01
5.973391532897949219e-01
4.794800281524658203e-01
3.697295784950256348e-01
4.270141422748565674e-01
4.002566933631896973e-01
2.850223779678344727e-01
3.061002194881439209e-01
3.689256608486175537e-01
3.418478071689605713e-01
2.620565295219421387e-01
3.499306738376617432e-01
2.612602710723876953e-01
2.367230206727981567e-01
3.559558987617492676e-01
5.161932706832885742e-01
1.027024626731872559e+00
3.207693994045257568e-01
4.039704501628875732e-01
3.159074485301971436e-01
3.122194707393646240e-01
2.904747128486633301e-01
3.128178119659423828e-01
2.076837122440338135e-01
4.288475811481475830e-01
4.202650189399719238e-01
3.019514679908752441e-01
4.075904488563537598e-01
4.510352611541748047e-01
3.065409660339355469e-01
3.967663347721099854e-01
4.753115475177764893e-01
4.346452951431274414e-01
3.467840254306793213e-01
4.021106958389282227e-01
3.936490118503570557e-01
3.555502295494079590e-01
3.019953370094299316e-01
3.581045567989349365e-01
3.470167517662048340e-01
3.057850003242492676e-01
1.260562896728515625e+00
1.864168405532836914e+00
1.659373998641967773e+00
1.167395949363708496e+00
1.168577790260314941e+00
3.299256265163421631e-01
3.706176578998565674e-01
1.093955755233764648e+00
1.484512686729431152e+00
1.270498394966125488e+00
1.203209877014160156e+00
1.433789730072021484e+00
1.341222524642944336e+00
1.243154406547546387e+00
1.291005253791809082e+00
1.342350721359252930e+00
1.289943695068359375e+00
1.384263277053833008e+00
1.356096386909484863e+00
1.232046842575073242e+00
1.751803874969482422e+00
1.209871172904968262e+00
1.234634876251220703e+00
1.267666101455688477e+00
1.298308372497558594e+00
1.388819336891174316e+00
2.033037424087524414e+00
1.292763113975524902e+00
1.290613055229187012e+00
1.410538077354431152e+00
2.487873315811157227e+00
2.290023803710937500e+00
2.300548791885375977e+00
2.129038333892822266e+00
2.320209741592407227e+00
1.061993479728698730e+00
6.563510298728942871e-01
9.885870218276977539e-01
7.495092749595642090e-01
6.047600507736206055e-01
6.649727821350097656e-01
5.788218975067138672e-01
4.512967467308044434e-01
1.150450348854064941e+00
1.103162407875061035e+00
1.035883188247680664e+00
1.218329071998596191e+00
1.339052200317382812e+00
1.237577915191650391e+00
1.275185704231262207e+00
1.828380346298217773e+00
6.171676516532897949e-01
4.220480322837829590e-01
5.683341026306152344e-01
5.281880497932434082e-01
4.147931933403015137e-01
3.368682563304901123e-01
2.941158413887023926e-01
3.241010606288909912e-01
3.064872622489929199e-01
3.791659474372863770e-01
3.227672874927520752e-01
3.994154930114746094e-01
3.802398741245269775e-01
2.595430314540863037e-01
2.642331421375274658e-01
3.973923623561859131e-01
3.859378099441528320e-01
4.139709174633026123e-01
6.274433135986328125e-01
3.735135197639465332e-01
3.567548990249633789e-01
4.263420403003692627e-01
5.605261325836181641e-01
5.249199867248535156e-01
1.267773866653442383e+00
9.872036576271057129e-01
4.083908200263977051e-01
4.037780165672302246e-01
3.396947681903839111e-01
3.920332193374633789e-01
1.391290307044982910e+00
2.306150913238525391e+00
2.176217317581176758e+00
1.936558008193969727e+00
1.606665253639221191e+00
1.959726691246032715e+00
3.049580097198486328e+00
1.232970595359802246e+00
1.564261794090270996e+00
2.395817041397094727e+00
1.633930921554565430e+00
1.574973464012145996e+00
1.536136865615844727e+00
3.164479970932006836e+00
1.753452897071838379e+00
1.293694734573364258e+00
1.387787699699401855e+00
1.605923771858215332e+00
8.247359991073608398e-01
4.088877737522125244e-01
6.307314038276672363e-01
5.649377107620239258e-01
3.188616633415222168e-01
4.546519815921783447e-01
5.640425086021423340e-01
3.554584085941314697e-01
3.880291879177093506e-01
4.012470245361328125e-01
3.674367666244506836e-01
3.127377629280090332e-01
4.118345975875854492e-01
2.663834393024444580e-01
3.182603120803833008e-01
2.472637295722961426e-01
1.080366015434265137e+00
7.001014351844787598e-01
3.729346096515655518e-01
3.448976874351501465e-01
3.408410251140594482e-01
3.645455837249755859e-01
3.383083641529083252e-01
3.043342232704162598e-01
3.341459333896636963e-01
5.526696443557739258e-01
2.427444010972976685e-01
3.433616459369659424e-01
5.252673029899597168e-01
3.970264494419097900e-01
2.555987834930419922e-01
4.314317703247070312e-01
4.118145704269409180e-01
2.534465491771697998e-01
3.632233142852783203e-01
3.414429426193237305e-01
3.960920572280883789e-01
3.647793829441070557e-01
3.206677138805389404e-01
3.573842048645019531e-01
1.251381158828735352e+00
1.273595213890075684e+00
7.126041650772094727e-01
7.791836261749267578e-01
1.000012040138244629e+00
7.366299629211425781e-01
7.343724370002746582e-01
1.231473207473754883e+00
1.459929347038269043e+00
1.467265844345092773e+00
1.919728159904479980e+00
2.095555305480957031e+00
1.401990532875061035e+00
1.436479210853576660e+00
1.415059328079223633e+00
6.155715584754943848e-01
1.584391832351684570e+00
2.051216602325439453e+00
1.777397513389587402e+00
1.658224701881408691e+00
1.643536329269409180e+00
1.588089346885681152e+00
1.697507381439208984e+00
2.899845361709594727e+00
2.587377071380615234e+00
2.623713731765747070e+00
3.301468849182128906e+00
3.239751577377319336e+00
2.123005390167236328e+00
9.529197812080383301e-01
1.117431759834289551e+00
9.903352260589599609e-01
1.004889011383056641e+00
1.103724598884582520e+00
7.539699077606201172e-01
3.338422179222106934e-01
3.228300511837005615e-01
3.080216348171234131e-01
3.176375627517700195e-01
2.039247453212738037e-01
2.827616035938262939e-01
4.504856765270233154e-01
1.280080080032348633e+00
2.978487908840179443e-01
3.756396770477294922e-01
4.222374260425567627e-01
3.674148321151733398e-01
3.924136459827423096e-01
3.851382732391357422e-01
4.340595602989196777e-01
1.367270588874816895e+00
1.482814908027648926e+00
1.574572205543518066e+00
1.224918961524963379e+00
3.360360860824584961e-01
3.748234212398529053e-01
3.248986899852752686e-01
3.115103542804718018e-01
3.243759870529174805e-01
3.604335486888885498e-01
3.838165700435638428e-01
3.176600337028503418e-01
4.038117527961730957e-01
3.519738018512725830e-01
4.727078974246978760e-01
1.230968594551086426e+00
3.768813610076904297e-01
3.063378632068634033e-01
3.324465155601501465e-01
3.638222217559814453e-01
5.019503235816955566e-01
3.610963225364685059e-01
3.787454962730407715e-01
5.263348817825317383e-01
6.154005527496337891e-01
4.083603918552398682e-01
4.365543723106384277e-01
6.174666881561279297e-01
5.666744112968444824e-01
3.832757771015167236e-01
5.646425485610961914e-01
1.937244653701782227e+00
2.543092250823974609e+00
2.493268489837646484e+00
2.581524848937988281e+00
2.217859506607055664e+00
1.916488051414489746e+00
1.958769798278808594e+00
2.451424360275268555e+00
2.003062725067138672e+00
4.494374275207519531e+00
4.721839904785156250e+00
4.972315311431884766e+00
3.548532962799072266e+00
2.199715614318847656e+00
1.498223066329956055e+00
1.783656835556030273e+00
1.480801701545715332e+00
2.410493373870849609e+00
2.783361196517944336e+00
3.942616224288940430e+00
4.460638523101806641e+00
3.180301189422607422e+00
2.928466081619262695e+00
2.874971389770507812e+00
1.324457049369812012e+00
1.188530564308166504e+00
4.257227897644042969e+00
3.945497035980224609e+00
3.083694219589233398e+00
3.195629596710205078e+00
1.805731892585754395e+00
5.905568599700927734e-01
4.291367530822753906e-01
1.111090183258056641e+00
3.096324682235717773e+00
2.485121965408325195e+00
2.969859838485717773e+00
2.504871845245361328e+00
5.255370140075683594e-01
1.075376868247985840e+00
1.260962009429931641e+00
5.049396038055419922e+00
3.331975936889648438e+00
1.825370430946350098e+00
2.071431636810302734e+00
9.214508533477783203e-01
-1.493329256772994995e-01
8.690156936645507812e-01
1.319796562194824219e+00
2.490886747837066650e-01
5.104021430015563965e-01
6.109031438827514648e-01
1.260681271553039551e+00
1.424886822700500488e+00
4.284964501857757568e-01
6.344355344772338867e-01
4.943293035030364990e-01
6.275762319564819336e-01
8.215230107307434082e-01
5.646768212318420410e-01
2.201041877269744873e-01
3.650921285152435303e-01
6.509926915168762207e-01
6.622501611709594727e-01
9.264600276947021484e-01
1.136432766914367676e+00
8.607135415077209473e-01
9.553622603416442871e-01
9.057938456535339355e-01
1.522838711738586426e+00
1.405941367149353027e+00
1.750529050827026367e+00
3.289698839187622070e+00
2.657007455825805664e+00
2.758424997329711914e+00
4.243265628814697266e+00
4.048840045928955078e+00
4.048455715179443359e+00
3.302148103713989258e+00
3.210529804229736328e+00
2.145692825317382812e+00
4.724956989288330078e+00
3.994065284729003906e+00
5.206705570220947266e+00
4.354120731353759766e+00
3.826681613922119141e+00
3.425511121749877930e+00
4.432909965515136719e+00
2.867106437683105469e+00
2.246357679367065430e+00
2.540781259536743164e+00
3.249287843704223633e+00
2.270709991455078125e+00
1.513615846633911133e+00
2.065414667129516602e+00
1.916586160659790039e+00
1.937046408653259277e+00
1.929436683654785156e+00
1.134752273559570312e+00
8.509005308151245117e-01
3.663184344768524170e-01
4.445358514785766602e-01
3.179925084114074707e-01
4.302918016910552979e-01
3.324572145938873291e-01
4.950203001499176025e-01
1.970692723989486694e-01
2.837730348110198975e-01
1.189814090728759766e+00
6.893817782402038574e-01
2.426139414310455322e-01
5.982532501220703125e-01
4.535791575908660889e-01
3.545026183128356934e-01
7.274419069290161133e-01
5.063312053680419922e-01
2.575300633907318115e-01
2.115295827388763428e-01
6.206272840499877930e-01
4.381120800971984863e-01
2.607208490371704102e-01
5.148304700851440430e-01
4.875631928443908691e-01
2.829279899597167969e-01
3.156054019927978516e-01
5.917903184890747070e-01
5.061697959899902344e-01
5.229741930961608887e-01
7.155383825302124023e-01
1.297702670097351074e+00
2.909659147262573242e-01
3.407659232616424561e-01
4.672922790050506592e-01
2.691501677036285400e-01
3.350057601928710938e-01
3.273208737373352051e-01
4.054039716720581055e-01
2.510758936405181885e-01
2.371412962675094604e-01
6.171037554740905762e-01
5.249646902084350586e-01
4.743152260780334473e-01
7.370539903640747070e-01
5.818076729774475098e-01
1.629144072532653809e+00
3.078649997711181641e+00
3.148127079010009766e+00
2.817465782165527344e+00
2.741214990615844727e+00
2.559451818466186523e+00
1.701390981674194336e+00
1.912243604660034180e+00
2.930812120437622070e+00
1.697329998016357422e+00
1.493803739547729492e+00
2.232517242431640625e+00
1.454566717147827148e+00
1.846548080444335938e+00
2.128478527069091797e+00
1.251543760299682617e+00
1.516232967376708984e+00
1.614861845970153809e+00
1.462156653404235840e+00
1.195478677749633789e+00
1.304417252540588379e+00
1.369442224502563477e+00
1.358863711357116699e+00
1.467723369598388672e+00
1.335207223892211914e+00
1.472564220428466797e+00
1.291531324386596680e+00
1.320972681045532227e+00
1.465396046638488770e+00
1.366604566574096680e+00
1.314528703689575195e+00
1.353591203689575195e+00
1.519361495971679688e+00
1.779750108718872070e+00
1.688646554946899414e+00
2.253896474838256836e+00
1.411757230758666992e+00
1.598182797431945801e+00
1.726052165031433105e+00
2.523509263992309570e+00
1.271679997444152832e+00
1.634186029434204102e+00
1.512489080429077148e+00
1.352741241455078125e+00
1.429473876953125000e+00
1.496141791343688965e+00
1.377210974693298340e+00
1.425520181655883789e+00
2.015318632125854492e+00
1.523515939712524414e+00
1.497105240821838379e+00
1.536559224128723145e+00
1.623797774314880371e+00
1.778461575508117676e+00
1.757168889045715332e+00
1.548846721649169922e+00
9.460651278495788574e-01
1.180186152458190918e+00
1.304758667945861816e+00
5.622175931930541992e-01
4.686816632747650146e-01
1.235897064208984375e+00
1.059802889823913574e+00
9.592160582542419434e-01
8.025030493736267090e-01
1.139435410499572754e+00
1.214670181274414062e+00
1.087980985641479492e+00
1.083177924156188965e+00
1.118417382240295410e+00
1.147637844085693359e+00
1.519426465034484863e+00
1.996806859970092773e+00
1.530555963516235352e+00
1.691957354545593262e+00
2.584399461746215820e+00
1.656603693962097168e+00
2.003693103790283203e+00
2.043495178222656250e+00
1.543441295623779297e+00
1.269453525543212891e+00
2.600503683090209961e+00
2.602123975753784180e+00
2.673227071762084961e+00
2.751119613647460938e+00
2.715479373931884766e+00
2.510183811187744141e+00
1.353699207305908203e+00
1.518733024597167969e+00
2.013041496276855469e+00
2.031331777572631836e+00
1.815133690834045410e+00
1.924297094345092773e+00
2.039422988891601562e+00
1.648777604103088379e+00
8.302113413810729980e-01
9.032543301582336426e-01
8.368409276008605957e-01
3.021877408027648926e-01
3.411726951599121094e-01
3.246610462665557861e-01
2.661373019218444824e-01
3.364760279655456543e-01
3.839278519153594971e-01
3.050468564033508301e-01
2.659816145896911621e-01
4.007711708545684814e-01
3.488356471061706543e-01
3.208642303943634033e-01
3.296663463115692139e-01
3.740995228290557861e-01
3.652028739452362061e-01
3.741809427738189697e-01
1.035634040832519531e+00
9.322155117988586426e-01
2.911802530288696289e-01
1.210174918174743652e+00
1.555265903472900391e+00
1.471992731094360352e+00
1.214788556098937988e+00
3.206241130828857422e-01
5.096223354339599609e-01
3.457221686840057373e-01
3.376143574714660645e-01
3.489373326301574707e-01
3.519924283027648926e-01
3.163172304630279541e-01
3.374139964580535889e-01
4.637355804443359375e-01
3.132001757621765137e-01
2.962266802787780762e-01
4.102755188941955566e-01
4.866134226322174072e-01
2.947802543640136719e-01
7.521707415580749512e-01
1.054615259170532227e+00
4.398435652256011963e-01
3.722334802150726318e-01
3.099575936794281006e-01
5.611137747764587402e-01
3.904031515121459961e-01
3.773563504219055176e-01
5.260092616081237793e-01
8.418034911155700684e-01
1.602011084556579590e+00
2.309728860855102539e+00
2.275536537170410156e+00
2.710695266723632812e+00
2.549962520599365234e+00
2.872910261154174805e+00
2.484855413436889648e+00
2.300433635711669922e+00
1.999990582466125488e+00
2.091682910919189453e+00
1.540036678314208984e+00
1.440489530563354492e+00
2.861284494400024414e+00
2.359452247619628906e+00
1.461237668991088867e+00
1.431737542152404785e+00
1.480537414550781250e+00
1.379118442535400391e+00
1.406282424926757812e+00
6.856107115745544434e-01
2.758884191513061523e+00
1.166205286979675293e+00
6.088298559188842773e-01
1.515755176544189453e+00
8.466254472732543945e-01
5.484340190887451172e-01
1.381455659866333008e+00
2.738367557525634766e+00
3.158883571624755859e+00
3.037069797515869141e+00
2.043212175369262695e+00
1.740890502929687500e+00
1.862283229827880859e+00
1.799368739128112793e+00
1.863245248794555664e+00
2.276474952697753906e+00
2.004045009613037109e+00
1.735870361328125000e+00
1.902011752128601074e+00
1.938293814659118652e+00
1.070052504539489746e+00
7.757418155670166016e-01
8.152996301651000977e-01
6.555446386337280273e-01
6.993358731269836426e-01
1.414703249931335449e+00
5.165915489196777344e-01
3.433084785938262939e-01
5.294297337532043457e-01
8.799083232879638672e-01
1.429938673973083496e+00
2.180152654647827148e+00
2.143074989318847656e+00
2.149744749069213867e+00
2.125080347061157227e+00
1.533954977989196777e+00
1.579239845275878906e+00
2.869158506393432617e+00
1.531641602516174316e+00
1.328137397766113281e+00
1.500307321548461914e+00
1.421704530715942383e+00
1.420931339263916016e+00
1.452644467353820801e+00
1.711177706718444824e+00
1.587264060974121094e+00
2.220582723617553711e+00
1.420002341270446777e+00
1.325868129730224609e+00
1.272002696990966797e+00
1.283467054367065430e+00
2.481611728668212891e+00
3.503583669662475586e+00
2.937567710876464844e+00
2.080168247222900391e+00
2.068612337112426758e+00
1.796012043952941895e+00
1.452865123748779297e+00
1.694614768028259277e+00
3.052868127822875977e+00
1.477074503898620605e+00
1.261812806129455566e+00
1.351925730705261230e+00
1.127723574638366699e+00
8.947929143905639648e-01
1.254418492317199707e+00
1.564001321792602539e+00
2.748885393142700195e+00
7.843320369720458984e-01
6.273747682571411133e-01
5.572739839553833008e-01
4.770649671554565430e-01
3.839193582534790039e-01
5.490723848342895508e-01
1.737712860107421875e+00
1.489518046379089355e+00
2.035490274429321289e+00
1.028437614440917969e+00
9.326595664024353027e-01
7.865028977394104004e-01
3.890951573848724365e-01
3.934782445430755615e-01
4.072741568088531494e-01
2.695602178573608398e-01
3.890729546546936035e-01
4.138352274894714355e-01
5.989439487457275391e-01
1.149101018905639648e+00
6.114250421524047852e-01
4.746452271938323975e-01
4.653478264808654785e-01
5.217695236206054688e-01
4.311173856258392334e-01
2.860231101512908936e-01
3.134501576423645020e-01
3.655482232570648193e-01
3.506959676742553711e-01
3.276832401752471924e-01
4.090017974376678467e-01
4.109725654125213623e-01
3.596236109733581543e-01
5.184233188629150391e-01
4.395700097084045410e-01
4.147413969039916992e-01
5.717441439628601074e-01
4.596663117408752441e-01
4.057090580463409424e-01
4.780423939228057861e-01
4.287225902080535889e-01
4.024593532085418701e-01
1.283319830894470215e+00
6.301121711730957031e-01
3.727663159370422363e-01
4.780898094177246094e-01
5.123544931411743164e-01
4.017329812049865723e-01
4.149321615695953369e-01
4.640968441963195801e-01
3.935607671737670898e-01
3.608027696609497070e-01
4.008270800113677979e-01
4.503420591354370117e-01
3.962085545063018799e-01
3.263056278228759766e-01
3.305818140506744385e-01
3.674351274967193604e-01
2.928867936134338379e-01
1.676571488380432129e+00
1.467735648155212402e+00
1.346103668212890625e+00
6.934288144111633301e-01
9.621607065200805664e-01
5.598723888397216797e-01
5.999715924263000488e-01
8.836993575096130371e-01
1.369580149650573730e+00
5.687153339385986328e-01
4.352107644081115723e-01
4.387943148612976074e-01
3.660876452922821045e-01
1.529555201530456543e+00
2.782464504241943359e+00
2.443354845046997070e+00
1.573786377906799316e+00
1.970092773437500000e+00
1.825814247131347656e+00
1.667567014694213867e+00
1.818110466003417969e+00
2.118546485900878906e+00
1.865387916564941406e+00
1.911789178848266602e+00
2.396221637725830078e+00
2.121453762054443359e+00
1.818295121192932129e+00
2.207924604415893555e+00
2.312881231307983398e+00
2.429273366928100586e+00
2.179480314254760742e+00
2.174943923950195312e+00
1.461135387420654297e+00
1.054719448089599609e+00
9.796468019485473633e-01
2.581363201141357422e+00
1.518713831901550293e+00
1.067390441894531250e+00
7.508928775787353516e-01
6.743283271789550781e-01
9.711270332336425781e-01
1.300320029258728027e+00
1.403743982315063477e+00
2.789450645446777344e+00
1.210008502006530762e+00
9.783354997634887695e-01
1.034840464591979980e+00
1.221914768218994141e+00
2.416976213455200195e+00
1.389628171920776367e+00
1.772437453269958496e+00
2.200549125671386719e+00
1.788613080978393555e+00
1.821828007698059082e+00
1.158253431320190430e+00
1.013508558273315430e+00
9.288172721862792969e-01
1.388788938522338867e+00
1.209725737571716309e+00
1.201025485992431641e+00
1.076042056083679199e+00
1.301822304725646973e+00
1.269208788871765137e+00
1.725397348403930664e+00
1.591658711433410645e+00
1.651017546653747559e+00
1.683378696441650391e+00
1.674185156822204590e+00
1.834528565406799316e+00
2.570222139358520508e+00
2.199168920516967773e+00
2.134980678558349609e+00
1.278539657592773438e+00
1.064481973648071289e+00
2.290330171585083008e+00
2.548105716705322266e+00
2.649581909179687500e+00
2.662142992019653320e+00
2.581892251968383789e+00
2.464549541473388672e+00
1.820106625556945801e+00
1.727550387382507324e+00
1.535821676254272461e+00
1.623118519783020020e+00
2.216285228729248047e+00
2.227030038833618164e+00
1.718017816543579102e+00
1.888123273849487305e+00
1.780615448951721191e+00
1.510159254074096680e+00
1.488444566726684570e+00
1.794187664985656738e+00
1.592753171920776367e+00
1.141261219978332520e+00
8.160229325294494629e-01
8.896141052246093750e-01
8.072783946990966797e-01
3.760472834110260010e-01
3.944044411182403564e-01
3.727904260158538818e-01
3.612158298492431641e-01
3.591167926788330078e-01
4.291518330574035645e-01
3.777000904083251953e-01
4.209291636943817139e-01
3.882218897342681885e-01
4.469509124755859375e-01
3.170860707759857178e-01
2.999300062656402588e-01
3.429653048515319824e-01
4.334343373775482178e-01
5.392071008682250977e-01
1.244931101799011230e+00
3.276697993278503418e-01
2.875816226005554199e-01
2.631488144397735596e-01
3.366900980472564697e-01
4.792602062225341797e-01
3.816238045692443848e-01
4.233719110488891602e-01
5.754516124725341797e-01
1.687730550765991211e+00
1.393362760543823242e+00
1.443765044212341309e+00
9.986162781715393066e-01
4.235062301158905029e-01
3.280752003192901611e-01
3.445188701152801514e-01
5.226926803588867188e-01
2.599783241748809814e-01
3.030314147472381592e-01
3.652560412883758545e-01
4.941234588623046875e-01
3.146929144859313965e-01
3.206517994403839111e-01
5.115958452224731445e-01
4.317694604396820068e-01
4.066176712512969971e-01
5.135915279388427734e-01
5.136904716491699219e-01
1.529711127281188965e+00
2.060622930526733398e+00
2.556209802627563477e+00
2.914283037185668945e+00
2.554574728012084961e+00
2.605851650238037109e+00
2.600559711456298828e+00
2.350412607192993164e+00
2.417112112045288086e+00
1.854946970939636230e+00
1.769598364830017090e+00
1.904970169067382812e+00
1.834602594375610352e+00
1.862204790115356445e+00
1.908942341804504395e+00
1.850587725639343262e+00
1.248983621597290039e+00
1.376949310302734375e+00
1.431397438049316406e+00
1.351804852485656738e+00
1.248987436294555664e+00
1.344180345535278320e+00
1.360471367835998535e+00
1.262489557266235352e+00
1.335332751274108887e+00
1.339671969413757324e+00
1.283482193946838379e+00
1.211073756217956543e+00
1.302350521087646484e+00
1.218042135238647461e+00
1.318259358406066895e+00
1.219086408615112305e+00
1.232787728309631348e+00
1.337355017662048340e+00
1.406215190887451172e+00
1.719810128211975098e+00
1.523732781410217285e+00
1.388394474983215332e+00
1.589951872825622559e+00
1.635810136795043945e+00
1.518961310386657715e+00
1.540079712867736816e+00
2.146635293960571289e+00
3.344534873962402344e+00
1.391787052154541016e+00
1.459049582481384277e+00
1.488110542297363281e+00
1.497456908226013184e+00
1.487031698226928711e+00
6.718641519546508789e-01
8.443503975868225098e-01
2.747904300689697266e+00
1.182186484336853027e+00
4.505098164081573486e-01
4.749554991722106934e-01
4.907813668251037598e-01
4.151207506656646729e-01
6.372995972633361816e-01
4.226373434066772461e-01
4.399219453334808350e-01
6.215729713439941406e-01
5.804026126861572266e-01
4.057167172431945801e-01
6.068829298019409180e-01
6.675682067871093750e-01
6.220148205757141113e-01
9.506965875625610352e-01
1.226761102676391602e+00
1.206468820571899414e+00
1.240859389305114746e+00
1.410901188850402832e+00
1.973318099975585938e+00
2.081205129623413086e+00
2.268754005432128906e+00
2.388570308685302734e+00
2.449472427368164062e+00
1.966014504432678223e+00
1.360033631324768066e+00
1.925299406051635742e+00
2.760416507720947266e+00
3.752379417419433594e+00
2.637137651443481445e+00
2.673711776733398438e+00
2.575625419616699219e+00
2.775177240371704102e+00
2.669888019561767578e+00
2.748531103134155273e+00
2.906868457794189453e+00
2.803425073623657227e+00
2.979313373565673828e+00
2.452469110488891602e+00
2.541565179824829102e+00
2.692198038101196289e+00
2.687542676925659180e+00
2.561502695083618164e+00
2.093465566635131836e+00
1.082018017768859863e+00
1.082280039787292480e+00
9.314669370651245117e-01
4.909376204013824463e-01
4.084511399269104004e-01
4.181799590587615967e-01
4.791450798511505127e-01
1.119045019149780273e+00
4.133774936199188232e-01
2.952198982238769531e-01
3.798671066761016846e-01
5.027712583541870117e-01
3.566745817661285400e-01
2.423990368843078613e-01
4.624972045421600342e-01
3.046222925186157227e-01
2.758332192897796631e-01
2.914716303348541260e-01
3.067542314529418945e-01
2.445841580629348755e-01
2.360816299915313721e-01
2.896669507026672363e-01
2.608387172222137451e-01
2.407892644405364990e-01
3.352820575237274170e-01
3.124656081199645996e-01
2.424513995647430420e-01
2.051814794540405273e-01
3.071308434009552002e-01
3.509903252124786377e-01
2.495908290147781372e-01
2.730174362659454346e-01
3.140794932842254639e-01
2.298075258731842041e-01
2.704642117023468018e-01
2.913611531257629395e-01
3.668367564678192139e-01
1.708860695362091064e-01
2.768622040748596191e-01
4.667413234710693359e-01
4.714385569095611572e-01
3.114887177944183350e-01
4.041469693183898926e-01
6.152665019035339355e-01
3.914016783237457275e-01
1.529503345489501953e+00
1.496745944023132324e+00
1.539725065231323242e+00
1.817077875137329102e+00
2.661723136901855469e+00
2.344825983047485352e+00
1.979028344154357910e+00
2.025630712509155273e+00
2.525555849075317383e+00
2.259499311447143555e+00
1.889491558074951172e+00
1.950043916702270508e+00
2.305233478546142578e+00
1.847211360931396484e+00
1.777221083641052246e+00
1.888532161712646484e+00
2.582023859024047852e+00
1.564220309257507324e+00
1.782873749732971191e+00
2.371506214141845703e+00
1.677118301391601562e+00
1.900375962257385254e+00
1.893271684646606445e+00
8.224444985389709473e-01
9.251689910888671875e-01
1.168942928314208984e+00
1.829947352409362793e+00
1.094340085983276367e+00
1.155810356140136719e+00
9.340012669563293457e-01
9.637672305107116699e-01
2.095587730407714844e+00
1.218503117561340332e+00
2.008713006973266602e+00
1.330967187881469727e+00
2.123700857162475586e+00
2.889185428619384766e+00
1.464309453964233398e+00
6.595001220703125000e-01
4.685199558734893799e-01
6.049916744232177734e-01
6.896569728851318359e-01
5.927874445915222168e-01
1.690145850181579590e+00
2.348104715347290039e+00
2.350173145532608032e-01
4.113864302635192871e-01
8.358514904975891113e-01
5.215094089508056641e-01
7.807912230491638184e-01
1.102469563484191895e+00
5.012288689613342285e-01
3.901043832302093506e-01
4.849940538406372070e-01
4.780815839767456055e-01
4.889709651470184326e-01
4.665533006191253662e-01
5.703256726264953613e-01
9.440110325813293457e-01
5.979281663894653320e-01
4.555660784244537354e-01
5.651663541793823242e-01
1.456200599670410156e+00
5.980104207992553711e-01
7.553535699844360352e-01
9.285069704055786133e-01
9.107602238655090332e-01
2.657992124557495117e+00
2.434453964233398438e+00
2.781739234924316406e+00
2.976343870162963867e+00
2.959407329559326172e+00
2.668144226074218750e+00
3.132739067077636719e+00
2.723367929458618164e+00
2.915553808212280273e+00
2.970840930938720703e+00
2.698177099227905273e+00
3.100288629531860352e+00
2.199711084365844727e+00
2.281258821487426758e+00
2.534595012664794922e+00
2.435667514801025391e+00
2.640614509582519531e+00
2.848179340362548828e+00
2.682601213455200195e+00
4.200113773345947266e+00
3.890122175216674805e+00
4.032840728759765625e+00
3.777311086654663086e+00
3.273089408874511719e+00
2.838363885879516602e+00
2.716740131378173828e+00
2.703876733779907227e+00
2.720720529556274414e+00
2.678315162658691406e+00
2.587295293807983398e+00
2.335110425949096680e+00
2.092353582382202148e+00
2.176115751266479492e+00
2.099506139755249023e+00
2.140417814254760742e+00
2.346402645111083984e+00
1.888663530349731445e+00
7.269230484962463379e-01
7.498208880424499512e-01
9.693023562431335449e-01
9.530562758445739746e-01
8.210813999176025391e-01
1.131210327148437500e+00
1.114042520523071289e+00
7.967324852943420410e-01
6.856263279914855957e-01
6.188473105430603027e-01
4.802795946598052979e-01
3.435688614845275879e-01
2.866074740886688232e-01
2.498246282339096069e-01
4.161047637462615967e-01
2.322368621826171875e-01
2.319989502429962158e-01
3.217542171478271484e-01
4.824882745742797852e-01
2.887073457241058350e-01
2.872803807258605957e-01
2.993510961532592773e-01
4.094480276107788086e-01
2.198794335126876831e-01
2.584323883056640625e-01
3.724675476551055908e-01
3.811246454715728760e-01
2.410230785608291626e-01
3.812307417392730713e-01
2.860694229602813721e-01
3.332016468048095703e-01
3.174821436405181885e-01
3.280069530010223389e-01
3.884628117084503174e-01
2.384843826293945312e-01
2.090649008750915527e-01
2.911404967308044434e-01
3.248186409473419189e-01
4.351288080215454102e-01
3.839909136295318604e-01
4.897957146167755127e-01
5.925593972206115723e-01
3.153981864452362061e-01
3.721030056476593018e-01
1.723909020423889160e+00
2.656808614730834961e+00
2.859523773193359375e+00
2.653989315032958984e+00
2.552295207977294922e+00
2.716227769851684570e+00
2.892668724060058594e+00
3.136798858642578125e+00
2.391729593276977539e+00
2.518018007278442383e+00
1.755188465118408203e+00
3.488392591476440430e+00
2.188848018646240234e+00
1.924362540245056152e+00
1.430020928382873535e+00
1.431162595748901367e+00
1.316614866256713867e+00
1.377409458160400391e+00
1.728173375129699707e+00
4.932620525360107422e+00
3.699956655502319336e+00
2.937501430511474609e+00
2.714333057403564453e+00
1.643586754798889160e+00
1.575450420379638672e+00
2.010798692703247070e+00
2.947322368621826172e+00
4.188170909881591797e+00
3.141955137252807617e+00
2.621160030364990234e+00
2.732475280761718750e+00
1.421980857849121094e+00
1.412452936172485352e+00
1.377145528793334961e+00
1.634846925735473633e+00
1.661661386489868164e+00
1.474453806877136230e+00
1.686148166656494141e+00
1.736147165298461914e+00
1.774659872055053711e+00
1.684779286384582520e+00
2.940271854400634766e+00
2.961585998535156250e+00
3.313678026199340820e+00
2.715937137603759766e+00
2.172756671905517578e+00
1.154031991958618164e+00
1.362438797950744629e+00
1.454915881156921387e+00
2.119460821151733398e+00
1.698109269142150879e+00
1.529241681098937988e+00
1.658686876296997070e+00
1.475625634193420410e+00
1.524687767028808594e+00
1.590104579925537109e+00
1.563212513923645020e+00
1.577916741371154785e+00
1.554439783096313477e+00
1.784670233726501465e+00
1.747344851493835449e+00
1.811349749565124512e+00
1.684559464454650879e+00
1.274662256240844727e+00
7.726305127143859863e-01
1.717183947563171387e+00
1.585918784141540527e+00
1.606632947921752930e+00
2.175653934478759766e+00
1.902888894081115723e+00
1.946319937705993652e+00
1.503841519355773926e+00
1.874870061874389648e+00
1.795007824897766113e+00
1.495218992233276367e+00
1.241816520690917969e+00
1.568741321563720703e+00
1.194099307060241699e+00
8.125054240226745605e-01
5.432826280593872070e-01
4.795537590980529785e-01
7.241500020027160645e-01
5.625462532043457031e-01
3.751430213451385498e-01
4.899579882621765137e-01
6.782152652740478516e-01
4.487802386283874512e-01
2.984671294689178467e-01
1.506779342889785767e-01
4.732733666896820068e-01
7.719230651855468750e-01
1.218806505203247070e+00
3.859556317329406738e-01
1.732468754053115845e-01
6.243542432785034180e-01
4.695714116096496582e-01
4.470811188220977783e-01
5.508189797401428223e-01
1.509042859077453613e+00
1.514881372451782227e+00
1.162137866020202637e+00
1.320277333259582520e+00
1.594229698181152344e+00
3.610530197620391846e-01
9.520870447158813477e-01
1.139945030212402344e+00
3.432056903839111328e-01
9.470971226692199707e-01
7.477111816406250000e-01
4.172362387180328369e-01
5.245060920715332031e-01
5.886592864990234375e-01
4.829098284244537354e-01
5.439305901527404785e-01
3.551324903964996338e-01
3.663557171821594238e-01
3.863763809204101562e-01
4.195197522640228271e-01
4.020391404628753662e-01
3.742730319499969482e-01
2.545369267463684082e-01
2.402512133121490479e-01
3.652110695838928223e-01
3.919386565685272217e-01
3.016124069690704346e-01
4.652332365512847900e-01
3.673273921012878418e-01
4.079703688621520996e-01
3.312470614910125732e-01
3.583504259586334229e-01
4.215173721313476562e-01
4.950792193412780762e-01
3.684254288673400879e-01
4.013969302177429199e-01
4.008366763591766357e-01
4.886244833469390869e-01
3.603461086750030518e-01
3.617711663246154785e-01
3.006854057312011719e-01
3.888780772686004639e-01
1.145127892494201660e+00
1.289422154426574707e+00
1.335496902465820312e+00
1.348130941390991211e+00
1.273672223091125488e+00
2.424741387367248535e-01
4.367122650146484375e-01
1.295120120048522949e+00
4.402626454830169678e-01
4.129512608051300049e-01
1.630040287971496582e+00
9.368101954460144043e-01
8.681073188781738281e-01
8.132197260856628418e-01
8.835650682449340820e-01
9.050880670547485352e-01
9.050784707069396973e-01
1.151324748992919922e+00
1.128998041152954102e+00
1.436051607131958008e+00
1.089339137077331543e+00
1.254257798194885254e+00
1.240991234779357910e+00
1.202731490135192871e+00
1.129231095314025879e+00
1.150664687156677246e+00
1.514846563339233398e+00
1.966585397720336914e+00
1.663972020149230957e+00
1.731434345245361328e+00
2.105357646942138672e+00
3.258181095123291016e+00
1.682039976119995117e+00
1.827971100807189941e+00
2.952686309814453125e+00
2.600331544876098633e+00
2.892409086227416992e+00
2.496860980987548828e+00
1.888175845146179199e+00
1.798932909965515137e+00
5.431272387504577637e-01
1.075542449951171875e+00
9.386099576950073242e-01
6.217453479766845703e-01
5.538238883018493652e-01
2.267211198806762695e+00
1.526812314987182617e+00
3.063717365264892578e+00
2.357750892639160156e+00
1.687015175819396973e+00
1.642899036407470703e+00
9.648994803428649902e-01
1.056363463401794434e+00
1.868957519531250000e+00
3.038069725036621094e+00
2.708844423294067383e+00
2.975491285324096680e+00
3.500745296478271484e+00
1.157117486000061035e+00
1.556373715400695801e+00
1.733923196792602539e+00
1.921250224113464355e+00
2.380315065383911133e+00
3.033544778823852539e+00
3.934747934341430664e+00
3.355446100234985352e+00
2.420228719711303711e+00
2.354346036911010742e+00
2.285670280456542969e+00
2.154691934585571289e+00
2.277614116668701172e+00
2.637113094329833984e+00
2.310899019241333008e+00
1.306495904922485352e+00
1.457735180854797363e+00
1.675979375839233398e+00
1.559139370918273926e+00
1.882034420967102051e+00
2.174720525741577148e+00
1.907481431961059570e+00
8.519451022148132324e-01
6.823374629020690918e-01
1.576995253562927246e+00
2.997020483016967773e+00
2.161567926406860352e+00
2.404901266098022461e+00
2.500954151153564453e+00
1.522353053092956543e+00
1.335526227951049805e+00
1.330792784690856934e+00
1.489171862602233887e+00
1.286213517189025879e+00
1.005621194839477539e+00
8.309018015861511230e-01
6.275957226753234863e-01
7.896851301193237305e-01
6.958984136581420898e-01
6.008566021919250488e-01
5.575044751167297363e-01
6.319749355316162109e-01
5.679451227188110352e-01
4.457857310771942139e-01
3.467001616954803467e-01
3.537806570529937744e-01
4.750185608863830566e-01
3.899656832218170166e-01
3.084961175918579102e-01
4.072324931621551514e-01
3.362282514572143555e-01
1.045461773872375488e+00
1.257424712181091309e+00
1.506133198738098145e+00
6.141468286514282227e-01
2.101486772298812866e-01
3.439827561378479004e-01
3.788836300373077393e-01
4.541605114936828613e-01
1.721469312906265259e-01
1.833613663911819458e-01
3.364409506320953369e-01
4.768048524856567383e-01
3.918610811233520508e-01
5.223695039749145508e-01
3.867713510990142822e-01
4.131538271903991699e-01
2.946330606937408447e-01
4.255699217319488525e-01
3.378574848175048828e-01
3.401045501232147217e-01
5.134555697441101074e-01
3.576747477054595947e-01
3.362082242965698242e-01
3.975214660167694092e-01
3.939732611179351807e-01
4.502557218074798584e-01
4.521606862545013428e-01
4.770309627056121826e-01
5.112035870552062988e-01
2.297102212905883789e-01
2.799088060855865479e-01
5.946696996688842773e-01
4.696319699287414551e-01
3.544135391712188721e-01
4.197807013988494873e-01
4.550842344760894775e-01
3.918361365795135498e-01
3.889912664890289307e-01
4.043089449405670166e-01
1.748373031616210938e+00
2.136886119842529297e+00
2.138454437255859375e+00
3.124638319015502930e+00
2.447276592254638672e+00
2.496971845626831055e+00
2.487413644790649414e+00
2.130710601806640625e+00
2.101712226867675781e+00
2.012754440307617188e+00
1.916986823081970215e+00
1.775383234024047852e+00
2.467968702316284180e+00
2.930210828781127930e+00
1.364951729774475098e+00
1.721531748771667480e+00
1.634827494621276855e+00
1.408705472946166992e+00
1.432891607284545898e+00
1.474601030349731445e+00
2.783477067947387695e+00
2.469312906265258789e+00
1.165239095687866211e+00
1.441136956214904785e+00
1.622179746627807617e+00
1.428341507911682129e+00
1.244632363319396973e+00
1.436522245407104492e+00
1.449128031730651855e+00
1.365332722663879395e+00
1.239503979682922363e+00
1.286759495735168457e+00
1.371337652206420898e+00
1.362127423286437988e+00
1.770104050636291504e+00
1.817439675331115723e+00
1.088333725929260254e+00
7.099182605743408203e-01
1.132755756378173828e+00
6.878226995468139648e-01
8.896859288215637207e-01
9.981524944305419922e-01
1.081153988838195801e+00
1.299533843994140625e+00
1.252133011817932129e+00
1.005096197128295898e+00
1.120606899261474609e+00
1.384601473808288574e+00
1.609003305435180664e+00
1.621745586395263672e+00
1.873276948928833008e+00
2.352443695068359375e+00
1.757894635200500488e+00
1.770101070404052734e+00
1.968513131141662598e+00
7.977113127708435059e-01
1.016838908195495605e+00
1.205911636352539062e+00
1.254773974418640137e+00
1.492662429809570312e+00
1.736906409263610840e+00
2.696517229080200195e+00
2.760375022888183594e+00
2.786539316177368164e+00
2.896159172058105469e+00
2.160444021224975586e+00
1.606123089790344238e+00
1.931827902793884277e+00
2.367057561874389648e+00
2.689403295516967773e+00
2.404181957244873047e+00
2.384516477584838867e+00
2.517486572265625000e+00
3.270613193511962891e+00
2.596171617507934570e+00
2.912556648254394531e+00
2.565165042877197266e+00
2.581811189651489258e+00
1.861917853355407715e+00
2.203223228454589844e+00
3.897508621215820312e+00
1.697228550910949707e+00
1.971236824989318848e+00
9.493395090103149414e-01
9.399382472038269043e-01
1.016806244850158691e+00
1.094651699066162109e+00
2.007742643356323242e+00
2.531345844268798828e+00
6.823615431785583496e-01
7.091327309608459473e-01
2.251275777816772461e-01
3.676102757453918457e-01
4.724031090736389160e-01
3.761122226715087891e-01
3.077968955039978027e-01
2.454311102628707886e-01
4.214008748531341553e-01
2.855680882930755615e-01
8.822842240333557129e-01
1.022020101547241211e+00
8.550468087196350098e-01
7.262098193168640137e-01
7.400849461555480957e-01
7.431649565696716309e-01
6.987764835357666016e-01
9.113388657569885254e-01
8.370369076728820801e-01
8.347213864326477051e-01
1.018383741378784180e+00
1.405528903007507324e+00
1.461717605590820312e+00
8.112840652465820312e-01
2.496280968189239502e-01
2.989846467971801758e-01
3.098019063472747803e-01
3.259783387184143066e-01
2.880900800228118896e-01
2.613945901393890381e-01
2.682281136512756348e-01
2.343490570783615112e-01
2.411724478006362915e-01
4.027079641819000244e-01
3.925413787364959717e-01
3.933987617492675781e-01
2.719670832157135010e-01
2.747461497783660889e-01
3.070228397846221924e-01
3.193405270576477051e-01
3.614441454410552979e-01
4.551513791084289551e-01
4.428775608539581299e-01
4.244620203971862793e-01
5.447287559509277344e-01
5.130625367164611816e-01
4.474774599075317383e-01
4.713546931743621826e-01
5.678566098213195801e-01
5.661832690238952637e-01
5.037286877632141113e-01
3.864265382289886475e-01
4.678097665309906006e-01
4.818811416625976562e-01
4.601259827613830566e-01
1.507018089294433594e+00
2.207365751266479492e+00
2.263792753219604492e+00
2.079304933547973633e+00
2.563366413116455078e+00
1.944808006286621094e+00
2.187457323074340820e+00
1.769400238990783691e+00
1.561551213264465332e+00
1.595245242118835449e+00
1.703223943710327148e+00
1.685009598731994629e+00
1.793536186218261719e+00
9.186002612113952637e-01
7.855818867683410645e-01
1.170025348663330078e+00
1.044531226158142090e+00
9.700588583946228027e-01
7.538668513298034668e-01
3.423968255519866943e-01
3.415394425392150879e-01
4.231973290443420410e-01
3.175745010375976562e-01
5.599825978279113770e-01
7.142739892005920410e-01
9.298289418220520020e-01
6.581110358238220215e-01
1.532262206077575684e+00
1.532233715057373047e+00
1.701369643211364746e+00
1.020484685897827148e+00
1.037609457969665527e+00
1.182714700698852539e+00
1.775742292404174805e+00
1.113774657249450684e+00
5.614043474197387695e-01
1.570855975151062012e+00
1.900725126266479492e+00
1.938941597938537598e+00
1.941444277763366699e+00
2.550315380096435547e+00
2.360518693923950195e+00
2.221008777618408203e+00
2.322532892227172852e+00
2.063394308090209961e+00
1.650282502174377441e+00
1.429107308387756348e+00
2.429150104522705078e+00
2.448796749114990234e+00
2.546632051467895508e+00
3.192349433898925781e+00
2.785761833190917969e+00
1.096774578094482422e+00
1.170080184936523438e+00
1.343878507614135742e+00
2.564206361770629883e+00
2.376143932342529297e+00
2.862431764602661133e+00
3.446140527725219727e+00
3.951767206192016602e+00
2.512735605239868164e+00
2.913905620574951172e+00
3.769519329071044922e+00
2.884704113006591797e+00
2.832451105117797852e+00
2.117928266525268555e+00
2.310223340988159180e+00
1.580707669258117676e+00
1.781123399734497070e+00
1.880213618278503418e+00
1.934520125389099121e+00
1.907864093780517578e+00
1.923723340034484863e+00
2.596164464950561523e+00
2.618490219116210938e+00
2.984128236770629883e+00
2.400735139846801758e+00
1.882575750350952148e+00
1.952030539512634277e+00
1.924702167510986328e+00
1.853705883026123047e+00
1.856731891632080078e+00
1.827396631240844727e+00
1.856788039207458496e+00
1.819552183151245117e+00
1.884035110473632812e+00
1.973015785217285156e+00
1.660296916961669922e+00
1.792489886283874512e+00
1.854558348655700684e+00
1.714528560638427734e+00
1.809912085533142090e+00
1.863169312477111816e+00
1.869690418243408203e+00
1.694165229797363281e+00
1.813271760940551758e+00
1.956110000610351562e+00
1.847080111503601074e+00
1.834331750869750977e+00
1.940027236938476562e+00
1.859269738197326660e+00
1.833526492118835449e+00
2.016824007034301758e+00
2.003474712371826172e+00
1.852938890457153320e+00
2.690275907516479492e+00
1.942025423049926758e+00
1.848222017288208008e+00
1.729742646217346191e+00
1.946031093597412109e+00
1.943195581436157227e+00
1.670867204666137695e+00
1.718680620193481445e+00
1.856990933418273926e+00
1.573951125144958496e+00
1.687763690948486328e+00
1.850657343864440918e+00
1.937159657478332520e+00
9.149246215820312500e-01
5.528442859649658203e-01
9.112903475761413574e-01
6.206547021865844727e-01
5.307124853134155273e-01
1.465963125228881836e+00
1.516111850738525391e+00
5.826967954635620117e-01
5.105019211769104004e-01
5.674498677253723145e-01
4.662923514842987061e-01
5.139610171318054199e-01
6.551384329795837402e-01
5.097760558128356934e-01
4.644654989242553711e-01
4.733632802963256836e-01
5.515508055686950684e-01
3.548389375209808350e-01
3.881311416625976562e-01
4.291754066944122314e-01
4.317894577980041504e-01
3.376146256923675537e-01
3.299009799957275391e-01
4.348322153091430664e-01
4.263086020946502686e-01
4.523501098155975342e-01
4.444286823272705078e-01
3.927050232887268066e-01
3.814881145954132080e-01
3.628809750080108643e-01
3.161796331405639648e-01
4.426215291023254395e-01
4.087460637092590332e-01
3.685372471809387207e-01
2.941975295543670654e-01
3.369307518005371094e-01
3.895956575870513916e-01
1.524535059928894043e+00
9.404927492141723633e-01
4.097067713737487793e-01
5.367149710655212402e-01
1.343848705291748047e+00
1.116000056266784668e+00
1.371265530586242676e+00
1.606161475181579590e+00
1.878976821899414062e+00
1.386112689971923828e+00
1.330689787864685059e+00
1.393590807914733887e+00
1.246774435043334961e+00
4.154318571090698242e-01
5.281025171279907227e-01
5.632695555686950684e-01
6.954340934753417969e-01
5.238806009292602539e-01
6.269863843917846680e-01
2.760826587677001953e+00
2.209040403366088867e+00
1.640378475189208984e+00
1.792875289916992188e+00
1.608177423477172852e+00
1.342169284820556641e+00
7.082331180572509766e-01
1.209744930267333984e+00
9.684756398200988770e-01
1.008209705352783203e+00
1.029067754745483398e+00
1.962505221366882324e+00
1.642003536224365234e+00
1.717271685600280762e+00
1.948742508888244629e+00
1.797084927558898926e+00
1.746773123741149902e+00
1.384450197219848633e+00
8.394484519958496094e-01
1.961751461029052734e+00
3.373995780944824219e+00
3.723211526870727539e+00
2.942013502120971680e+00
3.314018487930297852e+00
3.651922702789306641e+00
3.813245296478271484e+00
3.996415615081787109e+00
2.508981943130493164e+00
2.527397632598876953e+00
2.630527496337890625e+00
2.352663040161132812e+00
2.172686815261840820e+00
2.326063632965087891e+00
2.274263381958007812e+00
2.113030672073364258e+00
2.268691539764404297e+00
2.745072126388549805e+00
2.608135938644409180e+00
2.409833908081054688e+00
2.500828504562377930e+00
2.713455915451049805e+00
2.455294132232666016e+00
1.891703248023986816e+00
1.849637150764465332e+00
1.927878141403198242e+00
2.045898675918579102e+00
1.187711000442504883e+00
1.155604720115661621e+00
1.179890155792236328e+00
1.996727108955383301e+00
1.856758475303649902e+00
2.642635107040405273e+00
3.016488075256347656e+00
1.964492440223693848e+00
2.874510288238525391e+00
2.964295864105224609e+00
2.948605060577392578e+00
2.493346452713012695e+00
1.825170040130615234e+00
3.459685325622558594e+00
2.828122615814208984e+00
1.378083705902099609e+00
1.443431138992309570e+00
1.372888445854187012e+00
7.902728319168090820e-01
6.794468164443969727e-01
1.025038242340087891e+00
6.544553637504577637e-01
4.882328212261199951e-01
5.426722168922424316e-01
4.693655371665954590e-01
3.188180923461914062e-01
3.407412767410278320e-01
3.455333113670349121e-01
3.355991840362548828e-01
3.118472397327423096e-01
2.552756071090698242e-01
3.273798227310180664e-01
3.150141537189483643e-01
1.932661682367324829e-01
1.883888691663742065e-01
2.068501859903335571e-01
3.555378913879394531e-01
1.786274164915084839e-01
1.744915544986724854e-01
3.199320137500762939e-01
3.223575055599212646e-01
2.854184508323669434e-01
3.354843556880950928e-01
4.432651400566101074e-01
5.006678104400634766e-01
3.021915853023529053e-01
3.807444870471954346e-01
4.637906849384307861e-01
3.603680431842803955e-01
4.084741473197937012e-01
1.647502303123474121e+00
1.379889011383056641e+00
1.248116135597229004e+00
3.957091271877288818e-01
3.022209107875823975e-01
4.202578961849212646e-01
3.893188238143920898e-01
3.310499787330627441e-01
3.646223247051239014e-01
4.371784925460815430e-01
4.058167636394500732e-01
3.791961073875427246e-01
5.847651362419128418e-01
5.771696567535400391e-01
4.924596846103668213e-01
4.934998750686645508e-01
4.845146834850311279e-01
4.911588132381439209e-01
2.261656045913696289e+00
2.180515766143798828e+00
2.182361602783203125e+00
1.962978839874267578e+00
2.192683219909667969e+00
2.389176130294799805e+00
4.312388896942138672e+00
3.336900472640991211e+00
1.427884101867675781e+00
2.232469081878662109e+00
1.401292204856872559e+00
1.255175471305847168e+00
1.669703364372253418e+00
1.739179015159606934e+00
1.286830544471740723e+00
1.423492789268493652e+00
1.239124298095703125e+00
1.243093013763427734e+00
1.643052816390991211e+00
1.327834248542785645e+00
1.258642315864562988e+00
1.416541934013366699e+00
1.428208351135253906e+00
1.181243896484375000e+00
1.264493227005004883e+00
1.277003526687622070e+00
1.304065823554992676e+00
1.255784034729003906e+00
1.100939512252807617e+00
1.282137393951416016e+00
1.468318939208984375e+00
2.592213630676269531e+00
3.944004297256469727e+00
2.983738422393798828e+00
2.929396390914916992e+00
2.213299036026000977e+00
1.631848573684692383e+00
1.252963542938232422e+00
2.590924263000488281e+00
3.461237907409667969e+00
3.295764923095703125e+00
3.007600307464599609e+00
2.656775712966918945e+00
7.963325977325439453e-01
7.368705868721008301e-01
6.415582299232482910e-01
4.124463796615600586e-01
8.078956604003906250e-01
7.894474864006042480e-01
5.115486979484558105e-01
4.975055456161499023e-01
2.863791584968566895e-01
3.833125233650207520e-01
3.786947727203369141e-01
4.045915603637695312e-01
4.395812451839447021e-01
4.733175039291381836e-01
6.422944664955139160e-01
5.386207699775695801e-01
7.121436595916748047e-01
7.204049825668334961e-01
7.262029647827148438e-01
1.127873182296752930e+00
8.748690485954284668e-01
8.985645174980163574e-01
8.977271318435668945e-01
1.059124469757080078e+00
1.144179224967956543e+00
1.309720754623413086e+00
1.416406154632568359e+00
1.204151868820190430e+00
1.711610794067382812e+00
1.784821748733520508e+00
1.560634851455688477e+00
1.522433042526245117e+00
1.719083189964294434e+00
1.753797411918640137e+00
2.560158967971801758e+00
1.138023018836975098e+00
2.308457136154174805e+00
2.465452671051025391e+00
3.046459197998046875e+00
2.570804357528686523e+00
3.739409923553466797e+00
3.292136669158935547e+00
1.383395195007324219e+00
1.314530372619628906e+00
1.283065557479858398e+00
1.158500313758850098e+00
1.678429007530212402e+00
1.688880324363708496e+00
2.885472059249877930e+00
1.760519742965698242e+00
8.917148113250732422e-01
1.248677134513854980e+00
1.066832661628723145e+00
8.113008141517639160e-01
7.391669750213623047e-01
1.085888028144836426e+00
9.695630073547363281e-01
4.741858243942260742e-01
4.100387096405029297e-01
4.216856658458709717e-01
5.012212395668029785e-01
4.861444532871246338e-01
6.252781748771667480e-01
3.104342520236968994e-01
4.355232417583465576e-01
3.649474084377288818e-01
4.356298446655273438e-01
3.980740606784820557e-01
2.108438014984130859e-01
3.950260877609252930e-01
2.160716652870178223e-01
3.087855577468872070e-01
3.845552802085876465e-01
4.861666560173034668e-01
1.033033370971679688e+00
1.365334033966064453e+00
1.277618646621704102e+00
1.353061318397521973e+00
7.637193202972412109e-01
2.221371829509735107e-01
2.521955668926239014e-01
2.453414797782897949e-01
3.177192211151123047e-01
3.880026042461395264e-01
4.013457000255584717e-01
2.574245333671569824e-01
3.482351005077362061e-01
3.972369432449340820e-01
2.915379405021667480e-01
2.677944898605346680e-01
4.145911931991577148e-01
4.276683926582336426e-01
4.110682010650634766e-01
2.945900261402130127e-01
3.347930610179901123e-01
4.966602325439453125e-01
4.629456400871276855e-01
4.202918708324432373e-01
4.367783367633819580e-01
4.676346182823181152e-01
1.829087495803833008e+00
2.309129238128662109e+00
2.660154342651367188e+00
2.653380870819091797e+00
2.542012453079223633e+00
2.643898963928222656e+00
2.155395507812500000e+00
2.225379705429077148e+00
2.164686441421508789e+00
2.571983337402343750e+00
1.868098974227905273e+00
1.391109704971313477e+00
1.390528321266174316e+00
1.552368044853210449e+00
1.472865223884582520e+00
1.476779341697692871e+00
1.440752983093261719e+00
1.479931473731994629e+00
1.800250768661499023e+00
1.721162199974060059e+00
1.387699961662292480e+00
1.309998869895935059e+00
1.418972849845886230e+00
1.610781431198120117e+00
1.712101340293884277e+00
1.417784690856933594e+00
1.384256482124328613e+00
1.315060138702392578e+00
1.447973251342773438e+00
1.170721769332885742e+00
1.943987458944320679e-01
5.646069049835205078e-01
3.676160275936126709e-01
4.190244674682617188e-01
3.757139742374420166e-01
3.724933266639709473e-01
3.824578821659088135e-01
5.382778644561767578e-01
4.842923879623413086e-01
4.306788146495819092e-01
3.467116653919219971e-01
3.750418722629547119e-01
5.522368550300598145e-01
3.261776268482208252e-01
3.217484652996063232e-01
3.127073645591735840e-01
3.273351490497589111e-01
2.922706007957458496e-01
3.042508959770202637e-01
3.628453314304351807e-01
3.757575452327728271e-01
3.234374523162841797e-01
2.603409588336944580e-01
3.277314901351928711e-01
3.474687337875366211e-01
2.982262074947357178e-01
2.367060333490371704e-01
3.058346211910247803e-01
3.308893740177154541e-01
3.312199115753173828e-01
3.765951991081237793e-01
1.541103243827819824e+00
8.964649438858032227e-01
9.762145280838012695e-01
1.288588881492614746e+00
1.299988865852355957e+00
1.169821143150329590e+00
2.347213983535766602e+00
2.214771032333374023e+00
2.217079401016235352e+00
2.402691125869750977e+00
1.901484966278076172e+00
2.034806489944458008e+00
2.615361690521240234e+00
1.970454812049865723e+00
1.836225509643554688e+00
2.144205331802368164e+00
1.942103266716003418e+00
2.099782466888427734e+00
2.748037815093994141e+00
2.223338365554809570e+00
1.688447594642639160e+00
1.855300784111022949e+00
1.937914490699768066e+00
2.655301570892333984e+00
2.840208053588867188e+00
2.967620134353637695e+00
2.641867637634277344e+00
2.486049413681030273e+00
2.276549577713012695e+00
2.590145111083984375e+00
2.285229444503784180e+00
1.468819737434387207e+00
1.142151236534118652e+00
1.029416084289550781e+00
8.530552387237548828e-01
6.855671405792236328e-01
7.437691092491149902e-01
6.432277560234069824e-01
8.480493426322937012e-01
6.557137370109558105e-01
3.626156449317932129e-01
3.157649040222167969e-01
6.286937594413757324e-01
3.979285061359405518e-01
3.497155010700225830e-01
3.020972907543182373e-01
3.546859920024871826e-01
4.808776676654815674e-01
3.643594682216644287e-01
3.013257086277008057e-01
2.461593896150588989e-01
3.063754141330718994e-01
2.603382170200347900e-01
2.375214695930480957e-01
3.084182739257812500e-01
3.299253582954406738e-01
3.103251755237579346e-01
2.873604297637939453e-01
3.622456192970275879e-01
3.681806623935699463e-01
4.151673614978790283e-01
2.563977837562561035e-01
3.159726858139038086e-01
3.250121474266052246e-01
2.958837747573852539e-01
3.640530109405517578e-01
3.440531790256500244e-01
3.445504009723663330e-01
3.917152583599090576e-01
4.090804457664489746e-01
3.624709248542785645e-01
3.476981520652770996e-01
1.343073725700378418e+00
1.592377066612243652e+00
1.403510689735412598e+00
1.222876310348510742e+00
3.958565890789031982e-01
4.264152348041534424e-01
5.020073056221008301e-01
4.052028059959411621e-01
4.229848980903625488e-01
4.894371926784515381e-01
4.560180902481079102e-01
6.059280037879943848e-01
2.614330530166625977e+00
2.538527727127075195e+00
2.425695896148681641e+00
2.306935787200927734e+00
2.547941446304321289e+00
2.822931528091430664e+00
3.130827665328979492e+00
2.516597747802734375e+00
1.872781395912170410e+00
1.555891633033752441e+00
1.375876665115356445e+00
1.458077907562255859e+00
1.592770695686340332e+00
1.357706189155578613e+00
1.272793412208557129e+00
1.187522411346435547e+00
1.360327124595642090e+00
1.229553699493408203e+00
1.289832949638366699e+00
1.208862304687500000e+00
1.321624279022216797e+00
1.355375289916992188e+00
1.598084926605224609e+00
1.318887591361999512e+00
1.280859351158142090e+00
1.328969001770019531e+00
1.356667637825012207e+00
1.285394310951232910e+00
1.272999763488769531e+00
1.407378196716308594e+00
1.527064204216003418e+00
1.376842141151428223e+00
1.411495208740234375e+00
1.585155725479125977e+00
1.354148745536804199e+00
1.393702387809753418e+00
1.891370534896850586e+00
1.289495348930358887e+00
1.276315331459045410e+00
1.101012706756591797e+00
3.489940762519836426e-01
3.486446142196655273e-01
3.018909096717834473e-01
2.965709269046783447e-01
3.390585780143737793e-01
3.761634826660156250e-01
3.067257106304168701e-01
2.417710870504379272e-01
3.307523131370544434e-01
3.781232833862304688e-01
2.720027267932891846e-01
1.927862167358398438e-01
2.705363035202026367e-01
3.534333705902099609e-01
1.146634697914123535e+00
9.209366440773010254e-01
8.907653093338012695e-01
9.035533666610717773e-01
9.129648208618164062e-01
8.816313147544860840e-01
8.473210930824279785e-01
8.731098771095275879e-01
1.106707334518432617e+00
1.180847525596618652e+00
1.190594792366027832e+00
1.224637746810913086e+00
1.444974660873413086e+00
1.456737279891967773e+00
1.501163363456726074e+00
1.728003144264221191e+00
2.130266666412353516e+00
1.975349426269531250e+00
1.903897285461425781e+00
1.805387020111083984e+00
1.352933883666992188e+00
1.546128511428833008e+00
2.794297456741333008e+00
2.481672763824462891e+00
2.877226114273071289e+00
4.066146850585937500e+00
2.994747638702392578e+00
2.560488939285278320e+00
2.698345899581909180e+00
1.691826701164245605e+00
1.108283162117004395e+00
1.314106822013854980e+00
2.245310306549072266e+00
2.655893087387084961e+00
1.485287785530090332e+00
1.513908863067626953e+00
1.760394692420959473e+00
1.293420910835266113e+00
1.298124790191650391e+00
1.344301462173461914e+00
1.114418268203735352e+00
9.071961641311645508e-01
1.008415341377258301e+00
9.653753638267517090e-01
7.497869133949279785e-01
6.448010802268981934e-01
6.564453244209289551e-01
6.449088454246520996e-01
5.936524868011474609e-01
5.311606526374816895e-01
3.375650048255920410e-01
5.274310111999511719e-01
5.276108384132385254e-01
3.985764682292938232e-01
4.513444304466247559e-01
3.271512091159820557e-01
4.493764042854309082e-01
3.880519270896911621e-01
3.630717396736145020e-01
3.711535334587097168e-01
3.804624378681182861e-01
4.125538170337677002e-01
3.530970513820648193e-01
3.479864895343780518e-01
3.680811524391174316e-01
4.388960003852844238e-01
5.827872753143310547e-01
1.460530996322631836e+00
1.253440499305725098e+00
1.505102157592773438e+00
1.399979472160339355e+00
3.490538299083709717e-01
3.809818625450134277e-01
7.290541529655456543e-01
5.970727205276489258e-01
5.256134867668151855e-01
5.109193325042724609e-01
4.984048604965209961e-01
4.775942564010620117e-01
4.594519734382629395e-01
3.947659730911254883e-01
3.897354602813720703e-01
4.589276313781738281e-01
6.408072113990783691e-01
4.414771795272827148e-01
3.753738105297088623e-01
4.167932868003845215e-01
5.306957960128784180e-01
5.149559974670410156e-01
5.047543048858642578e-01
2.480759382247924805e+00
3.005023956298828125e+00
2.818726539611816406e+00
2.727532148361206055e+00
2.786987543106079102e+00
2.704442501068115234e+00
2.711283445358276367e+00
2.324264526367187500e+00
1.964502215385437012e+00
1.360295653343200684e+00
1.613181710243225098e+00
1.574283003807067871e+00
1.548143744468688965e+00
1.277678370475769043e+00
1.204243183135986328e+00
1.292595624923706055e+00
1.279770851135253906e+00
1.303990483283996582e+00
1.209276676177978516e+00
1.268903374671936035e+00
1.329923152923583984e+00
1.160644292831420898e+00
1.152182102203369141e+00
1.311782479286193848e+00
1.356875658035278320e+00
1.242829084396362305e+00
1.181109905242919922e+00
1.257880330085754395e+00
1.279291987419128418e+00
1.243859648704528809e+00
1.197052717208862305e+00
1.261738181114196777e+00
1.275725126266479492e+00
1.340570688247680664e+00
1.387886643409729004e+00
1.301895737648010254e+00
2.450721025466918945e+00
1.462594985961914062e+00
1.277029037475585938e+00
8.939898014068603516e-01
9.724456667900085449e-01
1.300351738929748535e+00
4.943684935569763184e-01
4.456174373626708984e-01
3.077587783336639404e-01
1.112624287605285645e+00
3.079693019390106201e-01
3.068509697914123535e-01
2.946158051490783691e-01
3.693568110466003418e-01
3.358858823776245117e-01
2.961107194423675537e-01
3.523090183734893799e-01
2.994632124900817871e-01
3.270607590675354004e-01
3.369765281677246094e-01
4.447638988494873047e-01
2.871756851673126221e-01
4.076233506202697754e-01
6.816247701644897461e-01
7.518571615219116211e-01
6.435865759849548340e-01
6.552176475524902344e-01
7.104437351226806641e-01
6.295456290245056152e-01
7.695441842079162598e-01
7.147349715232849121e-01
8.185413479804992676e-01
9.942532181739807129e-01
3.154430150985717773e+00
3.135811805725097656e+00
2.980163574218750000e+00
3.194048166275024414e+00
3.250053882598876953e+00
2.408098220825195312e+00
2.221453666687011719e+00
2.902150392532348633e+00
2.935688972473144531e+00
2.487478017807006836e+00
3.475860595703125000e+00
2.985586881637573242e+00
1.532041788101196289e+00
1.706563472747802734e+00
1.908434987068176270e+00
1.852870702743530273e+00
2.797911167144775391e+00
1.441820859909057617e+00
3.080704927444458008e+00
2.485456228256225586e+00
1.102891683578491211e+00
1.433286547660827637e+00
1.602449297904968262e+00
1.084390521049499512e+00
8.337072134017944336e-01
1.295244455337524414e+00
1.054166316986083984e+00
8.440796136856079102e-01
9.699590802192687988e-01
7.079735398292541504e-01
2.607274353504180908e-01
3.043616116046905518e-01
3.636180162429809570e-01
4.737659096717834473e-01
3.559778332710266113e-01
2.907099127769470215e-01
3.974510431289672852e-01
3.493219017982482910e-01
2.272866517305374146e-01
3.005861937999725342e-01
3.004628419876098633e-01
2.213390022516250610e-01
2.728518843650817871e-01
2.673726677894592285e-01
2.577575743198394775e-01
2.599829733371734619e-01
2.979408800601959229e-01
2.547523677349090576e-01
1.589262247085571289e+00
1.275937557220458984e+00
1.188682675361633301e+00
7.606930136680603027e-01
3.356043994426727295e-01
2.602430880069732666e-01
2.043501436710357666e-01
3.100258409976959229e-01
3.217805325984954834e-01
2.820081114768981934e-01
2.387730032205581665e-01
3.482255041599273682e-01
5.246025919914245605e-01
2.371440380811691284e-01
3.071195781230926514e-01
3.244346380233764648e-01
5.156711339950561523e-01
2.674666643142700195e-01
2.986743748188018799e-01
4.261485338211059570e-01
3.656756877899169922e-01
4.902348220348358154e-01
5.335175991058349609e-01
7.038648128509521484e-01
4.048461914062500000e-01
3.718204200267791748e-01
1.862890362739562988e+00
1.794857859611511230e+00
2.364583015441894531e+00
2.565347194671630859e+00
2.674503326416015625e+00
1.901934266090393066e+00
1.718029022216796875e+00
1.921391367912292480e+00
1.521762847900390625e+00
1.718959331512451172e+00
1.535747051239013672e+00
1.627270817756652832e+00
1.589843869209289551e+00
1.352780103683471680e+00
1.418900251388549805e+00
1.335183024406433105e+00
1.258629083633422852e+00
1.305117487907409668e+00
1.339169263839721680e+00
1.260827422142028809e+00
1.306000709533691406e+00
1.286636710166931152e+00
1.388500332832336426e+00
1.354384183883666992e+00
1.307945370674133301e+00
1.251928806304931641e+00
1.189617276191711426e+00
1.347324490547180176e+00
1.300737380981445312e+00
1.282887339591979980e+00
1.324595451354980469e+00
1.283672094345092773e+00
1.284077763557434082e+00
1.309640407562255859e+00
1.348747611045837402e+00
1.528634548187255859e+00
1.302127122879028320e+00
1.263572812080383301e+00
2.300279617309570312e+00
1.448380589485168457e+00
1.466086506843566895e+00
1.411087632179260254e+00
1.745528459548950195e+00
1.444668173789978027e+00
1.240403056144714355e+00
2.207733392715454102e+00
1.687928199768066406e+00
1.288703680038452148e+00
1.415656566619873047e+00
1.411544203758239746e+00
1.198508262634277344e+00
1.690647482872009277e+00
1.735582828521728516e+00
1.631154537200927734e+00
1.704430818557739258e+00
1.736128568649291992e+00
2.167079210281372070e+00
1.871214747428894043e+00
1.546605229377746582e+00
1.702671647071838379e+00
1.128186464309692383e+00
1.524771332740783691e+00
1.161157488822937012e+00
1.429365038871765137e+00
1.013042092323303223e+00
7.874178290367126465e-01
7.117048501968383789e-01
7.673935890197753906e-01
7.068615555763244629e-01
1.007034897804260254e+00
1.460586190223693848e+00
1.249732494354248047e+00
1.388608813285827637e+00
1.593034625053405762e+00
1.569065332412719727e+00
1.310112953186035156e+00
1.008383750915527344e+00
1.466367721557617188e+00
1.745653748512268066e+00
1.474463462829589844e+00
1.646206021308898926e+00
1.912765502929687500e+00
3.250100374221801758e+00
1.775040268898010254e+00
1.309833049774169922e+00
1.203961372375488281e+00
1.728072524070739746e+00
1.234590172767639160e+00
2.341552734375000000e+00
1.908796548843383789e+00
1.901056051254272461e+00
2.032119035720825195e+00
1.982082366943359375e+00
1.152455091476440430e+00
4.877747893333435059e-01
4.434786438941955566e-01
4.488413631916046143e-01
4.248284697532653809e-01
4.235108792781829834e-01
3.386822342872619629e-01
3.592067062854766846e-01
3.533262014389038086e-01
3.279269039630889893e-01
3.415509462356567383e-01
3.940316438674926758e-01
4.212282001972198486e-01
3.035417795181274414e-01
3.433720469474792480e-01
4.287464320659637451e-01
3.223583400249481201e-01
3.546103537082672119e-01
4.454675018787384033e-01
3.371467590332031250e-01
2.844947278499603271e-01
3.667035400867462158e-01
3.544332683086395264e-01
2.617503702640533447e-01
3.014246523380279541e-01
3.421262800693511963e-01
3.118617534637451172e-01
9.887416362762451172e-01
3.118820488452911377e-01
3.669011592864990234e-01
2.899542152881622314e-01
2.779651582241058350e-01
3.984098136425018311e-01
3.093899488449096680e-01
2.909582257270812988e-01
3.939765691757202148e-01
4.582859575748443604e-01
2.266027778387069702e-01
2.841943204402923584e-01
3.879751861095428467e-01
2.973159253597259521e-01
3.534662723541259766e-01
4.138969182968139648e-01
4.428219199180603027e-01
1.409079790115356445e+00
1.388264298439025879e+00
1.317278146743774414e+00
1.263828516006469727e+00
5.418277382850646973e-01
3.268771171569824219e-01
4.673328399658203125e-01
3.840807974338531494e-01
1.674777507781982422e+00
2.153710126876831055e+00
2.485475063323974609e+00
2.930720806121826172e+00
2.134914398193359375e+00
2.420685291290283203e+00
2.462466716766357422e+00
2.564754724502563477e+00
2.367993593215942383e+00
2.343587160110473633e+00
2.114137172698974609e+00
1.319157958030700684e+00
1.655954599380493164e+00
1.481377005577087402e+00
2.803847312927246094e+00
1.522723078727722168e+00
1.400017857551574707e+00
1.438444733619689941e+00
1.400568008422851562e+00
1.634969711303710938e+00
8.157477378845214844e-01
2.161617517471313477e+00
2.430794715881347656e+00
4.773834645748138428e-01
9.843813180923461914e-01
1.907327890396118164e+00
1.894209265708923340e+00
2.478596687316894531e+00
3.233053922653198242e+00
3.069522380828857422e+00
2.392435789108276367e+00
1.581322193145751953e+00
2.763038635253906250e+00
1.621737599372863770e+00
4.008194208145141602e-01
1.176358938217163086e+00
7.404494881629943848e-01
6.588845252990722656e-01
2.738986968994140625e+00
6.350248456001281738e-01
1.008754611015319824e+00
1.655801177024841309e+00
1.499182701110839844e+00
1.379025578498840332e+00
8.409466743469238281e-01
1.336428284645080566e+00
2.683170795440673828e+00
2.722047269344329834e-01
5.115864872932434082e-01
4.609301984310150146e-01
4.055569171905517578e-01
1.665007591247558594e+00
1.419619679450988770e+00
1.399682998657226562e+00
1.417322278022766113e+00
1.606632351875305176e+00
1.656527519226074219e+00
1.643374919891357422e+00
1.557274699211120605e+00
1.409955024719238281e+00
1.511008143424987793e+00
1.518527150154113770e+00
1.429814219474792480e+00
1.804915666580200195e+00
2.115369558334350586e+00
2.231437683105468750e+00
1.984196186065673828e+00
2.298520088195800781e+00
3.045742750167846680e+00
4.584783554077148438e+00
4.790743350982666016e+00
4.669095993041992188e+00
4.546500205993652344e+00
3.913506746292114258e+00
3.757195472717285156e+00
3.439597129821777344e+00
3.061269760131835938e+00
2.375698566436767578e+00
3.208386898040771484e+00
3.304284334182739258e+00
2.636633872985839844e+00
2.757437467575073242e+00
2.473405599594116211e+00
1.605288743972778320e+00
1.857590436935424805e+00
1.870752334594726562e+00
1.747008085250854492e+00
1.852984428405761719e+00
2.666697025299072266e+00
1.907101273536682129e+00
1.998099803924560547e+00
1.857251048088073730e+00
1.973864912986755371e+00
1.421421885490417480e+00
1.739037871360778809e+00
1.160293459892272949e+00
9.224420189857482910e-01
9.644932746887207031e-01
9.982813596725463867e-01
8.955913782119750977e-01
9.385444521903991699e-01
9.192991852760314941e-01
8.263090252876281738e-01
6.909666061401367188e-01
6.353027820587158203e-01
6.831731796264648438e-01
5.542566776275634766e-01
5.201274156570434570e-01
4.988680779933929443e-01
3.031821846961975098e-01
3.818841874599456787e-01
4.146301150321960449e-01
3.363981842994689941e-01
2.024997025728225708e-01
2.563802301883697510e-01
1.284926891326904297e+00
1.166032552719116211e+00
1.234332561492919922e+00
1.331434488296508789e+00
1.005977764725685120e-01
8.095481991767883301e-02
2.297762930393218994e-01
2.367545515298843384e-01
2.746872305870056152e-01
3.236033022403717041e-01
4.708465039730072021e-01
4.899127483367919922e-01
1.554987579584121704e-01
4.941686689853668213e-01
6.597646474838256836e-01
5.184222459793090820e-01
3.852065205574035645e-01
1.685968041419982910e-01
3.856511116027832031e-01
3.008419275283813477e-01
2.678112089633941650e-01
2.721976041793823242e-01
4.026706814765930176e-01
3.770326375961303711e-01
3.368178308010101318e-01
2.523937523365020752e-01
3.899851441383361816e-01
3.663030862808227539e-01
2.392345815896987915e-01
2.116123586893081665e-01
1.388780117034912109e+00
1.509955883026123047e+00
1.445551872253417969e+00
2.238023757934570312e+00
2.631775617599487305e+00
2.571029663085937500e+00
1.838558673858642578e+00
1.822296738624572754e+00
1.434059262275695801e+00
1.510158419609069824e+00
1.648852705955505371e+00
1.404840111732482910e+00
1.253572344779968262e+00
1.279637336730957031e+00
1.348020434379577637e+00
1.145841360092163086e+00
1.383300065994262695e+00
1.384773135185241699e+00
3.221568763256072998e-01
3.551152348518371582e-01
4.433632493019104004e-01
5.180327296257019043e-01
2.565811574459075928e-01
3.191837370395660400e-01
4.800655245780944824e-01
2.273318767547607422e-01
2.290663719177246094e-01
3.349632918834686279e-01
4.238104820251464844e-01
2.383056581020355225e-01
3.146781027317047119e-01
5.414856672286987305e-01
3.095245361328125000e-01
2.856382727622985840e-01
3.988037109375000000e-01
4.659069776535034180e-01
2.907819747924804688e-01
3.190845251083374023e-01
3.367632925510406494e-01
2.421142607927322388e-01
2.805186510086059570e-01
3.613835871219635010e-01
3.287826478481292725e-01
3.086493313312530518e-01
3.271265327930450439e-01
3.699283003807067871e-01
3.156453967094421387e-01
2.709901928901672363e-01
2.852526009082794189e-01
2.508845627307891846e-01
2.612953484058380127e-01
2.587363719940185547e-01
3.213910460472106934e-01
3.063088059425354004e-01
4.670740962028503418e-01
3.306256830692291260e-01
3.326049447059631348e-01
3.245785236358642578e-01
4.311845302581787109e-01
3.607068359851837158e-01
3.925348222255706787e-01
4.034359455108642578e-01
4.252810180187225342e-01
3.710090816020965576e-01
1.803775668144226074e+00
1.452381849288940430e+00
1.254320263862609863e+00
6.798889040946960449e-01
2.416743338108062744e-01
3.972533941268920898e-01
2.902770936489105225e-01
3.479593694210052490e-01
4.844905436038970947e-01
5.325092077255249023e-01
3.572597801685333252e-01
3.231480121612548828e-01
4.440057277679443359e-01
3.981365561485290527e-01
3.333825469017028809e-01
4.336867630481719971e-01
4.866156280040740967e-01
2.151095867156982422e-01
3.275398910045623779e-01
1.397501111030578613e+00
1.706057548522949219e+00
1.274808287620544434e+00
1.205092906951904297e+00
1.444048762321472168e+00
7.097612023353576660e-01
9.604133367538452148e-01
1.485182046890258789e+00
1.889432907104492188e+00
1.795665383338928223e+00
1.600882887840270996e+00
1.261531591415405273e+00
1.100947976112365723e+00
4.244622886180877686e-01
3.136784732341766357e-01
3.570289909839630127e-01
3.539980053901672363e-01
2.764502167701721191e-01
2.461876273155212402e-01
3.593629300594329834e-01
5.279819369316101074e-01
2.706582546234130859e-01
2.742124795913696289e-01
3.674578666687011719e-01
4.075433015823364258e-01
2.699456214904785156e-01
3.312095105648040771e-01
4.270122051239013672e-01
3.114103078842163086e-01
3.449837565422058105e-01
3.619978427886962891e-01
3.726662695407867432e-01
2.677511870861053467e-01
3.576171994209289551e-01
3.689267635345458984e-01
2.670478522777557373e-01
3.205923140048980713e-01
3.326888084411621094e-01
3.163534104824066162e-01
3.018374443054199219e-01
3.212838768959045410e-01
3.431889712810516357e-01
2.969467341899871826e-01
4.655545055866241455e-01
4.803349375724792480e-01
1.801440119743347168e-01
3.458079695701599121e-01
5.229634642601013184e-01
2.653133571147918701e-01
2.927335500717163086e-01
3.890529274940490723e-01
3.645814657211303711e-01
2.541756629943847656e-01
3.494592308998107910e-01
4.375742971897125244e-01
3.395187854766845703e-01
3.553512394428253174e-01
4.120047986507415771e-01
1.098397850990295410e+00
1.073475956916809082e+00
2.031830549240112305e+00
2.691098928451538086e+00
1.929391145706176758e+00
1.888246297836303711e+00
2.071376562118530273e+00
1.825202703475952148e+00
1.981600999832153320e+00
2.410037040710449219e+00
1.812399029731750488e+00
1.701724052429199219e+00
2.390002250671386719e+00
2.897376775741577148e+00
2.624922037124633789e+00
2.660058259963989258e+00
1.239183306694030762e+00
1.633239030838012695e+00
1.570720553398132324e+00
1.385280489921569824e+00
1.626718282699584961e+00
1.624307870864868164e+00
3.036792278289794922e+00
2.738712787628173828e+00
3.563601493835449219e+00
3.029618024826049805e+00
2.828471183776855469e+00
1.644695758819580078e+00
2.701498031616210938e+00
3.143789291381835938e+00
2.595837116241455078e+00
2.994451522827148438e+00
1.867349386215209961e+00
1.887000322341918945e+00
1.914217352867126465e+00
1.828487992286682129e+00
1.666501045227050781e+00
1.820107460021972656e+00
1.950360774993896484e+00
1.800351381301879883e+00
1.940226197242736816e+00
2.003293275833129883e+00
1.726939439773559570e+00
1.670110106468200684e+00
2.358098030090332031e+00
2.442464828491210938e+00
1.336892843246459961e+00
1.491711854934692383e+00
1.386443734169006348e+00
1.449999094009399414e+00
1.793151855468750000e+00
1.856382966041564941e+00
2.555445671081542969e+00
2.599743127822875977e+00
3.604944050312042236e-01
6.286092996597290039e-01
6.286622285842895508e-01
7.081794142723083496e-01
8.627421259880065918e-01
9.243437051773071289e-01
8.647235631942749023e-01
9.336180686950683594e-01
8.309779763221740723e-01
7.975813746452331543e-01
7.813051342964172363e-01
7.834787368774414062e-01
7.487957477569580078e-01
7.655982375144958496e-01
7.639355659484863281e-01
1.067896485328674316e+00
9.958692789077758789e-01
3.466349124908447266e+00
3.440213441848754883e+00
4.367034435272216797e+00
3.150201320648193359e+00
3.209669589996337891e+00
3.394879341125488281e+00
1.938403487205505371e+00
1.190335154533386230e+00
1.894104361534118652e+00
3.396504640579223633e+00
2.926700830459594727e+00
1.615785598754882812e+00
1.537229418754577637e+00
1.611368775367736816e+00
1.722093343734741211e+00
1.943961381912231445e+00
2.101838111877441406e+00
2.197168588638305664e+00
2.164728879928588867e+00
2.637488603591918945e+00
2.814291715621948242e+00
2.647727012634277344e+00
2.398136854171752930e+00
1.837235569953918457e+00
1.821380972862243652e+00
1.365289688110351562e+00
3.424105346202850342e-01
4.972624182701110840e-01
4.629163146018981934e-01
4.018417894840240479e-01
2.280711233615875244e-01
2.642262876033782959e-01
2.105886042118072510e-01
2.269495129585266113e-01
4.701771438121795654e-01
4.722657799720764160e-01
3.905314207077026367e-01
3.831653296947479248e-01
3.838050663471221924e-01
3.451432883739471436e-01
3.710680007934570312e-01
3.691002726554870605e-01
3.832697570323944092e-01
3.027307391166687012e-01
2.532815635204315186e-01
3.054473102092742920e-01
2.914414703845977783e-01
2.604231834411621094e-01
4.204730689525604248e-01
3.279069066047668457e-01
2.624243497848510742e-01
2.877096235752105713e-01
3.378574848175048828e-01
1.807355135679244995e-01
3.424639701843261719e-01
3.666062355041503906e-01
2.235808521509170532e-01
2.185506075620651245e-01
4.034707546234130859e-01
4.880719184875488281e-01
1.808563917875289917e-01
4.557743966579437256e-01
4.593596160411834717e-01
2.275643199682235718e-01
5.014390945434570312e-01
3.991970419883728027e-01
4.887727797031402588e-01
5.946335196495056152e-01
3.780953288078308105e-01
6.047074198722839355e-01
6.338525414466857910e-01
5.272355675697326660e-01
5.637100338935852051e-01
3.404704630374908447e-01
6.191381216049194336e-01
1.754091024398803711e+00
2.007307767868041992e+00
2.455478906631469727e+00
2.322033405303955078e+00
2.292697906494140625e+00
2.240486145019531250e+00
2.554458141326904297e+00
2.713767766952514648e+00
1.583054184913635254e+00
2.259385347366333008e+00
2.074720382690429688e+00
1.239417314529418945e+00
1.317136168479919434e+00
1.343263149261474609e+00
1.410644173622131348e+00
1.371481060981750488e+00
1.262609004974365234e+00
1.361876845359802246e+00
1.297338843345642090e+00
1.808490633964538574e+00
1.339028120040893555e+00
1.443707704544067383e+00
1.541789293289184570e+00
1.473386526107788086e+00
1.612858772277832031e+00
1.618471145629882812e+00
1.325170516967773438e+00
1.288432598114013672e+00
1.753999948501586914e+00
2.455168724060058594e+00
1.791267156600952148e+00
1.502005577087402344e+00
1.428838491439819336e+00
1.889828681945800781e+00
1.030962347984313965e+00
6.677305102348327637e-01
6.430356502532958984e-01
6.888708472251892090e-01
3.969738185405731201e-01
2.672963380813598633e+00
8.343113064765930176e-01
5.456949472427368164e-01
4.868899881839752197e-01
7.244909405708312988e-01
1.490486621856689453e+00
1.558179736137390137e+00
1.826959371566772461e+00
3.059223890304565430e+00
5.279043912887573242e-01
4.152452051639556885e-01
3.437875807285308838e-01
3.343287408351898193e-01
4.204884171485900879e-01
6.026738882064819336e-01
5.264396071434020996e-01
4.294248223304748535e-01
7.226396799087524414e-01
5.748145580291748047e-01
5.685988664627075195e-01
6.704328060150146484e-01
6.760556697845458984e-01
1.330829501152038574e+00
1.207839608192443848e+00
1.287836194038391113e+00
8.594413995742797852e-01
7.687016129493713379e-01
9.634188413619995117e-01
1.361153841018676758e+00
1.374918699264526367e+00
1.822148919105529785e+00
1.952440857887268066e+00
2.005064964294433594e+00
1.920503497123718262e+00
3.811085700988769531e+00
2.781968832015991211e+00
2.367560148239135742e+00
2.608648061752319336e+00
2.127440690994262695e+00
1.275668740272521973e+00
1.420283079147338867e+00
2.967377185821533203e+00
2.967154979705810547e+00
3.302100896835327148e+00
2.814904451370239258e+00
2.816514492034912109e+00
2.442192792892456055e+00
2.177101612091064453e+00
1.450946927070617676e+00
1.615066647529602051e+00
1.374443411827087402e+00
1.272554159164428711e+00
1.418617606163024902e+00
1.181743621826171875e+00
8.890547156333923340e-01
8.212809562683105469e-01
8.563953638076782227e-01
6.025711297988891602e-01
6.717967391014099121e-01
7.035808563232421875e-01
6.944975256919860840e-01
6.053589582443237305e-01
6.636428833007812500e-01
6.016021966934204102e-01
3.253355920314788818e-01
4.921650290489196777e-01
4.733131229877471924e-01
3.959223926067352295e-01
3.844593465328216553e-01
2.769537568092346191e-01
2.787655293941497803e-01
1.446570903062820435e-01
2.422962635755538940e-01
3.375883102416992188e-01
3.446463346481323242e-01
1.969234645366668701e-01
2.927933037281036377e-01
7.446330189704895020e-01
1.981911659240722656e-01
2.339606583118438721e-01
3.188211023807525635e-01
1.447235107421875000e+00
1.348650336265563965e+00
1.205923438072204590e+00
1.153147816658020020e+00
2.618218958377838135e-01
9.201796352863311768e-02
2.863892912864685059e-01
3.893188238143920898e-01
2.555472552776336670e-01
4.229415953159332275e-01
3.329330384731292725e-01
2.812735140323638916e-01
3.537620007991790771e-01
2.822462916374206543e-01
4.355084300041198730e-01
3.244694471359252930e-01
3.619740009307861328e-01
4.504829347133636475e-01
4.009992182254791260e-01
3.878132104873657227e-01
4.323845207691192627e-01
4.865016043186187744e-01
3.976711332798004150e-01
5.993282794952392578e-01
2.423658132553100586e+00
1.832404017448425293e+00
1.884761214256286621e+00
1.712560296058654785e+00
2.890910387039184570e+00
2.088065862655639648e+00
4.115248680114746094e+00
2.843191385269165039e+00
1.374212622642517090e+00
1.753927588462829590e+00
1.486063241958618164e+00
1.325028777122497559e+00
1.341608762741088867e+00
1.721739172935485840e+00
1.146843194961547852e+00
1.233850955963134766e+00
1.468511700630187988e+00
1.314339041709899902e+00
1.490668058395385742e+00
1.284290432929992676e+00
1.185017108917236328e+00
1.366557121276855469e+00
1.896013379096984863e+00
1.296524763107299805e+00
1.257244110107421875e+00
1.366676926612854004e+00
1.317212939262390137e+00
1.178113102912902832e+00
1.312887430191040039e+00
1.453710913658142090e+00
1.494875550270080566e+00
1.173560976982116699e+00
1.388891935348510742e+00
1.517098784446716309e+00
2.218243837356567383e+00
1.310014247894287109e+00
1.406999468803405762e+00
1.860844731330871582e+00
1.260941743850708008e+00
2.199287652969360352e+00
2.841225624084472656e+00
1.172192335128784180e+00
1.581127285957336426e+00
1.725564002990722656e+00
1.654221534729003906e+00
1.486931920051574707e+00
1.625465393066406250e+00
2.737182855606079102e+00
2.438225507736206055e+00
1.437392473220825195e+00
1.667053699493408203e+00
1.553890943527221680e+00
1.251519560813903809e+00
1.458961248397827148e+00
1.818836808204650879e+00
1.641610026359558105e+00
2.092227786779403687e-01
5.892140269279479980e-01
1.339924931526184082e+00
1.009809136390686035e+00
9.116831421852111816e-01
2.461490869522094727e+00
2.361247301101684570e+00
2.325729846954345703e+00
2.197598695755004883e+00
2.396718740463256836e+00
8.364402055740356445e-01
1.044009327888488770e+00
2.039286375045776367e+00
2.628146171569824219e+00
2.450878143310546875e+00
2.452686786651611328e+00
2.246564149856567383e+00
2.044222831726074219e+00
1.669873833656311035e+00
1.802870512008666992e+00
1.880591273307800293e+00
2.132900714874267578e+00
1.600119471549987793e+00
2.239946126937866211e+00
2.773875951766967773e+00
2.711512565612792969e+00
2.742913722991943359e+00
2.026507854461669922e+00
2.018957376480102539e+00
1.996658086776733398e+00
2.110873937606811523e+00
1.938575029373168945e+00
2.127524137496948242e+00
1.326414942741394043e+00
8.705621361732482910e-01
1.026026844978332520e+00
7.675805091857910156e-01
6.773164868354797363e-01
3.608510196208953857e-01
3.332476913928985596e-01
2.895463407039642334e-01
3.985559046268463135e-01
3.309743404388427734e-01
4.070241749286651611e-01
4.812775850296020508e-01
4.523904025554656982e-01
3.766426146030426025e-01
3.683854043483734131e-01
3.934335708618164062e-01
3.377730548381805420e-01
2.906323373317718506e-01
3.527020812034606934e-01
2.294975221157073975e-01
2.446929663419723511e-01
3.661386370658874512e-01
2.586823701858520508e-01
3.128868937492370605e-01
3.251842856407165527e-01
3.987721800804138184e-01
4.105857908725738525e-01
2.641783058643341064e-01
3.546739220619201660e-01
1.810422241687774658e-01
1.952550262212753296e-01
2.481986880302429199e-01
3.463457524776458740e-01
2.763184010982513428e-01
3.604916632175445557e-01
3.010118603706359863e-01
3.876882195472717285e-01
1.677454560995101929e-01
2.799710035324096680e-01
4.052066206932067871e-01
3.226003646850585938e-01
3.572219610214233398e-01
3.560518324375152588e-01
4.145078659057617188e-01
1.569790601730346680e+00
1.378862500190734863e+00
1.495748758316040039e+00
1.252080917358398438e+00
1.975415498018264771e-01
5.316011309623718262e-01
4.593911170959472656e-01
4.244836568832397461e-01
3.299338519573211670e-01
1.652984499931335449e+00
9.162715077400207520e-01
2.420432567596435547e+00
1.716773629188537598e+00
2.044820070266723633e+00
2.868491172790527344e+00
2.271526813507080078e+00
2.416047096252441406e+00
3.524865150451660156e+00
1.866430878639221191e+00
2.036894559860229492e+00
1.754315733909606934e+00
2.128478288650512695e+00
1.746657490730285645e+00
7.902898192405700684e-01
1.562097430229187012e+00
2.663110256195068359e+00
1.371524810791015625e+00
6.237934231758117676e-01
1.105904221534729004e+00
8.320409655570983887e-01
6.689850091934204102e-01
8.429714441299438477e-01
1.027702212333679199e+00
8.190725445747375488e-01
6.985157728195190430e-01
4.384851455688476562e-01
3.386381268501281738e-01
2.957393229007720947e-01
5.938388705253601074e-01
1.618975281715393066e+00
1.356312990188598633e+00
1.336067795753479004e+00
6.985875964164733887e-01
3.330618739128112793e-01
9.361367821693420410e-01
4.460968375205993652e-01
5.303304195404052734e-01
4.700658619403839111e-01
5.682000517845153809e-01
4.631117284297943115e-01
4.735406041145324707e-01
3.740954101085662842e-01
3.591175973415374756e-01
3.684262633323669434e-01
3.704255223274230957e-01
3.368660807609558105e-01
3.581072986125946045e-01
3.147110044956207275e-01
2.570687532424926758e-01
2.480673938989639282e-01
3.103265464305877686e-01
2.771730124950408936e-01
3.153713047504425049e-01
3.629215359687805176e-01
2.993050515651702881e-01
2.865076959133148193e-01
3.214919269084930420e-01
3.954169452190399170e-01
3.177397847175598145e-01
1.007274985313415527e+00
7.878585457801818848e-01
8.768891096115112305e-01
6.826463341712951660e-01
1.381815075874328613e+00
1.501532196998596191e+00
1.844613194465637207e+00
1.571696639060974121e+00
1.787072062492370605e+00
1.851430535316467285e+00
1.919841527938842773e+00
2.006204843521118164e+00
2.116008996963500977e+00
2.748725652694702148e+00
2.854188203811645508e+00
2.894332647323608398e+00
2.937653303146362305e+00
2.978062868118286133e+00
2.631023168563842773e+00
1.847323775291442871e+00
1.308251857757568359e+00
1.403240203857421875e+00
2.305928468704223633e+00
1.728569149971008301e+00
1.712588429450988770e+00
1.764962315559387207e+00
1.568593859672546387e+00
1.560222864151000977e+00
1.470429778099060059e+00
1.466148972511291504e+00
1.594337105751037598e+00
1.205413579940795898e+00
1.303590774536132812e+00
1.400645852088928223e+00
1.364389777183532715e+00
1.123185276985168457e+00
9.533208012580871582e-01
1.153322696685791016e+00
1.817382097244262695e+00
1.526653051376342773e+00
1.558664917945861816e+00
1.713522553443908691e+00
5.730836391448974609e-01
4.600741863250732422e-01
7.196498513221740723e-01
4.402610063552856445e-01
3.728011250495910645e-01
2.961822748184204102e-01
4.579329192638397217e-01
3.160137832164764404e-01
2.580626308917999268e-01
3.602562248706817627e-01
4.169097840785980225e-01
2.911923229694366455e-01
2.862251102924346924e-01
3.628258705139160156e-01
2.103029936552047729e-01
2.178913950920104980e-01
3.509985506534576416e-01
3.676982522010803223e-01
1.866053193807601929e-01
1.714309751987457275e-01
3.242915570735931396e-01
3.198396563529968262e-01
1.927793771028518677e-01
2.815300822257995605e-01
3.796516656875610352e-01
2.850881516933441162e-01
3.091692924499511719e-01
3.881464898586273193e-01
3.813880681991577148e-01
2.959070801734924316e-01
2.849239706993103027e-01
3.463769853115081787e-01
3.277531266212463379e-01
4.169243276119232178e-01
3.875708878040313721e-01
