1.656721591949462891e+00
1.259115695953369141e+00
1.427105903625488281e+00
1.437943696975708008e+00
1.315833091735839844e+00
1.342503070831298828e+00
1.715355753898620605e+00
1.723086714744567871e+00
1.289375305175781250e+00
1.458266139030456543e+00
1.449222564697265625e+00
1.309043407440185547e+00
1.383768320083618164e+00
1.432172536849975586e+00
1.172239542007446289e+00
1.249981641769409180e+00
1.257613897323608398e+00
1.248363375663757324e+00
1.068372845649719238e+00
1.023601174354553223e+00
1.195099234580993652e+00
1.028335928916931152e+00
1.049597978591918945e+00
1.075689554214477539e+00
4.081723690032958984e-01
3.570468127727508545e-01
3.409991860389709473e-01
3.800510168075561523e-01
3.113733232021331787e-01
2.916832268238067627e-01
3.623758256435394287e-01
1.035146713256835938e+00
4.682861566543579102e-01
3.535846769809722900e-01
3.876624405384063721e-01
3.322979509830474854e-01
3.395371437072753906e-01
4.691314697265625000e-01
4.310093820095062256e-01
3.669902384281158447e-01
4.594914615154266357e-01
4.937827289104461670e-01
3.893752694129943848e-01
4.230504035949707031e-01
4.972878992557525635e-01
4.198949933052062988e-01
3.962672054767608643e-01
4.579732120037078857e-01
4.051863551139831543e-01
3.807488679885864258e-01
4.394452869892120361e-01
4.567507505416870117e-01
3.742817938327789307e-01
4.262620210647583008e-01
4.985567033290863037e-01
3.871290385723114014e-01
1.175593376159667969e+00
1.688325881958007812e+00
1.833866715431213379e+00
1.737319469451904297e+00
1.430532932281494141e+00
5.749074816703796387e-01
4.446649551391601562e-01
4.695741534233093262e-01
6.132686138153076172e-01
4.809459149837493896e-01
4.809198677539825439e-01
6.172043681144714355e-01
5.369181036949157715e-01
4.505808055400848389e-01
5.352792739868164062e-01
5.887264013290405273e-01
4.959453642368316650e-01
5.087169408798217773e-01
5.946894288063049316e-01
4.831855595111846924e-01
6.233546137809753418e-01
1.797443389892578125e+00
1.655982613563537598e+00
2.048519611358642578e+00
1.909034490585327148e+00
1.904560089111328125e+00
1.712452530860900879e+00
1.808101415634155273e+00
1.628690361976623535e+00
1.493970394134521484e+00
1.467823743820190430e+00
1.455777883529663086e+00
1.463835835456848145e+00
1.424479484558105469e+00
1.408583760261535645e+00
1.480914831161499023e+00
1.387709021568298340e+00
1.410154581069946289e+00
1.466039299964904785e+00
1.495868325233459473e+00
1.489634752273559570e+00
1.581350088119506836e+00
2.111102819442749023e+00
1.324433445930480957e+00
1.380888581275939941e+00
1.522335171699523926e+00
1.457168698310852051e+00
1.413173794746398926e+00
1.465495228767395020e+00
1.459676980972290039e+00
1.395157098770141602e+00
1.397343516349792480e+00
1.452237129211425781e+00
1.385086417198181152e+00
6.896057128906250000e-01
4.109506309032440186e-01
3.827144205570220947e-01
3.988431692123413086e-01
3.796804249286651611e-01
3.779774606227874756e-01
3.557209968566894531e-01
3.318972289562225342e-01
4.196850359439849854e-01
3.656269013881683350e-01
3.152570128440856934e-01
3.681932687759399414e-01
4.992367327213287354e-01
1.007618784904479980e+00
3.489598035812377930e-01
4.950548410415649414e-01
4.239494502544403076e-01
3.678185641765594482e-01
7.707112431526184082e-01
1.428339362144470215e+00
1.465755343437194824e+00
1.388792991638183594e+00
1.544952392578125000e+00
1.326202273368835449e+00
1.393503665924072266e+00
1.446810483932495117e+00
1.362697482109069824e+00
1.284428834915161133e+00
1.418475866317749023e+00
1.403097391128540039e+00
1.288793087005615234e+00
1.391859650611877441e+00
1.433404684066772461e+00
1.818762540817260742e+00
1.450838446617126465e+00
1.372021198272705078e+00
1.491791129112243652e+00
1.978796243667602539e+00
1.190653085708618164e+00
1.443403482437133789e+00
1.348745942115783691e+00
1.284929394721984863e+00
1.385566949844360352e+00
1.799987912178039551e+00
1.760169386863708496e+00
7.525390982627868652e-01
6.583919525146484375e-01
4.734841585159301758e-01
4.937059879302978516e-01
5.597910284996032715e-01
4.801658391952514648e-01
4.482827484607696533e-01
5.482103824615478516e-01
4.084785282611846924e-01
3.578682839870452881e-01
3.973137140274047852e-01
4.069559276103973389e-01
3.280883431434631348e-01
3.553901612758636475e-01
1.207764267921447754e+00
1.464955806732177734e+00
1.276957273483276367e+00
1.626372933387756348e+00
1.802738189697265625e+00
9.224891662597656250e-01
3.421416282653808594e-01
4.707094430923461914e-01
3.315529525279998779e-01
3.706732988357543945e-01
4.983001649379730225e-01
3.773379921913146973e-01
3.625378012657165527e-01
4.472439289093017578e-01
4.906281530857086182e-01
3.726462721824645996e-01
3.900509476661682129e-01
5.108119249343872070e-01
4.390133321285247803e-01
3.834501206874847412e-01
4.834212958812713623e-01
4.318898022174835205e-01
9.401794075965881348e-01
6.188634634017944336e-01
5.223851203918457031e-01
4.001100659370422363e-01
4.068243503570556641e-01
1.455646634101867676e+00
6.223223209381103516e-01
4.768571853637695312e-01
1.528151869773864746e+00
1.642138481140136719e+00
1.951251029968261719e+00
1.369664311408996582e+00
1.521863698959350586e+00
1.453886866569519043e+00
1.373926520347595215e+00
1.520158052444458008e+00
5.948113799095153809e-01
7.160750627517700195e-01
5.606596469879150391e-01
6.344226598739624023e-01
5.986627340316772461e-01
5.323417186737060547e-01
5.578556060791015625e-01
4.987685978412628174e-01
4.364217221736907959e-01
4.820357263088226318e-01
4.727651774883270264e-01
4.021002650260925293e-01
4.008218944072723389e-01
4.213611483573913574e-01
3.514261543750762939e-01
3.403660356998443604e-01
4.014641046524047852e-01
3.589251935482025146e-01
3.542482554912567139e-01
3.341286480426788330e-01
4.744788408279418945e-01
1.024515509605407715e+00
3.285529613494873047e-01
3.764395117759704590e-01
3.531776368618011475e-01
3.653349876403808594e-01
3.553128540515899658e-01
3.518756628036499023e-01
3.264837861061096191e-01
4.688633978366851807e-01
4.610014557838439941e-01
3.877191841602325439e-01
4.283747673034667969e-01
4.649503827095031738e-01
4.414325058460235596e-01
4.043075740337371826e-01
4.999068975448608398e-01
4.941958189010620117e-01
4.049656987190246582e-01
4.161954820156097412e-01
4.430060982704162598e-01
3.710518479347229004e-01
3.616935908794403076e-01
4.244255423545837402e-01
3.637241125106811523e-01
3.676354885101318359e-01
1.123237967491149902e+00
1.698804140090942383e+00
1.625430583953857422e+00
1.226138353347778320e+00
1.002353668212890625e+00
3.585507869720458984e-01
3.866162002086639404e-01
6.487497687339782715e-01
1.377503514289855957e+00
1.147146105766296387e+00
1.159777879714965820e+00
1.465164899826049805e+00
1.080077409744262695e+00
1.128529429435729980e+00
1.342810392379760742e+00
1.275215864181518555e+00
1.066446423530578613e+00
1.373082876205444336e+00
1.382413625717163086e+00
1.254747629165649414e+00
1.664543271064758301e+00
1.276051044464111328e+00
1.233222723007202148e+00
1.070304393768310547e+00
1.321811676025390625e+00
1.384778857231140137e+00
1.878091812133789062e+00
1.238079786300659180e+00
1.368691563606262207e+00
1.487435102462768555e+00
2.300037384033203125e+00
2.300098657608032227e+00
2.267733573913574219e+00
2.163655281066894531e+00
2.293468236923217773e+00
1.116569638252258301e+00
6.636064052581787109e-01
8.237738609313964844e-01
7.130722999572753906e-01
5.992224812507629395e-01
6.280808448791503906e-01
6.177936792373657227e-01
5.227568149566650391e-01
1.193365573883056641e+00
1.128224849700927734e+00
1.032071828842163086e+00
1.313738942146301270e+00
1.349769949913024902e+00
1.102374434471130371e+00
1.298567175865173340e+00
1.767491340637207031e+00
6.336666941642761230e-01
4.781890511512756348e-01
5.750831961631774902e-01
6.074396371841430664e-01
5.055078268051147461e-01
4.372936189174652100e-01
4.294958114624023438e-01
3.853019177913665771e-01
3.970007002353668213e-01
3.948161303997039795e-01
3.684681951999664307e-01
3.787194490432739258e-01
3.875371813774108887e-01
3.484924733638763428e-01
3.879252970218658447e-01
4.197516441345214844e-01
3.689484000205993652e-01
3.884573280811309814e-01
5.373448729515075684e-01
4.364968240261077881e-01
4.158556163311004639e-01
4.713908731937408447e-01
5.296097993850708008e-01
4.005943834781646729e-01
9.386082887649536133e-01
8.915418386459350586e-01
4.558327794075012207e-01
4.432292282581329346e-01
4.613887667655944824e-01
4.225523769855499268e-01
1.204767227172851562e+00
2.223539590835571289e+00
2.187576532363891602e+00
1.877334237098693848e+00
1.500629067420959473e+00
1.860781431198120117e+00
2.721699714660644531e+00
1.292464852333068848e+00
1.531953811645507812e+00
2.147805452346801758e+00
1.593474864959716797e+00
1.461586356163024902e+00
1.543016672134399414e+00
3.036827325820922852e+00
1.784505963325500488e+00
1.306456446647644043e+00
1.411798954010009766e+00
1.582961201667785645e+00
7.694586515426635742e-01
4.623618125915527344e-01
7.003380060195922852e-01
4.405362010002136230e-01
3.591702282428741455e-01
4.580738246440887451e-01
4.782186448574066162e-01
3.930503726005554199e-01
4.046705067157745361e-01
4.218627512454986572e-01
3.857878744602203369e-01
3.735474944114685059e-01
4.328562617301940918e-01
3.455516695976257324e-01
3.708278834819793701e-01
3.768462538719177246e-01
7.987054586410522461e-01
5.923524498939514160e-01
4.226151406764984131e-01
3.759381771087646484e-01
3.423334956169128418e-01
4.052417278289794922e-01
3.539478480815887451e-01
3.150174617767333984e-01
3.589377999305725098e-01
4.327803254127502441e-01
2.859773337841033936e-01
3.650167584419250488e-01
4.404690563678741455e-01
3.658488988876342773e-01
3.645280301570892334e-01
4.738752841949462891e-01
4.157243072986602783e-01
4.070096313953399658e-01
4.357159137725830078e-01
4.365623295307159424e-01
4.432199001312255859e-01
4.317365586757659912e-01
4.071159958839416504e-01
3.872373104095458984e-01
1.086813092231750488e+00
1.383519887924194336e+00
5.713094472885131836e-01
6.783545017242431641e-01
9.452000856399536133e-01
7.368705868721008301e-01
7.434985637664794922e-01
1.316765069961547852e+00
1.504196763038635254e+00
1.465939521789550781e+00
1.837740540504455566e+00
2.040753126144409180e+00
1.390402555465698242e+00
1.504529476165771484e+00
1.316144227981567383e+00
3.850746750831604004e-01
1.347189664840698242e+00
1.798594117164611816e+00
1.725368022918701172e+00
1.649483203887939453e+00
1.492345094680786133e+00
1.594132900238037109e+00
1.752064824104309082e+00
2.644362926483154297e+00
2.468399047851562500e+00
2.534325838088989258e+00
3.391679048538208008e+00
3.256764888763427734e+00
2.041927337646484375e+00
1.018535494804382324e+00
1.085856199264526367e+00
9.506464004516601562e-01
9.285135269165039062e-01
1.361001372337341309e+00
8.535080552101135254e-01
3.631282150745391846e-01
4.114015102386474609e-01
3.735710680484771729e-01
3.973690867424011230e-01
3.814598917961120605e-01
3.554526567459106445e-01
4.477592408657073975e-01
1.209402203559875488e+00
3.362016677856445312e-01
4.223245978355407715e-01
4.746115207672119141e-01
4.081041216850280762e-01
4.605365693569183350e-01
4.533080756664276123e-01
4.891290962696075439e-01
1.287995219230651855e+00
1.603958845138549805e+00
1.546609878540039062e+00
1.176422476768493652e+00
3.414374887943267822e-01
4.075556397438049316e-01
4.002284705638885498e-01
3.534522950649261475e-01
3.872556686401367188e-01
4.101532697677612305e-01
3.778138458728790283e-01
3.314827978610992432e-01
3.976354897022247314e-01
4.058395326137542725e-01
4.525924026966094971e-01
1.077853560447692871e+00
4.326934516429901123e-01
4.534051120281219482e-01
3.618873655796051025e-01
3.932693898677825928e-01
4.703013300895690918e-01
4.177339971065521240e-01
4.398454725742340088e-01
5.342006683349609375e-01
5.713552236557006836e-01
4.743971526622772217e-01
4.751271009445190430e-01
6.029765009880065918e-01
5.576546788215637207e-01
5.046652555465698242e-01
6.775297522544860840e-01
1.904731988906860352e+00
2.332191705703735352e+00
2.554932594299316406e+00
2.348675489425659180e+00
1.955211997032165527e+00
2.012929439544677734e+00
1.976148724555969238e+00
2.327265501022338867e+00
1.928989052772521973e+00
4.288048744201660156e+00
4.174449920654296875e+00
4.436927795410156250e+00
3.095548629760742188e+00
2.407683849334716797e+00
1.693349480628967285e+00
1.797951340675354004e+00
1.938503503799438477e+00
2.937291860580444336e+00
2.700927495956420898e+00
3.306206941604614258e+00
4.735653400421142578e+00
3.209557771682739258e+00
3.103909015655517578e+00
3.025695562362670898e+00
1.579840660095214844e+00
1.723756551742553711e+00
5.139848232269287109e+00
4.180495738983154297e+00
2.995407581329345703e+00
3.156888246536254883e+00
2.079949140548706055e+00
5.641743540763854980e-01
5.539540648460388184e-01
7.048326730728149414e-01
2.239803552627563477e+00
2.557145118713378906e+00
2.832379817962646484e+00
2.214868068695068359e+00
6.023417115211486816e-01
6.638358235359191895e-01
1.345239400863647461e+00
5.411325454711914062e+00
2.896974802017211914e+00
1.456022977828979492e+00
1.660627126693725586e+00
1.010996699333190918e+00
4.359812438488006592e-01
1.063367247581481934e+00
1.054548144340515137e+00
4.764298796653747559e-01
5.085026025772094727e-01
6.287644505500793457e-01
1.539911150932312012e+00
8.408249616622924805e-01
5.130748748779296875e-01
5.165805816650390625e-01
4.462966620922088623e-01
5.117394328117370605e-01
6.801106929779052734e-01
6.410657167434692383e-01
4.156747162342071533e-01
5.617952346801757812e-01
5.234598517417907715e-01
4.652680754661560059e-01
6.578906774520874023e-01
1.097228169441223145e+00
9.111576676368713379e-01
9.064130187034606934e-01
1.046437859535217285e+00
1.296162247657775879e+00
1.253070473670959473e+00
1.741712689399719238e+00
3.058755159378051758e+00
2.515784978866577148e+00
2.798136234283447266e+00
4.602394580841064453e+00
4.176531791687011719e+00
3.992263555526733398e+00
3.181184053421020508e+00
2.795872211456298828e+00
2.113027095794677734e+00
4.587923049926757812e+00
4.506161689758300781e+00
5.139014720916748047e+00
4.213470458984375000e+00
3.599407911300659180e+00
3.083860874176025391e+00
3.494551181793212891e+00
3.091275691986083984e+00
1.752798318862915039e+00
2.409127235412597656e+00
3.362922191619873047e+00
2.487013101577758789e+00
1.327936172485351562e+00
2.217591524124145508e+00
1.796029090881347656e+00
1.528219223022460938e+00
1.660715222358703613e+00
1.456952691078186035e+00
3.446712791919708252e-01
3.528925776481628418e-01
5.239705443382263184e-01
3.798531293869018555e-01
3.353552520275115967e-01
3.989673256874084473e-01
4.236800074577331543e-01
3.583520650863647461e-01
3.514699935913085938e-01
1.104592680931091309e+00
5.528760552406311035e-01
3.247805535793304443e-01
3.709219098091125488e-01
4.013651609420776367e-01
3.350378274917602539e-01
3.455692231655120850e-01
3.915595710277557373e-01
3.195104598999023438e-01
3.152000010013580322e-01
4.555449783802032471e-01
4.200690388679504395e-01
3.677442967891693115e-01
4.374586343765258789e-01
4.910376369953155518e-01
3.780342042446136475e-01
3.659939169883728027e-01
5.114892125129699707e-01
4.055160880088806152e-01
3.617256581783294678e-01
5.074821710586547852e-01
1.216482996940612793e+00
3.362416625022888184e-01
3.611730635166168213e-01
4.871632754802703857e-01
3.372029364109039307e-01
3.613175153732299805e-01
5.074909329414367676e-01
4.268880486488342285e-01
3.962343037128448486e-01
4.997084736824035645e-01
6.237281560897827148e-01
4.834868013858795166e-01
4.945680201053619385e-01
6.618604063987731934e-01
6.808764934539794922e-01
1.896493673324584961e+00
2.677735805511474609e+00
2.890475511550903320e+00
2.780665874481201172e+00
2.639986753463745117e+00
2.387865304946899414e+00
1.925055146217346191e+00
1.858877778053283691e+00
2.560793161392211914e+00
1.500049352645874023e+00
1.550990462303161621e+00
2.141088485717773438e+00
1.440242052078247070e+00
1.759779095649719238e+00
2.158453941345214844e+00
1.415784597396850586e+00
1.484015703201293945e+00
1.364768624305725098e+00
1.517084598541259766e+00
1.423460960388183594e+00
1.438405275344848633e+00
1.472555994987487793e+00
1.460366845130920410e+00
1.414254784584045410e+00
1.391345977783203125e+00
1.514658570289611816e+00
1.451098203659057617e+00
1.475790619850158691e+00
1.503873348236083984e+00
1.469889044761657715e+00
1.453780055046081543e+00
1.465565919876098633e+00
1.515921235084533691e+00
1.778755187988281250e+00
1.655131220817565918e+00
2.284551143646240234e+00
1.462742686271667480e+00
1.543787956237792969e+00
1.670438766479492188e+00
2.344655036926269531e+00
1.266967177391052246e+00
1.538202762603759766e+00
1.487559318542480469e+00
1.342600703239440918e+00
1.415395379066467285e+00
1.493501424789428711e+00
1.355466604232788086e+00
1.443872451782226562e+00
1.944349169731140137e+00
1.446997404098510742e+00
1.431573987007141113e+00
1.533682584762573242e+00
1.608343243598937988e+00
1.682996273040771484e+00
1.581589102745056152e+00
1.541866064071655273e+00
8.720576167106628418e-01
1.125106692314147949e+00
1.195500016212463379e+00
5.624275803565979004e-01
4.867647290229797363e-01
8.507048487663269043e-01
8.957522511482238770e-01
8.578130006790161133e-01
7.137531638145446777e-01
8.731676936149597168e-01
1.094273209571838379e+00
1.020942687988281250e+00
1.090273857116699219e+00
1.156922340393066406e+00
1.109460949897766113e+00
1.478902459144592285e+00
1.602994561195373535e+00
1.461484670639038086e+00
1.690732479095458984e+00
2.485800027847290039e+00
1.661440134048461914e+00
1.794326066970825195e+00
1.943760991096496582e+00
1.628062486648559570e+00
1.186045527458190918e+00
2.480771303176879883e+00
2.507262229919433594e+00
2.604804039001464844e+00
2.510112524032592773e+00
2.523723125457763672e+00
2.545591831207275391e+00
1.378357052803039551e+00
1.459254264831542969e+00
1.808569908142089844e+00
1.889001965522766113e+00
1.671438694000244141e+00
1.744002342224121094e+00
1.717841267585754395e+00
1.518511533737182617e+00
8.225338459014892578e-01
8.005002140998840332e-01
7.003676295280456543e-01
3.634735643863677979e-01
3.582388460636138916e-01
3.569083809852600098e-01
3.017796277999877930e-01
3.310535550117492676e-01
3.098419308662414551e-01
3.001399636268615723e-01
2.579393088817596436e-01
3.583594560623168945e-01
3.568143546581268311e-01
3.032400012016296387e-01
3.077692091464996338e-01
3.580398559570312500e-01
3.350268602371215820e-01
3.019701242446899414e-01
6.333668231964111328e-01
1.098165035247802734e+00
3.815862536430358887e-01
1.110426902770996094e+00
1.588945627212524414e+00
1.430471539497375488e+00
1.291921377182006836e+00
2.865200340747833252e-01
4.724943935871124268e-01
4.005935490131378174e-01
3.710466325283050537e-01
4.023708105087280273e-01
4.028995335102081299e-01
3.195477426052093506e-01
3.301586210727691650e-01
4.247473478317260742e-01
3.386542797088623047e-01
3.237721323966979980e-01
3.643550872802734375e-01
4.607098102569580078e-01
3.550722002983093262e-01
5.672237277030944824e-01
1.111396670341491699e+00
4.606423974037170410e-01
3.847328722476959229e-01
4.177238643169403076e-01
5.419732928276062012e-01
4.159764945507049561e-01
4.648481309413909912e-01
5.724743604660034180e-01
6.587250232696533203e-01
1.593084812164306641e+00
1.988064050674438477e+00
2.256663799285888672e+00
2.727201700210571289e+00
2.473038673400878906e+00
2.682449579238891602e+00
2.252185821533203125e+00
2.016803503036499023e+00
2.023174524307250977e+00
2.063315391540527344e+00
1.555233001708984375e+00
1.447070360183715820e+00
2.708920955657958984e+00
2.105864524841308594e+00
1.349843740463256836e+00
1.495292901992797852e+00
1.522585391998291016e+00
1.462677240371704102e+00
1.464861750602722168e+00
8.879739046096801758e-01
2.373087644577026367e+00
1.110271215438842773e+00
5.576168298721313477e-01
1.606355786323547363e+00
6.892504692077636719e-01
6.134675741195678711e-01
1.333452701568603516e+00
2.477383613586425781e+00
2.855415105819702148e+00
3.119173526763916016e+00
1.946316957473754883e+00
1.819576621055603027e+00
1.985951304435729980e+00
1.922302484512329102e+00
2.018062829971313477e+00
2.305369138717651367e+00
2.043607711791992188e+00
1.683187961578369141e+00
1.836464047431945801e+00
1.916846752166748047e+00
9.755274057388305664e-01
7.895174026489257812e-01
7.113194465637207031e-01
5.849084854125976562e-01
6.009654402732849121e-01
1.322976350784301758e+00
5.265900492668151855e-01
4.080605506896972656e-01
5.196603536605834961e-01
6.560053825378417969e-01
1.396776080131530762e+00
2.064687252044677734e+00
2.265051841735839844e+00
2.171872138977050781e+00
2.066842555999755859e+00
1.569077134132385254e+00
1.531586527824401855e+00
2.750270605087280273e+00
1.504095315933227539e+00
1.428658366203308105e+00
1.468712091445922852e+00
1.525898456573486328e+00
1.463835835456848145e+00
1.393169522285461426e+00
1.584725379943847656e+00
1.543225884437561035e+00
2.026594877243041992e+00
1.454331755638122559e+00
1.356646537780761719e+00
1.284288763999938965e+00
1.114735960960388184e+00
2.342481851577758789e+00
3.556926727294921875e+00
3.000521898269653320e+00
1.971674084663391113e+00
2.051183938980102539e+00
1.966877937316894531e+00
1.586686253547668457e+00
1.659870147705078125e+00
3.258507251739501953e+00
1.360968589782714844e+00
1.036829948425292969e+00
1.223100900650024414e+00
1.106891274452209473e+00
8.313167691230773926e-01
1.286478638648986816e+00
1.756266236305236816e+00
2.498290061950683594e+00
5.824704170227050781e-01
5.218364000320434570e-01
4.772499799728393555e-01
4.883863031864166260e-01
3.826264441013336182e-01
5.211722254753112793e-01
1.668639898300170898e+00
1.264470458030700684e+00
1.716516017913818359e+00
8.703944087028503418e-01
7.448970079421997070e-01
7.236067056655883789e-01
5.054406523704528809e-01
4.829309284687042236e-01
4.451330900192260742e-01
3.819875121116638184e-01
4.018155038356781006e-01
3.744816184043884277e-01
5.000475049018859863e-01
1.224282145500183105e+00
5.544798374176025391e-01
4.514565467834472656e-01
3.960081636905670166e-01
4.650731682777404785e-01
4.018845558166503906e-01
3.757238388061523438e-01
4.383234083652496338e-01
3.480073213577270508e-01
3.428197503089904785e-01
3.547356128692626953e-01
4.446646571159362793e-01
4.524904489517211914e-01
4.191795885562896729e-01
5.300629138946533203e-01
4.671524763107299805e-01
4.453948736190795898e-01
5.126637220382690430e-01
4.497535824775695801e-01
4.396240115165710449e-01
4.963140487670898438e-01
5.372527241706848145e-01
4.886381924152374268e-01
1.206010341644287109e+00
6.989255547523498535e-01
4.533508419990539551e-01
4.762341678142547607e-01
4.963079988956451416e-01
4.368622004985809326e-01
4.530619382858276367e-01
4.290452003479003906e-01
4.495002925395965576e-01
4.362112283706665039e-01
4.439443349838256836e-01
4.794279634952545166e-01
3.996174931526184082e-01
5.121289491653442383e-01
4.408303201198577881e-01
3.892768919467926025e-01
4.310803711414337158e-01
1.607784628868103027e+00
1.411489963531494141e+00
1.269782781600952148e+00
5.602989196777343750e-01
1.022522807121276855e+00
6.446536183357238770e-01
5.912708640098571777e-01
7.432038784027099609e-01
1.289233803749084473e+00
5.421615839004516602e-01
5.587850809097290039e-01
5.606672763824462891e-01
4.893344044685363770e-01
1.378309011459350586e+00
2.422341108322143555e+00
2.404250621795654297e+00
1.526243567466735840e+00
1.809788823127746582e+00
1.803106546401977539e+00
1.667887449264526367e+00
1.745253801345825195e+00
2.196890354156494141e+00
1.718569040298461914e+00
1.842115044593811035e+00
2.105005979537963867e+00
1.990492463111877441e+00
1.891256451606750488e+00
2.080778837203979492e+00
2.284376144409179688e+00
2.311921119689941406e+00
1.977705836296081543e+00
2.130793333053588867e+00
1.489142179489135742e+00
9.543119072914123535e-01
9.917567372322082520e-01
2.375535488128662109e+00
1.460667014122009277e+00
9.393700361251831055e-01
7.929666638374328613e-01
6.976594924926757812e-01
8.312992453575134277e-01
1.278095006942749023e+00
1.545030713081359863e+00
2.490016698837280273e+00
1.337361574172973633e+00
9.047185778617858887e-01
1.127338171005249023e+00
1.328850030899047852e+00
2.272182464599609375e+00
1.571835398674011230e+00
1.926973938941955566e+00
2.017355203628540039e+00
1.915047287940979004e+00
1.788043260574340820e+00
1.062470912933349609e+00
9.635123014450073242e-01
8.628901243209838867e-01
1.523130059242248535e+00
1.032613992691040039e+00
1.151016116142272949e+00
1.147287607192993164e+00
1.209065914154052734e+00
1.235464811325073242e+00
1.616836428642272949e+00
1.566310882568359375e+00
1.677797436714172363e+00
1.635826468467712402e+00
1.645733237266540527e+00
1.784222364425659180e+00
2.598592996597290039e+00
2.261250257492065430e+00
2.090310811996459961e+00
1.326308012008666992e+00
9.400275945663452148e-01
2.170774936676025391e+00
2.665098667144775391e+00
2.455468893051147461e+00
2.571899652481079102e+00
2.576468944549560547e+00
2.301742315292358398e+00
1.753161787986755371e+00
1.635564804077148438e+00
1.514630556106567383e+00
1.498225212097167969e+00
2.042547225952148438e+00
2.087183475494384766e+00
1.647322773933410645e+00
1.769394755363464355e+00
1.651033520698547363e+00
1.270682573318481445e+00
1.370153307914733887e+00
1.686913490295410156e+00
1.422424316406250000e+00
9.412549734115600586e-01
7.131463289260864258e-01
7.105380296707153320e-01
6.292734742164611816e-01
3.419103026390075684e-01
3.598009347915649414e-01
3.452729284763336182e-01
3.362191915512084961e-01
3.088631331920623779e-01
3.803248405456542969e-01
3.407588005065917969e-01
3.301588892936706543e-01
3.273395299911499023e-01
3.773347139358520508e-01
3.217953443527221680e-01
3.448480665683746338e-01
3.446183800697326660e-01
3.272233009338378906e-01
4.394093751907348633e-01
8.769091367721557617e-01
3.738089799880981445e-01
3.439271152019500732e-01
3.522574901580810547e-01
3.909762799739837646e-01
4.504780173301696777e-01
3.804418742656707764e-01
4.211207628250122070e-01
4.482745528221130371e-01
1.602131366729736328e+00
1.237236380577087402e+00
1.288290381431579590e+00
7.296119332313537598e-01
3.813093900680541992e-01
4.084908664226531982e-01
4.251987934112548828e-01
4.766557216644287109e-01
4.009200036525726318e-01
3.535471260547637939e-01
4.175089597702026367e-01
4.307911992073059082e-01
3.952428996562957764e-01
3.945636749267578125e-01
5.036576390266418457e-01
5.187763571739196777e-01
4.357556700706481934e-01
4.813652932643890381e-01
5.544800758361816406e-01
1.439061522483825684e+00
2.092381238937377930e+00
2.512504577636718750e+00
2.629011869430541992e+00
2.460269451141357422e+00
2.512963771820068359e+00
2.471435308456420898e+00
2.190883398056030273e+00
2.284393548965454102e+00
1.855726242065429688e+00
1.770986676216125488e+00
1.821655273437500000e+00
1.628101110458374023e+00
1.625995159149169922e+00
1.744800686836242676e+00
1.974516749382019043e+00
1.260861992835998535e+00
1.371517419815063477e+00
1.470756769180297852e+00
1.418780684471130371e+00
1.240714430809020996e+00
1.379001379013061523e+00
1.413592815399169922e+00
1.366228699684143066e+00
1.205611467361450195e+00
1.282990455627441406e+00
1.330955862998962402e+00
1.314119219779968262e+00
1.250361800193786621e+00
1.278751492500305176e+00
1.372332572937011719e+00
1.293622136116027832e+00
1.269406080245971680e+00
1.340420007705688477e+00
1.487405300140380859e+00
1.684907317161560059e+00
1.532388329505920410e+00
1.439055681228637695e+00
1.536413073539733887e+00
1.587133288383483887e+00
1.504001617431640625e+00
1.477995991706848145e+00
2.016588926315307617e+00
3.260392189025878906e+00
1.553321719169616699e+00
1.446684479713439941e+00
1.566083669662475586e+00
1.544650912284851074e+00
1.454739093780517578e+00
7.866618633270263672e-01
8.383591771125793457e-01
1.633947014808654785e+00
1.229783654212951660e+00
4.841032624244689941e-01
4.915658235549926758e-01
4.416619241237640381e-01
5.507816672325134277e-01
6.296687126159667969e-01
5.033057332038879395e-01
4.212838411331176758e-01
5.251979231834411621e-01
5.167943835258483887e-01
4.595870971679687500e-01
5.481481552124023438e-01
6.069906353950500488e-01
5.828927755355834961e-01
7.805806994438171387e-01
1.273447155952453613e+00
1.163409948348999023e+00
1.178699493408203125e+00
1.376860737800598145e+00
1.814225077629089355e+00
2.038385629653930664e+00
2.098082304000854492e+00
2.406702756881713867e+00
2.405080318450927734e+00
1.926758766174316406e+00
1.313705801963806152e+00
1.841736793518066406e+00
2.638482570648193359e+00
3.266128540039062500e+00
2.536890745162963867e+00
2.702532529830932617e+00
2.438763856887817383e+00
2.654004573822021484e+00
2.433312892913818359e+00
2.733179569244384766e+00
2.701986789703369141e+00
2.625877141952514648e+00
2.893724679946899414e+00
2.448878049850463867e+00
2.274281263351440430e+00
2.481068611145019531e+00
2.484753608703613281e+00
2.487268209457397461e+00
1.895582318305969238e+00
9.252147674560546875e-01
9.532901048660278320e-01
8.081371784210205078e-01
4.259985983371734619e-01
3.820853829383850098e-01
3.072158098220825195e-01
4.249213933944702148e-01
1.166194319725036621e+00
3.086951076984405518e-01
2.875673770904541016e-01
4.245889186859130859e-01
4.236731529235839844e-01
3.496532738208770752e-01
3.296954035758972168e-01
4.377445280551910400e-01
3.539305925369262695e-01
3.002992272377014160e-01
3.027140200138092041e-01
3.789387345314025879e-01
2.809531092643737793e-01
2.750183343887329102e-01
3.164539933204650879e-01
3.177093565464019775e-01
2.545706331729888916e-01
2.676248252391815186e-01
3.666215837001800537e-01
2.863103449344635010e-01
3.073701262474060059e-01
2.823499143123626709e-01
3.181953430175781250e-01
2.526957988739013672e-01
2.839531004428863525e-01
3.340102434158325195e-01
3.052864372730255127e-01
2.873831689357757568e-01
3.146498799324035645e-01
3.977645933628082275e-01
2.757364809513092041e-01
3.279373347759246826e-01
4.564843177795410156e-01
4.531883001327514648e-01
4.197223186492919922e-01
5.115672945976257324e-01
5.754120945930480957e-01
5.449801087379455566e-01
1.415501356124877930e+00
1.595818042755126953e+00
1.607192397117614746e+00
1.687870860099792480e+00
2.510028123855590820e+00
2.349978685379028320e+00
2.004202604293823242e+00
2.022278070449829102e+00
2.505524635314941406e+00
2.074150323867797852e+00
1.792825937271118164e+00
1.923254132270812988e+00
2.096551656723022461e+00
1.674110889434814453e+00
1.759453773498535156e+00
1.769522428512573242e+00
2.495966434478759766e+00
1.547542333602905273e+00
1.710593342781066895e+00
2.387461423873901367e+00
1.718805313110351562e+00
1.913535714149475098e+00
1.883450150489807129e+00
1.028265714645385742e+00
1.047968387603759766e+00
1.184079408645629883e+00
1.805235981941223145e+00
9.471363425254821777e-01
1.189702033996582031e+00
9.831919670104980469e-01
9.006544947624206543e-01
2.109989643096923828e+00
1.425960183143615723e+00
2.009046792984008789e+00
1.517129540443420410e+00
2.116324186325073242e+00
2.826246738433837891e+00
1.458047389984130859e+00
5.175015330314636230e-01
4.950342774391174316e-01
5.656298398971557617e-01
5.684790611267089844e-01
6.529694795608520508e-01
1.686825990676879883e+00
1.449660301208496094e+00
3.486402332782745361e-01
4.164282083511352539e-01
4.916826188564300537e-01
5.266015529632568359e-01
6.585306525230407715e-01
9.826542139053344727e-01
5.569258332252502441e-01
4.248405396938323975e-01
5.272871255874633789e-01
5.187933444976806641e-01
5.349733829498291016e-01
5.278758406639099121e-01
5.582930445671081543e-01
5.904842019081115723e-01
5.690138339996337891e-01
5.169240236282348633e-01
5.821379423141479492e-01
1.489999532699584961e+00
5.507482290267944336e-01
6.874238848686218262e-01
8.537347316741943359e-01
7.561207413673400879e-01
2.425753355026245117e+00
2.545378446578979492e+00
2.782556056976318359e+00
2.986839056015014648e+00
2.807924270629882812e+00
2.623316049575805664e+00
2.835363149642944336e+00
2.716232061386108398e+00
2.893406629562377930e+00
2.918548107147216797e+00
2.492092370986938477e+00
2.864855527877807617e+00
1.984406948089599609e+00
2.120363235473632812e+00
2.457783937454223633e+00
2.382754087448120117e+00
2.621211051940917969e+00
2.489139556884765625e+00
2.646238327026367188e+00
3.815829277038574219e+00
3.918055534362792969e+00
3.952247619628906250e+00
3.531620025634765625e+00
3.054340362548828125e+00
2.398857355117797852e+00
2.500277042388916016e+00
2.634102821350097656e+00
2.567234516143798828e+00
2.384245157241821289e+00
2.370379686355590820e+00
2.166430234909057617e+00
2.119886398315429688e+00
2.307120084762573242e+00
2.122130155563354492e+00
2.097253561019897461e+00
2.091868638992309570e+00
1.755512714385986328e+00
5.747537612915039062e-01
6.943311691284179688e-01
7.763056159019470215e-01
8.281624913215637207e-01
6.700474619865417480e-01
1.082362771034240723e+00
1.108337998390197754e+00
7.651486992835998535e-01
6.471235156059265137e-01
5.539941191673278809e-01
5.089121460914611816e-01
4.629702866077423096e-01
3.441803753376007080e-01
3.382809758186340332e-01
4.354198873043060303e-01
3.633165061473846436e-01
3.217745125293731689e-01
3.528443276882171631e-01
4.549049735069274902e-01
2.952289581298828125e-01
3.019021451473236084e-01
3.118370771408081055e-01
4.150760769844055176e-01
2.789494395256042480e-01
3.058211803436279297e-01
3.503006994724273682e-01
3.758970499038696289e-01
2.779108881950378418e-01
3.071083426475524902e-01
3.637723326683044434e-01
4.120061695575714111e-01
3.503064513206481934e-01
3.648385703563690186e-01
4.273688197135925293e-01
4.020750522613525391e-01
3.478162884712219238e-01
3.741694390773773193e-01
4.733048975467681885e-01
5.095543265342712402e-01
4.428309500217437744e-01
4.732667803764343262e-01
5.723249316215515137e-01
5.289157629013061523e-01
4.894001781940460205e-01
1.783288478851318359e+00
2.457371234893798828e+00
2.789110422134399414e+00
2.478428840637207031e+00
2.573553562164306641e+00
2.667178869247436523e+00
2.723171710968017578e+00
3.012012243270874023e+00
2.005977630615234375e+00
2.489577054977416992e+00
1.602162957191467285e+00
3.042003393173217773e+00
2.056888580322265625e+00
1.781629323959350586e+00
1.545016288757324219e+00
1.515317678451538086e+00
1.458863735198974609e+00
1.449694275856018066e+00
1.810343265533447266e+00
4.374384880065917969e+00
3.989735841751098633e+00
3.198760986328125000e+00
2.724288225173950195e+00
1.636409759521484375e+00
1.650750875473022461e+00
1.850074887275695801e+00
3.137856483459472656e+00
4.955340862274169922e+00
3.397909164428710938e+00
2.804207086563110352e+00
2.665357589721679688e+00
1.626843571662902832e+00
1.514659881591796875e+00
1.593964695930480957e+00
2.191935539245605469e+00
1.674694418907165527e+00
1.463081240653991699e+00
1.605774164199829102e+00
1.622825264930725098e+00
1.589496254920959473e+00
1.591154813766479492e+00
2.895796775817871094e+00
2.763990640640258789e+00
3.092299222946166992e+00
2.616057634353637695e+00
2.118387222290039062e+00
1.384774804115295410e+00
1.333853125572204590e+00
1.493214249610900879e+00
2.135139226913452148e+00
1.723918318748474121e+00
1.513838171958923340e+00
1.618168354034423828e+00
1.493891000747680664e+00
1.617650508880615234e+00
1.624298810958862305e+00
1.591606855392456055e+00
1.575599789619445801e+00
1.582029819488525391e+00
1.557460546493530273e+00
1.647177219390869141e+00
1.645184278488159180e+00
1.610026240348815918e+00
9.926798939704895020e-01
7.063750028610229492e-01
1.659520864486694336e+00
1.624905109405517578e+00
1.589786291122436523e+00
2.023027181625366211e+00
1.997110009193420410e+00
2.041819095611572266e+00
1.489640235900878906e+00
1.669294118881225586e+00
1.708640933036804199e+00
1.512883424758911133e+00
1.160283684730529785e+00
1.183429241180419922e+00
1.254903316497802734e+00
4.705507457256317139e-01
4.310631155967712402e-01
4.776298701763153076e-01
6.157861948013305664e-01
4.553024172782897949e-01
4.238773584365844727e-01
4.260698556900024414e-01
5.159961581230163574e-01
4.542649388313293457e-01
4.049837887287139893e-01
3.751153349876403809e-01
4.201265871524810791e-01
5.116528272628784180e-01
9.058703184127807617e-01
3.878573179244995117e-01
4.229577481746673584e-01
5.416933894157409668e-01
3.975505232810974121e-01
4.010288417339324951e-01
3.944841921329498291e-01
1.273252010345458984e+00
1.427021980285644531e+00
1.321258902549743652e+00
1.215629696846008301e+00
1.329775333404541016e+00
3.736445307731628418e-01
7.809098958969116211e-01
6.331099867820739746e-01
5.072360038757324219e-01
9.108169674873352051e-01
6.889665126800537109e-01
4.425190389156341553e-01
4.650841355323791504e-01
4.709939658641815186e-01
4.422553479671478271e-01
3.802313804626464844e-01
4.157056808471679688e-01
4.134660363197326660e-01
4.104531407356262207e-01
3.607695996761322021e-01
4.280620217323303223e-01
4.416114985942840576e-01
3.728926777839660645e-01
3.813814818859100342e-01
4.400584399700164795e-01
4.508104920387268066e-01
3.991868793964385986e-01
5.489307045936584473e-01
3.946522176265716553e-01
4.717206060886383057e-01
3.820250630378723145e-01
3.867135047912597656e-01
4.070452749729156494e-01
4.963156878948211670e-01
4.255559444427490234e-01
4.905903339385986328e-01
4.183164536952972412e-01
5.462453365325927734e-01
4.717819988727569580e-01
4.510785639286041260e-01
3.928519487380981445e-01
4.330692291259765625e-01
1.190436840057373047e+00
1.447189927101135254e+00
1.329339861869812012e+00
1.271795153617858887e+00
1.247483253479003906e+00
2.813752293586730957e-01
4.761478304862976074e-01
1.161739587783813477e+00
4.540256559848785400e-01
4.298685789108276367e-01
1.489785552024841309e+00
7.869502305984497070e-01
8.757557272911071777e-01
8.307737708091735840e-01
8.131312131881713867e-01
8.930622935295104980e-01
1.082017421722412109e+00
1.203470468521118164e+00
1.151571989059448242e+00
1.433885693550109863e+00
1.002222895622253418e+00
1.121444821357727051e+00
1.153542757034301758e+00
1.151378154754638672e+00
1.147024393081665039e+00
1.146298646926879883e+00
1.563191652297973633e+00
1.820814132690429688e+00
1.775889754295349121e+00
1.741262674331665039e+00
2.044246196746826172e+00
2.882532119750976562e+00
1.724302887916564941e+00
1.909608721733093262e+00
2.877057313919067383e+00
2.510787725448608398e+00
2.874565839767456055e+00
2.329080820083618164e+00
2.009076118469238281e+00
1.795463919639587402e+00
5.952494144439697266e-01
9.589948654174804688e-01
7.928405404090881348e-01
6.351186037063598633e-01
5.132653713226318359e-01
1.886909008026123047e+00
1.699373126029968262e+00
2.836864709854125977e+00
2.305786848068237305e+00
1.597474217414855957e+00
1.589846014976501465e+00
9.292037487030029297e-01
1.128172516822814941e+00
1.824079990386962891e+00
3.194093704223632812e+00
2.527990341186523438e+00
3.016908645629882812e+00
3.393446922302246094e+00
1.401089310646057129e+00
1.752209901809692383e+00
1.834059119224548340e+00
1.911020874977111816e+00
2.438838243484497070e+00
2.988007545471191406e+00
3.691056251525878906e+00
3.085629940032958984e+00
2.483526229858398438e+00
2.476373195648193359e+00
2.369879007339477539e+00
2.310611724853515625e+00
2.354594945907592773e+00
2.644150257110595703e+00
1.988796949386596680e+00
1.131619572639465332e+00
1.113606929779052734e+00
1.639659762382507324e+00
1.495728731155395508e+00
1.792099356651306152e+00
2.079356193542480469e+00
1.878135442733764648e+00
6.509496569633483887e-01
6.025415062904357910e-01
1.678237676620483398e+00
2.765467405319213867e+00
2.150103330612182617e+00
2.134357213973999023e+00
2.281906127929687500e+00
1.510541081428527832e+00
1.345275878906250000e+00
1.160113453865051270e+00
1.435930728912353516e+00
9.408761858940124512e-01
8.205760121345520020e-01
7.203326225280761719e-01
5.510590672492980957e-01
6.547015309333801270e-01
5.953670144081115723e-01
5.859210491180419922e-01
5.076438784599304199e-01
6.020999550819396973e-01
5.516201257705688477e-01
4.339658021926879883e-01
3.401533365249633789e-01
3.915781974792480469e-01
3.793739974498748779e-01
2.982632219791412354e-01
2.944313287734985352e-01
3.252607583999633789e-01
3.350630402565002441e-01
1.066135406494140625e+00
1.349443793296813965e+00
1.317288875579833984e+00
6.786431670188903809e-01
2.673923969268798828e-01
3.367487490177154541e-01
3.177384138107299805e-01
3.732692897319793701e-01
2.700388133525848389e-01
2.726325988769531250e-01
3.490590453147888184e-01
3.795872330665588379e-01
3.860178589820861816e-01
3.394294381141662598e-01
3.782860934734344482e-01
4.347870051860809326e-01
4.496105015277862549e-01
3.577517867088317871e-01
3.858320116996765137e-01
4.309312701225280762e-01
4.348399043083190918e-01
4.082384407520294189e-01
4.189449548721313477e-01
3.908814489841461182e-01
4.464093148708343506e-01
3.543236255645751953e-01
3.559328615665435791e-01
4.225499033927917480e-01
4.651164710521697998e-01
4.084418118000030518e-01
4.036155045032501221e-01
4.310387074947357178e-01
4.392090141773223877e-01
4.410758912563323975e-01
3.893196284770965576e-01
4.367259740829467773e-01
4.474133253097534180e-01
4.806167185306549072e-01
4.296441078186035156e-01
1.743963956832885742e+00
1.951584339141845703e+00
2.331555366516113281e+00
2.655520915985107422e+00
2.295508861541748047e+00
2.405949115753173828e+00
2.457796096801757812e+00
2.496550083160400391e+00
2.156439304351806641e+00
2.343267440795898438e+00
2.023909330368041992e+00
1.828536272048950195e+00
2.519232273101806641e+00
2.861150503158569336e+00
1.338332414627075195e+00
1.688289999961853027e+00
1.691225767135620117e+00
1.486889362335205078e+00
1.474465847015380859e+00
1.632375359535217285e+00
2.640883684158325195e+00
2.124502897262573242e+00
1.150688529014587402e+00
1.339261651039123535e+00
1.472619533538818359e+00
1.379416465759277344e+00
1.299006819725036621e+00
1.597493052482604980e+00
1.499808430671691895e+00
1.372875094413757324e+00
1.349209189414978027e+00
1.363592505455017090e+00
1.429325222969055176e+00
1.447413563728332520e+00
1.711566090583801270e+00
1.793508768081665039e+00
1.017724514007568359e+00
6.939942836761474609e-01
1.033898949623107910e+00
6.695228219032287598e-01
8.259770870208740234e-01
9.369409680366516113e-01
1.118086576461791992e+00
1.268775463104248047e+00
1.236876964569091797e+00
8.967055678367614746e-01
1.087719798088073730e+00
1.515112757682800293e+00
1.574296236038208008e+00
1.575458407402038574e+00
1.780711412429809570e+00
2.326802968978881836e+00
1.675133585929870605e+00
1.634063243865966797e+00
1.861225485801696777e+00
7.185737490653991699e-01
1.053416132926940918e+00
1.261245965957641602e+00
1.169157266616821289e+00
1.530462145805358887e+00
1.771188378334045410e+00
2.716615200042724609e+00
2.624196290969848633e+00
2.895191431045532227e+00
2.796286344528198242e+00
1.959388375282287598e+00
1.698009967803955078e+00
1.920996665954589844e+00
2.457069635391235352e+00
2.553949594497680664e+00
2.320795774459838867e+00
2.423075437545776367e+00
2.357370853424072266e+00
2.966912984848022461e+00
2.593284368515014648e+00
2.757806539535522461e+00
2.456094503402709961e+00
2.656833887100219727e+00
1.812767386436462402e+00
2.274380922317504883e+00
3.300943613052368164e+00
1.605451822280883789e+00
1.834446072578430176e+00
1.010118484497070312e+00
9.287517666816711426e-01
8.925170898437500000e-01
1.080478906631469727e+00
2.081396818161010742e+00
2.094934463500976562e+00
6.353617310523986816e-01
6.259782314300537109e-01
3.624920248985290527e-01
3.795143365859985352e-01
4.632337093353271484e-01
4.199522733688354492e-01
3.594936728477478027e-01
2.896951735019683838e-01
3.905418515205383301e-01
2.798408269882202148e-01
5.715451240539550781e-01
8.458886742591857910e-01
7.221915721893310547e-01
7.028226852416992188e-01
6.457346677780151367e-01
6.860506534576416016e-01
6.776618957519531250e-01
8.055918812751770020e-01
7.808126211166381836e-01
7.937111258506774902e-01
1.014269471168518066e+00
1.492232918739318848e+00
1.434966802597045898e+00
8.426866531372070312e-01
2.882613837718963623e-01
3.431248068809509277e-01
3.877841532230377197e-01
3.123088181018829346e-01
2.746902406215667725e-01
3.312859833240509033e-01
3.705661296844482422e-01
3.435554206371307373e-01
2.888896167278289795e-01
3.224194645881652832e-01
3.796113729476928711e-01
3.820735812187194824e-01
3.442039489746093750e-01
3.621699810028076172e-01
4.248536825180053711e-01
3.996394276618957520e-01
4.346085786819458008e-01
4.138270020484924316e-01
4.438519775867462158e-01
4.800010919570922852e-01
5.193771719932556152e-01
4.781292974948883057e-01
5.442587137222290039e-01
5.045564174652099609e-01
5.581044554710388184e-01
5.069049000740051270e-01
4.700735509395599365e-01
4.277081489562988281e-01
4.315518140792846680e-01
4.474730789661407471e-01
5.165199637413024902e-01
1.341485619544982910e+00
2.005568265914916992e+00
2.246630668640136719e+00
2.057893991470336914e+00
2.479391098022460938e+00
1.720842957496643066e+00
2.099221706390380859e+00
1.805032134056091309e+00
1.583317875862121582e+00
1.601937294006347656e+00
1.629770636558532715e+00
1.649928569793701172e+00
1.675283193588256836e+00
8.170847892761230469e-01
8.072713017463684082e-01
1.127487301826477051e+00
1.070938944816589355e+00
1.040598988533020020e+00
7.108540534973144531e-01
4.629552364349365234e-01
4.578676819801330566e-01
4.662531614303588867e-01
4.302898645401000977e-01
5.347908139228820801e-01
5.748044252395629883e-01
7.307431101799011230e-01
5.734139680862426758e-01
1.540682792663574219e+00
1.518818259239196777e+00
1.598803281784057617e+00
9.206452965736389160e-01
8.592654466629028320e-01
1.227972626686096191e+00
1.723191380500793457e+00
9.644129872322082520e-01
5.829460024833679199e-01
1.347080588340759277e+00
1.803951859474182129e+00
1.841105818748474121e+00
1.809322595596313477e+00
2.298869132995605469e+00
2.177199125289916992e+00
2.152071475982666016e+00
2.308262825012207031e+00
1.865861892700195312e+00
1.616244673728942871e+00
1.485776543617248535e+00
2.385074615478515625e+00
2.261939525604248047e+00
2.485484838485717773e+00
3.022725105285644531e+00
2.798841238021850586e+00
1.110991835594177246e+00
1.090697526931762695e+00
1.511766791343688965e+00
2.382206439971923828e+00
2.294436931610107422e+00
2.866408824920654297e+00
3.340247154235839844e+00
3.804527997970581055e+00
2.664161682128906250e+00
2.994146347045898438e+00
3.547122478485107422e+00
3.077532291412353516e+00
2.654145956039428711e+00
2.053117036819458008e+00
2.332077264785766602e+00
1.532890200614929199e+00
1.792343020439147949e+00
1.923091888427734375e+00
1.872984290122985840e+00
1.822677731513977051e+00
1.787478923797607422e+00
2.512715101242065430e+00
2.408988952636718750e+00
2.813325643539428711e+00
2.314723014831542969e+00
1.857459902763366699e+00
1.926616191864013672e+00
1.900284171104431152e+00
1.759169459342956543e+00
1.822583913803100586e+00
1.853415369987487793e+00
1.766005992889404297e+00
1.709365129470825195e+00
1.802194356918334961e+00
1.840930700302124023e+00
1.684106707572937012e+00
1.726761579513549805e+00
1.779503226280212402e+00
1.694509267807006836e+00
1.589059352874755859e+00
1.731317877769470215e+00
1.720495343208312988e+00
1.572679281234741211e+00
1.666746735572814941e+00
1.792772531509399414e+00
1.668868780136108398e+00
1.619475245475769043e+00
1.789394259452819824e+00
1.776277303695678711e+00
1.728428840637207031e+00
1.845820665359497070e+00
1.949491858482360840e+00
1.726788401603698730e+00
2.739880800247192383e+00
1.790515899658203125e+00
1.628831505775451660e+00
1.609678387641906738e+00
1.726208925247192383e+00
1.762433409690856934e+00
1.557828426361083984e+00
1.633447408676147461e+00
1.654658913612365723e+00
1.542566895484924316e+00
1.509644150733947754e+00
1.618521928787231445e+00
1.620045304298400879e+00
8.259998559951782227e-01
5.818923115730285645e-01
6.411662697792053223e-01
5.067974328994750977e-01
5.068443417549133301e-01
1.267353892326354980e+00
1.363908290863037109e+00
3.012453913688659668e-01
3.431944549083709717e-01
3.830077052116394043e-01
3.107971549034118652e-01
3.136973977088928223e-01
5.140054225921630859e-01
4.093227684497833252e-01
3.407459259033203125e-01
4.225520789623260498e-01
4.843535125255584717e-01
4.120100140571594238e-01
3.693439364433288574e-01
4.123389422893524170e-01
3.989613056182861328e-01
3.651036322116851807e-01
3.950441777706146240e-01
3.628108203411102295e-01
3.626852631568908691e-01
3.117123842239379883e-01
3.440449535846710205e-01
3.420281410217285156e-01
3.700905740261077881e-01
3.529282212257385254e-01
2.954931855201721191e-01
3.383640050888061523e-01
3.672125339508056641e-01
3.805605769157409668e-01
2.965117394924163818e-01
3.436557352542877197e-01
3.973216414451599121e-01
1.363672494888305664e+00
9.811998605728149414e-01
4.302446544170379639e-01
5.641513466835021973e-01
1.318914532661437988e+00
1.122794389724731445e+00
1.507153987884521484e+00
1.612334370613098145e+00
1.677885174751281738e+00
1.519053936004638672e+00
1.409700989723205566e+00
1.455192685127258301e+00
1.099099755287170410e+00
4.699263572692871094e-01
5.845595598220825195e-01
5.993655323982238770e-01
5.445240139961242676e-01
5.868455767631530762e-01
6.627259850502014160e-01
2.276030540466308594e+00
1.869079470634460449e+00
1.733130455017089844e+00
1.711535334587097168e+00
1.570860624313354492e+00
1.452621698379516602e+00
7.092939019203186035e-01
1.016934752464294434e+00
1.000727891921997070e+00
1.043991327285766602e+00
1.140164017677307129e+00
1.909326076507568359e+00
1.688724160194396973e+00
1.709490895271301270e+00
1.928465843200683594e+00
1.726698994636535645e+00
1.742371439933776855e+00
1.394119858741760254e+00
8.169364929199218750e-01
2.045267105102539062e+00
3.414628505706787109e+00
3.621993303298950195e+00
3.045109033584594727e+00
3.425971746444702148e+00
3.446168899536132812e+00
3.422989606857299805e+00
3.695163011550903320e+00
2.501945495605468750e+00
2.291829109191894531e+00
2.357455730438232422e+00
2.411177396774291992e+00
2.403578281402587891e+00
2.426950216293334961e+00
2.313027858734130859e+00
2.205940008163452148e+00
2.245287179946899414e+00
2.557015180587768555e+00
2.649707078933715820e+00
2.577636480331420898e+00
2.561354160308837891e+00
2.636758565902709961e+00
2.414310216903686523e+00
1.925489068031311035e+00
1.996816277503967285e+00
1.887464284896850586e+00
2.055476188659667969e+00
1.333110809326171875e+00
1.104073047637939453e+00
1.172707915306091309e+00
1.907522201538085938e+00
1.847059845924377441e+00
2.750339031219482422e+00
3.120133399963378906e+00
2.137085676193237305e+00
2.853607892990112305e+00
2.836599111557006836e+00
3.008964300155639648e+00
2.420489072799682617e+00
1.889960765838623047e+00
3.289735794067382812e+00
2.902295351028442383e+00
1.316120862960815430e+00
1.430588841438293457e+00
1.198710799217224121e+00
8.632272481918334961e-01
7.482700347900390625e-01
9.929156303405761719e-01
6.228576302528381348e-01
4.502033591270446777e-01
5.041390061378479004e-01
4.503831863403320312e-01
3.865696191787719727e-01
3.508242368698120117e-01
3.095809817314147949e-01
2.860102057456970215e-01
3.555960059165954590e-01
2.435450404882431030e-01
2.342040687799453735e-01
2.710686028003692627e-01
3.053261637687683105e-01
2.653267979621887207e-01
2.632658481597900391e-01
3.312709033489227295e-01
3.120316863059997559e-01
3.814442455768585205e-01
4.208392500877380371e-01
4.369359314441680908e-01
4.072938859462738037e-01
3.989289700984954834e-01
4.096705913543701172e-01
3.928966224193572998e-01
3.107124567031860352e-01
3.346505463123321533e-01
3.687200844287872314e-01
4.019451439380645752e-01
3.442436754703521729e-01
1.509034633636474609e+00
1.300529360771179199e+00
1.258213043212890625e+00
3.454294502735137939e-01
2.669743895530700684e-01
3.744939565658569336e-01
3.859761953353881836e-01
3.810755908489227295e-01
3.560112714767456055e-01
4.957691431045532227e-01
4.374298453330993652e-01
5.036782026290893555e-01
5.295174121856689453e-01
5.529727935791015625e-01
5.291816592216491699e-01
5.488394498825073242e-01
5.632345080375671387e-01
6.293943524360656738e-01
2.131174564361572266e+00
2.019255638122558594e+00
1.926788926124572754e+00
1.934651613235473633e+00
2.109220743179321289e+00
2.197883129119873047e+00
3.832793474197387695e+00
2.735032320022583008e+00
1.403982162475585938e+00
2.197313070297241211e+00
1.456570267677307129e+00
1.265407085418701172e+00
1.641486406326293945e+00
2.019443511962890625e+00
1.217663526535034180e+00
1.338390588760375977e+00
1.533308744430541992e+00
1.414975643157958984e+00
1.390881419181823730e+00
1.413337945938110352e+00
1.217217087745666504e+00
1.326763868331909180e+00
1.396200299263000488e+00
1.290090680122375488e+00
1.237392306327819824e+00
1.214838981628417969e+00
1.398892760276794434e+00
1.306898117065429688e+00
1.199487328529357910e+00
1.205415725708007812e+00
1.457307934761047363e+00
2.466572523117065430e+00
4.267537593841552734e+00
3.303076267242431641e+00
3.003474235534667969e+00
2.202268838882446289e+00
1.684737324714660645e+00
1.561331391334533691e+00
2.863615989685058594e+00
3.213603496551513672e+00
3.159761905670166016e+00
3.053981542587280273e+00
2.398077011108398438e+00
7.537975311279296875e-01
6.635904908180236816e-01
6.374434828758239746e-01
5.821014642715454102e-01
5.381712317466735840e-01
5.829344391822814941e-01
5.114626288414001465e-01
4.962153732776641846e-01
4.021076858043670654e-01
3.507650196552276611e-01
4.354226291179656982e-01
4.299412369728088379e-01
3.973879814147949219e-01
4.110835492610931396e-01
5.370616912841796875e-01
5.190172791481018066e-01
6.299269199371337891e-01
6.385442614555358887e-01
6.571503281593322754e-01
1.272443413734436035e+00
8.893663287162780762e-01
9.088398814201354980e-01
9.339971542358398438e-01
1.083628892898559570e+00
1.255151987075805664e+00
1.184586524963378906e+00
1.262971997261047363e+00
1.251410245895385742e+00
1.701478242874145508e+00
1.780274510383605957e+00
1.662965536117553711e+00
1.572194457054138184e+00
1.581178784370422363e+00
1.600002527236938477e+00
2.266670227050781250e+00
1.120154023170471191e+00
2.277104854583740234e+00
2.537138223648071289e+00
2.933756113052368164e+00
2.428483009338378906e+00
3.381891489028930664e+00
3.066036462783813477e+00
1.525617837905883789e+00
1.466692209243774414e+00
1.440647959709167480e+00
1.291562795639038086e+00
1.494834661483764648e+00
1.820497751235961914e+00
2.363893985748291016e+00
1.607249855995178223e+00
8.503235578536987305e-01
1.157313823699951172e+00
1.049436211585998535e+00
6.072242259979248047e-01
6.515348553657531738e-01
9.829716086387634277e-01
6.965631246566772461e-01
3.426917493343353271e-01
3.828799724578857422e-01
3.358963131904602051e-01
4.275891780853271484e-01
4.051145315170288086e-01
3.221535980701446533e-01
3.008778393268585205e-01
3.074224591255187988e-01
3.245508372783660889e-01
2.719624340534210205e-01
2.619107067584991455e-01
2.819387614727020264e-01
3.421191573143005371e-01
2.616023421287536621e-01
2.890288531780242920e-01
3.207359611988067627e-01
4.046529531478881836e-01
8.760364055633544922e-01
1.443673253059387207e+00
1.279539823532104492e+00
1.174489021301269531e+00
5.400080084800720215e-01
2.838158011436462402e-01
3.303469121456146240e-01
3.229185938835144043e-01
2.980332374572753906e-01
3.104942739009857178e-01
3.059113621711730957e-01
2.877389490604400635e-01
3.238795697689056396e-01
3.920030593872070312e-01
3.766957819461822510e-01
3.083820939064025879e-01
3.715882599353790283e-01
4.050745069980621338e-01
4.646072089672088623e-01
3.999743759632110596e-01
3.923763930797576904e-01
4.970077872276306152e-01
5.081999897956848145e-01
5.284700989723205566e-01
4.432908892631530762e-01
5.263031125068664551e-01
1.840507268905639648e+00
2.131235122680664062e+00
2.754189729690551758e+00
2.464441776275634766e+00
2.523402929306030273e+00
2.535122394561767578e+00
2.166358470916748047e+00
2.176638126373291016e+00
1.922327637672424316e+00
2.340576410293579102e+00
1.711857199668884277e+00
1.459353566169738770e+00
1.457297205924987793e+00
1.464122772216796875e+00
1.543780922889709473e+00
1.518700361251831055e+00
1.517430424690246582e+00
1.458411931991577148e+00
1.771048069000244141e+00
1.805366992950439453e+00
1.418365240097045898e+00
1.284510254859924316e+00
1.537715673446655273e+00
1.613521218299865723e+00
1.623591303825378418e+00
1.419858455657958984e+00
1.447717547416687012e+00
1.373742580413818359e+00
1.458872795104980469e+00
9.089775085449218750e-01
3.331775367259979248e-01
5.248440504074096680e-01
3.473697900772094727e-01
3.878693878650665283e-01
3.545349836349487305e-01
3.867132365703582764e-01
3.573181629180908203e-01
4.742858707904815674e-01
4.130880534648895264e-01
4.415454268455505371e-01
3.826930522918701172e-01
4.429082572460174561e-01
4.671974480152130127e-01
3.949501514434814453e-01
3.241745233535766602e-01
3.368235826492309570e-01
3.855214715003967285e-01
3.079037964344024658e-01
2.792643904685974121e-01
3.163547813892364502e-01
3.668329119682312012e-01
3.370357453823089600e-01
2.522619068622589111e-01
3.055355846881866455e-01
3.225134909152984619e-01
3.513515889644622803e-01
2.687349319458007812e-01
2.902036309242248535e-01
3.211139440536499023e-01
3.713462054729461670e-01
3.633236587047576904e-01
1.538221120834350586e+00
7.305676937103271484e-01
1.097524762153625488e+00
1.308420419692993164e+00
1.282325148582458496e+00
1.014701128005981445e+00
2.170000314712524414e+00
2.241017818450927734e+00
2.293548822402954102e+00
2.444352149963378906e+00
1.877115726470947266e+00
1.939254283905029297e+00
2.436299562454223633e+00
1.907404065132141113e+00
1.899984836578369141e+00
2.004528760910034180e+00
1.974933624267578125e+00
2.009240150451660156e+00
2.667352676391601562e+00
2.136301279067993164e+00
1.760991454124450684e+00
1.781917095184326172e+00
1.847370624542236328e+00
2.648488521575927734e+00
2.637200832366943359e+00
2.770671129226684570e+00
2.512189626693725586e+00
2.510709524154663086e+00
2.478555440902709961e+00
2.539991855621337891e+00
2.168457984924316406e+00
1.546067357063293457e+00
9.765686988830566406e-01
9.518234133720397949e-01
7.480937838554382324e-01
6.255331039428710938e-01
6.450365781784057617e-01
5.260062217712402344e-01
7.762129902839660645e-01
5.731143355369567871e-01
3.736168444156646729e-01
3.586891889572143555e-01
5.214493870735168457e-01
4.574899971485137939e-01
3.846931457519531250e-01
3.503251075744628906e-01
3.941906392574310303e-01
4.303134381771087646e-01
3.929168879985809326e-01
3.094115853309631348e-01
3.210722804069519043e-01
3.590252399444580078e-01
3.245165944099426270e-01
2.645812332630157471e-01
3.014646768569946289e-01
3.473368883132934570e-01
4.091319739818572998e-01
2.540016174316406250e-01
3.119571506977081299e-01
3.464704453945159912e-01
3.915428519248962402e-01
2.803522944450378418e-01
3.130080401897430420e-01
3.359012305736541748e-01
4.040581583976745605e-01
3.705126941204071045e-01
3.699979186058044434e-01
4.138645529747009277e-01
4.542397260665893555e-01
5.229083895683288574e-01
4.648613035678863525e-01
4.263549149036407471e-01
1.211516141891479492e+00
1.624264240264892578e+00
1.395939588546752930e+00
1.253780603408813477e+00
3.491755425930023193e-01
4.643953442573547363e-01
4.992627799510955811e-01
4.755305647850036621e-01
4.875442683696746826e-01
5.322490930557250977e-01
5.647853612899780273e-01
7.115598320960998535e-01
2.177182435989379883e+00
2.411715269088745117e+00
2.395066261291503906e+00
2.299450397491455078e+00
2.329943895339965820e+00
2.789502382278442383e+00
2.844174861907958984e+00
2.269144296646118164e+00
1.683411002159118652e+00
1.511791467666625977e+00
1.536162376403808594e+00
1.401372790336608887e+00
1.480333566665649414e+00
1.520929098129272461e+00
1.326151013374328613e+00
1.292810797691345215e+00
1.394401669502258301e+00
1.285991549491882324e+00
1.358793616294860840e+00
1.301505446434020996e+00
1.358654379844665527e+00
1.324979424476623535e+00
1.608360052108764648e+00
1.388614058494567871e+00
1.373801827430725098e+00
1.419715881347656250e+00
1.429526686668395996e+00
1.349541902542114258e+00
1.352357149124145508e+00
1.463698744773864746e+00
1.438030838966369629e+00
1.385843753814697266e+00
1.443594574928283691e+00
1.519861459732055664e+00
1.407555818557739258e+00
1.401911377906799316e+00
1.750003695487976074e+00
1.337690472602844238e+00
1.364825129508972168e+00
9.179506301879882812e-01
3.065867424011230469e-01
3.748113512992858887e-01
3.572318255901336670e-01
2.950946390628814697e-01
3.063715696334838867e-01
3.662882745265960693e-01
3.019920289516448975e-01
2.552054524421691895e-01
3.050575554370880127e-01
3.577035367488861084e-01
3.522426784038543701e-01
2.552391588687896729e-01
3.054549992084503174e-01
4.081479609012603760e-01
1.139784097671508789e+00
7.885259985923767090e-01
8.318890929222106934e-01
8.993936777114868164e-01
1.034541726112365723e+00
8.625938296318054199e-01
8.464807271957397461e-01
8.718947768211364746e-01
9.119955897331237793e-01
1.238865017890930176e+00
1.183349847793579102e+00
1.188052535057067871e+00
1.257323861122131348e+00
1.281430482864379883e+00
1.503649711608886719e+00
1.673473834991455078e+00
1.874636769294738770e+00
1.832020044326782227e+00
1.827499389648437500e+00
1.729836344718933105e+00
1.300981879234313965e+00
1.287081599235534668e+00
2.616475582122802734e+00
2.422829389572143555e+00
2.836222648620605469e+00
4.094071388244628906e+00
2.999694824218750000e+00
2.363801002502441406e+00
2.473060607910156250e+00
1.724741697311401367e+00
1.053868889808654785e+00
1.362402558326721191e+00
1.979381442070007324e+00
2.271083831787109375e+00
1.290651202201843262e+00
1.436392307281494141e+00
1.504820585250854492e+00
1.185498118400573730e+00
1.315185666084289551e+00
1.271301507949829102e+00
1.082144618034362793e+00
7.859352231025695801e-01
1.004815816879272461e+00
7.716399431228637695e-01
6.998761296272277832e-01
6.181691884994506836e-01
6.066951751708984375e-01
5.613322854042053223e-01
5.692649483680725098e-01
3.907520771026611328e-01
4.371379315853118896e-01
5.313237309455871582e-01
5.267803072929382324e-01
4.191828966140747070e-01
4.815113842487335205e-01
4.042826592922210693e-01
4.560419321060180664e-01
4.032692909240722656e-01
4.075608551502227783e-01
3.521977365016937256e-01
4.222026169300079346e-01
4.290071129798889160e-01
3.814217746257781982e-01
3.449752628803253174e-01
3.875097632408142090e-01
4.816755652427673340e-01
4.749459028244018555e-01
1.512563347816467285e+00
1.211377978324890137e+00
1.329935669898986816e+00
1.227461457252502441e+00
3.510758578777313232e-01
4.441384077072143555e-01
5.702993869781494141e-01
5.736318230628967285e-01
5.320572257041931152e-01
5.501707196235656738e-01
5.625640749931335449e-01
5.788490176200866699e-01
4.989069998264312744e-01
4.795173108577728271e-01
4.865501224994659424e-01
4.930010139942169189e-01
5.599831342697143555e-01
5.263952016830444336e-01
4.633784294128417969e-01
4.839259088039398193e-01
6.244449615478515625e-01
6.187543869018554688e-01
6.037341356277465820e-01
2.024820804595947266e+00
2.594393253326416016e+00
2.609616994857788086e+00
2.453781127929687500e+00
2.502970218658447266e+00
2.559473276138305664e+00
2.477823019027709961e+00
1.996364831924438477e+00
1.869474768638610840e+00
1.372328519821166992e+00
1.535475492477416992e+00
1.526895880699157715e+00
1.409987092018127441e+00
1.382521152496337891e+00
1.316010117530822754e+00
1.395856022834777832e+00
1.308146357536315918e+00
1.362486481666564941e+00
1.262438297271728516e+00
1.360328793525695801e+00
1.331071615219116211e+00
1.251646995544433594e+00
1.193011164665222168e+00
1.264402151107788086e+00
1.330638766288757324e+00
1.279552459716796875e+00
1.201444387435913086e+00
1.229522705078125000e+00
1.355314970016479492e+00
1.354069709777832031e+00
1.282085895538330078e+00
1.304467320442199707e+00
1.394043326377868652e+00
1.412077069282531738e+00
1.353206396102905273e+00
1.310035347938537598e+00
2.320361614227294922e+00
1.386060595512390137e+00
1.248144388198852539e+00
8.676509261131286621e-01
8.356214761734008789e-01
1.377629280090332031e+00
4.745468199253082275e-01
4.456925392150878906e-01
3.454817831516265869e-01
9.194233417510986328e-01
3.834818899631500244e-01
3.473867774009704590e-01
3.244678080081939697e-01
3.476986885070800781e-01
3.092633187770843506e-01
3.192240297794342041e-01
3.386743068695068359e-01
3.247037827968597412e-01
3.596129119396209717e-01
3.569415509700775146e-01
4.248465597629547119e-01
3.557456731796264648e-01
4.630596637725830078e-01
5.488770008087158203e-01
6.014695167541503906e-01
5.804050564765930176e-01
6.105366945266723633e-01
6.533447504043579102e-01
6.334257721900939941e-01
6.449688673019409180e-01
6.260141730308532715e-01
6.780039668083190918e-01
9.575703740119934082e-01
2.959596395492553711e+00
3.427392721176147461e+00
2.906247615814208984e+00
2.840875387191772461e+00
3.056209564208984375e+00
2.264881610870361328e+00
2.350129842758178711e+00
2.903968811035156250e+00
2.734061956405639648e+00
2.359098911285400391e+00
3.301370859146118164e+00
2.717674732208251953e+00
1.445200443267822266e+00
1.662193059921264648e+00
1.881207227706909180e+00
1.783596038818359375e+00
2.695480108261108398e+00
1.394466876983642578e+00
2.628450870513916016e+00
2.351331472396850586e+00
1.026393651962280273e+00
1.331751108169555664e+00
1.565451622009277344e+00
9.040495157241821289e-01
7.642601132392883301e-01
1.295560598373413086e+00
9.456101655960083008e-01
6.773872375488281250e-01
9.987141489982604980e-01
6.425625681877136230e-01
3.504298031330108643e-01
3.734225034713745117e-01
4.914301633834838867e-01
4.389790594577789307e-01
3.148297071456909180e-01
3.825505077838897705e-01
4.077357351779937744e-01
3.426374793052673340e-01
3.254638612270355225e-01
3.278172612190246582e-01
2.995004951953887939e-01
2.740159630775451660e-01
2.829394936561584473e-01
2.858287692070007324e-01
2.566792666912078857e-01
2.462328523397445679e-01
2.815245985984802246e-01
2.446236163377761841e-01
1.340311408042907715e+00
1.178803086280822754e+00
1.090278744697570801e+00
5.837677121162414551e-01
1.902913898229598999e-01
3.479662239551544189e-01
2.759612500667572021e-01
2.838286757469177246e-01
3.523290157318115234e-01
3.292686343193054199e-01
3.247871100902557373e-01
3.752630650997161865e-01
4.832899868488311768e-01
3.593157827854156494e-01
3.774202167987823486e-01
4.057361781597137451e-01
4.179965853691101074e-01
3.885765671730041504e-01
4.291660785675048828e-01
5.092092752456665039e-01
4.358019828796386719e-01
4.584093093872070312e-01
5.019456744194030762e-01
5.163933634757995605e-01
4.223487079143524170e-01
4.598697125911712646e-01
1.697061896324157715e+00
1.851230740547180176e+00
2.131872177124023438e+00
2.442407608032226562e+00
2.613858938217163086e+00
1.897617697715759277e+00
1.729910135269165039e+00
2.057993888854980469e+00
1.963726043701171875e+00
1.610351920127868652e+00
1.585775971412658691e+00
1.576657772064208984e+00
1.453252911567687988e+00
1.355171084403991699e+00
1.467032074928283691e+00
1.351202964782714844e+00
1.421904087066650391e+00
1.376069188117980957e+00
1.390701889991760254e+00
1.330090284347534180e+00
1.383179545402526855e+00
1.387537956237792969e+00
1.282708406448364258e+00
1.312387943267822266e+00
1.355900406837463379e+00
1.348570585250854492e+00
1.233739376068115234e+00
1.359719991683959961e+00
1.395896553993225098e+00
1.303890109062194824e+00
1.403934240341186523e+00
1.419202804565429688e+00
1.413091540336608887e+00
1.330743789672851562e+00
1.376706719398498535e+00
1.472038269042968750e+00
1.325360417366027832e+00
1.310150504112243652e+00
2.150819778442382812e+00
1.458607435226440430e+00
1.439241051673889160e+00
1.439301371574401855e+00
1.605376124382019043e+00
1.312329888343811035e+00
1.297419190406799316e+00
2.091446399688720703e+00
1.671854257583618164e+00
1.234364390373229980e+00
1.284757494926452637e+00
1.422096490859985352e+00
1.263571143150329590e+00
1.673498868942260742e+00
1.607575297355651855e+00
1.660150766372680664e+00
1.703320622444152832e+00
1.666769146919250488e+00
1.739381551742553711e+00
1.750928521156311035e+00
1.561644673347473145e+00
1.665365219116210938e+00
1.087849378585815430e+00
1.528572320938110352e+00
9.572944045066833496e-01
1.453233480453491211e+00
9.714411497116088867e-01
6.089000105857849121e-01
6.379275321960449219e-01
6.752849221229553223e-01
6.586290597915649414e-01
9.448344707489013672e-01
1.319844245910644531e+00
1.229000568389892578e+00
1.274601697921752930e+00
1.312937498092651367e+00
1.281207442283630371e+00
1.246488809585571289e+00
9.916660189628601074e-01
1.539049983024597168e+00
1.702813625335693359e+00
1.465828776359558105e+00
1.618712067604064941e+00
1.745974183082580566e+00
2.720042705535888672e+00
1.630173206329345703e+00
1.240021944046020508e+00
1.067878603935241699e+00
1.616063237190246582e+00
1.040163993835449219e+00
2.177392005920410156e+00
2.008599996566772461e+00
1.889153003692626953e+00
1.879424214363098145e+00
1.773711800575256348e+00
9.641605615615844727e-01
4.318111240863800049e-01
4.481007754802703857e-01
3.935445845127105713e-01
4.057594835758209229e-01
4.374460279941558838e-01
3.184094130992889404e-01
3.327469229698181152e-01
3.600862622261047363e-01
3.235961794853210449e-01
3.408624231815338135e-01
3.874891996383666992e-01
3.842071592807769775e-01
3.358140885829925537e-01
3.571882247924804688e-01
3.360678851604461670e-01
3.095804452896118164e-01
3.301682174205780029e-01
3.339485824108123779e-01
3.095448017120361328e-01
2.833366692066192627e-01
3.242466151714324951e-01
3.307383358478546143e-01
2.629078626632690430e-01
3.078503310680389404e-01
3.649904429912567139e-01
3.122197389602661133e-01
6.820701956748962402e-01
3.175344765186309814e-01
4.071568250656127930e-01
3.348648846149444580e-01
3.489496707916259766e-01
4.560701549053192139e-01
3.795400857925415039e-01
3.151819109916687012e-01
3.913260400295257568e-01
4.651466310024261475e-01
3.613813817501068115e-01
3.513954579830169678e-01
4.283711910247802734e-01
3.794586956501007080e-01
3.785377144813537598e-01
3.791355192661285400e-01
4.746915400028228760e-01
1.354621767997741699e+00
1.442150831222534180e+00
1.394360542297363281e+00
1.304257631301879883e+00
4.617352187633514404e-01
3.586837053298950195e-01
4.817163944244384766e-01
4.689908623695373535e-01
1.540171265602111816e+00
2.025393724441528320e+00
2.420455455780029297e+00
2.692499160766601562e+00
2.125096082687377930e+00
2.301867485046386719e+00
2.371651887893676758e+00
2.517793416976928711e+00
2.385163307189941406e+00
2.348510503768920898e+00
2.159122705459594727e+00
1.349924802780151367e+00
1.565740227699279785e+00
1.443586587905883789e+00
2.676021337509155273e+00
1.493922710418701172e+00
1.421780943870544434e+00
1.525956869125366211e+00
1.499247312545776367e+00
1.599216938018798828e+00
7.193949222564697266e-01
2.255699872970581055e+00
1.745167732238769531e+00
5.430781841278076172e-01
8.012002706527709961e-01
1.756660938262939453e+00
1.837880253791809082e+00
2.460620403289794922e+00
2.888394594192504883e+00
3.008952617645263672e+00
2.654626846313476562e+00
1.539780378341674805e+00
2.545864343643188477e+00
1.705611824989318848e+00
5.686237812042236328e-01
1.087105512619018555e+00
7.046128511428833008e-01
6.092911958694458008e-01
1.913617610931396484e+00
6.163571476936340332e-01
8.759849071502685547e-01
1.716579914093017578e+00
1.528123617172241211e+00
1.466639041900634766e+00
8.348817229270935059e-01
1.336109995841979980e+00
2.294661998748779297e+00
4.627118110656738281e-01
5.235645771026611328e-01
5.268765091896057129e-01
4.704213738441467285e-01
1.670903325080871582e+00
1.484410762786865234e+00
1.523229002952575684e+00
1.422054052352905273e+00
1.439036011695861816e+00
1.542332768440246582e+00
1.628878951072692871e+00
1.562523365020751953e+00
1.385765314102172852e+00
1.541595816612243652e+00
1.478020668029785156e+00
1.424714922904968262e+00
1.702708601951599121e+00
2.035432577133178711e+00
2.092987775802612305e+00
1.995254397392272949e+00
2.082519054412841797e+00
2.910287857055664062e+00
4.658729553222656250e+00
4.756737709045410156e+00
4.891042709350585938e+00
4.735511302947998047e+00
3.995937824249267578e+00
3.773118019104003906e+00
3.434261560440063477e+00
2.972171783447265625e+00
2.725298166275024414e+00
3.089904785156250000e+00
2.986388921737670898e+00
2.425077438354492188e+00
2.679244041442871094e+00
2.117246627807617188e+00
1.532254457473754883e+00
1.668366909027099609e+00
1.745042800903320312e+00
1.640052318572998047e+00
1.640534400939941406e+00
2.329528570175170898e+00
1.617906808853149414e+00
1.785477995872497559e+00
1.808436155319213867e+00
1.770668983459472656e+00
1.420278906822204590e+00
1.638215780258178711e+00
1.142610907554626465e+00
7.326840162277221680e-01
8.359879851341247559e-01
8.438767790794372559e-01
8.052648901939392090e-01
7.991294860839843750e-01
7.897788882255554199e-01
6.960206627845764160e-01
5.993589758872985840e-01
6.069805026054382324e-01
7.022224068641662598e-01
5.909756422042846680e-01
5.387287735939025879e-01
5.233272314071655273e-01
3.667882382869720459e-01
3.442195653915405273e-01
3.767991065979003906e-01
3.305716812610626221e-01
2.804561555385589600e-01
3.110581040382385254e-01
9.347026944160461426e-01
1.356464862823486328e+00
1.177373409271240234e+00
1.127745747566223145e+00
1.694465130567550659e-01
2.112127244472503662e-01
3.435965478420257568e-01
3.285589814186096191e-01
2.615565657615661621e-01
3.290619552135467529e-01
3.679833114147186279e-01
3.655476868152618408e-01
3.275840282440185547e-01
4.329499900341033936e-01
4.090927839279174805e-01
3.755193650722503662e-01
4.235772192478179932e-01
4.033219218254089355e-01
3.985002636909484863e-01
3.913254737854003906e-01
4.130033552646636963e-01
3.618728518486022949e-01
3.806436061859130859e-01
4.239650666713714600e-01
4.057153463363647461e-01
4.132305681705474854e-01
4.029096961021423340e-01
4.154433608055114746e-01
3.549162447452545166e-01
3.971985876560211182e-01
1.431488394737243652e+00
1.727995276451110840e+00
1.474634766578674316e+00
2.037530422210693359e+00
2.529122352600097656e+00
2.393140077590942383e+00
1.556240797042846680e+00
1.599425554275512695e+00
1.511561274528503418e+00
1.477350473403930664e+00
1.519287228584289551e+00
1.544962525367736816e+00
1.298361301422119141e+00
1.415007472038269043e+00
1.435775876045227051e+00
1.285185694694519043e+00
1.298807740211486816e+00
1.464558959007263184e+00
3.881075680255889893e-01
3.139451742172241211e-01
4.045745730400085449e-01
4.345745742321014404e-01
2.933478057384490967e-01
2.979457974433898926e-01
4.110353291034698486e-01
3.040357232093811035e-01
2.820007205009460449e-01
3.356902003288269043e-01
4.531913101673126221e-01
2.973554134368896484e-01
3.377486765384674072e-01
4.278912544250488281e-01
3.858136534690856934e-01
3.572827875614166260e-01
3.830238878726959229e-01
4.450292289257049561e-01
3.341919779777526855e-01
3.458159267902374268e-01
3.728713095188140869e-01
3.100310564041137695e-01
2.833287119865417480e-01
3.384550213813781738e-01
3.148159980773925781e-01
2.863380312919616699e-01
2.892777323722839355e-01
3.322705328464508057e-01
2.922368943691253662e-01
3.141921460628509521e-01
3.266323506832122803e-01
3.147258162498474121e-01
3.250483274459838867e-01
3.312212824821472168e-01
3.252615928649902344e-01
3.107916712760925293e-01
3.808730244636535645e-01
3.948273658752441406e-01
4.031149744987487793e-01
3.895197212696075439e-01
4.659267067909240723e-01
4.577616155147552490e-01
3.613202571868896484e-01
4.104660153388977051e-01
4.697964191436767578e-01
4.103423953056335449e-01
1.486228585243225098e+00
1.330813646316528320e+00
1.321033596992492676e+00
8.086192607879638672e-01
2.428337633609771729e-01
5.007026195526123047e-01
4.151629507541656494e-01
3.984161317348480225e-01
4.326931536197662354e-01
5.034976005554199219e-01
3.678977787494659424e-01
4.045553803443908691e-01
4.465381205081939697e-01
4.059472382068634033e-01
4.288401603698730469e-01
4.990752935409545898e-01
4.935152232646942139e-01
4.363090693950653076e-01
4.117164611816406250e-01
1.375820279121398926e+00
1.875762224197387695e+00
1.398653388023376465e+00
1.254829287528991699e+00
1.411521792411804199e+00
7.642291188240051270e-01
1.025163769721984863e+00
1.427137374877929688e+00
1.877873897552490234e+00
1.773508071899414062e+00
1.702336907386779785e+00
1.374590635299682617e+00
9.258953928947448730e-01
4.670433998107910156e-01
4.006752371788024902e-01
3.893308639526367188e-01
4.456119537353515625e-01
4.078226089477539062e-01
3.012166321277618408e-01
3.789669573307037354e-01
4.679936766624450684e-01
3.479897975921630859e-01
3.615864217281341553e-01
4.206013381481170654e-01
4.415432512760162354e-01
3.340795934200286865e-01
3.492443263530731201e-01
3.892936110496520996e-01
3.324849009513854980e-01
3.347716927528381348e-01
3.760900199413299561e-01
3.214527070522308350e-01
3.287618160247802734e-01
3.462511897087097168e-01
3.453164994716644287e-01
3.169676661491394043e-01
3.573831319808959961e-01
3.677536249160766602e-01
2.929111719131469727e-01
3.260019123554229736e-01
3.588698208332061768e-01
3.088102340698242188e-01
3.006097674369812012e-01
3.954758644104003906e-01
4.577791690826416016e-01
3.439997434616088867e-01
3.570706546306610107e-01
4.787084460258483887e-01
4.147709906101226807e-01
3.396399319171905518e-01
3.575579822063446045e-01
4.075860679149627686e-01
3.306703567504882812e-01
3.408207595348358154e-01
4.029669761657714844e-01
3.668296337127685547e-01
3.761895298957824707e-01
4.128501117229461670e-01
7.078132033348083496e-01
1.268332242965698242e+00
2.012263059616088867e+00
2.631384372711181641e+00
1.893937706947326660e+00
1.955322504043579102e+00
2.091852903366088867e+00
1.974156498908996582e+00
1.964734673500061035e+00
2.172170877456665039e+00
2.056510686874389648e+00
1.713729500770568848e+00
2.338915348052978516e+00
2.570897579193115234e+00
2.592376232147216797e+00
2.541589975357055664e+00
1.358834624290466309e+00
1.677182435989379883e+00
1.489141702651977539e+00
1.481687545776367188e+00
1.588958024978637695e+00
1.611805915832519531e+00
2.684700965881347656e+00
2.432513236999511719e+00
3.212983369827270508e+00
2.933880805969238281e+00
2.553750514984130859e+00
1.646543264389038086e+00
2.565633296966552734e+00
2.842308521270751953e+00
2.389887809753417969e+00
3.078727006912231445e+00
1.807087898254394531e+00
2.039098501205444336e+00
1.940192222595214844e+00
1.992074370384216309e+00
1.940698266029357910e+00
1.753337740898132324e+00
2.122837781906127930e+00
1.830675005912780762e+00
1.834598541259765625e+00
1.863708019256591797e+00
1.699586868286132812e+00
1.605967402458190918e+00
2.404581069946289062e+00
2.472986459732055664e+00
1.389298439025878906e+00
1.548684477806091309e+00
1.445716857910156250e+00
1.600906491279602051e+00
1.786838889122009277e+00
1.800792336463928223e+00
2.764660596847534180e+00
2.605515003204345703e+00
4.675523936748504639e-01
5.809469819068908691e-01
6.848497986793518066e-01
7.833126783370971680e-01
8.588611483573913574e-01
1.030175685882568359e+00
8.369870781898498535e-01
8.354520797729492188e-01
7.931316494941711426e-01
6.721456646919250488e-01
6.904006004333496094e-01
7.443543076515197754e-01
6.571590900421142578e-01
7.646937370300292969e-01
7.653532028198242188e-01
1.017097353935241699e+00
1.101864099502563477e+00
3.206261396408081055e+00
3.665693998336791992e+00
4.520267486572265625e+00
3.261587142944335938e+00
3.207506895065307617e+00
3.198996782302856445e+00
1.743876457214355469e+00
1.510022997856140137e+00
1.804203748703002930e+00
3.264204740524291992e+00
2.884439945220947266e+00
1.422070384025573730e+00
1.538975119590759277e+00
1.709484338760375977e+00
1.704922795295715332e+00
1.760835766792297363e+00
2.069634437561035156e+00
1.954630136489868164e+00
1.952047228813171387e+00
2.711498260498046875e+00
2.646395683288574219e+00
2.664082050323486328e+00
1.984774231910705566e+00
1.764535546302795410e+00
1.861351251602172852e+00
1.376114368438720703e+00
3.923361003398895264e-01
5.344701409339904785e-01
3.779385387897491455e-01
2.783683538436889648e-01
3.136302530765533447e-01
3.169364035129547119e-01
2.955712974071502686e-01
3.066980242729187012e-01
4.127983152866363525e-01
4.389705657958984375e-01
3.767919838428497314e-01
4.106480181217193604e-01
4.082419872283935547e-01
3.948690295219421387e-01
3.308874368667602539e-01
3.464995026588439941e-01
3.459239006042480469e-01
2.901959717273712158e-01
3.079745173454284668e-01
3.366177380084991455e-01
2.684531509876251221e-01
2.666515111923217773e-01
3.546728491783142090e-01
2.795960605144500732e-01
2.078577727079391479e-01
3.064266741275787354e-01
3.722797930240631104e-01
2.475471496582031250e-01
2.630487680435180664e-01
3.574826121330261230e-01
2.963130176067352295e-01
2.418327629566192627e-01
3.536660671234130859e-01
4.480971992015838623e-01
3.241325616836547852e-01
3.786561489105224609e-01
4.511369466781616211e-01
4.222056269645690918e-01
3.549488484859466553e-01
4.317661821842193604e-01
4.304085671901702881e-01
4.029897153377532959e-01
4.199804961681365967e-01
4.903513193130493164e-01
4.736261367797851562e-01
5.117570161819458008e-01
4.940384626388549805e-01
4.546070098876953125e-01
5.018658638000488281e-01
1.702814459800720215e+00
1.785996317863464355e+00
2.539670944213867188e+00
2.152790784835815430e+00
2.254034280776977539e+00
2.102031469345092773e+00
2.524996519088745117e+00
2.498426675796508789e+00
1.630578875541687012e+00
2.260115861892700195e+00
2.086611747741699219e+00
1.452271938323974609e+00
1.382850885391235352e+00
1.337587118148803711e+00
1.459669589996337891e+00
1.341536879539489746e+00
1.271403193473815918e+00
1.405286908149719238e+00
1.387074708938598633e+00
1.928830385208129883e+00
1.512177109718322754e+00
1.513527631759643555e+00
1.549480199813842773e+00
1.552371621131896973e+00
1.578650832176208496e+00
1.569065570831298828e+00
1.414598584175109863e+00
1.395529508590698242e+00
1.786474585533142090e+00
2.313475131988525391e+00
1.770612478256225586e+00
1.456820011138916016e+00
1.525033116340637207e+00
1.806391358375549316e+00
9.337123632431030273e-01
6.013689041137695312e-01
5.863195657730102539e-01
5.579361915588378906e-01
4.557335674762725830e-01
2.168937444686889648e+00
7.836807370185852051e-01
4.326791763305664062e-01
4.880253076553344727e-01
5.715157985687255859e-01
1.621783375740051270e+00
1.551006674766540527e+00
1.677071094512939453e+00
2.641485452651977539e+00
4.231731891632080078e-01
4.656770229339599609e-01
4.123921096324920654e-01
4.032262861728668213e-01
4.881790876388549805e-01
7.126756906509399414e-01
6.945062875747680664e-01
4.092221558094024658e-01
6.740446090698242188e-01
5.998408198356628418e-01
5.426549315452575684e-01
5.591062903404235840e-01
6.212190985679626465e-01
1.309667587280273438e+00
1.154874563217163086e+00
1.362999320030212402e+00
8.005301356315612793e-01
7.120057940483093262e-01
8.533602952957153320e-01
1.330150008201599121e+00
1.448388218879699707e+00
1.801834464073181152e+00
1.821829915046691895e+00
1.909600496292114258e+00
1.927860260009765625e+00
3.037708759307861328e+00
2.720026016235351562e+00
2.429637432098388672e+00
2.543850660324096680e+00
2.175354957580566406e+00
1.540844202041625977e+00
1.563134908676147461e+00
2.941345214843750000e+00
2.474987983703613281e+00
2.886386394500732422e+00
2.558464050292968750e+00
2.640320539474487305e+00
2.404185533523559570e+00
2.101066112518310547e+00
1.205642223358154297e+00
1.414098262786865234e+00
1.128977298736572266e+00
1.121837615966796875e+00
1.255020618438720703e+00
9.116373658180236816e-01
7.284818291664123535e-01
7.601072192192077637e-01
7.852929830551147461e-01
6.361445188522338867e-01
6.513240933418273926e-01
6.935894489288330078e-01
6.257162094116210938e-01
5.462091565132141113e-01
6.610468626022338867e-01
5.462988018989562988e-01
3.548570275306701660e-01
4.475117325782775879e-01
4.460228383541107178e-01
3.807379007339477539e-01
3.442834317684173584e-01
3.277786374092102051e-01
3.920529484748840332e-01
2.689648866653442383e-01
2.620970904827117920e-01
3.268058598041534424e-01
3.373043537139892578e-01
2.102215886116027832e-01
2.717557549476623535e-01
3.236474096775054932e-01
2.560033500194549561e-01
1.997516006231307983e-01
2.675403952598571777e-01
1.203316211700439453e+00
1.319014787673950195e+00
1.178969144821166992e+00
1.116472125053405762e+00
2.619425058364868164e-01
2.369823157787322998e-01
3.360021114349365234e-01
4.102418124675750732e-01
3.134334385395050049e-01
3.948640823364257812e-01
3.898768723011016846e-01
3.711707890033721924e-01
3.476411402225494385e-01
3.720068037509918213e-01
4.038076400756835938e-01
3.389053642749786377e-01
3.546616137027740479e-01
4.357874691486358643e-01
3.973476886749267578e-01
3.857791125774383545e-01
4.346858561038970947e-01
5.251592993736267090e-01
4.406897127628326416e-01
4.623639881610870361e-01
1.998725056648254395e+00
1.840047240257263184e+00
1.877086400985717773e+00
1.845504045486450195e+00
2.810559511184692383e+00
1.899333834648132324e+00
3.845448970794677734e+00
2.939300298690795898e+00
1.533467888832092285e+00
1.884274601936340332e+00
1.637698888778686523e+00
1.607559084892272949e+00
1.414104104042053223e+00
2.006834745407104492e+00
1.439149498939514160e+00
1.302170634269714355e+00
1.362525105476379395e+00
1.375250697135925293e+00
1.427085876464843750e+00
1.368594527244567871e+00
1.307965397834777832e+00
1.328616976737976074e+00
1.652635812759399414e+00
1.257461190223693848e+00
1.342352032661437988e+00
1.455241799354553223e+00
1.414862751960754395e+00
1.247023820877075195e+00
1.306875824928283691e+00
1.471158146858215332e+00
1.373868703842163086e+00
1.358188390731811523e+00
1.441078543663024902e+00
1.465525388717651367e+00
2.116446018218994141e+00
1.389119982719421387e+00
1.395845055580139160e+00
1.669785618782043457e+00
1.362855195999145508e+00
2.116576910018920898e+00
2.715766191482543945e+00
1.257751464843750000e+00
1.499932050704956055e+00
1.671859741210937500e+00
1.600927591323852539e+00
1.421169519424438477e+00
1.656452655792236328e+00
2.739943027496337891e+00
2.329389572143554688e+00
1.241236805915832520e+00
1.499787569046020508e+00
1.514532208442687988e+00
1.371260881423950195e+00
1.499727845191955566e+00
1.864813923835754395e+00
1.525259017944335938e+00
4.192875921726226807e-01
6.234861612319946289e-01
1.121336817741394043e+00
8.436237573623657227e-01
7.747583389282226562e-01
2.369398355484008789e+00
2.352183818817138672e+00
2.421917676925659180e+00
2.056601047515869141e+00
2.436347246170043945e+00
8.189985752105712891e-01
9.120355844497680664e-01
1.978862762451171875e+00
2.358232498168945312e+00
2.355326414108276367e+00
2.408781051635742188e+00
2.189079284667968750e+00
1.887436032295227051e+00
1.345362544059753418e+00
1.678201198577880859e+00
1.604000449180603027e+00
1.865777730941772461e+00
1.638252615928649902e+00
2.121455192565917969e+00
2.640393495559692383e+00
2.597764730453491211e+00
2.566978454589843750e+00
1.879961967468261719e+00
1.931449413299560547e+00
1.965390324592590332e+00
2.129410743713378906e+00
1.976309895515441895e+00
1.985258340835571289e+00
1.339795589447021484e+00
6.878013014793395996e-01
7.229823470115661621e-01
5.265339016914367676e-01
5.914970040321350098e-01
3.513461053371429443e-01
3.384829759597778320e-01
3.528632521629333496e-01
3.767379820346832275e-01
3.224413990974426270e-01
3.412634134292602539e-01
4.114801883697509766e-01
3.788778781890869141e-01
3.151544928550720215e-01
3.571816682815551758e-01
3.771058320999145508e-01
2.983523011207580566e-01
2.929591536521911621e-01
3.321770727634429932e-01
2.723102569580078125e-01
2.859551310539245605e-01
2.644469439983367920e-01
3.223884999752044678e-01
2.719657123088836670e-01
3.312848806381225586e-01
3.053812682628631592e-01
3.053639829158782959e-01
2.576701343059539795e-01
3.275547027587890625e-01
3.043221533298492432e-01
2.505134344100952148e-01
2.691904604434967041e-01
3.602551221847534180e-01
2.897763252258300781e-01
2.957475483417510986e-01
3.502593040466308594e-01
4.631046056747436523e-01
3.129883110523223877e-01
3.780646324157714844e-01
4.419212341308593750e-01
4.249992370605468750e-01
3.646042346954345703e-01
3.761007189750671387e-01
4.471433460712432861e-01
1.460413217544555664e+00
1.358384370803833008e+00
1.373262405395507812e+00
1.307006359100341797e+00
2.986672222614288330e-01
3.967874348163604736e-01
4.866139888763427734e-01
4.628910720348358154e-01
4.193204939365386963e-01
1.553556561470031738e+00
9.383983612060546875e-01
2.179692506790161133e+00
1.761237263679504395e+00
1.958263754844665527e+00
2.678930282592773438e+00
2.010334014892578125e+00
2.377771139144897461e+00
3.258662700653076172e+00
1.997997879981994629e+00
2.095903396606445312e+00
1.908812165260314941e+00
1.977820158004760742e+00
1.772228360176086426e+00
9.994166493415832520e-01
1.463851690292358398e+00
1.774927377700805664e+00
1.436842918395996094e+00
7.296884059906005859e-01
1.048130393028259277e+00
8.339492082595825195e-01
7.381873726844787598e-01
8.985705375671386719e-01
1.078438043594360352e+00
8.398647904396057129e-01
6.835212707519531250e-01
5.352753996849060059e-01
4.516793787479400635e-01
4.130367934703826904e-01
5.773341059684753418e-01
1.642395853996276855e+00
1.398961544036865234e+00
1.315913677215576172e+00
7.075952887535095215e-01
4.436255693435668945e-01
7.552524209022521973e-01
4.579655528068542480e-01
5.267621874809265137e-01
4.942078590393066406e-01
5.980449318885803223e-01
5.112438797950744629e-01
5.267388820648193359e-01
3.569881319999694824e-01
3.610376715660095215e-01
4.369523823261260986e-01
3.764425218105316162e-01
3.187629878520965576e-01
3.678015768527984619e-01
3.355054557323455811e-01
3.421874046325683594e-01
3.032718002796173096e-01
3.470586836338043213e-01
2.799808979034423828e-01
3.325484693050384521e-01
3.802004158496856689e-01
3.766089081764221191e-01
3.885601162910461426e-01
4.007810354232788086e-01
4.349659979343414307e-01
3.695755302906036377e-01
7.044755220413208008e-01
6.914895772933959961e-01
7.878303527832031250e-01
6.497252583503723145e-01
1.297415375709533691e+00
1.596577048301696777e+00
1.838410377502441406e+00
1.654510736465454102e+00
1.777898311614990234e+00
1.834666967391967773e+00
1.742682814598083496e+00
1.833891630172729492e+00
1.989158987998962402e+00
2.568666696548461914e+00
2.657639265060424805e+00
2.790243864059448242e+00
2.834042787551879883e+00
2.746889114379882812e+00
2.531472682952880859e+00
1.911179780960083008e+00
1.483869910240173340e+00
1.514282226562500000e+00
2.329718828201293945e+00
1.672004103660583496e+00
1.662731170654296875e+00
1.578016281127929688e+00
1.585394740104675293e+00
1.577816128730773926e+00
1.475620150566101074e+00
1.537931680679321289e+00
1.540936827659606934e+00
1.155941605567932129e+00
1.055675268173217773e+00
1.223987221717834473e+00
1.142936229705810547e+00
9.768729209899902344e-01
9.810945987701416016e-01
1.107895255088806152e+00
1.772695422172546387e+00
1.514750123023986816e+00
1.562811493873596191e+00
1.548403859138488770e+00
5.288966298103332520e-01
4.991479218006134033e-01
5.988965630531311035e-01
4.797725081443786621e-01
3.701108694076538086e-01
4.058559536933898926e-01
4.292844831943511963e-01
3.153145611286163330e-01
2.752285599708557129e-01
3.088872432708740234e-01
3.295978009700775146e-01
2.044255137443542480e-01
2.520135641098022461e-01
3.275519609451293945e-01
2.568812668323516846e-01
2.078056931495666504e-01
2.630550563335418701e-01
3.396572172641754150e-01
2.124554961919784546e-01
2.331024706363677979e-01
3.026748299598693848e-01
3.119609951972961426e-01
2.486890405416488647e-01
2.913737595081329346e-01
3.735162615776062012e-01
3.624182939529418945e-01
2.980346083641052246e-01
3.866754174232482910e-01
4.392199814319610596e-01
4.108815491199493408e-01
3.771984875202178955e-01
4.117863476276397705e-01
4.214373230934143066e-01
4.071784913539886475e-01
3.950019776821136475e-01
