1.651356339454650879e+00
1.240558743476867676e+00
1.434321522712707520e+00
1.437885046005249023e+00
1.342654109001159668e+00
1.344362020492553711e+00
1.732267379760742188e+00
1.744970440864562988e+00
1.303426027297973633e+00
1.437237143516540527e+00
1.462565660476684570e+00
1.290537953376770020e+00
1.387574911117553711e+00
1.448209762573242188e+00
1.165835976600646973e+00
1.250030994415283203e+00
1.231800436973571777e+00
1.223703265190124512e+00
1.027710914611816406e+00
1.165677905082702637e+00
1.288447141647338867e+00
1.083293318748474121e+00
1.052816987037658691e+00
1.080945730209350586e+00
3.978073596954345703e-01
3.411378860473632812e-01
3.360846042633056641e-01
3.781548142433166504e-01
3.298847973346710205e-01
2.992285788059234619e-01
3.741217255592346191e-01
1.049679636955261230e+00
4.735995531082153320e-01
3.605278432369232178e-01
3.782107234001159668e-01
3.369537889957427979e-01
3.464937508106231689e-01
4.856316149234771729e-01
4.476194381713867188e-01
3.481577932834625244e-01
4.787448942661285400e-01
5.064559578895568848e-01
3.895227313041687012e-01
4.225496351718902588e-01
5.218188762664794922e-01
4.282777309417724609e-01
3.939524292945861816e-01
4.554608464241027832e-01
4.077883660793304443e-01
3.814234137535095215e-01
4.245721995830535889e-01
4.654911756515502930e-01
3.639137744903564453e-01
4.372653961181640625e-01
4.971971809864044189e-01
3.691501319408416748e-01
1.234930634498596191e+00
1.687839627265930176e+00
1.819368243217468262e+00
1.717296600341796875e+00
1.433753609657287598e+00
6.371461153030395508e-01
4.536682367324829102e-01
5.083362460136413574e-01
6.204603910446166992e-01
4.767163097858428955e-01
5.097958445549011230e-01
6.466115117073059082e-01
5.401719212532043457e-01
4.608570039272308350e-01
5.395888686180114746e-01
6.200020909309387207e-01
4.968592226505279541e-01
5.134363770484924316e-01
5.991174578666687012e-01
5.043623447418212891e-01
6.294422745704650879e-01
1.843124270439147949e+00
1.684604406356811523e+00
2.059561967849731445e+00
1.924315094947814941e+00
1.909137248992919922e+00
1.718343377113342285e+00
1.831878900527954102e+00
1.639271974563598633e+00
1.482928156852722168e+00
1.466964721679687500e+00
1.471317052841186523e+00
1.443682551383972168e+00
1.430791974067687988e+00
1.424755215644836426e+00
1.490853428840637207e+00
1.391796350479125977e+00
1.404825568199157715e+00
1.479259014129638672e+00
1.495618820190429688e+00
1.499998450279235840e+00
1.607363939285278320e+00
2.110307931900024414e+00
1.320622086524963379e+00
1.381471276283264160e+00
1.521976947784423828e+00
1.437493681907653809e+00
1.409389615058898926e+00
1.489494919776916504e+00
1.447100520133972168e+00
1.403370380401611328e+00
1.377895474433898926e+00
1.431772351264953613e+00
1.375113129615783691e+00
7.034646272659301758e-01
4.069416821002960205e-01
4.038386046886444092e-01
4.169076085090637207e-01
3.944512903690338135e-01
3.940560519695281982e-01
3.547550737857818604e-01
3.353557884693145752e-01
4.305097162723541260e-01
3.761873245239257812e-01
3.041058778762817383e-01
3.697018921375274658e-01
5.181689858436584473e-01
1.076946854591369629e+00
3.421482145786285400e-01
5.021440982818603516e-01
4.365247786045074463e-01
3.651219904422760010e-01
8.057733178138732910e-01
1.437098622322082520e+00
1.436865448951721191e+00
1.386092662811279297e+00
1.571892619132995605e+00
1.356912970542907715e+00
1.382835507392883301e+00
1.420371294021606445e+00
1.353918194770812988e+00
1.271560549736022949e+00
1.417178392410278320e+00
1.375380873680114746e+00
1.268968701362609863e+00
1.384674191474914551e+00
1.429912328720092773e+00
1.830717802047729492e+00
1.441621899604797363e+00
1.387806534767150879e+00
1.496115803718566895e+00
1.965600013732910156e+00
1.214935779571533203e+00
1.436206221580505371e+00
1.333260774612426758e+00
1.308279752731323242e+00
1.364929795265197754e+00
1.823714017868041992e+00
1.787190198898315430e+00
7.384096384048461914e-01
6.506032347679138184e-01
4.684774875640869141e-01
4.887341260910034180e-01
5.898625850677490234e-01
4.676738083362579346e-01
4.248372614383697510e-01
5.665998458862304688e-01
4.126848280429840088e-01
3.810125589370727539e-01
3.871756494045257568e-01
4.014462828636169434e-01
3.142464160919189453e-01
3.632658123970031738e-01
1.140281319618225098e+00
1.474727392196655273e+00
1.335059642791748047e+00
1.683483362197875977e+00
1.795562624931335449e+00
9.283293485641479492e-01
3.577495813369750977e-01
4.467664659023284912e-01
3.110874295234680176e-01
3.597631156444549561e-01
5.037618279457092285e-01
3.790771365165710449e-01
3.760127425193786621e-01
4.729809165000915527e-01
5.205401778221130371e-01
3.896578848361968994e-01
3.921417593955993652e-01
4.927074611186981201e-01
4.298167824745178223e-01
3.853416442871093750e-01
4.934604167938232422e-01
4.404734373092651367e-01
9.335120320320129395e-01
6.158500313758850098e-01
5.183178186416625977e-01
3.964642882347106934e-01
4.204305708408355713e-01
1.419154286384582520e+00
6.792423129081726074e-01
4.853385984897613525e-01
1.520928740501403809e+00
1.684665799140930176e+00
1.947219610214233398e+00
1.401620268821716309e+00
1.536270618438720703e+00
1.447256207466125488e+00
1.369163274765014648e+00
1.509846448898315430e+00
5.987888574600219727e-01
7.517719268798828125e-01
5.634787082672119141e-01
6.240362524986267090e-01
5.930897593498229980e-01
5.478156805038452148e-01
5.729627609252929688e-01
4.680786728858947754e-01
4.428282082080841064e-01
4.773793518543243408e-01
4.693096280097961426e-01
4.142559766769409180e-01
4.138574302196502686e-01
4.198448359966278076e-01
3.464098870754241943e-01
3.529208004474639893e-01
4.156779944896697998e-01
3.691224455833435059e-01
3.520530164241790771e-01
3.479886949062347412e-01
4.881335794925689697e-01
1.089464902877807617e+00
3.243636488914489746e-01
3.876799941062927246e-01
3.478373885154724121e-01
3.677818477153778076e-01
3.701766431331634521e-01
3.606029450893402100e-01
3.273746073246002197e-01
4.519523978233337402e-01
4.763525724411010742e-01
3.715005218982696533e-01
4.291948676109313965e-01
4.790058434009552002e-01
4.337860047817230225e-01
4.038772583007812500e-01
5.123093128204345703e-01
4.719497561454772949e-01
3.951143324375152588e-01
3.988508582115173340e-01
4.461300075054168701e-01
3.564456999301910400e-01
3.620397746562957764e-01
4.165679812431335449e-01
3.618681728839874268e-01
3.561088442802429199e-01
1.086786508560180664e+00
1.691088199615478516e+00
1.608160138130187988e+00
1.243199348449707031e+00
1.048864960670471191e+00
3.484313488006591797e-01
4.021109640598297119e-01
6.890953183174133301e-01
1.348659873008728027e+00
1.174881219863891602e+00
1.203383922576904297e+00
1.490508317947387695e+00
1.112437963485717773e+00
1.081949710845947266e+00
1.350033164024353027e+00
1.243248939514160156e+00
1.127710342407226562e+00
1.411275148391723633e+00
1.395286917686462402e+00
1.257460951805114746e+00
1.653083443641662598e+00
1.285449624061584473e+00
1.201875209808349609e+00
1.092446804046630859e+00
1.340549588203430176e+00
1.374399065971374512e+00
1.890811920166015625e+00
1.246619820594787598e+00
1.380330801010131836e+00
1.455701947212219238e+00
2.332736730575561523e+00
2.336742639541625977e+00
2.245650529861450195e+00
2.147698640823364258e+00
2.291280269622802734e+00
1.163938403129577637e+00
6.484687924385070801e-01
8.521485328674316406e-01
6.977269649505615234e-01
6.075651645660400391e-01
6.223768591880798340e-01
6.125397682189941406e-01
4.918484389781951904e-01
1.153950929641723633e+00
1.115303397178649902e+00
1.067332148551940918e+00
1.303571581840515137e+00
1.366067051887512207e+00
1.093522191047668457e+00
1.294659018516540527e+00
1.793679475784301758e+00
6.049738526344299316e-01
5.120977163314819336e-01
5.806570053100585938e-01
5.986493229866027832e-01
5.045534372329711914e-01
4.712636768817901611e-01
4.315139949321746826e-01
3.880853652954101562e-01
4.039844274520874023e-01
4.106236398220062256e-01
3.666366636753082275e-01
3.793594837188720703e-01
3.782293498516082764e-01
3.234602212905883789e-01
3.836943209171295166e-01
4.147131741046905518e-01
3.559049069881439209e-01
3.867491483688354492e-01
5.473976731300354004e-01
4.226532280445098877e-01
4.075265824794769287e-01
4.576503336429595947e-01
5.322392582893371582e-01
4.150777161121368408e-01
9.408024549484252930e-01
9.271855354309082031e-01
4.437379539012908936e-01
4.158737063407897949e-01
4.713486433029174805e-01
4.160792827606201172e-01
1.192026615142822266e+00
2.214921236038208008e+00
2.196982860565185547e+00
1.872805833816528320e+00
1.482529044151306152e+00
1.895245075225830078e+00
2.792930126190185547e+00
1.305182218551635742e+00
1.550637960433959961e+00
2.057618379592895508e+00
1.584521651268005371e+00
1.424718260765075684e+00
1.511719703674316406e+00
3.080422163009643555e+00
1.707058787345886230e+00
1.306880474090576172e+00
1.391738772392272949e+00
1.577646732330322266e+00
7.318735122680664062e-01
4.439613223075866699e-01
7.627569437026977539e-01
4.605236947536468506e-01
3.794414103031158447e-01
4.677974283695220947e-01
5.057547688484191895e-01
4.276884198188781738e-01
4.182413518428802490e-01
4.531800746917724609e-01
4.238515794277191162e-01
3.882383108139038086e-01
4.110602736473083496e-01
3.301303982734680176e-01
3.578962385654449463e-01
3.824603259563446045e-01
8.717618584632873535e-01
6.324294209480285645e-01
4.316370785236358643e-01
3.722915947437286377e-01
3.432725667953491211e-01
3.999765813350677490e-01
3.583098351955413818e-01
3.117655515670776367e-01
3.503347039222717285e-01
4.492028951644897461e-01
2.873935997486114502e-01
3.543425500392913818e-01
4.230536818504333496e-01
3.732117414474487305e-01
3.574346601963043213e-01
4.765055179595947266e-01
4.180873036384582520e-01
3.910154700279235840e-01
4.317431449890136719e-01
4.316208958625793457e-01
4.229711890220642090e-01
4.263450503349304199e-01
4.073262214660644531e-01
3.852917850017547607e-01
1.022051930427551270e+00
1.389365077018737793e+00
5.848144888877868652e-01
6.492341160774230957e-01
9.280034303665161133e-01
7.595226168632507324e-01
7.477859854698181152e-01
1.351542592048645020e+00
1.481879115104675293e+00
1.457343578338623047e+00
1.867236137390136719e+00
2.044772624969482422e+00
1.395606279373168945e+00
1.510615348815917969e+00
1.315045595169067383e+00
4.229722917079925537e-01
1.314450263977050781e+00
1.772500276565551758e+00
1.718588709831237793e+00
1.674398183822631836e+00
1.476952195167541504e+00
1.597491741180419922e+00
1.735564470291137695e+00
2.638642549514770508e+00
2.476055383682250977e+00
2.591971874237060547e+00
3.260703086853027344e+00
3.347267150878906250e+00
2.055919170379638672e+00
9.397112727165222168e-01
1.011471748352050781e+00
9.282054901123046875e-01
9.241762161254882812e-01
1.288287639617919922e+00
8.194908499717712402e-01
3.244149088859558105e-01
3.994385004043579102e-01
3.864945173263549805e-01
3.941991329193115234e-01
3.767772018909454346e-01
3.409986495971679688e-01
4.428907036781311035e-01
1.169401764869689941e+00
3.592143654823303223e-01
4.093805849552154541e-01
4.618344306945800781e-01
4.132505953311920166e-01
4.584852457046508789e-01
4.366541504859924316e-01
5.026234984397888184e-01
1.356860041618347168e+00
1.583379030227661133e+00
1.565186500549316406e+00
1.195978879928588867e+00
3.178058564662933350e-01
3.867469429969787598e-01
3.948374986648559570e-01
3.438333570957183838e-01
3.884178698062896729e-01
4.086662828922271729e-01
3.622694611549377441e-01
3.300673365592956543e-01
4.072064459323883057e-01
3.982807099819183350e-01
4.615677297115325928e-01
1.112932920455932617e+00
4.221384823322296143e-01
4.512701630592346191e-01
3.523668646812438965e-01
4.061193764209747314e-01
4.948136210441589355e-01
4.184737801551818848e-01
4.437513649463653564e-01
5.459529161453247070e-01
5.683130025863647461e-01
4.644904434680938721e-01
4.664469659328460693e-01
6.020802259445190430e-01
6.040863394737243652e-01
5.125269293785095215e-01
6.526920795440673828e-01
1.889608860015869141e+00
2.337067365646362305e+00
2.579807996749877930e+00
2.318465232849121094e+00
1.976360082626342773e+00
1.998910069465637207e+00
1.991729021072387695e+00
2.282620429992675781e+00
2.016230344772338867e+00
4.177709102630615234e+00
4.329327106475830078e+00
4.408074855804443359e+00
3.173039674758911133e+00
2.460082530975341797e+00
1.803909420967102051e+00
1.823820114135742188e+00
1.922362208366394043e+00
2.828952074050903320e+00
2.622322320938110352e+00
3.513803720474243164e+00
4.836044311523437500e+00
3.315544128417968750e+00
3.151691436767578125e+00
3.020177364349365234e+00
1.542859911918640137e+00
1.605896949768066406e+00
4.915925979614257812e+00
4.215312004089355469e+00
2.779309511184692383e+00
3.078098297119140625e+00
1.829184293746948242e+00
4.730932712554931641e-01
5.326928496360778809e-01
8.502616286277770996e-01
2.319269418716430664e+00
2.652671337127685547e+00
2.731317281723022461e+00
2.271827459335327148e+00
5.728619098663330078e-01
8.276822566986083984e-01
1.372894763946533203e+00
5.707677364349365234e+00
2.831787824630737305e+00
1.616900324821472168e+00
1.753732442855834961e+00
1.001294255256652832e+00
4.621841907501220703e-01
7.408589720726013184e-01
1.082172036170959473e+00
3.893333375453948975e-01
5.859950184822082520e-01
6.059414148330688477e-01
1.505934476852416992e+00
8.324024677276611328e-01
5.000911355018615723e-01
5.123029947280883789e-01
5.331903696060180664e-01
5.967327952384948730e-01
5.382384061813354492e-01
4.558429419994354248e-01
4.211281538009643555e-01
5.672330260276794434e-01
5.622888803482055664e-01
4.793300926685333252e-01
6.469799280166625977e-01
1.175469517707824707e+00
8.863468766212463379e-01
8.920788168907165527e-01
1.051576614379882812e+00
1.230082154273986816e+00
1.237419128417968750e+00
1.746395111083984375e+00
2.925595998764038086e+00
2.546659231185913086e+00
2.830035686492919922e+00
4.696914196014404297e+00
4.003777027130126953e+00
3.994142770767211914e+00
3.171084403991699219e+00
2.699696540832519531e+00
2.149021863937377930e+00
4.509307861328125000e+00
4.636762142181396484e+00
5.075510978698730469e+00
4.423654079437255859e+00
3.706403255462646484e+00
3.392116069793701172e+00
3.520853281021118164e+00
3.106286764144897461e+00
2.149800300598144531e+00
2.228684186935424805e+00
3.287331342697143555e+00
2.555807352066040039e+00
1.279874444007873535e+00
2.281604528427124023e+00
1.840210437774658203e+00
1.427239894866943359e+00
1.745267271995544434e+00
1.362115859985351562e+00
3.153962492942810059e-01
4.388636648654937744e-01
4.800690710544586182e-01
3.939225673675537109e-01
3.499706983566284180e-01
3.958091735839843750e-01
4.215579330921173096e-01
4.331103563308715820e-01
3.211997151374816895e-01
1.068159341812133789e+00
5.661777853965759277e-01
3.007980585098266602e-01
3.531592786312103271e-01
4.106088280677795410e-01
3.252391219139099121e-01
3.287311196327209473e-01
3.728224933147430420e-01
2.837382256984710693e-01
3.107489347457885742e-01
4.639860987663269043e-01
4.250704944133758545e-01
3.338293433189392090e-01
4.241618812084197998e-01
4.767234325408935547e-01
3.833895325660705566e-01
3.705743551254272461e-01
5.038029551506042480e-01
4.941730499267578125e-01
3.512408733367919922e-01
4.962482452392578125e-01
1.215109825134277344e+00
3.389862179756164551e-01
3.501979112625122070e-01
4.814760088920593262e-01
3.382362723350524902e-01
3.634182214736938477e-01
4.795770645141601562e-01
4.231055080890655518e-01
3.696791529655456543e-01
4.854967594146728516e-01
6.440495252609252930e-01
4.903186857700347900e-01
5.094693899154663086e-01
6.546373963356018066e-01
7.174131870269775391e-01
1.969267249107360840e+00
2.660637140274047852e+00
2.919697523117065430e+00
2.773570060729980469e+00
2.635538578033447266e+00
2.407802820205688477e+00
1.938229441642761230e+00
1.823332309722900391e+00
2.427713871002197266e+00
1.488776564598083496e+00
1.507324457168579102e+00
2.179899930953979492e+00
1.452411413192749023e+00
1.789483070373535156e+00
2.157652139663696289e+00
1.469176054000854492e+00
1.488956689834594727e+00
1.395111799240112305e+00
1.520262479782104492e+00
1.409568548202514648e+00
1.419101715087890625e+00
1.508145093917846680e+00
1.432845234870910645e+00
1.401858448982238770e+00
1.384040713310241699e+00
1.498354673385620117e+00
1.420608401298522949e+00
1.481068134307861328e+00
1.489579677581787109e+00
1.462901949882507324e+00
1.447666764259338379e+00
1.460209488868713379e+00
1.501762270927429199e+00
1.794443726539611816e+00
1.634099483489990234e+00
2.271294355392456055e+00
1.448228955268859863e+00
1.554514884948730469e+00
1.678131580352783203e+00
2.387979507446289062e+00
1.226755619049072266e+00
1.517250061035156250e+00
1.460500597953796387e+00
1.338773965835571289e+00
1.408682107925415039e+00
1.477795362472534180e+00
1.337524652481079102e+00
1.418056845664978027e+00
1.876847386360168457e+00
1.437491416931152344e+00
1.469285130500793457e+00
1.523807883262634277e+00
1.541482567787170410e+00
1.714475393295288086e+00
1.598531961441040039e+00
1.546874403953552246e+00
8.804628252983093262e-01
1.144839048385620117e+00
1.230061054229736328e+00
5.698174834251403809e-01
4.829906821250915527e-01
8.879317045211791992e-01
9.067140221595764160e-01
8.492329120635986328e-01
6.936280727386474609e-01
9.012355804443359375e-01
1.135132908821105957e+00
1.030403375625610352e+00
1.126322627067565918e+00
1.171642303466796875e+00
1.054106831550598145e+00
1.465748786926269531e+00
1.572669386863708496e+00
1.459411621093750000e+00
1.700458049774169922e+00
2.482956886291503906e+00
1.618875265121459961e+00
1.775630474090576172e+00
1.964814186096191406e+00
1.620410680770874023e+00
1.223510861396789551e+00
2.490907430648803711e+00
2.503131389617919922e+00
2.603461503982543945e+00
2.546189546585083008e+00
2.556263208389282227e+00
2.558392763137817383e+00
1.381492495536804199e+00
1.479214668273925781e+00
1.857746601104736328e+00
1.880779027938842773e+00
1.703390836715698242e+00
1.763791561126708984e+00
1.768490195274353027e+00
1.552448987960815430e+00
8.160772323608398438e-01
8.097817301750183105e-01
7.196577787399291992e-01
3.533672988414764404e-01
3.522254228591918945e-01
3.396292626857757568e-01
2.820703387260437012e-01
3.513721525669097900e-01
3.278715312480926514e-01
2.874113917350769043e-01
2.867700159549713135e-01
3.589950799942016602e-01
3.672163784503936768e-01
2.976941764354705811e-01
3.249795436859130859e-01
3.581653833389282227e-01
3.151054382324218750e-01
2.947284579277038574e-01
6.686043143272399902e-01
1.088811278343200684e+00
3.649057447910308838e-01
1.102159738540649414e+00
1.568991899490356445e+00
1.427404642105102539e+00
1.275656700134277344e+00
2.964434921741485596e-01
4.570761024951934814e-01
4.159353673458099365e-01
3.698721230030059814e-01
3.884650170803070068e-01
3.740704655647277832e-01
3.080496191978454590e-01
3.200709819793701172e-01
4.300535917282104492e-01
3.398899137973785400e-01
3.031744956970214844e-01
3.588895499706268311e-01
4.497960507869720459e-01
3.393979072570800781e-01
5.450968742370605469e-01
1.148613333702087402e+00
4.573392271995544434e-01
4.028397798538208008e-01
4.553698301315307617e-01
5.465433001518249512e-01
4.383623301982879639e-01
4.723619818687438965e-01
5.597910284996032715e-01
6.728440523147583008e-01
1.573105812072753906e+00
2.013864040374755859e+00
2.259854078292846680e+00
2.748689413070678711e+00
2.463362455368041992e+00
2.822221279144287109e+00
2.262484550476074219e+00
2.073471784591674805e+00
2.000720024108886719e+00
2.071907997131347656e+00
1.501063823699951172e+00
1.417692780494689941e+00
2.658005475997924805e+00
2.091853618621826172e+00
1.348477125167846680e+00
1.500005245208740234e+00
1.523268461227416992e+00
1.437873005867004395e+00
1.455922365188598633e+00
9.137273430824279785e-01
2.373170375823974609e+00
1.123544335365295410e+00
5.778661370277404785e-01
1.544438719749450684e+00
6.567342281341552734e-01
5.974811315536499023e-01
1.312331557273864746e+00
2.539212465286254883e+00
2.786778450012207031e+00
3.098185777664184570e+00
1.925052165985107422e+00
1.863806962966918945e+00
2.076273918151855469e+00
1.912945508956909180e+00
1.941134572029113770e+00
2.299522638320922852e+00
2.072184085845947266e+00
1.693818569183349609e+00
1.891832351684570312e+00
1.895792484283447266e+00
9.592048525810241699e-01
8.220084309577941895e-01
7.142728567123413086e-01
5.791538357734680176e-01
6.313757896423339844e-01
1.333920836448669434e+00
5.207238197326660156e-01
3.932214379310607910e-01
5.088320970535278320e-01
6.483717560768127441e-01
1.378510236740112305e+00
2.061400175094604492e+00
2.277286052703857422e+00
2.148248195648193359e+00
2.041471004486083984e+00
1.590126752853393555e+00
1.527032136917114258e+00
2.741295576095581055e+00
1.519012331962585449e+00
1.462029576301574707e+00
1.451836705207824707e+00
1.467363238334655762e+00
1.485619187355041504e+00
1.380539178848266602e+00
1.600275516510009766e+00
1.550678849220275879e+00
2.034673213958740234e+00
1.454657673835754395e+00
1.362964749336242676e+00
1.284968852996826172e+00
1.156338214874267578e+00
2.358368635177612305e+00
3.381545543670654297e+00
2.986350297927856445e+00
2.028650045394897461e+00
2.028383731842041016e+00
2.000533580780029297e+00
1.607857346534729004e+00
1.662278652191162109e+00
3.108089685440063477e+00
1.366573333740234375e+00
1.057007908821105957e+00
1.228080630302429199e+00
1.166205525398254395e+00
8.562278747558593750e-01
1.272812008857727051e+00
1.783122062683105469e+00
2.553733825683593750e+00
5.402864813804626465e-01
5.222275257110595703e-01
5.132573843002319336e-01
5.386890172958374023e-01
3.882251679897308350e-01
5.479677915573120117e-01
1.684622287750244141e+00
1.349276304244995117e+00
1.715036153793334961e+00
8.484185934066772461e-01
7.702036499977111816e-01
7.023186087608337402e-01
5.064378380775451660e-01
4.505975246429443359e-01
4.456582665443420410e-01
3.850587904453277588e-01
3.928034305572509766e-01
3.965273201465606689e-01
5.355972051620483398e-01
1.237915039062500000e+00
5.481505990028381348e-01
4.384648501873016357e-01
4.181454181671142578e-01
4.668079316616058350e-01
3.959878981113433838e-01
3.980979025363922119e-01
4.282399117946624756e-01
3.615008890628814697e-01
3.395612835884094238e-01
3.616494536399841309e-01
4.315712749958038330e-01
4.544658660888671875e-01
4.114187955856323242e-01
5.333213806152343750e-01
4.536937177181243896e-01
4.266254603862762451e-01
5.046035647392272949e-01
4.805640876293182373e-01
4.527615308761596680e-01
4.996487200260162354e-01
5.242174863815307617e-01
4.757980704307556152e-01
1.159532546997070312e+00
6.905508041381835938e-01
4.372358024120330811e-01
4.525107145309448242e-01
4.949317574501037598e-01
4.081833362579345703e-01
4.467741250991821289e-01
4.363411366939544678e-01
4.369899332523345947e-01
4.267164766788482666e-01
4.548630416393280029e-01
4.844672381877899170e-01
4.038706719875335693e-01
4.973136782646179199e-01
4.235122501850128174e-01
3.953870832920074463e-01
4.360599219799041748e-01
1.549615383148193359e+00
1.392921447753906250e+00
1.306229829788208008e+00
6.266045570373535156e-01
1.054670095443725586e+00
6.388257741928100586e-01
6.165679097175598145e-01
7.222370505332946777e-01
1.285756587982177734e+00
5.706573128700256348e-01
5.655475854873657227e-01
5.600952506065368652e-01
4.850357174873352051e-01
1.284986138343811035e+00
2.474468946456909180e+00
2.419360399246215820e+00
1.521703958511352539e+00
1.812724709510803223e+00
1.824496030807495117e+00
1.697269082069396973e+00
1.723077893257141113e+00
2.159960985183715820e+00
1.757583618164062500e+00
1.751642465591430664e+00
2.100334882736206055e+00
2.046274662017822266e+00
1.915629029273986816e+00
2.128689289093017578e+00
2.281107664108276367e+00
2.310712575912475586e+00
1.998167514801025391e+00
2.102961778640747070e+00
1.537403941154479980e+00
9.949570894241333008e-01
9.756419658660888672e-01
2.455794095993041992e+00
1.511222720146179199e+00
9.140225648880004883e-01
7.667922377586364746e-01
7.452867627143859863e-01
8.207525014877319336e-01
1.261566400527954102e+00
1.560293316841125488e+00
2.419786214828491211e+00
1.275806069374084473e+00
8.949601054191589355e-01
1.105331420898437500e+00
1.345719933509826660e+00
2.267848968505859375e+00
1.571712017059326172e+00
1.868215799331665039e+00
1.954695820808410645e+00
1.919589161872863770e+00
1.799497246742248535e+00
1.062830567359924316e+00
9.838470816612243652e-01
8.761655092239379883e-01
1.516874551773071289e+00
1.049114704132080078e+00
1.178235650062561035e+00
1.116834163665771484e+00
1.229357957839965820e+00
1.203543186187744141e+00
1.676354646682739258e+00
1.608493447303771973e+00
1.653102397918701172e+00
1.619831800460815430e+00
1.672701478004455566e+00
1.815910220146179199e+00
2.649422168731689453e+00
2.199669837951660156e+00
2.075268507003784180e+00
1.336741328239440918e+00
1.042284965515136719e+00
2.184674501419067383e+00
2.675774574279785156e+00
2.485089063644409180e+00
2.567240476608276367e+00
2.521097898483276367e+00
2.295453071594238281e+00
1.786726236343383789e+00
1.683158516883850098e+00
1.545996904373168945e+00
1.495748519897460938e+00
2.068698644638061523e+00
2.105938196182250977e+00
1.630521059036254883e+00
1.790805578231811523e+00
1.574443340301513672e+00
1.303212285041809082e+00
1.337906718254089355e+00
1.701887965202331543e+00
1.448898315429687500e+00
9.578491449356079102e-01
6.833069324493408203e-01
7.105437517166137695e-01
6.477454900741577148e-01
3.845114111900329590e-01
3.794669210910797119e-01
3.405842185020446777e-01
3.180100619792938232e-01
3.130412101745605469e-01
3.793819546699523926e-01
3.172771036624908447e-01
3.040694296360015869e-01
3.269557952880859375e-01
3.876306414604187012e-01
3.198256790637969971e-01
3.369348645210266113e-01
3.466420471668243408e-01
3.405746221542358398e-01
4.400559961795806885e-01
9.353646039962768555e-01
3.645370900630950928e-01
3.442420363426208496e-01
3.412688970565795898e-01
4.041011929512023926e-01
4.661597013473510742e-01
3.907778263092041016e-01
4.224520623683929443e-01
4.564667642116546631e-01
1.596460342407226562e+00
1.291607737541198730e+00
1.256009817123413086e+00
7.270285487174987793e-01
3.719876110553741455e-01
3.922829031944274902e-01
4.048437178134918213e-01
4.647524952888488770e-01
3.898790776729583740e-01
3.391536772251129150e-01
4.254495799541473389e-01
4.119985103607177734e-01
4.076699614524841309e-01
4.118219912052154541e-01
5.101581811904907227e-01
4.917459189891815186e-01
4.475890100002288818e-01
4.712595641613006592e-01
5.403621196746826172e-01
1.367252230644226074e+00
2.022339105606079102e+00
2.491251230239868164e+00
2.651371002197265625e+00
2.404532432556152344e+00
2.583208322525024414e+00
2.461742401123046875e+00
2.145492792129516602e+00
2.264117002487182617e+00
1.858187317848205566e+00
1.782988548278808594e+00
1.808886528015136719e+00
1.656294465065002441e+00
1.654007673263549805e+00
1.776446938514709473e+00
2.016323328018188477e+00
1.232179284095764160e+00
1.398726582527160645e+00
1.501855373382568359e+00
1.400470733642578125e+00
1.235373854637145996e+00
1.365352749824523926e+00
1.412224531173706055e+00
1.351740479469299316e+00
1.227820277214050293e+00
1.299423933029174805e+00
1.355265378952026367e+00
1.323484778404235840e+00
1.261654138565063477e+00
1.287578225135803223e+00
1.382293939590454102e+00
1.295823693275451660e+00
1.266666531562805176e+00
1.358079552650451660e+00
1.515058994293212891e+00
1.688117861747741699e+00
1.520697474479675293e+00
1.435968279838562012e+00
1.550547838211059570e+00
1.608275294303894043e+00
1.524502158164978027e+00
1.470764994621276855e+00
2.020064115524291992e+00
3.393793106079101562e+00
1.548261046409606934e+00
1.452675700187683105e+00
1.563725113868713379e+00
1.497724533081054688e+00
1.482173562049865723e+00
8.312773108482360840e-01
8.455084562301635742e-01
1.658286929130554199e+00
1.258888483047485352e+00
5.168998837471008301e-01
4.763037860393524170e-01
4.611678421497344971e-01
5.096423029899597168e-01
6.503397822380065918e-01
4.699299335479736328e-01
4.119763076305389404e-01
5.338419079780578613e-01
5.354513525962829590e-01
4.518315196037292480e-01
5.526250004768371582e-01
6.137101650238037109e-01
6.070893406867980957e-01
7.862049341201782227e-01
1.270389080047607422e+00
1.180894970893859863e+00
1.197761893272399902e+00
1.383582711219787598e+00
1.773824453353881836e+00
2.024857044219970703e+00
2.094487905502319336e+00
2.377433538436889648e+00
2.391069173812866211e+00
1.902776241302490234e+00
1.290278673171997070e+00
1.860776543617248535e+00
2.692507743835449219e+00
3.272176265716552734e+00
2.530255794525146484e+00
2.746570587158203125e+00
2.489979028701782227e+00
2.637514114379882812e+00
2.456897974014282227e+00
2.736708641052246094e+00
2.781984329223632812e+00
2.674873828887939453e+00
2.808536052703857422e+00
2.465548038482666016e+00
2.343084573745727539e+00
2.497189283370971680e+00
2.484347105026245117e+00
2.488034486770629883e+00
1.930049538612365723e+00
9.052388072013854980e-01
9.814985990524291992e-01
7.726650238037109375e-01
4.151950180530548096e-01
3.354051411151885986e-01
3.145103752613067627e-01
4.336505830287933350e-01
1.158467411994934082e+00
3.412521779537200928e-01
3.042108714580535889e-01
4.302389025688171387e-01
4.306670427322387695e-01
3.397246301174163818e-01
3.041006922721862793e-01
4.408283829689025879e-01
3.705916106700897217e-01
3.147734999656677246e-01
3.095524907112121582e-01
3.747782111167907715e-01
2.785533666610717773e-01
2.756435573101043701e-01
3.114676177501678467e-01
2.750953733921051025e-01
2.576542496681213379e-01
2.782464027404785156e-01
3.564319908618927002e-01
2.673753798007965088e-01
3.068443834781646729e-01
2.864789366722106934e-01
3.190664350986480713e-01
2.605248689651489258e-01
2.753727436065673828e-01
3.415194153785705566e-01
3.108215630054473877e-01
2.909042239189147949e-01
3.182767331600189209e-01
3.957181870937347412e-01
2.890576422214508057e-01
3.241328597068786621e-01
4.477866590023040771e-01
4.774303436279296875e-01
4.273803234100341797e-01
5.099337100982666016e-01
5.952425599098205566e-01
5.396283864974975586e-01
1.406067252159118652e+00
1.607378959655761719e+00
1.563981294631958008e+00
1.660023927688598633e+00
2.581605434417724609e+00
2.356521606445312500e+00
2.020805358886718750e+00
2.032884836196899414e+00
2.502983570098876953e+00
2.094553709030151367e+00
1.776679992675781250e+00
1.922032475471496582e+00
2.084143161773681641e+00
1.646504044532775879e+00
1.708874702453613281e+00
1.794827699661254883e+00
2.559607982635498047e+00
1.490092992782592773e+00
1.697658658027648926e+00
2.404853105545043945e+00
1.741647481918334961e+00
1.908234357833862305e+00
1.866324782371520996e+00
1.025574922561645508e+00
1.013001203536987305e+00
1.214012622833251953e+00
1.832561731338500977e+00
9.805022478103637695e-01
1.219957709312438965e+00
1.019830346107482910e+00
8.897459506988525391e-01
2.088204860687255859e+00
1.436362743377685547e+00
2.042271614074707031e+00
1.467236518859863281e+00
2.121316909790039062e+00
2.815366029739379883e+00
1.422572612762451172e+00
5.284032225608825684e-01
4.640140533447265625e-01
5.793095231056213379e-01
5.616370439529418945e-01
6.740298271179199219e-01
1.649349093437194824e+00
1.304250836372375488e+00
3.132511675357818604e-01
3.836894035339355469e-01
5.015547871589660645e-01
5.255022048950195312e-01
6.791515946388244629e-01
1.027525901794433594e+00
5.360829234123229980e-01
4.839116632938385010e-01
5.238512754440307617e-01
5.154888033866882324e-01
5.485543608665466309e-01
5.295643210411071777e-01
5.671944022178649902e-01
5.784505009651184082e-01
5.688340663909912109e-01
5.326530933380126953e-01
5.820266604423522949e-01
1.454727292060852051e+00
5.621611475944519043e-01
6.953212022781372070e-01
8.919327259063720703e-01
7.762348651885986328e-01
2.433578491210937500e+00
2.585387468338012695e+00
2.814400672912597656e+00
2.970969915390014648e+00
2.928837060928344727e+00
2.604882240295410156e+00
2.881011486053466797e+00
2.822306871414184570e+00
2.878111362457275391e+00
2.894909381866455078e+00
2.487154722213745117e+00
2.851559638977050781e+00
2.018861055374145508e+00
2.215377330780029297e+00
2.444304704666137695e+00
2.403517961502075195e+00
2.645484685897827148e+00
2.565256595611572266e+00
2.640981674194335938e+00
3.882099151611328125e+00
4.036978244781494141e+00
4.017991065979003906e+00
3.634417533874511719e+00
2.989959955215454102e+00
2.385927438735961914e+00
2.550586462020874023e+00
2.562498092651367188e+00
2.509143352508544922e+00
2.416840314865112305e+00
2.451200723648071289e+00
2.174830198287963867e+00
2.129416227340698242e+00
2.219407796859741211e+00
2.110655069351196289e+00
2.053855180740356445e+00
2.036796092987060547e+00
1.766865015029907227e+00
5.804544091224670410e-01
6.813657879829406738e-01
8.386261463165283203e-01
8.440088629722595215e-01
6.783558726310729980e-01
1.124459862709045410e+00
1.086874127388000488e+00
7.535763382911682129e-01
6.067938804626464844e-01
5.528420805931091309e-01
5.071839094161987305e-01
4.651170372962951660e-01
3.454642593860626221e-01
3.233878612518310547e-01
4.381863772869110107e-01
3.666306436061859131e-01
3.063364923000335693e-01
3.552604913711547852e-01
4.624300599098205566e-01
2.870783805847167969e-01
2.904267609119415283e-01
3.066517114639282227e-01
3.927146196365356445e-01
2.709375619888305664e-01
3.096678853034973145e-01
3.464542925357818604e-01
3.782693743705749512e-01
2.721537351608276367e-01
3.200063109397888184e-01
3.496738374233245850e-01
3.883816897869110107e-01
3.420169055461883545e-01
3.630432486534118652e-01
4.136806428432464600e-01
3.916505575180053711e-01
3.464477062225341797e-01
3.885017335414886475e-01
4.872290492057800293e-01
5.221537947654724121e-01
4.391544759273529053e-01
4.813019633293151855e-01
5.812942385673522949e-01
5.185244679450988770e-01
4.759455323219299316e-01
1.785657525062561035e+00
2.457549333572387695e+00
2.779914855957031250e+00
2.471298456192016602e+00
2.540194034576416016e+00
2.691582918167114258e+00
2.757800579071044922e+00
2.949657678604125977e+00
1.961083412170410156e+00
2.480890989303588867e+00
1.620431780815124512e+00
2.982485771179199219e+00
2.045697927474975586e+00
1.799145340919494629e+00
1.381011962890625000e+00
1.488262295722961426e+00
1.458790779113769531e+00
1.460580110549926758e+00
1.761680006980895996e+00
4.212689399719238281e+00
4.073792457580566406e+00
3.234867572784423828e+00
2.786261320114135742e+00
1.656399726867675781e+00
1.648334980010986328e+00
1.763069868087768555e+00
3.287508010864257812e+00
4.629893779754638672e+00
3.714101314544677734e+00
2.831949710845947266e+00
2.731947898864746094e+00
1.606339335441589355e+00
1.439357757568359375e+00
1.672584652900695801e+00
2.198120594024658203e+00
1.541046261787414551e+00
1.428455233573913574e+00
1.543231010437011719e+00
1.637496113777160645e+00
1.601716399192810059e+00
1.617958664894104004e+00
2.841464519500732422e+00
2.793426752090454102e+00
3.060725450515747070e+00
2.628661155700683594e+00
1.999474406242370605e+00
1.404315233230590820e+00
1.377034544944763184e+00
1.449011206626892090e+00
2.175608634948730469e+00
1.687810540199279785e+00
1.435577154159545898e+00
1.621996879577636719e+00
1.492870807647705078e+00
1.562584280967712402e+00
1.636682033538818359e+00
1.609930634498596191e+00
1.622843861579895020e+00
1.564933061599731445e+00
1.582441806793212891e+00
1.669118404388427734e+00
1.678889274597167969e+00
1.585246086120605469e+00
9.504951238632202148e-01
6.871067285537719727e-01
1.629662871360778809e+00
1.644140958786010742e+00
1.572553515434265137e+00
2.098163366317749023e+00
2.022694349288940430e+00
2.022021532058715820e+00
1.480591177940368652e+00
1.672217130661010742e+00
1.723949790000915527e+00
1.522551417350769043e+00
1.157985568046569824e+00
1.251653909683227539e+00
1.271292448043823242e+00
4.804944694042205811e-01
4.184652864933013916e-01
4.839535951614379883e-01
6.407639384269714355e-01
4.784028232097625732e-01
4.349012970924377441e-01
4.369474351406097412e-01
5.550504922866821289e-01
4.597847461700439453e-01
4.074175059795379639e-01
3.910694718360900879e-01
4.110347628593444824e-01
5.224684476852416992e-01
9.243461489677429199e-01
3.842781484127044678e-01
3.818532228469848633e-01
5.679846405982971191e-01
4.198226332664489746e-01
3.970094621181488037e-01
3.870065212249755859e-01
1.264587163925170898e+00
1.446956634521484375e+00
1.327654123306274414e+00
1.152016520500183105e+00
1.342600941658020020e+00
3.753738105297088623e-01
8.494116067886352539e-01
6.684335470199584961e-01
5.151445865631103516e-01
9.039620757102966309e-01
6.934543251991271973e-01
4.341705441474914551e-01
4.856017529964447021e-01
4.912695288658142090e-01
4.616072177886962891e-01
3.954827189445495605e-01
3.731292188167572021e-01
4.047047495841979980e-01
4.134764373302459717e-01
3.937304317951202393e-01
4.327644407749176025e-01
4.509609639644622803e-01
3.826648294925689697e-01
4.034033417701721191e-01
4.479667246341705322e-01
4.665661752223968506e-01
4.214935302734375000e-01
5.527573823928833008e-01
4.271766841411590576e-01
4.828026592731475830e-01
3.783836662769317627e-01
3.878458142280578613e-01
4.178669452667236328e-01
5.164446234703063965e-01
4.293529987335205078e-01
4.889635443687438965e-01
4.090996384620666504e-01
5.289990901947021484e-01
4.466422796249389648e-01
4.190463721752166748e-01
3.856045305728912354e-01
4.166658520698547363e-01
1.152012467384338379e+00
1.435950160026550293e+00
1.360304117202758789e+00
1.249819636344909668e+00
1.255445241928100586e+00
2.788899838924407959e-01
4.751539528369903564e-01
1.126615405082702637e+00
4.442420005798339844e-01
4.286521375179290771e-01
1.441102385520935059e+00
8.230842351913452148e-01
8.576329350471496582e-01
8.312507271766662598e-01
8.553513288497924805e-01
8.626228570938110352e-01
1.065500259399414062e+00
1.187560439109802246e+00
1.166972398757934570e+00
1.454944610595703125e+00
9.855431914329528809e-01
1.119295835494995117e+00
1.166937112808227539e+00
1.177687525749206543e+00
1.163407802581787109e+00
1.154253244400024414e+00
1.569205880165100098e+00
1.828428030014038086e+00
1.773254036903381348e+00
1.753232836723327637e+00
2.046180248260498047e+00
2.911906003952026367e+00
1.702910900115966797e+00
1.928591847419738770e+00
2.895508766174316406e+00
2.635632038116455078e+00
2.921484947204589844e+00
2.399534940719604492e+00
2.053880453109741211e+00
1.772766947746276855e+00
5.731264352798461914e-01
9.219077825546264648e-01
8.170540928840637207e-01
6.295152306556701660e-01
5.336585044860839844e-01
1.797150969505310059e+00
1.645335555076599121e+00
2.797921180725097656e+00
2.295946598052978516e+00
1.600032925605773926e+00
1.608727574348449707e+00
9.592114090919494629e-01
1.135615348815917969e+00
1.863550662994384766e+00
3.164280176162719727e+00
2.508067131042480469e+00
2.998204708099365234e+00
3.548609733581542969e+00
1.397973656654357910e+00
1.742085218429565430e+00
1.879845499992370605e+00
1.913074135780334473e+00
2.464436769485473633e+00
2.950231313705444336e+00
3.764665842056274414e+00
3.165060520172119141e+00
2.472923040390014648e+00
2.462626457214355469e+00
2.394955158233642578e+00
2.311631202697753906e+00
2.299366950988769531e+00
2.721841335296630859e+00
1.977178215980529785e+00
1.158140778541564941e+00
1.180490374565124512e+00
1.632759690284729004e+00
1.489307999610900879e+00
1.758091449737548828e+00
2.099524259567260742e+00
1.851311326026916504e+00
6.214476823806762695e-01
6.303495764732360840e-01
1.627549290657043457e+00
2.712571144104003906e+00
2.127836942672729492e+00
2.153286457061767578e+00
2.235221385955810547e+00
1.470274686813354492e+00
1.345771670341491699e+00
1.279555916786193848e+00
1.455508708953857422e+00
9.023473262786865234e-01
8.405774831771850586e-01
7.160117626190185547e-01
5.646099448204040527e-01
6.501432657241821289e-01
5.862710475921630859e-01
5.814080238342285156e-01
5.108025670051574707e-01
6.023499369621276855e-01
5.381509661674499512e-01
4.195540249347686768e-01
3.210355341434478760e-01
3.651082813739776611e-01
3.949101269245147705e-01
2.886851429939270020e-01
2.950450181961059570e-01
3.063688278198242188e-01
3.342999517917633057e-01
1.026688814163208008e+00
1.381583452224731445e+00
1.347635865211486816e+00
6.585901379585266113e-01
2.429423034191131592e-01
3.264259397983551025e-01
3.050463199615478516e-01
3.704737722873687744e-01
2.583033144474029541e-01
2.939036786556243896e-01
3.467878699302673340e-01
3.887127935886383057e-01
4.094123840332031250e-01
3.524457812309265137e-01
3.826659023761749268e-01
4.278383553028106689e-01
4.397309124469757080e-01
3.570007681846618652e-01
3.881571888923645020e-01
4.330481290817260742e-01
4.187355637550354004e-01
3.965711593627929688e-01
4.317297041416168213e-01
4.305691719055175781e-01
4.506117701530456543e-01
3.534306287765502930e-01
3.588511943817138672e-01
4.189893603324890137e-01
4.803094565868377686e-01
4.146336913108825684e-01
3.907085061073303223e-01
4.474215507507324219e-01
4.551445245742797852e-01
4.341790676116943359e-01
3.919400274753570557e-01
4.441312849521636963e-01
4.726344347000122070e-01
4.837408959865570068e-01
4.487270712852478027e-01
1.787643909454345703e+00
1.984295964241027832e+00
2.293144941329956055e+00
2.725534915924072266e+00
2.198039293289184570e+00
2.445096969604492188e+00
2.491225004196166992e+00
2.455860376358032227e+00
2.126486778259277344e+00
2.320121049880981445e+00
2.052521944046020508e+00
1.889287829399108887e+00
2.567231893539428711e+00
2.758293867111206055e+00
1.333476543426513672e+00
1.683927178382873535e+00
1.631452441215515137e+00
1.456110715866088867e+00
1.413413047790527344e+00
1.620301604270935059e+00
2.727290630340576172e+00
1.970429897308349609e+00
1.158011674880981445e+00
1.346347332000732422e+00
1.454934239387512207e+00
1.389007687568664551e+00
1.270022869110107422e+00
1.665613532066345215e+00
1.503311157226562500e+00
1.392976284027099609e+00
1.347596645355224609e+00
1.344066262245178223e+00
1.453783512115478516e+00
1.420617938041687012e+00
1.691744685173034668e+00
1.779953241348266602e+00
9.932831525802612305e-01
7.376344799995422363e-01
1.068545222282409668e+00
6.504776477813720703e-01
8.594562411308288574e-01
9.640763998031616211e-01
1.135063886642456055e+00
1.315232515335083008e+00
1.206905484199523926e+00
9.171675443649291992e-01
1.086343526840209961e+00
1.514235258102416992e+00
1.603861451148986816e+00
1.596815228462219238e+00
1.788634181022644043e+00
2.312720775604248047e+00
1.661237835884094238e+00
1.619507551193237305e+00
1.861012220382690430e+00
7.677044272422790527e-01
1.083279967308044434e+00
1.233346104621887207e+00
1.197262763977050781e+00
1.556046247482299805e+00
1.794081568717956543e+00
2.707638025283813477e+00
2.610322952270507812e+00
2.952804327011108398e+00
2.869718551635742188e+00
1.995175719261169434e+00
1.743720293045043945e+00
1.960831880569458008e+00
2.446747779846191406e+00
2.566933631896972656e+00
2.338480710983276367e+00
2.428408861160278320e+00
2.366010427474975586e+00
3.006889343261718750e+00
2.555561065673828125e+00
2.817314386367797852e+00
2.441025018692016602e+00
2.670096158981323242e+00
1.799521327018737793e+00
2.270646095275878906e+00
3.326407909393310547e+00
1.654881000518798828e+00
1.834471583366394043e+00
9.582244157791137695e-01
9.520588517189025879e-01
9.264454841613769531e-01
1.089816093444824219e+00
2.123678445816040039e+00
2.145797729492187500e+00
6.345035433769226074e-01
6.039243340492248535e-01
3.742804229259490967e-01
3.680520951747894287e-01
4.581790566444396973e-01
4.308909773826599121e-01
3.327891230583190918e-01
2.572005987167358398e-01
3.815423846244812012e-01
2.879998981952667236e-01
6.218072772026062012e-01
9.583474397659301758e-01
7.769976854324340820e-01
7.340797185897827148e-01
6.774760484695434570e-01
7.020955085754394531e-01
6.982398033142089844e-01
8.034870624542236328e-01
7.764642834663391113e-01
7.748501300811767578e-01
1.016736030578613281e+00
1.491055965423583984e+00
1.440165877342224121e+00
7.844545245170593262e-01
2.796769142150878906e-01
3.370110690593719482e-01
3.774037659168243408e-01
2.989917695522308350e-01
2.480065375566482544e-01
3.120706081390380859e-01
3.709813952445983887e-01
3.462761342525482178e-01
2.978079319000244141e-01
3.434356451034545898e-01
3.683692514896392822e-01
3.657540678977966309e-01
3.335930705070495605e-01
3.592708408832550049e-01
4.140397012233734131e-01
3.858517408370971680e-01
4.264667630195617676e-01
4.317014813423156738e-01
4.581565856933593750e-01
4.808938503265380859e-01
5.396793484687805176e-01
5.173014402389526367e-01
5.733462572097778320e-01
5.454394817352294922e-01
5.617598295211791992e-01
4.990517199039459229e-01
4.661569595336914062e-01
4.068460166454315186e-01
4.371491670608520508e-01
4.364751577377319336e-01
5.223947167396545410e-01
1.358191370964050293e+00
2.034249782562255859e+00
2.242157697677612305e+00
2.089133024215698242e+00
2.463720321655273438e+00
1.731493234634399414e+00
2.109683752059936523e+00
1.805947303771972656e+00
1.586993217468261719e+00
1.636308431625366211e+00
1.653228402137756348e+00
1.675974488258361816e+00
1.670664429664611816e+00
8.363144397735595703e-01
8.432480096817016602e-01
1.128497838973999023e+00
1.043463587760925293e+00
9.747042655944824219e-01
7.098873257637023926e-01
4.861164987087249756e-01
4.612212777137756348e-01
4.815220534801483154e-01
4.250946342945098877e-01
5.301336050033569336e-01
5.916535258293151855e-01
7.255111336708068848e-01
5.577429533004760742e-01
1.489514470100402832e+00
1.531426429748535156e+00
1.610468387603759766e+00
8.948329687118530273e-01
8.637796044349670410e-01
1.200341939926147461e+00
1.702685594558715820e+00
8.974536061286926270e-01
5.636209845542907715e-01
1.393405318260192871e+00
1.777609109878540039e+00
1.847288727760314941e+00
1.818135380744934082e+00
2.252462387084960938e+00
2.192034482955932617e+00
2.162557840347290039e+00
2.315037488937377930e+00
1.886799931526184082e+00
1.639974117279052734e+00
1.452836036682128906e+00
2.377085208892822266e+00
2.278452157974243164e+00
2.456295728683471680e+00
3.106322765350341797e+00
2.905977487564086914e+00
1.127359867095947266e+00
1.126709938049316406e+00
1.526978731155395508e+00
2.400203227996826172e+00
2.369658946990966797e+00
2.870327711105346680e+00
3.384846210479736328e+00
3.806931257247924805e+00
2.709436655044555664e+00
2.961923599243164062e+00
3.533160448074340820e+00
3.240015506744384766e+00
2.902194261550903320e+00
2.107674360275268555e+00
2.325133800506591797e+00
1.522299885749816895e+00
1.799493908882141113e+00
1.966665744781494141e+00
1.893752336502075195e+00
1.821994662284851074e+00
1.762588858604431152e+00
2.432362556457519531e+00
2.503007888793945312e+00
2.829491376876831055e+00
2.218440771102905273e+00
1.889147520065307617e+00
1.918531656265258789e+00
1.897241353988647461e+00
1.790760874748229980e+00
1.850279331207275391e+00
1.831019282341003418e+00
1.778002738952636719e+00
1.674669981002807617e+00
1.829301595687866211e+00
1.857272148132324219e+00
1.670511722564697266e+00
1.727306127548217773e+00
1.815356254577636719e+00
1.700035095214843750e+00
1.600447058677673340e+00
1.766220092773437500e+00
1.731698036193847656e+00
1.593317747116088867e+00
1.663023591041564941e+00
1.819257020950317383e+00
1.626003980636596680e+00
1.624471426010131836e+00
1.818317055702209473e+00
1.794708490371704102e+00
1.763399600982666016e+00
1.849348545074462891e+00
1.936894059181213379e+00
1.774631381034851074e+00
2.737461328506469727e+00
1.791328549385070801e+00
1.658424019813537598e+00
1.605847835540771484e+00
1.764913201332092285e+00
1.754833817481994629e+00
1.584257960319519043e+00
1.622681379318237305e+00
1.696364641189575195e+00
1.558959603309631348e+00
1.537819027900695801e+00
1.659871816635131836e+00
1.656054139137268066e+00
8.179808259010314941e-01
5.601426959037780762e-01
6.310748457908630371e-01
5.192099809646606445e-01
4.999746084213256836e-01
1.206352114677429199e+00
1.392081618309020996e+00
3.169473707675933838e-01
3.317067325115203857e-01
4.062882065773010254e-01
3.248715400695800781e-01
3.201800882816314697e-01
5.149589776992797852e-01
4.217289686203002930e-01
3.367292881011962891e-01
4.084333181381225586e-01
4.550132453441619873e-01
4.099213778972625732e-01
4.137146174907684326e-01
4.378259181976318359e-01
4.036790728569030762e-01
3.765137791633605957e-01
3.868960738182067871e-01
3.556384742259979248e-01
3.704630732536315918e-01
3.194499015808105469e-01
3.526113629341125488e-01
3.451539576053619385e-01
3.737242817878723145e-01
3.368433117866516113e-01
2.956768274307250977e-01
3.511323034763336182e-01
3.770044147968292236e-01
3.892036974430084229e-01
2.985883057117462158e-01
3.491486608982086182e-01
3.981814980506896973e-01
1.361162900924682617e+00
1.011394143104553223e+00
4.161943793296813965e-01
5.358828306198120117e-01
1.316649913787841797e+00
1.152060151100158691e+00
1.499695777893066406e+00
1.636822581291198730e+00
1.695027589797973633e+00
1.513996601104736328e+00
1.437972187995910645e+00
1.457681298255920410e+00
1.197872042655944824e+00
4.587692022323608398e-01
5.656451582908630371e-01
5.807942748069763184e-01
5.544885993003845215e-01
5.789858102798461914e-01
6.633317470550537109e-01
2.294424295425415039e+00
1.926386237144470215e+00
1.728795051574707031e+00
1.706984758377075195e+00
1.568073391914367676e+00
1.472095251083374023e+00
7.258362174034118652e-01
1.080582022666931152e+00
1.017627954483032227e+00
1.027756452560424805e+00
1.133901119232177734e+00
1.929197669029235840e+00
1.676382899284362793e+00
1.662537097930908203e+00
1.918922781944274902e+00
1.741205930709838867e+00
1.770885825157165527e+00
1.394482254981994629e+00
8.528754115104675293e-01
2.042064666748046875e+00
3.554125308990478516e+00
3.659523725509643555e+00
2.985651493072509766e+00
3.485436916351318359e+00
3.516610145568847656e+00
3.536544561386108398e+00
3.752749204635620117e+00
2.494981765747070312e+00
2.422812938690185547e+00
2.410884618759155273e+00
2.420102357864379883e+00
2.278512954711914062e+00
2.441738367080688477e+00
2.286049365997314453e+00
2.151112318038940430e+00
2.252053260803222656e+00
2.532432317733764648e+00
2.683310747146606445e+00
2.649533748626708984e+00
2.573378086090087891e+00
2.652995347976684570e+00
2.402854681015014648e+00
1.911925911903381348e+00
2.027149915695190430e+00
1.913827657699584961e+00
2.106739521026611328e+00
1.301738142967224121e+00
1.094049215316772461e+00
1.199359893798828125e+00
1.942597746849060059e+00
1.843054413795471191e+00
2.766294240951538086e+00
3.097401857376098633e+00
2.046094894409179688e+00
2.886028289794921875e+00
2.801927566528320312e+00
2.926979303359985352e+00
2.454761505126953125e+00
1.838351130485534668e+00
3.265929698944091797e+00
2.894987583160400391e+00
1.373625040054321289e+00
1.452744483947753906e+00
1.136803865432739258e+00
8.730602860450744629e-01
7.791079878807067871e-01
1.011880755424499512e+00
6.234795451164245605e-01
4.439733922481536865e-01
4.703991711139678955e-01
4.754620492458343506e-01
3.971402049064636230e-01
3.602649867534637451e-01
3.124499619007110596e-01
2.852501273155212402e-01
3.527566194534301758e-01
2.486347705125808716e-01
2.320880293846130371e-01
2.714062631130218506e-01
3.170762062072753906e-01
2.735606729984283447e-01
2.489283233880996704e-01
3.252719938755035400e-01
3.398041129112243652e-01
3.876281678676605225e-01
3.884523808956146240e-01
4.249063134193420410e-01
3.945113420486450195e-01
4.298907816410064697e-01
4.103561043739318848e-01
3.785802125930786133e-01
2.923879325389862061e-01
3.406110703945159912e-01
3.878066241741180420e-01
4.085854291915893555e-01
3.385424613952636719e-01
1.471957087516784668e+00
1.323221683502197266e+00
1.242560148239135742e+00
2.887643575668334961e-01
3.099323809146881104e-01
3.607394397258758545e-01
3.855082988739013672e-01
3.949849605560302734e-01
3.812904953956604004e-01
4.974789619445800781e-01
4.522634744644165039e-01
4.929283857345581055e-01
5.150988101959228516e-01
5.617889165878295898e-01
5.223549604415893555e-01
5.558916926383972168e-01
5.729501843452453613e-01
6.579282283782958984e-01
2.162660360336303711e+00
1.990358471870422363e+00
1.932494759559631348e+00
1.925737142562866211e+00
2.081874370574951172e+00
2.226763486862182617e+00
3.739140272140502930e+00
2.830642223358154297e+00
1.408173441886901855e+00
2.238387107849121094e+00
1.561714291572570801e+00
1.287759661674499512e+00
1.618878483772277832e+00
1.939354300498962402e+00
1.254873752593994141e+00
1.321952342987060547e+00
1.546198725700378418e+00
1.419000029563903809e+00
1.356295704841613770e+00
1.408816218376159668e+00
1.214856028556823730e+00
1.323335409164428711e+00
1.399851202964782715e+00
1.298817873001098633e+00
1.216131329536437988e+00
1.185978889465332031e+00
1.432281970977783203e+00
1.324060678482055664e+00
1.151846647262573242e+00
1.181554198265075684e+00
1.437167763710021973e+00
2.492465019226074219e+00
3.977235078811645508e+00
3.320301532745361328e+00
2.978559017181396484e+00
2.229072332382202148e+00
1.719040989875793457e+00
1.536434769630432129e+00
2.889302253723144531e+00
3.385878324508666992e+00
3.129909992218017578e+00
3.100522279739379883e+00
2.481372356414794922e+00
7.114387154579162598e-01
6.417005062103271484e-01
6.255366802215576172e-01
5.992959141731262207e-01
5.354077816009521484e-01
5.919618606567382812e-01
4.851420819759368896e-01
4.461774230003356934e-01
4.093808531761169434e-01
3.716712892055511475e-01
4.415416121482849121e-01
4.694787561893463135e-01
3.915762901306152344e-01
4.057959318161010742e-01
5.386257171630859375e-01
5.016156435012817383e-01
6.369457244873046875e-01
6.412298679351806641e-01
6.895042657852172852e-01
1.243020892143249512e+00
8.904945254325866699e-01
9.030444025993347168e-01
9.671331048011779785e-01
1.067178845405578613e+00
1.159018158912658691e+00
1.218436241149902344e+00
1.217896819114685059e+00
1.217770457267761230e+00
1.657638907432556152e+00
1.781591773033142090e+00
1.593967080116271973e+00
1.554371476173400879e+00
1.575884342193603516e+00
1.572948694229125977e+00
2.302544832229614258e+00
1.114265322685241699e+00
2.317320346832275391e+00
2.491048574447631836e+00
2.971268653869628906e+00
2.385643005371093750e+00
3.517682313919067383e+00
3.090193748474121094e+00
1.514339208602905273e+00
1.437724947929382324e+00
1.395436048507690430e+00
1.238579988479614258e+00
1.496191501617431641e+00
1.796559214591979980e+00
2.314364910125732422e+00
1.618017792701721191e+00
8.349387049674987793e-01
1.175178408622741699e+00
1.071410417556762695e+00
6.177336573600769043e-01
6.379738450050354004e-01
9.987007379531860352e-01
7.235239148139953613e-01
3.764663636684417725e-01
3.672786056995391846e-01
3.358381986618041992e-01
4.578019082546234131e-01
4.179839789867401123e-01
3.135469257831573486e-01
2.948742806911468506e-01
3.206523656845092773e-01
3.281258940696716309e-01
2.712412774562835693e-01
2.481734603643417358e-01
2.810098528861999512e-01
3.412420451641082764e-01
2.623519897460937500e-01
2.944088578224182129e-01
3.345696628093719482e-01
4.225307106971740723e-01
8.492641448974609375e-01
1.496083498001098633e+00
1.301835179328918457e+00
1.181066513061523438e+00
5.936511158943176270e-01
2.685142755508422852e-01
3.417872190475463867e-01
3.280261456966400146e-01
2.939768731594085693e-01
3.098117709159851074e-01
3.052423000335693359e-01
2.720369696617126465e-01
3.296027481555938721e-01
3.777557313442230225e-01
3.863648772239685059e-01
2.881909310817718506e-01
3.515711426734924316e-01
4.112370610237121582e-01
4.437730312347412109e-01
4.005820453166961670e-01
4.009767472743988037e-01
4.987521469593048096e-01
5.245453119277954102e-01
5.785521864891052246e-01
4.464449286460876465e-01
5.045687556266784668e-01
1.828451871871948242e+00
2.237441301345825195e+00
2.759299993515014648e+00
2.500593662261962891e+00
2.475294351577758789e+00
2.531767845153808594e+00
2.208729743957519531e+00
2.223550796508789062e+00
1.950842618942260742e+00
2.313848018646240234e+00
1.764390468597412109e+00
1.469038724899291992e+00
1.456243038177490234e+00
1.436648845672607422e+00
1.574813723564147949e+00
1.546779751777648926e+00
1.503393888473510742e+00
1.468776226043701172e+00
1.743455171585083008e+00
1.802423238754272461e+00
1.413480758666992188e+00
1.312232851982116699e+00
1.533675432205200195e+00
1.577215909957885742e+00
1.621215224266052246e+00
1.413426756858825684e+00
1.445368170738220215e+00
1.372419476509094238e+00
1.473749995231628418e+00
9.788565635681152344e-01
3.390755653381347656e-01
5.229788422584533691e-01
3.503930866718292236e-01
3.961490690708160400e-01
3.639362454414367676e-01
3.972440958023071289e-01
3.696914911270141602e-01
4.838425815105438232e-01
4.298770725727081299e-01
4.320240914821624756e-01
3.816978037357330322e-01
4.327099025249481201e-01
4.429151117801666260e-01
3.637962043285369873e-01
3.082168102264404297e-01
3.259695768356323242e-01
3.768873810768127441e-01
3.001802563667297363e-01
2.760026156902313232e-01
3.109394311904907227e-01
3.648224174976348877e-01
3.223884999752044678e-01
2.503969371318817139e-01
3.067514896392822266e-01
3.340960443019866943e-01
3.587791025638580322e-01
2.712930738925933838e-01
2.967934906482696533e-01
3.347892165184020996e-01
3.744136393070220947e-01
3.735647797584533691e-01
1.518733024597167969e+00
7.760781049728393555e-01
1.080062031745910645e+00
1.308691978454589844e+00
1.238078951835632324e+00
1.023069620132446289e+00
2.173408269882202148e+00
2.301990270614624023e+00
2.241408824920654297e+00
2.474006175994873047e+00
1.860215187072753906e+00
1.930119395256042480e+00
2.458230257034301758e+00
1.908687114715576172e+00
1.936131477355957031e+00
1.997230410575866699e+00
1.998763442039489746e+00
2.021839618682861328e+00
2.654558897018432617e+00
2.117250919342041016e+00
1.715905308723449707e+00
1.763512611389160156e+00
1.826621174812316895e+00
2.618490219116210938e+00
2.598534107208251953e+00
2.788875579833984375e+00
2.476684570312500000e+00
2.479062795639038086e+00
2.494335412979125977e+00
2.532208204269409180e+00
2.166582107543945312e+00
1.481590747833251953e+00
9.674178957939147949e-01
9.259652495384216309e-01
7.212080955505371094e-01
6.186732649803161621e-01
6.403815746307373047e-01
5.387101173400878906e-01
8.554220795631408691e-01
5.823138952255249023e-01
3.851519823074340820e-01
3.747993111610412598e-01
5.160027742385864258e-01
4.717532098293304443e-01
3.863793909549713135e-01
3.619134128093719482e-01
3.832201361656188965e-01
4.132349491119384766e-01
3.879494369029998779e-01
3.228593766689300537e-01
3.162569105625152588e-01
3.663140535354614258e-01
3.137927949428558350e-01
2.686666548252105713e-01
3.045318424701690674e-01
3.461100161075592041e-01
3.903063833713531494e-01
2.468111962080001831e-01
3.112971186637878418e-01
3.356863558292388916e-01
4.078977108001708984e-01
2.878642082214355469e-01
3.081836402416229248e-01
3.327973484992980957e-01
4.043338894844055176e-01
3.875185549259185791e-01
3.660632669925689697e-01
4.104471206665039062e-01
4.617423415184020996e-01
5.195556282997131348e-01
4.581119120121002197e-01
4.211958646774291992e-01
1.250555634498596191e+00
1.618884801864624023e+00
1.404677033424377441e+00
1.245164871215820312e+00
3.912495672702789307e-01
4.825696647167205811e-01
5.518857240676879883e-01
5.097974538803100586e-01
5.031766295433044434e-01
5.323389768600463867e-01
5.579339861869812012e-01
7.109979391098022461e-01
2.247565269470214844e+00
2.501151800155639648e+00
2.372112512588500977e+00
2.271140336990356445e+00
2.347918510437011719e+00
2.790813446044921875e+00
2.900288105010986328e+00
2.274698019027709961e+00
1.631210446357727051e+00
1.527357459068298340e+00
1.534348368644714355e+00
1.422181487083435059e+00
1.520997643470764160e+00
1.488169193267822266e+00
1.338391661643981934e+00
1.312452077865600586e+00
1.407947540283203125e+00
1.277962088584899902e+00
1.347740530967712402e+00
1.301720023155212402e+00
1.356306076049804688e+00
1.331646084785461426e+00
1.542336702346801758e+00
1.373860716819763184e+00
1.361004114151000977e+00
1.394339919090270996e+00
1.423815846443176270e+00
1.343091845512390137e+00
1.339273929595947266e+00
1.436380028724670410e+00
1.433318614959716797e+00
1.370403289794921875e+00
1.441054701805114746e+00
1.528306126594543457e+00
1.409448266029357910e+00
1.402113914489746094e+00
1.773660778999328613e+00
1.344814538955688477e+00
1.386532545089721680e+00
8.854154944419860840e-01
3.284830451011657715e-01
3.844094574451446533e-01
3.486840724945068359e-01
2.865595221519470215e-01
3.084234893321990967e-01
3.544066846370697021e-01
3.155100047588348389e-01
2.522602677345275879e-01
2.992411851882934570e-01
3.738375008106231689e-01
3.643071055412292480e-01
2.501927316188812256e-01
3.088472187519073486e-01
4.073207378387451172e-01
1.151723861694335938e+00
8.580504059791564941e-01
9.015601277351379395e-01
8.541861772537231445e-01
1.030288338661193848e+00
8.914639949798583984e-01
8.689159154891967773e-01
8.724934458732604980e-01
9.244851469993591309e-01
1.230186223983764648e+00
1.198649644851684570e+00
1.196408867835998535e+00
1.280741691589355469e+00
1.270784258842468262e+00
1.526567220687866211e+00
1.674514889717102051e+00
1.876147866249084473e+00
1.827621340751647949e+00
1.834684014320373535e+00
1.743248820304870605e+00
1.301567077636718750e+00
1.258605837821960449e+00
2.659249305725097656e+00
2.452367305755615234e+00
2.918323993682861328e+00
4.150844097137451172e+00
2.964343309402465820e+00
2.422406911849975586e+00
2.451443195343017578e+00
1.674249529838562012e+00
1.081127405166625977e+00
1.443596482276916504e+00
2.045323133468627930e+00
2.338688373565673828e+00
1.304184436798095703e+00
1.470017790794372559e+00
1.493596553802490234e+00
1.188203215599060059e+00
1.313592076301574707e+00
1.243277192115783691e+00
1.085684299468994141e+00
7.956349849700927734e-01
9.683663249015808105e-01
7.710952758789062500e-01
6.695011854171752930e-01
6.490660905838012695e-01
6.209693551063537598e-01
5.821779370307922363e-01
5.810544490814208984e-01
3.994719386100769043e-01
4.502014517784118652e-01
5.203726887702941895e-01
4.986167252063751221e-01
4.193256795406341553e-01
4.924876391887664795e-01
4.066590666770935059e-01
4.620441198348999023e-01
3.970941603183746338e-01
4.020271003246307373e-01
3.525107502937316895e-01
4.172836542129516602e-01
4.519701898097991943e-01
3.732599616050720215e-01
3.419280946254730225e-01
3.853698968887329102e-01
4.683448076248168945e-01
4.991986453533172607e-01
1.494861245155334473e+00
1.232339859008789062e+00
1.357169508934020996e+00
1.265269160270690918e+00
3.721956312656402588e-01
4.117027521133422852e-01
5.474845767021179199e-01
5.574307441711425781e-01
5.379613041877746582e-01
5.486779808998107910e-01
5.698621869087219238e-01
5.909879803657531738e-01
5.175974369049072266e-01
4.814480543136596680e-01
4.946727454662322998e-01
4.873625338077545166e-01
5.597575902938842773e-01
5.075430274009704590e-01
4.780130684375762939e-01
4.728907346725463867e-01
6.091195940971374512e-01
6.050050854682922363e-01
5.992550849914550781e-01
2.019686460494995117e+00
2.594506025314331055e+00
2.640302419662475586e+00
2.435809612274169922e+00
2.466150999069213867e+00
2.629554033279418945e+00
2.552834987640380859e+00
1.978247404098510742e+00
1.896677255630493164e+00
1.392040014266967773e+00
1.499195575714111328e+00
1.496244072914123535e+00
1.413798928260803223e+00
1.373129487037658691e+00
1.304806709289550781e+00
1.393204689025878906e+00
1.298776507377624512e+00
1.342916131019592285e+00
1.272298932075500488e+00
1.360449910163879395e+00
1.311974406242370605e+00
1.264506101608276367e+00
1.187196969985961914e+00
1.274395227432250977e+00
1.330928206443786621e+00
1.277725577354431152e+00
1.220394968986511230e+00
1.254128217697143555e+00
1.346899628639221191e+00
1.340360164642333984e+00
1.282317757606506348e+00
1.304674863815307617e+00
1.378967404365539551e+00
1.388512134552001953e+00
1.336613893508911133e+00
1.317542433738708496e+00
2.364098310470581055e+00
1.368829131126403809e+00
1.242577433586120605e+00
8.452414870262145996e-01
8.390085101127624512e-01
1.353147149085998535e+00
4.728948473930358887e-01
4.498544335365295410e-01
3.565416336059570312e-01
9.101136326789855957e-01
3.671634793281555176e-01
3.240454196929931641e-01
3.283142149448394775e-01
3.590112626552581787e-01
2.885195910930633545e-01
3.153411448001861572e-01
3.525817394256591797e-01
3.187191486358642578e-01
3.585422933101654053e-01
3.741055727005004883e-01
4.316726922988891602e-01
3.654596805572509766e-01
4.501181244850158691e-01
5.583242774009704590e-01
6.266136169433593750e-01
5.746185779571533203e-01
6.147536635398864746e-01
6.660549044609069824e-01
6.161937713623046875e-01
6.349949836730957031e-01
6.375569701194763184e-01
6.780310869216918945e-01
9.414216279983520508e-01
2.966975212097167969e+00
3.447263717651367188e+00
2.947556972503662109e+00
2.857510328292846680e+00
3.114641427993774414e+00
2.229732513427734375e+00
2.315619945526123047e+00
2.755786418914794922e+00
2.825441360473632812e+00
2.403840303421020508e+00
3.313845157623291016e+00
2.750150442123413086e+00
1.486019372940063477e+00
1.659422278404235840e+00
1.907984137535095215e+00
1.780709505081176758e+00
2.685854911804199219e+00
1.349794626235961914e+00
2.689994812011718750e+00
2.347197055816650391e+00
9.974069595336914062e-01
1.327326893806457520e+00
1.562179684638977051e+00
8.817940950393676758e-01
7.772548198699951172e-01
1.315918922424316406e+00
9.060978293418884277e-01
7.120603322982788086e-01
9.609225988388061523e-01
6.492645144462585449e-01
3.612377643585205078e-01
3.666975200176239014e-01
5.170174837112426758e-01
4.613909423351287842e-01
3.163312077522277832e-01
3.659300506114959717e-01
3.957897126674652100e-01
3.271133899688720703e-01
3.116032779216766357e-01
3.363976478576660156e-01
3.015806078910827637e-01
2.791399359703063965e-01
2.948586344718933105e-01
2.770921587944030762e-01
2.581314444541931152e-01
2.496346831321716309e-01
2.905862927436828613e-01
2.311963886022567749e-01
1.329841732978820801e+00
1.258379459381103516e+00
1.070946335792541504e+00
5.778477787971496582e-01
1.707838326692581177e-01
3.265827298164367676e-01
2.860198020935058594e-01
2.818529605865478516e-01
3.624407649040222168e-01
3.249074518680572510e-01
3.139939606189727783e-01
3.913490474224090576e-01
4.730288684368133545e-01
3.679934442043304443e-01
3.834029734134674072e-01
4.044904112815856934e-01
4.339688122272491455e-01
3.740970492362976074e-01
4.275741279125213623e-01
5.025549530982971191e-01
4.392471313476562500e-01
4.626315236091613770e-01
5.166123509407043457e-01
5.264341235160827637e-01
4.380657672882080078e-01
4.834810495376586914e-01
1.653278350830078125e+00
1.839244961738586426e+00
2.183586835861206055e+00
2.485149621963500977e+00
2.624020576477050781e+00
1.875243067741394043e+00
1.732323765754699707e+00
2.080535650253295898e+00
1.966810464859008789e+00
1.615496397018432617e+00
1.571485280990600586e+00
1.582004666328430176e+00
1.411520123481750488e+00
1.363574147224426270e+00
1.527165055274963379e+00
1.362334132194519043e+00
1.421143174171447754e+00
1.376330018043518066e+00
1.391445994377136230e+00
1.300337791442871094e+00
1.385906815528869629e+00
1.382481932640075684e+00
1.292956590652465820e+00
1.313292741775512695e+00
1.356523156166076660e+00
1.343879103660583496e+00
1.272250652313232422e+00
1.361579179763793945e+00
1.403745651245117188e+00
1.287052512168884277e+00
1.389937996864318848e+00
1.437166333198547363e+00
1.398351669311523438e+00
1.340166091918945312e+00
1.392265319824218750e+00
1.472458958625793457e+00
1.309372663497924805e+00
1.315487742424011230e+00
2.115240335464477539e+00
1.472642064094543457e+00
1.436611652374267578e+00
1.434373617172241211e+00
1.585463523864746094e+00
1.308716177940368652e+00
1.318080186843872070e+00
2.075642585754394531e+00
1.686019659042358398e+00
1.215430974960327148e+00
1.302737832069396973e+00
1.450961470603942871e+00
1.270349264144897461e+00
1.710322260856628418e+00
1.648103356361389160e+00
1.667082428932189941e+00
1.688892960548400879e+00
1.670830488204956055e+00
1.746369719505310059e+00
1.773832082748413086e+00
1.563027739524841309e+00
1.665949344635009766e+00
1.038221240043640137e+00
1.557986855506896973e+00
1.025951743125915527e+00
1.434370875358581543e+00
9.241630434989929199e-01
6.100443601608276367e-01
6.548001766204833984e-01
6.924448013305664062e-01
6.450908184051513672e-01
9.529386758804321289e-01
1.268362045288085938e+00
1.238987326622009277e+00
1.252611637115478516e+00
1.333178281784057617e+00
1.307235717773437500e+00
1.240199565887451172e+00
1.030441284179687500e+00
1.518367886543273926e+00
1.669916391372680664e+00
1.462756991386413574e+00
1.576632022857666016e+00
1.745833277702331543e+00
2.794862985610961914e+00
1.603270053863525391e+00
1.271285295486450195e+00
1.065716505050659180e+00
1.606745004653930664e+00
1.057991147041320801e+00
2.216122627258300781e+00
2.063593864440917969e+00
1.878883361816406250e+00
1.902405381202697754e+00
1.797970294952392578e+00
9.363428950309753418e-01
4.376749098300933838e-01
4.443902969360351562e-01
3.767659664154052734e-01
4.121517241001129150e-01
4.452737271785736084e-01
3.139898478984832764e-01
3.400162756443023682e-01
3.568708300590515137e-01
3.376031219959259033e-01
3.520801365375518799e-01
3.939165472984313965e-01
4.120292067527770996e-01
3.400823473930358887e-01
3.630585968494415283e-01
3.341144025325775146e-01
3.093825578689575195e-01
3.318629562854766846e-01
3.455459177494049072e-01
3.118971288204193115e-01
2.733940482139587402e-01
3.222259581089019775e-01
3.103484511375427246e-01
2.519516348838806152e-01
2.946451306343078613e-01
3.639170527458190918e-01
2.997902035713195801e-01
7.056612372398376465e-01
3.219025135040283203e-01
3.974510431289672852e-01
3.302781283855438232e-01
3.354906439781188965e-01
4.472957253456115723e-01
3.754003942012786865e-01
3.219650089740753174e-01
4.128956198692321777e-01
4.629705846309661865e-01
3.608756661415100098e-01
3.541476726531982422e-01
4.310702383518218994e-01
3.794910311698913574e-01
3.859142363071441650e-01
3.942106366157531738e-01
4.764430224895477295e-01
1.283685207366943359e+00
1.442691683769226074e+00
1.421825647354125977e+00
1.291321039199829102e+00
4.977067410945892334e-01
3.843927383422851562e-01
5.112263560295104980e-01
4.911363124847412109e-01
1.558812737464904785e+00
2.029139995574951172e+00
2.408472537994384766e+00
2.770596027374267578e+00
2.119931697845458984e+00
2.319430112838745117e+00
2.394227504730224609e+00
2.559573411941528320e+00
2.358199357986450195e+00
2.341644287109375000e+00
2.108110904693603516e+00
1.337579727172851562e+00
1.604968070983886719e+00
1.444504022598266602e+00
2.593641757965087891e+00
1.509830832481384277e+00
1.411436796188354492e+00
1.521698474884033203e+00
1.481333971023559570e+00
1.582128286361694336e+00
7.375651597976684570e-01
2.252509117126464844e+00
1.754288315773010254e+00
5.117564201354980469e-01
8.223748803138732910e-01
1.801113605499267578e+00
1.843591928482055664e+00
2.484333276748657227e+00
2.901179075241088867e+00
3.079360246658325195e+00
2.599299192428588867e+00
1.514875054359436035e+00
2.480866670608520508e+00
1.691171288490295410e+00
5.690587759017944336e-01
1.059342741966247559e+00
7.300173044204711914e-01
5.876569151878356934e-01
1.761548399925231934e+00
6.025442481040954590e-01
8.554415106773376465e-01
1.742356061935424805e+00
1.497192978858947754e+00
1.411535739898681641e+00
8.546743392944335938e-01
1.298947572708129883e+00
2.246034622192382812e+00
4.392183423042297363e-01
5.284487009048461914e-01
5.380684733390808105e-01
4.563941359519958496e-01
1.619735836982727051e+00
1.623858332633972168e+00
1.519463777542114258e+00
1.416798949241638184e+00
1.461137294769287109e+00
1.565313696861267090e+00
1.662620186805725098e+00
1.569319725036621094e+00
1.421605825424194336e+00
1.549634814262390137e+00
1.489973783493041992e+00
1.446614503860473633e+00
1.731634736061096191e+00
2.030858039855957031e+00
2.133097887039184570e+00
1.992530941963195801e+00
2.137251377105712891e+00
2.947891950607299805e+00
4.720430850982666016e+00
4.812938213348388672e+00
5.037140369415283203e+00
4.764333248138427734e+00
4.045599937438964844e+00
3.621958494186401367e+00
3.668287277221679688e+00
2.995455503463745117e+00
2.702211141586303711e+00
3.159368276596069336e+00
3.090548038482666016e+00
2.489830493927001953e+00
2.644918918609619141e+00
2.194021701812744141e+00
1.538081049919128418e+00
1.652593612670898438e+00
1.726620912551879883e+00
1.553842782974243164e+00
1.591177344322204590e+00
2.436199188232421875e+00
1.642382979393005371e+00
1.760935783386230469e+00
1.825476765632629395e+00
1.801998615264892578e+00
1.402320623397827148e+00
1.637710452079772949e+00
1.130147337913513184e+00
7.717577815055847168e-01
8.477684259414672852e-01
8.803910017013549805e-01
7.967752218246459961e-01
7.811930775642395020e-01
8.092875480651855469e-01
7.064912319183349609e-01
5.887623429298400879e-01
6.457667350769042969e-01
6.996023058891296387e-01
5.785198211669921875e-01
5.275828242301940918e-01
5.142874717712402344e-01
3.418949544429779053e-01
3.269700407981872559e-01
3.842833638191223145e-01
3.439865708351135254e-01
2.488389760255813599e-01
3.200156390666961670e-01
8.938489556312561035e-01
1.355355858802795410e+00
1.187609314918518066e+00
1.132326722145080566e+00
1.690986752510070801e-01
2.385808527469635010e-01
3.154694437980651855e-01
3.172329962253570557e-01
2.792997360229492188e-01
3.276840746402740479e-01
3.887698054313659668e-01
3.495337665081024170e-01
3.225515782833099365e-01
4.481624364852905273e-01
4.089683592319488525e-01
3.767958283424377441e-01
4.254978299140930176e-01
4.206323027610778809e-01
3.877578377723693848e-01
3.667232692241668701e-01
4.221321642398834229e-01
3.459836542606353760e-01
3.942043483257293701e-01
4.369375705718994141e-01
3.980491161346435547e-01
4.054396152496337891e-01
3.800748586654663086e-01
3.776770532131195068e-01
3.374740183353424072e-01
3.905467689037322998e-01
1.397086977958679199e+00
1.736707448959350586e+00
1.479245066642761230e+00
2.104680538177490234e+00
2.544417619705200195e+00
2.364095211029052734e+00
1.585903644561767578e+00
1.569334506988525391e+00
1.492843031883239746e+00
1.498938679695129395e+00
1.506955862045288086e+00
1.520915865898132324e+00
1.346842646598815918e+00
1.454027295112609863e+00
1.432853460311889648e+00
1.275226354598999023e+00
1.305864930152893066e+00
1.466110825538635254e+00
3.851289451122283936e-01
3.277424573898315430e-01
4.086366891860961914e-01
4.053272306919097900e-01
3.131048083305358887e-01
3.069109916687011719e-01
4.160477519035339355e-01
3.146191835403442383e-01
2.939494550228118896e-01
3.300481438636779785e-01
4.639542996883392334e-01
2.977939546108245850e-01
3.262631297111511230e-01
4.321564733982086182e-01
4.112069010734558105e-01
3.623763620853424072e-01
3.868086338043212891e-01
4.332616329193115234e-01
3.435762524604797363e-01
3.445783555507659912e-01
3.759993016719818115e-01
2.938154339790344238e-01
2.738868594169616699e-01
3.478113412857055664e-01
3.137001395225524902e-01
2.914469540119171143e-01
2.956524193286895752e-01
3.287700414657592773e-01
2.743994295597076416e-01
2.923882007598876953e-01
3.294615745544433594e-01
3.094568252563476562e-01
3.031964302062988281e-01
3.170054852962493896e-01
3.363365232944488525e-01
3.134444057941436768e-01
3.979572951793670654e-01
4.128060042858123779e-01
4.079434871673583984e-01
3.852882087230682373e-01
4.803486466407775879e-01
4.690374433994293213e-01
3.866019546985626221e-01
4.287856221199035645e-01
4.764441251754760742e-01
4.227782189846038818e-01
1.480854272842407227e+00
1.341724634170532227e+00
1.296740770339965820e+00
8.441812992095947266e-01
2.666764557361602783e-01
5.132489204406738281e-01
3.984605371952056885e-01
3.929736316204071045e-01
4.536353349685668945e-01
5.186878442764282227e-01
3.723324239253997803e-01
3.863780200481414795e-01
4.395472705364227295e-01
4.079297780990600586e-01
4.204884171485900879e-01
4.826239347457885742e-01
4.794430434703826904e-01
4.458068311214447021e-01
4.138703048229217529e-01
1.352543592453002930e+00
1.756833910942077637e+00
1.364011049270629883e+00
1.265457510948181152e+00
1.392002940177917480e+00
7.634959220886230469e-01
1.086286783218383789e+00
1.405900597572326660e+00
1.886532068252563477e+00
1.790845036506652832e+00
1.715021371841430664e+00
1.365035891532897949e+00
1.001864671707153320e+00
4.801375865936279297e-01
3.850264549255371094e-01
3.855875134468078613e-01
4.239184856414794922e-01
4.096176922321319580e-01
3.045918643474578857e-01
3.834898471832275391e-01
4.773571491241455078e-01
3.634790480136871338e-01
3.668786883354187012e-01
4.109618663787841797e-01
4.517920315265655518e-01
3.381074666976928711e-01
3.536238670349121094e-01
3.809774816036224365e-01
3.199504017829895020e-01
3.368422091007232666e-01
3.789757192134857178e-01
3.149900436401367188e-01
3.099167644977569580e-01
3.412184715270996094e-01
3.523038029670715332e-01
3.160864412784576416e-01
3.570799827575683594e-01
3.763934671878814697e-01
2.987302839756011963e-01
3.228903710842132568e-01
3.781706988811492920e-01
3.022401034832000732e-01
3.118919134140014648e-01
4.159191846847534180e-01
4.544110298156738281e-01
3.367240726947784424e-01
3.797251284122467041e-01
4.686433076858520508e-01
4.157911837100982666e-01
3.508110642433166504e-01
3.560449779033660889e-01
3.928089141845703125e-01
3.281963467597961426e-01
3.394804000854492188e-01
4.036768972873687744e-01
3.804583251476287842e-01
3.753735423088073730e-01
4.362723529338836670e-01
7.126945853233337402e-01
1.217006564140319824e+00
1.992641448974609375e+00
2.596146106719970703e+00
1.870121598243713379e+00
2.045246839523315430e+00
2.104167699813842773e+00
2.051665306091308594e+00
1.973755002021789551e+00
2.199661016464233398e+00
2.157999753952026367e+00
1.703130722045898438e+00
2.335067272186279297e+00
2.679974794387817383e+00
2.621034383773803711e+00
2.549524545669555664e+00
1.369452357292175293e+00
1.656293988227844238e+00
1.483792066574096680e+00
1.469381690025329590e+00
1.546497464179992676e+00
1.520168185234069824e+00
2.548803091049194336e+00
2.441247940063476562e+00
3.107439517974853516e+00
2.968208074569702148e+00
2.615212202072143555e+00
1.654801011085510254e+00
2.589148044586181641e+00
2.801150798797607422e+00
2.357386589050292969e+00
3.067777395248413086e+00
1.908820867538452148e+00
2.020596027374267578e+00
1.935920119285583496e+00
2.023350477218627930e+00
1.966938734054565430e+00
1.709011435508728027e+00
2.104501962661743164e+00
1.833594202995300293e+00
1.833137035369873047e+00
1.849571943283081055e+00
1.673069357872009277e+00
1.618579506874084473e+00
2.376502990722656250e+00
2.461163282394409180e+00
1.375417828559875488e+00
1.552580475807189941e+00
1.445384621620178223e+00
1.598459839820861816e+00
1.813625931739807129e+00
1.806314110755920410e+00
2.740705728530883789e+00
2.547095775604248047e+00
4.550214707851409912e-01
6.254007220268249512e-01
7.120553851127624512e-01
7.758382558822631836e-01
9.302384257316589355e-01
1.111193776130676270e+00
8.479366898536682129e-01
8.735015392303466797e-01
7.845745682716369629e-01
6.950407624244689941e-01
7.128859162330627441e-01
7.397686243057250977e-01
6.599285602569580078e-01
7.688243985176086426e-01
7.670504450798034668e-01
9.526245594024658203e-01
1.135144233703613281e+00
3.254280090332031250e+00
3.596102714538574219e+00
4.487563133239746094e+00
3.196187496185302734e+00
3.213019609451293945e+00
3.198283433914184570e+00
1.742042541503906250e+00
1.440117597579956055e+00
1.873775839805603027e+00
3.230710744857788086e+00
2.919283628463745117e+00
1.419231653213500977e+00
1.581764817237854004e+00
1.744461417198181152e+00
1.752625942230224609e+00
1.718463540077209473e+00
2.093865871429443359e+00
2.038724184036254883e+00
1.891139984130859375e+00
2.667084693908691406e+00
2.665493249893188477e+00
2.677043437957763672e+00
1.949114918708801270e+00
1.777592658996582031e+00
1.886738538742065430e+00
1.361656546592712402e+00
3.329601883888244629e-01
4.508115947246551514e-01
3.302444219589233398e-01
2.789612412452697754e-01
3.013413250446319580e-01
3.225792646408081055e-01
3.115712106227874756e-01
3.086019158363342285e-01
4.061506092548370361e-01
4.504843056201934814e-01
3.676533102989196777e-01
3.891242146492004395e-01
4.040153920650482178e-01
3.933546245098114014e-01
3.426032066345214844e-01
3.678243458271026611e-01
3.480355739593505859e-01
2.910854220390319824e-01
3.240895569324493408e-01
3.401475548744201660e-01
2.495269626379013062e-01
2.576076388359069824e-01
3.364700078964233398e-01
2.719717323780059814e-01
2.197045534849166870e-01
3.106324374675750732e-01
3.769372701644897461e-01
2.452326714992523193e-01
2.540408074855804443e-01
3.648629784584045410e-01
3.090761005878448486e-01
2.625800371170043945e-01
3.555113077163696289e-01
4.557058811187744141e-01
3.081129193305969238e-01
3.432870805263519287e-01
4.040419757366180420e-01
4.028984606266021729e-01
3.555811941623687744e-01
4.300382435321807861e-01
4.387833476066589355e-01
4.193177521228790283e-01
4.416671395301818848e-01
4.963052570819854736e-01
4.861543178558349609e-01
5.173197984695434570e-01
5.187768936157226562e-01
4.677626192569732666e-01
5.248594284057617188e-01
1.825508832931518555e+00
1.777543425559997559e+00
2.512851238250732422e+00
2.155573368072509766e+00
2.269030094146728516e+00
2.129683494567871094e+00
2.556552171707153320e+00
2.505159616470336914e+00
1.590624451637268066e+00
2.252187967300415039e+00
2.076508998870849609e+00
1.475739598274230957e+00
1.371273279190063477e+00
1.328509807586669922e+00
1.451588034629821777e+00
1.336805105209350586e+00
1.294124245643615723e+00
1.417500376701354980e+00
1.383465170860290527e+00
1.916032433509826660e+00
1.492037177085876465e+00
1.522116780281066895e+00
1.531324744224548340e+00
1.539539456367492676e+00
1.567564129829406738e+00
1.560623049736022949e+00
1.415491223335266113e+00
1.392971396446228027e+00
1.785995721817016602e+00
2.337067842483520508e+00
1.781139016151428223e+00
1.429394364356994629e+00
1.540561318397521973e+00
1.805777907371520996e+00
1.000672340393066406e+00
6.144351363182067871e-01
5.811232328414916992e-01
5.813912749290466309e-01
4.343794286251068115e-01
2.233981609344482422e+00
7.698802351951599121e-01
4.361490011215209961e-01
4.802535474300384521e-01
5.945715904235839844e-01
1.575563311576843262e+00
1.557050466537475586e+00
1.732856869697570801e+00
2.636215686798095703e+00
4.234922528266906738e-01
4.498390853404998779e-01
3.900413513183593750e-01
4.067391157150268555e-01
4.969789981842041016e-01
7.454333901405334473e-01
7.064720392227172852e-01
4.257288873195648193e-01
6.943297982215881348e-01
6.087544560432434082e-01
5.504524707794189453e-01
5.757690072059631348e-01
6.194182634353637695e-01
1.299533605575561523e+00
1.167881608009338379e+00
1.382090806961059570e+00
7.607491612434387207e-01
7.175812125205993652e-01
8.777210116386413574e-01
1.320144057273864746e+00
1.409011602401733398e+00
1.799592614173889160e+00
1.825200796127319336e+00
1.911255240440368652e+00
1.934067487716674805e+00
3.203118085861206055e+00
2.760944604873657227e+00
2.396324157714843750e+00
2.555612325668334961e+00
2.197918415069580078e+00
1.549951672554016113e+00
1.572386264801025391e+00
2.913980960845947266e+00
2.521057367324829102e+00
2.875694990158081055e+00
2.499589443206787109e+00
2.656436681747436523e+00
2.390322685241699219e+00
2.107850074768066406e+00
1.202930569648742676e+00
1.335736155509948730e+00
1.145177602767944336e+00
1.152571082115173340e+00
1.221750140190124512e+00
9.314982295036315918e-01
7.310314774513244629e-01
7.395156621932983398e-01
8.053227066993713379e-01
6.287853121757507324e-01
6.678982377052307129e-01
7.196969985961914062e-01
6.526696085929870605e-01
5.727180242538452148e-01
6.660790443420410156e-01
5.445695519447326660e-01
3.432448804378509521e-01
4.759452641010284424e-01
4.763440787792205811e-01
3.770389556884765625e-01
3.380279839038848877e-01
3.265657424926757812e-01
3.857089579105377197e-01
2.621023058891296387e-01
2.623084187507629395e-01
3.206271231174468994e-01
3.014896214008331299e-01
2.087839543819427490e-01
2.847099006175994873e-01
3.076691627502441406e-01
2.456248998641967773e-01
2.012522816658020020e-01
2.579661607742309570e-01
1.235783934593200684e+00
1.321990132331848145e+00
1.194217443466186523e+00
1.091164946556091309e+00
2.670820951461791992e-01
2.126459926366806030e-01
3.349676728248596191e-01
3.943586647510528564e-01
2.981804311275482178e-01
3.754730224609375000e-01
4.031418561935424805e-01
3.808963298797607422e-01
3.608293533325195312e-01
3.890258073806762695e-01
3.900786042213439941e-01
3.238398432731628418e-01
3.672457039356231689e-01
4.667849242687225342e-01
3.870706558227539062e-01
3.888385891914367676e-01
4.460647702217102051e-01
5.337977409362792969e-01
4.411989748477935791e-01
4.687271714210510254e-01
2.101051092147827148e+00
1.860526800155639648e+00
1.862064719200134277e+00
1.855767846107482910e+00
2.734197378158569336e+00
1.912907958030700684e+00
3.937487840652465820e+00
2.964786767959594727e+00
1.530012726783752441e+00
1.817979693412780762e+00
1.832709193229675293e+00
1.605715513229370117e+00
1.354505062103271484e+00
1.952544808387756348e+00
1.344241380691528320e+00
1.281904220581054688e+00
1.516328573226928711e+00
1.396249055862426758e+00
1.395258426666259766e+00
1.372624874114990234e+00
1.304099798202514648e+00
1.328664779663085938e+00
1.671667575836181641e+00
1.291516184806823730e+00
1.312417864799499512e+00
1.445250868797302246e+00
1.403415560722351074e+00
1.232217073440551758e+00
1.297919154167175293e+00
1.475734472274780273e+00
1.370621681213378906e+00
1.342956185340881348e+00
1.428862810134887695e+00
1.457917213439941406e+00
2.224948644638061523e+00
1.416540265083312988e+00
1.401263952255249023e+00
1.698118329048156738e+00
1.369752526283264160e+00
2.178168773651123047e+00
2.801830053329467773e+00
1.316420197486877441e+00
1.521418333053588867e+00
1.629156589508056641e+00
1.630586862564086914e+00
1.433140754699707031e+00
1.654655694961547852e+00
2.784655332565307617e+00
2.178824424743652344e+00
1.295159220695495605e+00
1.521953105926513672e+00
1.528512239456176758e+00
1.376748323440551758e+00
1.515343189239501953e+00
1.900987148284912109e+00
1.544323921203613281e+00
4.353565871715545654e-01
6.097204089164733887e-01
1.109244704246520996e+00
8.516208529472351074e-01
7.995414137840270996e-01
2.349729061126708984e+00
2.373561143875122070e+00
2.439364671707153320e+00
2.092492818832397461e+00
2.392907619476318359e+00
8.313570618629455566e-01
9.062979221343994141e-01
1.978023529052734375e+00
2.479977130889892578e+00
2.350209236145019531e+00
2.489950895309448242e+00
2.258271694183349609e+00
1.845068454742431641e+00
1.353011727333068848e+00
1.669166922569274902e+00
1.608798861503601074e+00
1.848511695861816406e+00
1.624023914337158203e+00
2.186674594879150391e+00
2.607284545898437500e+00
2.596377849578857422e+00
2.539243698120117188e+00
1.911780595779418945e+00
1.942185521125793457e+00
1.994401454925537109e+00
2.144806385040283203e+00
2.008206129074096680e+00
2.043452024459838867e+00
1.326268792152404785e+00
7.059186100959777832e-01
7.298501133918762207e-01
5.533987879753112793e-01
6.321712136268615723e-01
3.584000170230865479e-01
3.628538548946380615e-01
3.467349708080291748e-01
3.805528879165649414e-01
3.007728457450866699e-01
3.390391170978546143e-01
4.175525605678558350e-01
4.026062488555908203e-01
3.288147151470184326e-01
3.781205415725708008e-01
3.795962929725646973e-01
3.112431168556213379e-01
2.902014553546905518e-01
3.348742127418518066e-01
2.721233069896697998e-01
2.831228673458099365e-01
2.759839892387390137e-01
3.295054435729980469e-01
2.538196146488189697e-01
3.345620036125183105e-01
2.879878282546997070e-01
2.970286905765533447e-01
2.446959912776947021e-01
3.139081895351409912e-01
3.112263977527618408e-01
2.427230328321456909e-01
2.652716934680938721e-01
3.807965517044067383e-01
2.994111478328704834e-01
3.105874657630920410e-01
3.463942706584930420e-01
4.662592113018035889e-01
3.279343247413635254e-01
3.536298871040344238e-01
4.062739610671997070e-01
4.243299067020416260e-01
3.585496842861175537e-01
3.787567317485809326e-01
4.547487199306488037e-01
1.387879490852355957e+00
1.377583742141723633e+00
1.361740350723266602e+00
1.280226469039916992e+00
3.284038305282592773e-01
4.027929306030273438e-01
5.104582905769348145e-01
4.797190427780151367e-01
4.531948566436767578e-01
1.621827483177185059e+00
9.887112379074096680e-01
2.191449880599975586e+00
1.772035360336303711e+00
1.945014953613281250e+00
2.703397512435913086e+00
1.984068512916564941e+00
2.370019674301147461e+00
3.382501363754272461e+00
1.915394902229309082e+00
2.067504167556762695e+00
1.991450786590576172e+00
2.016226530075073242e+00
1.770223617553710938e+00
9.877173304557800293e-01
1.426452994346618652e+00
1.993327736854553223e+00
1.486374616622924805e+00
7.854078412055969238e-01
1.037299990653991699e+00
8.458209633827209473e-01
7.779765129089355469e-01
9.130579829216003418e-01
1.093695878982543945e+00
8.734979629516601562e-01
6.950076222419738770e-01
5.486229062080383301e-01
4.436422884464263916e-01
4.266372621059417725e-01
5.927428007125854492e-01
1.666556715965270996e+00
1.371236205101013184e+00
1.330492138862609863e+00
6.950780749320983887e-01
4.408467710018157959e-01
7.468173503875732422e-01
4.649813473224639893e-01
5.237358808517456055e-01
4.925103783607482910e-01
5.812460184097290039e-01
5.160139799118041992e-01
5.426664352416992188e-01
3.687304854393005371e-01
3.794518411159515381e-01
4.294294714927673340e-01
3.566279709339141846e-01
3.078223764896392822e-01
3.716458082199096680e-01
3.364858925342559814e-01
3.281744122505187988e-01
3.162530958652496338e-01
3.579283058643341064e-01
2.805795073509216309e-01
3.231734931468963623e-01
3.773681521415710449e-01
3.626005649566650391e-01
3.638189435005187988e-01
3.966747820377349854e-01
4.439903795719146729e-01
3.738051354885101318e-01
7.140138149261474609e-01
7.123790979385375977e-01
8.145157098770141602e-01
6.678620576858520508e-01
1.317592263221740723e+00
1.590028047561645508e+00
1.867230415344238281e+00
1.594460487365722656e+00
1.801949381828308105e+00
1.849657654762268066e+00
1.748216032981872559e+00
1.826909542083740234e+00
1.943384647369384766e+00
2.510317564010620117e+00
2.647699594497680664e+00
2.817324161529541016e+00
2.918238639831542969e+00
2.829399824142456055e+00
2.551297903060913086e+00
1.967461466789245605e+00
1.448598742485046387e+00
1.454758524894714355e+00
2.300652027130126953e+00
1.714948177337646484e+00
1.632609963417053223e+00
1.566357254981994629e+00
1.572046160697937012e+00
1.561495304107666016e+00
1.449660062789916992e+00
1.512891411781311035e+00
1.537729382514953613e+00
1.145125985145568848e+00
1.023629903793334961e+00
1.299394845962524414e+00
1.208230495452880859e+00
9.490432143211364746e-01
9.657478332519531250e-01
1.077700138092041016e+00
1.785862565040588379e+00
1.511369109153747559e+00
1.576846361160278320e+00
1.561072945594787598e+00
5.500314831733703613e-01
5.072870254516601562e-01
5.894122123718261719e-01
4.710115194320678711e-01
3.571857810020446777e-01
3.832664489746093750e-01
4.237312674522399902e-01
2.858906984329223633e-01
2.635374665260314941e-01
2.960805594921112061e-01
3.109917640686035156e-01
1.953240931034088135e-01
2.536885738372802734e-01
3.388886451721191406e-01
2.580697834491729736e-01
2.113311439752578735e-01
2.641119956970214844e-01
3.335714042186737061e-01
2.106176614761352539e-01
2.111576348543167114e-01
2.901170253753662109e-01
3.140098750591278076e-01
2.582934200763702393e-01
2.744112014770507812e-01
3.750517368316650391e-01
3.661123216152191162e-01
2.972992062568664551e-01
3.894246220588684082e-01
4.193621277809143066e-01
4.079700708389282227e-01
3.877290487289428711e-01
4.151122570037841797e-01
4.158131182193756104e-01
3.971624076366424561e-01
4.166946113109588623e-01
