1.627209424972534180e+00
1.223608255386352539e+00
1.352051019668579102e+00
1.493890404701232910e+00
1.273490428924560547e+00
1.341709017753601074e+00
1.743288755416870117e+00
1.749165177345275879e+00
1.231575965881347656e+00
1.415276646614074707e+00
1.483022451400756836e+00
1.398799538612365723e+00
1.446145296096801758e+00
1.447792649269104004e+00
1.238563299179077148e+00
1.218774199485778809e+00
1.247182011604309082e+00
1.221734166145324707e+00
1.033143877983093262e+00
1.079445600509643555e+00
1.146451234817504883e+00
1.049611330032348633e+00
1.058951854705810547e+00
1.053814649581909180e+00
3.411570787429809570e-01
3.445377945899963379e-01
3.087734878063201904e-01
3.424245119094848633e-01
3.301185965538024902e-01
2.827788889408111572e-01
3.660807907581329346e-01
1.097581267356872559e+00
5.258650779724121094e-01
3.054508864879608154e-01
3.452529311180114746e-01
3.191798925399780273e-01
3.140222132205963135e-01
5.767374038696289062e-01
4.607476294040679932e-01
3.811087608337402344e-01
5.141243934631347656e-01
4.892225861549377441e-01
3.650929331779479980e-01
4.096653759479522705e-01
5.155376195907592773e-01
3.729606568813323975e-01
3.813039064407348633e-01
4.268721640110015869e-01
3.705576360225677490e-01
3.220409452915191650e-01
4.117192029953002930e-01
4.169125258922576904e-01
3.256902694702148438e-01
3.628022968769073486e-01
5.322924256324768066e-01
2.858471274375915527e-01
1.430096626281738281e+00
1.585265874862670898e+00
2.008702754974365234e+00
1.681695461273193359e+00
1.437212705612182617e+00
5.994831323623657227e-01
3.775641322135925293e-01
4.227891862392425537e-01
6.997154951095581055e-01
4.079544544219970703e-01
5.273178219795227051e-01
6.201481819152832031e-01
5.295319557189941406e-01
4.014323055744171143e-01
5.229994058609008789e-01
5.541837811470031738e-01
4.481585919857025146e-01
4.386147856712341309e-01
5.556682944297790527e-01
4.660785794258117676e-01
7.134497761726379395e-01
1.772376298904418945e+00
1.671641826629638672e+00
2.136630535125732422e+00
1.916504144668579102e+00
1.952152013778686523e+00
1.754705309867858887e+00
1.876107335090637207e+00
1.677821397781372070e+00
1.471708178520202637e+00
1.478413701057434082e+00
1.465665936470031738e+00
1.509309768676757812e+00
1.370624184608459473e+00
1.437761187553405762e+00
1.460958361625671387e+00
1.352201819419860840e+00
1.381299972534179688e+00
1.471458554267883301e+00
1.511393785476684570e+00
1.513150453567504883e+00
1.687958836555480957e+00
2.174294948577880859e+00
1.313949823379516602e+00
1.424615383148193359e+00
1.530868172645568848e+00
1.489066839218139648e+00
1.452608823776245117e+00
1.525940895080566406e+00
1.496569991111755371e+00
1.368732094764709473e+00
1.349069118499755859e+00
1.430277466773986816e+00
1.363362550735473633e+00
7.673735618591308594e-01
3.715789318084716797e-01
4.097133576869964600e-01
3.883633017539978027e-01
3.922585248947143555e-01
3.915768265724182129e-01
3.733769953250885010e-01
3.351598083972930908e-01
4.018615484237670898e-01
3.747576475143432617e-01
3.010809421539306641e-01
3.833048343658447266e-01
6.416936516761779785e-01
1.107612371444702148e+00
3.262861669063568115e-01
5.260029435157775879e-01
4.216615557670593262e-01
3.626334667205810547e-01
1.078301191329956055e+00
1.406618714332580566e+00
1.483019351959228516e+00
1.517605304718017578e+00
1.667787432670593262e+00
1.348697185516357422e+00
1.385831356048583984e+00
1.409576535224914551e+00
1.389822244644165039e+00
1.320156455039978027e+00
1.455616712570190430e+00
1.384612441062927246e+00
1.252031922340393066e+00
1.343481659889221191e+00
1.395514726638793945e+00
1.937021732330322266e+00
1.406339406967163086e+00
1.398723602294921875e+00
1.495561242103576660e+00
1.971124529838562012e+00
1.247758150100708008e+00
1.402461171150207520e+00
1.288627266883850098e+00
1.247168540954589844e+00
1.422806620597839355e+00
1.859440803527832031e+00
1.818026781082153320e+00
7.986571788787841797e-01
6.108891367912292480e-01
4.616625905036926270e-01
4.754019975662231445e-01
6.068204641342163086e-01
5.076430439949035645e-01
4.309241473674774170e-01
5.637775063514709473e-01
4.036977291107177734e-01
3.630267977714538574e-01
3.854787051677703857e-01
4.351373016834259033e-01
3.136135339736938477e-01
3.415918052196502686e-01
1.314198136329650879e+00
1.473591804504394531e+00
1.452332735061645508e+00
1.865239858627319336e+00
1.806441187858581543e+00
9.647358655929565430e-01
2.845224142074584961e-01
4.786369204521179199e-01
3.056561946868896484e-01
3.643970191478729248e-01
4.765597879886627197e-01
3.800759613513946533e-01
3.418554663658142090e-01
4.709618985652923584e-01
5.488851666450500488e-01
3.360081315040588379e-01
3.853797614574432373e-01
5.011907815933227539e-01
3.952390551567077637e-01
3.672621548175811768e-01
4.930278658866882324e-01
4.296706914901733398e-01
1.104964137077331543e+00
7.176432013511657715e-01
5.252250432968139648e-01
3.979808688163757324e-01
3.756380379199981689e-01
1.502988576889038086e+00
7.324655652046203613e-01
4.438015222549438477e-01
1.647494554519653320e+00
1.659311175346374512e+00
1.946232318878173828e+00
1.335790753364562988e+00
1.484367132186889648e+00
1.462501287460327148e+00
1.325464129447937012e+00
1.491272211074829102e+00
4.950164556503295898e-01
8.507448434829711914e-01
5.671368241310119629e-01
5.963408350944519043e-01
6.034926176071166992e-01
5.302397012710571289e-01
5.784683227539062500e-01
4.590803086757659912e-01
4.044440984725952148e-01
4.721476435661315918e-01
4.454228281974792480e-01
3.672240674495697021e-01
3.570925891399383545e-01
3.951107859611511230e-01
3.436817824840545654e-01
3.228909075260162354e-01
3.698584139347076416e-01
3.266252279281616211e-01
3.158430457115173340e-01
3.275220692157745361e-01
5.388340353965759277e-01
1.083334207534790039e+00
3.431127667427062988e-01
3.775222003459930420e-01
2.878433763980865479e-01
3.613235652446746826e-01
3.510692715644836426e-01
3.318396508693695068e-01
3.143990933895111084e-01
4.634025394916534424e-01
4.560205340385437012e-01
3.612917661666870117e-01
4.044558703899383545e-01
4.637679159641265869e-01
3.626540303230285645e-01
3.736110925674438477e-01
4.977439939975738525e-01
4.618377387523651123e-01
3.612986207008361816e-01
4.158079028129577637e-01
4.216009676456451416e-01
3.473834693431854248e-01
3.207466304302215576e-01
4.168461859226226807e-01
3.650024831295013428e-01
3.207046985626220703e-01
1.298683285713195801e+00
1.558586239814758301e+00
1.596446037292480469e+00
1.271458268165588379e+00
9.463907480239868164e-01
3.029237091541290283e-01
3.494279682636260986e-01
1.102833509445190430e+00
1.306265473365783691e+00
1.085728168487548828e+00
1.152623414993286133e+00
1.387044548988342285e+00
1.085157752037048340e+00
1.065523028373718262e+00
1.248888492584228516e+00
1.208413362503051758e+00
1.049643158912658691e+00
1.320966124534606934e+00
1.325444102287292480e+00
1.292147755622863770e+00
1.676193714141845703e+00
1.236829876899719238e+00
1.205917358398437500e+00
1.044641733169555664e+00
1.204215168952941895e+00
1.308710336685180664e+00
1.917339324951171875e+00
1.250579714775085449e+00
1.281921744346618652e+00
1.414155364036560059e+00
2.298539400100708008e+00
2.251148939132690430e+00
2.255026340484619141e+00
2.035228013992309570e+00
2.157670021057128906e+00
1.023555397987365723e+00
6.052216291427612305e-01
9.983660578727722168e-01
8.024805784225463867e-01
6.242336034774780273e-01
6.726557612419128418e-01
5.605757236480712891e-01
4.400781989097595215e-01
1.164491295814514160e+00
1.176659107208251953e+00
9.658947587013244629e-01
1.291363000869750977e+00
1.314750671386718750e+00
1.136790156364440918e+00
1.275631427764892578e+00
1.790862917900085449e+00
6.722144484519958496e-01
4.475407898426055908e-01
5.974945425987243652e-01
6.261410713195800781e-01
5.149008631706237793e-01
4.234692156314849854e-01
3.717181682586669922e-01
3.370675444602966309e-01
3.477699458599090576e-01
3.824702203273773193e-01
3.425322175025939941e-01
3.715509772300720215e-01
3.678037822246551514e-01
2.736793756484985352e-01
3.391961753368377686e-01
4.281313419342041016e-01
3.831176161766052246e-01
3.895981311798095703e-01
6.515151262283325195e-01
4.145237803459167480e-01
3.945943713188171387e-01
4.389212131500244141e-01
5.392106175422668457e-01
4.279482662677764893e-01
1.146091341972351074e+00
9.492060542106628418e-01
4.061530828475952148e-01
4.370792806148529053e-01
4.110811054706573486e-01
3.690448999404907227e-01
1.252256035804748535e+00
2.245256900787353516e+00
2.105790138244628906e+00
1.930307745933532715e+00
1.472281336784362793e+00
1.932189941406250000e+00
2.939267396926879883e+00
1.277229189872741699e+00
1.639301538467407227e+00
2.275365591049194336e+00
1.614899396896362305e+00
1.518223762512207031e+00
1.500584125518798828e+00
3.008728027343750000e+00
2.096560478210449219e+00
1.308018565177917480e+00
1.497319102287292480e+00
1.673843622207641602e+00
8.092743754386901855e-01
4.552678763866424561e-01
6.547823548316955566e-01
4.801482856273651123e-01
3.009954094886779785e-01
4.660232067108154297e-01
4.950797855854034424e-01
3.810386061668395996e-01
3.782173097133636475e-01
4.333244264125823975e-01
3.452891111373901367e-01
3.076283037662506104e-01
4.146660268306732178e-01
3.177244365215301514e-01
3.320397436618804932e-01
3.247630000114440918e-01
1.050546288490295410e+00
7.043222784996032715e-01
3.573858737945556641e-01
3.344019353389739990e-01
2.810572683811187744e-01
3.752164840698242188e-01
3.072322607040405273e-01
2.464389652013778687e-01
3.318607807159423828e-01
5.474215149879455566e-01
2.713892757892608643e-01
3.569802045822143555e-01
4.840739071369171143e-01
4.014602601528167725e-01
3.265909552574157715e-01
4.855356812477111816e-01
4.228146672248840332e-01
3.646754920482635498e-01
4.167354702949523926e-01
3.823915421962738037e-01
4.000160396099090576e-01
4.237359166145324707e-01
3.608282506465911865e-01
2.998962998390197754e-01
1.278678297996520996e+00
1.296057701110839844e+00
6.614240407943725586e-01
7.654641866683959961e-01
9.601449966430664062e-01
7.756264209747314453e-01
7.766517996788024902e-01
1.225997209548950195e+00
1.423716068267822266e+00
1.402778625488281250e+00
1.757290244102478027e+00
2.014346599578857422e+00
1.384527206420898438e+00
1.437476634979248047e+00
1.320150136947631836e+00
4.417460858821868896e-01
1.461273312568664551e+00
1.752846360206604004e+00
1.701316714286804199e+00
1.631597995758056641e+00
1.516419649124145508e+00
1.649543523788452148e+00
1.750485539436340332e+00
2.660052537918090820e+00
2.638876676559448242e+00
2.512993335723876953e+00
3.200143098831176758e+00
3.278708934783935547e+00
2.001853942871093750e+00
9.588600397109985352e-01
1.115886330604553223e+00
9.973493814468383789e-01
9.276594519615173340e-01
1.161869883537292480e+00
8.502457141876220703e-01
4.132270216941833496e-01
4.057775735855102539e-01
3.513085544109344482e-01
3.503078222274780273e-01
3.302271366119384766e-01
2.699669897556304932e-01
4.519345760345458984e-01
1.305614471435546875e+00
3.102245628833770752e-01
3.737187981605529785e-01
4.670949280261993408e-01
3.602589666843414307e-01
4.598066508769989014e-01
4.398841261863708496e-01
4.741924107074737549e-01
1.304356098175048828e+00
1.496076345443725586e+00
1.601029515266418457e+00
1.196075558662414551e+00
3.103561401367187500e-01
3.640195727348327637e-01
4.404723346233367920e-01
3.660396933555603027e-01
4.182125627994537354e-01
3.960122764110565186e-01
3.612045943737030029e-01
3.010436594486236572e-01
3.846462666988372803e-01
3.553059995174407959e-01
4.909258186817169189e-01
1.146031618118286133e+00
3.550587594509124756e-01
3.899826705455780029e-01
3.248427510261535645e-01
3.977887034416198730e-01
5.256128907203674316e-01
3.851306140422821045e-01
4.382979273796081543e-01
5.466458201408386230e-01
5.743116140365600586e-01
4.352606534957885742e-01
4.111915528774261475e-01
5.870237350463867188e-01
5.600505471229553223e-01
4.366905987262725830e-01
5.987520813941955566e-01
1.812785506248474121e+00
2.405312538146972656e+00
2.487118244171142578e+00
2.348239183425903320e+00
2.006391525268554688e+00
1.888690352439880371e+00
1.853374719619750977e+00
2.331143617630004883e+00
1.979701280593872070e+00
4.364559173583984375e+00
4.881324291229248047e+00
4.802484989166259766e+00
3.242560625076293945e+00
2.762236118316650391e+00
1.852342724800109863e+00
1.889179348945617676e+00
1.751265048980712891e+00
2.766592264175415039e+00
2.796568632125854492e+00
4.117770195007324219e+00
5.191252231597900391e+00
3.143497705459594727e+00
3.083297252655029297e+00
2.825819015502929688e+00
1.514353156089782715e+00
1.347989439964294434e+00
4.252145767211914062e+00
4.249231815338134766e+00
3.053973197937011719e+00
2.998266696929931641e+00
1.861852884292602539e+00
5.910376310348510742e-01
2.901501953601837158e-01
8.484246134757995605e-01
2.972296714782714844e+00
3.002930164337158203e+00
2.666397094726562500e+00
2.494981765747070312e+00
4.887264668941497803e-01
7.136394381523132324e-01
1.319805026054382324e+00
4.732064247131347656e+00
3.035639762878417969e+00
1.610408306121826172e+00
1.777566909790039062e+00
1.217539429664611816e+00
1.611476540565490723e-01
6.465890407562255859e-01
9.580010175704956055e-01
2.973578572273254395e-01
5.486140847206115723e-01
8.549300432205200195e-01
1.540818452835083008e+00
1.028642654418945312e+00
5.417956709861755371e-01
5.597841739654541016e-01
4.158276617527008057e-01
5.696519613265991211e-01
6.411062479019165039e-01
5.183698534965515137e-01
3.686622381210327148e-01
5.429016351699829102e-01
5.643481612205505371e-01
4.343531131744384766e-01
8.676821589469909668e-01
1.154502868652343750e+00
9.464612007141113281e-01
9.166316986083984375e-01
9.967839717864990234e-01
1.252677083015441895e+00
1.199610352516174316e+00
1.650923013687133789e+00
3.097266197204589844e+00
2.646584749221801758e+00
2.540251970291137695e+00
4.500795364379882812e+00
4.291218280792236328e+00
4.026882171630859375e+00
3.362561941146850586e+00
3.439531803131103516e+00
2.347263813018798828e+00
4.807506561279296875e+00
4.214790821075439453e+00
4.990980625152587891e+00
4.509489536285400391e+00
4.195486545562744141e+00
3.854385137557983398e+00
3.987864255905151367e+00
3.008362770080566406e+00
2.097538232803344727e+00
2.855720996856689453e+00
3.712397575378417969e+00
2.722292661666870117e+00
1.495374321937561035e+00
2.136481285095214844e+00
2.071943759918212891e+00
1.581736564636230469e+00
1.775583863258361816e+00
1.490883231163024902e+00
3.574491739273071289e-01
3.601062893867492676e-01
5.056621432304382324e-01
4.126700460910797119e-01
3.888476490974426270e-01
3.442458808422088623e-01
4.217646121978759766e-01
3.560841679573059082e-01
1.932458877563476562e-01
1.241541862487792969e+00
6.278846263885498047e-01
3.736859261989593506e-01
4.088408946990966797e-01
3.322173655033111572e-01
2.289756387472152710e-01
2.548740506172180176e-01
3.800192177295684814e-01
3.166590332984924316e-01
2.863446176052093506e-01
6.555218696594238281e-01
4.433509111404418945e-01
3.182076811790466309e-01
4.294730722904205322e-01
4.670211970806121826e-01
3.320578336715698242e-01
3.394672572612762451e-01
5.799818634986877441e-01
4.217868149280548096e-01
3.337479233741760254e-01
5.362100601196289062e-01
1.228256583213806152e+00
2.908737957477569580e-01
3.142228424549102783e-01
5.348642468452453613e-01
2.642649412155151367e-01
3.325150310993194580e-01
4.957962632179260254e-01
4.824671447277069092e-01
3.991019129753112793e-01
3.989977538585662842e-01
5.598696470260620117e-01
3.930627107620239258e-01
4.712508022785186768e-01
5.985624194145202637e-01
7.156318426132202148e-01
1.768018245697021484e+00
2.813983201980590820e+00
2.972611188888549805e+00
2.784952640533447266e+00
2.597612619400024414e+00
2.602045059204101562e+00
2.035011529922485352e+00
1.910363554954528809e+00
2.775818586349487305e+00
1.572504162788391113e+00
1.546829938888549805e+00
2.341455936431884766e+00
1.609534502029418945e+00
1.927237868309020996e+00
2.158201217651367188e+00
1.446098685264587402e+00
1.510991930961608887e+00
1.458575129508972168e+00
1.506172418594360352e+00
1.437230825424194336e+00
1.378385782241821289e+00
1.515199899673461914e+00
1.479140400886535645e+00
1.419232130050659180e+00
1.323690414428710938e+00
1.449817895889282227e+00
1.387886643409729004e+00
1.395231008529663086e+00
1.471068501472473145e+00
1.411539316177368164e+00
1.380045175552368164e+00
1.454939484596252441e+00
1.505889892578125000e+00
1.830741643905639648e+00
1.569879651069641113e+00
2.086351156234741211e+00
1.426111221313476562e+00
1.670872926712036133e+00
1.710101604461669922e+00
2.462809562683105469e+00
1.295320391654968262e+00
1.533261775970458984e+00
1.563866496086120605e+00
1.367413163185119629e+00
1.425817370414733887e+00
1.559638023376464844e+00
1.359142184257507324e+00
1.451200962066650391e+00
1.930491685867309570e+00
1.509742021560668945e+00
1.485035896301269531e+00
1.564444065093994141e+00
1.664482116699218750e+00
1.707435727119445801e+00
1.724651575088500977e+00
1.608008861541748047e+00
9.671994447708129883e-01
1.253388881683349609e+00
1.222568035125732422e+00
5.660461783409118652e-01
5.096119046211242676e-01
1.144072651863098145e+00
9.730917215347290039e-01
9.115682840347290039e-01
7.303245663642883301e-01
9.852227568626403809e-01
1.140781283378601074e+00
1.056115150451660156e+00
1.160246610641479492e+00
1.144825100898742676e+00
1.171256065368652344e+00
1.421600580215454102e+00
1.813792586326599121e+00
1.483620166778564453e+00
1.721369981765747070e+00
2.622698307037353516e+00
1.641266584396362305e+00
1.810541749000549316e+00
2.017538547515869141e+00
1.632655501365661621e+00
1.261265993118286133e+00
2.448704242706298828e+00
2.537022829055786133e+00
2.552582979202270508e+00
2.670228004455566406e+00
2.743539333343505859e+00
2.538159370422363281e+00
1.394744753837585449e+00
1.498162269592285156e+00
2.003263235092163086e+00
2.010704755783081055e+00
1.726148605346679688e+00
1.833399295806884766e+00
1.916551351547241211e+00
1.623619318008422852e+00
8.720521330833435059e-01
9.198504090309143066e-01
8.935696482658386230e-01
3.448159992694854736e-01
4.130995571613311768e-01
4.079278707504272461e-01
3.036355376243591309e-01
3.537444770336151123e-01
3.702720403671264648e-01
3.542468845844268799e-01
3.141600787639617920e-01
3.654616177082061768e-01
3.939384520053863525e-01
3.111000359058380127e-01
3.163259923458099365e-01
3.385816514492034912e-01
3.302052021026611328e-01
3.064979314804077148e-01
1.032255530357360840e+00
1.020749688148498535e+00
3.334943950176239014e-01
1.236657738685607910e+00
1.573591470718383789e+00
1.460397243499755859e+00
1.316962122917175293e+00
3.096495270729064941e-01
5.309945344924926758e-01
4.036522209644317627e-01
3.986238837242126465e-01
3.949641287326812744e-01
3.625109493732452393e-01
3.023275434970855713e-01
3.036009967327117920e-01
4.330050945281982422e-01
3.016107678413391113e-01
2.970560789108276367e-01
3.765940964221954346e-01
4.999203383922576904e-01
3.107779920101165771e-01
8.219568729400634766e-01
1.109247088432312012e+00
4.439087212085723877e-01
3.522986173629760742e-01
3.336243033409118652e-01
6.008533239364624023e-01
3.465962707996368408e-01
3.625504076480865479e-01
4.717603325843811035e-01
7.215526103973388672e-01
1.562589168548583984e+00
2.072675466537475586e+00
2.257592678070068359e+00
2.793018817901611328e+00
2.454799890518188477e+00
2.744949340820312500e+00
2.338949680328369141e+00
2.095205783843994141e+00
1.992884874343872070e+00
2.137914180755615234e+00
1.478257179260253906e+00
1.449515342712402344e+00
2.762533664703369141e+00
2.330099105834960938e+00
1.409102916717529297e+00
1.438761115074157715e+00
1.518069148063659668e+00
1.405428290367126465e+00
1.511707544326782227e+00
8.378085494041442871e-01
2.519276142120361328e+00
1.179199695587158203e+00
5.556516051292419434e-01
1.608706474304199219e+00
7.784586548805236816e-01
5.514869093894958496e-01
1.333746194839477539e+00
2.590936422348022461e+00
3.086257696151733398e+00
2.971858501434326172e+00
1.967480659484863281e+00
1.746559381484985352e+00
1.929658412933349609e+00
1.790349721908569336e+00
1.896023273468017578e+00
2.206089973449707031e+00
2.068894147872924805e+00
1.712836503982543945e+00
1.852905750274658203e+00
1.911772131919860840e+00
9.677026867866516113e-01
9.304763674736022949e-01
7.768359780311584473e-01
7.660951614379882812e-01
7.040646076202392578e-01
1.421458125114440918e+00
4.971020817756652832e-01
3.492818772792816162e-01
4.998479783535003662e-01
8.329564332962036133e-01
1.401717305183410645e+00
2.040326833724975586e+00
2.238875389099121094e+00
2.045051336288452148e+00
2.033961057662963867e+00
1.528301239013671875e+00
1.522575259208679199e+00
2.612677335739135742e+00
1.622982025146484375e+00
1.459857344627380371e+00
1.440598607063293457e+00
1.508116364479064941e+00
1.504978179931640625e+00
1.456320643424987793e+00
1.538947463035583496e+00
1.564569234848022461e+00
2.073708295822143555e+00
1.427937269210815430e+00
1.346258282661437988e+00
1.288586378097534180e+00
1.043895363807678223e+00
2.344413757324218750e+00
3.362434625625610352e+00
2.951486825942993164e+00
2.250914573669433594e+00
2.120526790618896484e+00
1.993772864341735840e+00
1.422446489334106445e+00
1.619312167167663574e+00
3.003972053527832031e+00
1.487943291664123535e+00
1.181561827659606934e+00
1.260927677154541016e+00
1.148432493209838867e+00
8.738723993301391602e-01
1.363596558570861816e+00
1.756576299667358398e+00
2.740568161010742188e+00
5.230767130851745605e-01
5.305579304695129395e-01
5.812446475028991699e-01
5.040073990821838379e-01
3.993732631206512451e-01
5.343083739280700684e-01
1.742009878158569336e+00
1.407329201698303223e+00
1.888740181922912598e+00
8.528222441673278809e-01
9.248889088630676270e-01
7.618274688720703125e-01
5.399128794670104980e-01
4.582437574863433838e-01
3.873162567615509033e-01
3.825831413269042969e-01
3.789548873901367188e-01
3.868053257465362549e-01
6.310372948646545410e-01
1.239983320236206055e+00
5.835947394371032715e-01
4.991885125637054443e-01
3.969280421733856201e-01
3.953818678855895996e-01
3.601388931274414062e-01
3.435219824314117432e-01
3.624903857707977295e-01
3.432862758636474609e-01
3.263969123363494873e-01
3.707163333892822266e-01
4.291271567344665527e-01
4.445690214633941650e-01
3.894424438476562500e-01
5.390957593917846680e-01
4.674819409847259521e-01
4.194739758968353271e-01
5.266377925872802734e-01
4.991249144077301025e-01
4.511084258556365967e-01
4.719130098819732666e-01
4.626531600952148438e-01
4.193528294563293457e-01
1.309074997901916504e+00
5.820606350898742676e-01
3.458282351493835449e-01
4.009920954704284668e-01
4.105079472064971924e-01
3.993445038795471191e-01
4.784464240074157715e-01
4.156856536865234375e-01
3.952758014202117920e-01
3.646102547645568848e-01
3.686518371105194092e-01
4.421498179435729980e-01
3.564133644104003906e-01
4.234226346015930176e-01
4.067637920379638672e-01
4.174322187900543213e-01
3.891475200653076172e-01
1.613635778427124023e+00
1.411865234375000000e+00
1.395344257354736328e+00
7.779965400695800781e-01
1.017421603202819824e+00
5.808559656143188477e-01
6.208252310752868652e-01
8.468885421752929688e-01
1.298743367195129395e+00
5.364238619804382324e-01
5.447002649307250977e-01
5.074782967567443848e-01
4.276420772075653076e-01
1.448681831359863281e+00
2.659728050231933594e+00
2.409792184829711914e+00
1.508671402931213379e+00
1.846953153610229492e+00
1.833973884582519531e+00
1.578261256217956543e+00
1.746677517890930176e+00
2.071491956710815430e+00
1.819407701492309570e+00
1.883665084838867188e+00
2.125419378280639648e+00
2.105569839477539062e+00
1.810076832771301270e+00
2.145656347274780273e+00
2.250561475753784180e+00
2.287594318389892578e+00
2.072286844253540039e+00
2.134838581085205078e+00
1.494140982627868652e+00
1.011338233947753906e+00
9.775189757347106934e-01
2.538999080657958984e+00
1.587336659431457520e+00
9.969884157180786133e-01
9.042824506759643555e-01
6.812928318977355957e-01
8.725019097328186035e-01
1.291376113891601562e+00
1.482481598854064941e+00
2.505548000335693359e+00
1.248913168907165527e+00
9.814180135726928711e-01
1.125472664833068848e+00
1.256303429603576660e+00
2.283798694610595703e+00
1.468055248260498047e+00
1.752735376358032227e+00
2.130935668945312500e+00
1.790618419647216797e+00
1.745864510536193848e+00
1.105842590332031250e+00
1.017583608627319336e+00
9.355858564376831055e-01
1.444487571716308594e+00
1.073868751525878906e+00
1.186092972755432129e+00
1.118317008018493652e+00
1.151031494140625000e+00
1.093692064285278320e+00
1.669414162635803223e+00
1.670237302780151367e+00
1.709007978439331055e+00
1.672671556472778320e+00
1.629617929458618164e+00
1.822444438934326172e+00
2.385448694229125977e+00
2.239498853683471680e+00
2.161187171936035156e+00
1.395081162452697754e+00
1.024957656860351562e+00
2.135533094406127930e+00
2.452239036560058594e+00
2.565774679183959961e+00
2.564371585845947266e+00
2.540068149566650391e+00
2.424290895462036133e+00
1.766192436218261719e+00
1.823909521102905273e+00
1.552927017211914062e+00
1.541905760765075684e+00
2.136422872543334961e+00
2.321984529495239258e+00
1.722474098205566406e+00
1.829344630241394043e+00
1.723193645477294922e+00
1.407554268836975098e+00
1.310626626014709473e+00
1.755523681640625000e+00
1.525766015052795410e+00
1.081144928932189941e+00
7.401833534240722656e-01
7.623921036720275879e-01
7.303591370582580566e-01
3.943926393985748291e-01
4.233464300632476807e-01
3.870917856693267822e-01
3.853745460510253906e-01
2.991208732128143311e-01
3.525913357734680176e-01
3.454529941082000732e-01
3.342089653015136719e-01
3.623500466346740723e-01
3.936884999275207520e-01
3.576147258281707764e-01
3.417406380176544189e-01
3.541386127471923828e-01
3.606163859367370605e-01
4.668570160865783691e-01
1.086213827133178711e+00
3.375192582607269287e-01
3.054730892181396484e-01
3.220815062522888184e-01
3.957869708538055420e-01
4.892617762088775635e-01
3.966764211654663086e-01
3.997397422790527344e-01
4.213353693485260010e-01
1.666177630424499512e+00
1.364262938499450684e+00
1.388134360313415527e+00
9.062047004699707031e-01
4.008651971817016602e-01
3.349780738353729248e-01
3.523887693881988525e-01
4.273101687431335449e-01
3.238472342491149902e-01
3.193925917148590088e-01
3.837466835975646973e-01
4.314350485801696777e-01
3.462687134742736816e-01
3.726366758346557617e-01
4.736661612987518311e-01
4.808417558670043945e-01
3.501855731010437012e-01
4.493506550788879395e-01
5.315040946006774902e-01
1.436978101730346680e+00
2.020001173019409180e+00
2.489952087402343750e+00
2.714571952819824219e+00
2.461051225662231445e+00
2.529855251312255859e+00
2.557581901550292969e+00
2.170342206954956055e+00
2.374919414520263672e+00
1.810913920402526855e+00
1.690813064575195312e+00
1.891724586486816406e+00
1.719333767890930176e+00
1.748985052108764648e+00
1.818594217300415039e+00
1.986031055450439453e+00
1.244662165641784668e+00
1.317636370658874512e+00
1.446856617927551270e+00
1.386577010154724121e+00
1.263748168945312500e+00
1.348343610763549805e+00
1.390863537788391113e+00
1.272659063339233398e+00
1.249935626983642578e+00
1.294080376625061035e+00
1.306371808052062988e+00
1.279319643974304199e+00
1.222697138786315918e+00
1.272349715232849121e+00
1.315834760665893555e+00
1.274869441986083984e+00
1.285403847694396973e+00
1.297258853912353516e+00
1.444391369819641113e+00
1.663417458534240723e+00
1.582123041152954102e+00
1.401586771011352539e+00
1.595147132873535156e+00
1.651848316192626953e+00
1.530958294868469238e+00
1.543986678123474121e+00
2.057802438735961914e+00
3.418674945831298828e+00
1.509675145149230957e+00
1.463257193565368652e+00
1.652101874351501465e+00
1.588119506835937500e+00
1.477333188056945801e+00
6.285046339035034180e-01
7.493107914924621582e-01
2.377115964889526367e+00
1.276748418807983398e+00
5.218917727470397949e-01
5.434501171112060547e-01
4.543027877807617188e-01
5.015676617622375488e-01
7.265170812606811523e-01
5.108872652053833008e-01
3.961649537086486816e-01
5.271632075309753418e-01
5.883407592773437500e-01
3.967789411544799805e-01
5.529865026473999023e-01
6.906417608261108398e-01
6.257425546646118164e-01
9.163131713867187500e-01
1.252676844596862793e+00
1.209075808525085449e+00
1.173748135566711426e+00
1.297294259071350098e+00
1.806585907936096191e+00
2.026238441467285156e+00
2.083676099777221680e+00
2.419672727584838867e+00
2.371978044509887695e+00
1.879810690879821777e+00
1.311585664749145508e+00
1.812237858772277832e+00
2.677549362182617188e+00
3.578438997268676758e+00
2.540931463241577148e+00
2.631302833557128906e+00
2.490458250045776367e+00
2.751262187957763672e+00
2.496479034423828125e+00
2.734665155410766602e+00
2.899806261062622070e+00
2.610622644424438477e+00
2.925027608871459961e+00
2.506975889205932617e+00
2.497598409652709961e+00
2.569414615631103516e+00
2.562167644500732422e+00
2.454135417938232422e+00
2.097236156463623047e+00
1.012359261512756348e+00
1.051908612251281738e+00
9.256711602210998535e-01
4.843885898590087891e-01
4.475583136081695557e-01
3.493750691413879395e-01
4.438385367393493652e-01
1.252384901046752930e+00
3.642487227916717529e-01
3.048664927482604980e-01
4.071787595748901367e-01
4.821659326553344727e-01
3.423513174057006836e-01
3.216459453105926514e-01
4.477567672729492188e-01
3.266403079032897949e-01
2.969790697097778320e-01
2.812228202819824219e-01
3.473385274410247803e-01
2.997825443744659424e-01
2.808695137500762939e-01
3.256897330284118652e-01
2.837319076061248779e-01
2.524115741252899170e-01
2.937351167201995850e-01
3.680438995361328125e-01
2.822687923908233643e-01
2.925055027008056641e-01
2.779594063758850098e-01
3.223122954368591309e-01
2.759203910827636719e-01
2.899854481220245361e-01
3.432563841342926025e-01
2.782351672649383545e-01
2.643016576766967773e-01
3.087685704231262207e-01
4.402338862419128418e-01
2.796261906623840332e-01
3.386348187923431396e-01
5.556595325469970703e-01
4.776013791561126709e-01
3.860151171684265137e-01
4.413415193557739258e-01
5.592167973518371582e-01
4.290709495544433594e-01
1.511306047439575195e+00
1.512504696846008301e+00
1.513837337493896484e+00
1.781550168991088867e+00
2.568840742111206055e+00
2.338402748107910156e+00
1.950651049613952637e+00
2.027839422225952148e+00
2.523219108581542969e+00
2.190217971801757812e+00
1.836290478706359863e+00
1.874660134315490723e+00
2.142549514770507812e+00
1.625832319259643555e+00
1.753928184509277344e+00
1.838073492050170898e+00
2.482503175735473633e+00
1.608519792556762695e+00
1.789891242980957031e+00
2.369111061096191406e+00
1.774226546287536621e+00
1.901546597480773926e+00
1.891284942626953125e+00
9.130777120590209961e-01
1.070766210556030273e+00
1.149680137634277344e+00
1.892485737800598145e+00
9.722477793693542480e-01
1.193928837776184082e+00
9.924175739288330078e-01
8.817697167396545410e-01
1.968981266021728516e+00
1.396971821784973145e+00
1.928837180137634277e+00
1.406484127044677734e+00
2.059788227081298828e+00
2.682878494262695312e+00
1.471964716911315918e+00
5.808334946632385254e-01
4.387233257293701172e-01
6.235914230346679688e-01
6.233674883842468262e-01
6.422034502029418945e-01
1.705530166625976562e+00
2.120087146759033203e+00
3.377070128917694092e-01
3.840983510017395020e-01
5.443633794784545898e-01
5.546784996986389160e-01
7.920815944671630859e-01
1.108862042427062988e+00
5.143639445304870605e-01
4.147726595401763916e-01
4.907454550266265869e-01
4.824233055114746094e-01
5.344434976577758789e-01
5.272643566131591797e-01
5.856192708015441895e-01
6.297002434730529785e-01
5.689921975135803223e-01
5.065913200378417969e-01
5.801306962966918945e-01
1.430210828781127930e+00
5.108557343482971191e-01
7.814388871192932129e-01
9.591702818870544434e-01
8.603177070617675781e-01
2.560936212539672852e+00
2.427109003067016602e+00
2.730028867721557617e+00
2.870073318481445312e+00
2.923968553543090820e+00
2.711207151412963867e+00
3.003221273422241211e+00
2.685747861862182617e+00
2.806182146072387695e+00
2.972093105316162109e+00
2.541348695755004883e+00
2.942680835723876953e+00
2.262924909591674805e+00
2.273400545120239258e+00
2.573258161544799805e+00
2.468903303146362305e+00
2.505339622497558594e+00
2.597336053848266602e+00
2.623773336410522461e+00
4.104493141174316406e+00
3.885701417922973633e+00
4.143201828002929688e+00
3.925596952438354492e+00
3.321007728576660156e+00
2.770348310470581055e+00
2.718491315841674805e+00
2.650785684585571289e+00
2.503696441650390625e+00
2.541443109512329102e+00
2.528638362884521484e+00
2.164304494857788086e+00
2.091708898544311523e+00
2.253412961959838867e+00
2.129904747009277344e+00
2.180680274963378906e+00
2.161262273788452148e+00
1.857697606086730957e+00
7.336230874061584473e-01
8.174600601196289062e-01
9.776809811592102051e-01
9.104902744293212891e-01
7.133861780166625977e-01
1.112317323684692383e+00
1.169311642646789551e+00
7.991259098052978516e-01
6.365302205085754395e-01
6.404489874839782715e-01
4.901038110256195068e-01
4.147529006004333496e-01
2.837924957275390625e-01
2.776954472064971924e-01
4.361330866813659668e-01
3.164285123348236084e-01
2.978032827377319336e-01
3.261274695396423340e-01
4.500838518142700195e-01
2.629418671131134033e-01
2.731980681419372559e-01
3.131494820117950439e-01
4.441723823547363281e-01
2.430593520402908325e-01
3.036508858203887939e-01
3.190713524818420410e-01
3.806567788124084473e-01
2.520253658294677734e-01
3.179790675640106201e-01
2.965865433216094971e-01
3.555014431476593018e-01
3.057408928871154785e-01
3.276744782924652100e-01
3.974088132381439209e-01
3.611322343349456787e-01
2.899819016456604004e-01
3.452740311622619629e-01
4.262066483497619629e-01
5.251600742340087891e-01
4.262211620807647705e-01
5.015695691108703613e-01
5.845061540603637695e-01
4.985114932060241699e-01
4.391226768493652344e-01
1.743264079093933105e+00
2.531860589981079102e+00
2.783229112625122070e+00
2.566340208053588867e+00
2.564333677291870117e+00
2.725771665573120117e+00
2.716227769851684570e+00
2.986421346664428711e+00
2.271050453186035156e+00
2.434393882751464844e+00
1.604176998138427734e+00
3.041256189346313477e+00
2.407802820205688477e+00
1.809422373771667480e+00
1.466450452804565430e+00
1.507249712944030762e+00
1.479733228683471680e+00
1.441431641578674316e+00
1.880561947822570801e+00
5.015380859375000000e+00
4.188163280487060547e+00
3.059591770172119141e+00
2.748889923095703125e+00
1.578664541244506836e+00
1.564244508743286133e+00
1.688175082206726074e+00
2.923816919326782227e+00
4.378439426422119141e+00
3.243275403976440430e+00
2.555717229843139648e+00
2.665043354034423828e+00
1.612549304962158203e+00
1.832740426063537598e+00
1.416150450706481934e+00
1.544289588928222656e+00
1.572061777114868164e+00
1.513740062713623047e+00
1.544863343238830566e+00
1.706908583641052246e+00
1.720504403114318848e+00
2.064428329467773438e+00
2.846532106399536133e+00
2.849155664443969727e+00
3.081988573074340820e+00
2.725643873214721680e+00
2.088305234909057617e+00
1.328636527061462402e+00
1.379709959030151367e+00
1.386606812477111816e+00
2.128578186035156250e+00
1.676422119140625000e+00
1.427175521850585938e+00
1.671296954154968262e+00
1.432451844215393066e+00
1.589142441749572754e+00
1.763115406036376953e+00
1.654413700103759766e+00
1.505542278289794922e+00
1.709823369979858398e+00
1.710821628570556641e+00
1.771874189376831055e+00
1.777922987937927246e+00
1.660920500755310059e+00
1.051560521125793457e+00
7.565412521362304688e-01
1.655452728271484375e+00
1.802427053451538086e+00
1.651283502578735352e+00
2.088753223419189453e+00
1.963403940200805664e+00
1.938282012939453125e+00
1.508690834045410156e+00
1.808153510093688965e+00
1.822738051414489746e+00
1.544281959533691406e+00
1.243220210075378418e+00
1.165052056312561035e+00
1.297654390335083008e+00
4.708327949047088623e-01
3.602375686168670654e-01
4.864136278629302979e-01
7.444611787796020508e-01
5.226249694824218750e-01
4.186683893203735352e-01
4.100252687931060791e-01
6.206805109977722168e-01
4.420149624347686768e-01
4.211402237415313721e-01
2.956379055976867676e-01
3.958012461662292480e-01
7.286822199821472168e-01
1.072244763374328613e+00
2.886766493320465088e-01
3.045529425144195557e-01
6.668097972869873047e-01
4.466258287429809570e-01
4.498991072177886963e-01
4.049807786941528320e-01
1.437867283821105957e+00
1.481980800628662109e+00
1.385163426399230957e+00
1.401954174041748047e+00
1.461976647377014160e+00
3.895797729492187500e-01
9.782713651657104492e-01
7.245065569877624512e-01
4.513416886329650879e-01
8.975240588188171387e-01
7.245959639549255371e-01
3.881980180740356445e-01
4.836367368698120117e-01
5.173255801200866699e-01
4.738739132881164551e-01
4.416523277759552002e-01
3.911380171775817871e-01
3.558520078659057617e-01
3.776507377624511719e-01
3.932356834411621094e-01
4.013914465904235840e-01
3.746891021728515625e-01
3.477691411972045898e-01
3.438284397125244141e-01
3.683933615684509277e-01
4.024853706359863281e-01
3.506781458854675293e-01
5.235401988029479980e-01
3.748889267444610596e-01
4.906174540519714355e-01
3.476663529872894287e-01
3.720583319664001465e-01
4.224117696285247803e-01
5.323027968406677246e-01
4.269894659519195557e-01
4.301476180553436279e-01
3.829948306083679199e-01
5.102812647819519043e-01
3.939214646816253662e-01
4.084963500499725342e-01
3.436864614486694336e-01
3.848134577274322510e-01
1.216533780097961426e+00
1.483534932136535645e+00
1.372510194778442383e+00
1.359237074851989746e+00
1.333613038063049316e+00
2.579168081283569336e-01
5.136532187461853027e-01
1.269625902175903320e+00
4.153644144535064697e-01
3.887188136577606201e-01
1.509507656097412109e+00
7.612458467483520508e-01
9.208626747131347656e-01
9.153689146041870117e-01
9.136045575141906738e-01
9.306131601333618164e-01
1.043498396873474121e+00
1.213931679725646973e+00
1.157294631004333496e+00
1.402113914489746094e+00
9.230239391326904297e-01
1.074374794960021973e+00
1.121767640113830566e+00
1.200688958168029785e+00
1.130394577980041504e+00
1.156710982322692871e+00
1.515936613082885742e+00
1.857867479324340820e+00
1.680624842643737793e+00
1.795706748962402344e+00
2.072645664215087891e+00
3.107082128524780273e+00
1.857436299324035645e+00
1.919517636299133301e+00
2.837253570556640625e+00
2.600139617919921875e+00
2.726061105728149414e+00
2.480929851531982422e+00
1.950653791427612305e+00
1.811243414878845215e+00
7.698988318443298340e-01
1.033124923706054688e+00
8.886734247207641602e-01
6.230412721633911133e-01
6.001601219177246094e-01
2.043092012405395508e+00
1.610998153686523438e+00
2.816853284835815430e+00
2.293158292770385742e+00
1.557415008544921875e+00
1.644471049308776855e+00
9.768010973930358887e-01
1.160208821296691895e+00
1.834288001060485840e+00
2.731628179550170898e+00
2.653322696685791016e+00
2.936882972717285156e+00
3.312341690063476562e+00
1.389246940612792969e+00
1.715305566787719727e+00
1.845165014266967773e+00
1.854587674140930176e+00
2.351582050323486328e+00
2.873944044113159180e+00
3.818454742431640625e+00
3.189454317092895508e+00
2.531758546829223633e+00
2.551697015762329102e+00
2.343719482421875000e+00
2.252832412719726562e+00
2.282944917678833008e+00
2.513362169265747070e+00
2.326894044876098633e+00
1.329586267471313477e+00
1.210546374320983887e+00
1.655260920524597168e+00
1.598175287246704102e+00
1.912232637405395508e+00
2.175496578216552734e+00
1.868557572364807129e+00
6.925015449523925781e-01
7.023471593856811523e-01
1.630361557006835938e+00
2.694352149963378906e+00
2.348801612854003906e+00
2.421509742736816406e+00
2.286886453628540039e+00
1.448022603988647461e+00
1.342027783393859863e+00
1.166752099990844727e+00
1.359204173088073730e+00
1.032212972640991211e+00
8.901423215866088867e-01
8.383282423019409180e-01
5.264996290206909180e-01
7.103666663169860840e-01
6.175113916397094727e-01
5.961331129074096680e-01
4.524907171726226807e-01
6.468494534492492676e-01
5.594530701637268066e-01
3.773640394210815430e-01
2.962962985038757324e-01
3.655994832515716553e-01
3.612627089023590088e-01
2.737399339675903320e-01
2.887158393859863281e-01
3.621872365474700928e-01
3.030311465263366699e-01
1.122882127761840820e+00
1.303347110748291016e+00
1.364057302474975586e+00
7.283231019973754883e-01
2.884776592254638672e-01
3.405411839485168457e-01
3.132007420063018799e-01
4.260794520378112793e-01
2.867036759853363037e-01
2.575404942035675049e-01
3.113856613636016846e-01
4.170756042003631592e-01
4.396654069423675537e-01
3.504292666912078857e-01
3.219880461692810059e-01
4.175890088081359863e-01
4.456484019756317139e-01
4.236580729484558105e-01
4.092186093330383301e-01
4.113332629203796387e-01
4.172132015228271484e-01
3.605574369430541992e-01
4.121906459331512451e-01
3.765729963779449463e-01
3.982684016227722168e-01
3.791018128395080566e-01
4.128081798553466797e-01
4.391868114471435547e-01
4.517679214477539062e-01
3.638981580734252930e-01
3.096125125885009766e-01
4.124864041805267334e-01
4.099043905735015869e-01
3.493728935718536377e-01
3.473820984363555908e-01
3.619509637355804443e-01
3.882128298282623291e-01
4.135419428348541260e-01
4.383957684040069580e-01
1.726489901542663574e+00
1.966899514198303223e+00
2.225808143615722656e+00
2.867167949676513672e+00
2.282879829406738281e+00
2.482256174087524414e+00
2.420850276947021484e+00
2.394757270812988281e+00
2.160918712615966797e+00
2.251641035079956055e+00
1.980840921401977539e+00
1.829459667205810547e+00
2.459550857543945312e+00
2.922613859176635742e+00
1.421196937561035156e+00
1.802445411682128906e+00
1.798129200935363770e+00
1.463167309761047363e+00
1.359505891799926758e+00
1.568273186683654785e+00
2.734186887741088867e+00
2.429085969924926758e+00
1.164981961250305176e+00
1.250691533088684082e+00
1.411273479461669922e+00
1.379409790039062500e+00
1.301461815834045410e+00
1.435194015502929688e+00
1.466996192932128906e+00
1.343967080116271973e+00
1.289119243621826172e+00
1.328174114227294922e+00
1.387543678283691406e+00
1.410135149955749512e+00
1.699104785919189453e+00
1.813591599464416504e+00
1.042710661888122559e+00
6.496841311454772949e-01
1.038415551185607910e+00
6.984656453132629395e-01
9.146436452865600586e-01
9.965852499008178711e-01
1.101414203643798828e+00
1.174846768379211426e+00
1.201034069061279297e+00
8.037614226341247559e-01
1.144786715507507324e+00
1.438949942588806152e+00
1.630317687988281250e+00
1.658285021781921387e+00
1.838665246963500977e+00
2.264120101928710938e+00
1.719039916992187500e+00
1.648772954940795898e+00
1.978690385818481445e+00
8.136218190193176270e-01
1.043909907341003418e+00
1.319156765937805176e+00
1.269082188606262207e+00
1.529214501380920410e+00
1.832167744636535645e+00
2.622701644897460938e+00
2.678001403808593750e+00
2.741577863693237305e+00
2.814152956008911133e+00
2.169325590133666992e+00
1.693970084190368652e+00
2.075268030166625977e+00
2.302528381347656250e+00
2.430875062942504883e+00
2.369721174240112305e+00
2.436742782592773438e+00
2.346849918365478516e+00
2.959181070327758789e+00
2.587541818618774414e+00
2.758018970489501953e+00
2.502066850662231445e+00
2.677283048629760742e+00
1.748119235038757324e+00
2.328846216201782227e+00
3.575577735900878906e+00
1.727628469467163086e+00
1.834149241447448730e+00
9.816532135009765625e-01
1.071922898292541504e+00
9.426655173301696777e-01
1.085879445075988770e+00
2.117397546768188477e+00
2.514975547790527344e+00
7.780123949050903320e-01
6.413959860801696777e-01
3.211509287357330322e-01
3.746910393238067627e-01
4.861222505569458008e-01
3.791146874427795410e-01
3.404403030872344971e-01
2.564967274665832520e-01
3.537354171276092529e-01
3.067684769630432129e-01
8.664745092391967773e-01
9.370700716972351074e-01
8.493576645851135254e-01
8.334936499595642090e-01
7.868002653121948242e-01
6.795937418937683105e-01
7.361077666282653809e-01
9.359799623489379883e-01
8.637735247611999512e-01
8.798400759696960449e-01
1.125238895416259766e+00
1.534469485282897949e+00
1.518061161041259766e+00
7.795016169548034668e-01
2.238590568304061890e-01
2.579483389854431152e-01
3.169876635074615479e-01
3.179319202899932861e-01
2.588402628898620605e-01
2.876594662666320801e-01
3.510766625404357910e-01
3.046924471855163574e-01
2.895260751247406006e-01
3.369790017604827881e-01
4.058057963848114014e-01
3.937307000160217285e-01
3.148140609264373779e-01
3.005316555500030518e-01
3.984366953372955322e-01
4.160929620265960693e-01
3.754612505435943604e-01
4.100090861320495605e-01
4.159597754478454590e-01
4.036368727684020996e-01
5.382032990455627441e-01
4.697111845016479492e-01
4.641470015048980713e-01
3.735472261905670166e-01
4.975452721118927002e-01
4.316008985042572021e-01
3.992748856544494629e-01
3.313934206962585449e-01
3.868738710880279541e-01
3.789628446102142334e-01
4.750034809112548828e-01
1.473105788230895996e+00
2.013474702835083008e+00
2.171034336090087891e+00
2.080268144607543945e+00
2.376997709274291992e+00
1.717061758041381836e+00
2.039232015609741211e+00
1.780999779701232910e+00
1.658344268798828125e+00
1.636770844459533691e+00
1.614665031433105469e+00
1.713733911514282227e+00
1.777698516845703125e+00
9.553348422050476074e-01
8.818415403366088867e-01
1.068643331527709961e+00
1.026288986206054688e+00
1.022878646850585938e+00
7.599403262138366699e-01
3.777924478054046631e-01
3.769822120666503906e-01
3.919929265975952148e-01
3.575240075588226318e-01
5.312122106552124023e-01
5.747764706611633301e-01
9.277304410934448242e-01
5.762925148010253906e-01
1.480962872505187988e+00
1.478408217430114746e+00
1.640596389770507812e+00
9.424596428871154785e-01
9.211334586143493652e-01
1.208939313888549805e+00
1.682864427566528320e+00
9.565444588661193848e-01
5.780270099639892578e-01
1.376695394515991211e+00
1.660285353660583496e+00
1.823035120964050293e+00
1.828132748603820801e+00
2.429355859756469727e+00
2.162182569503784180e+00
2.124012708663940430e+00
2.265921354293823242e+00
1.920183420181274414e+00
1.659203529357910156e+00
1.488951921463012695e+00
2.383969306945800781e+00
2.477336406707763672e+00
2.447494983673095703e+00
2.983365058898925781e+00
2.665698766708374023e+00
1.146020650863647461e+00
1.181768774986267090e+00
1.477951884269714355e+00
2.420217752456665039e+00
2.353121757507324219e+00
2.725053071975708008e+00
3.324407577514648438e+00
3.696540355682373047e+00
2.568274974822998047e+00
2.866153717041015625e+00
3.696775674819946289e+00
3.091567516326904297e+00
2.886567592620849609e+00
2.031623601913452148e+00
2.314060688018798828e+00
1.634992480278015137e+00
1.761052012443542480e+00
1.879612803459167480e+00
1.845882296562194824e+00
1.836928367614746094e+00
1.813966035842895508e+00
2.554469108581542969e+00
2.509656429290771484e+00
2.865249156951904297e+00
2.381107568740844727e+00
1.937000632286071777e+00
2.028697490692138672e+00
1.923351407051086426e+00
1.745046377182006836e+00
1.795900583267211914e+00
1.788434147834777832e+00
1.788524508476257324e+00
1.760228037834167480e+00
1.847373962402343750e+00
1.960011959075927734e+00
1.693382740020751953e+00
1.696122288703918457e+00
1.873849272727966309e+00
1.684500813484191895e+00
1.708641409873962402e+00
1.781824827194213867e+00
1.872906208038330078e+00
1.702649354934692383e+00
1.746019959449768066e+00
1.926655411720275879e+00
1.746227741241455078e+00
1.759502530097961426e+00
1.868082880973815918e+00
1.854658603668212891e+00
1.759276628494262695e+00
1.881345391273498535e+00
1.971567153930664062e+00
1.736601591110229492e+00
2.605672597885131836e+00
1.877624988555908203e+00
1.775573968887329102e+00
1.672541379928588867e+00
1.839097857475280762e+00
1.849577903747558594e+00
1.645790219306945801e+00
1.670763611793518066e+00
1.747959494590759277e+00
1.594994425773620605e+00
1.631507515907287598e+00
1.748537540435791016e+00
1.814273834228515625e+00
8.003834486007690430e-01
5.846763253211975098e-01
7.963731288909912109e-01
5.853369235992431641e-01
5.548849105834960938e-01
1.401426196098327637e+00
1.427812814712524414e+00
3.297085464000701904e-01
3.800024986267089844e-01
4.249230325222015381e-01
3.659684062004089355e-01
3.823515176773071289e-01
6.852379441261291504e-01
4.570177197456359863e-01
3.947421312332153320e-01
4.438122212886810303e-01
5.411649346351623535e-01
4.515776932239532471e-01
4.089469611644744873e-01
4.165340065956115723e-01
3.959687054157257080e-01
3.988184928894042969e-01
3.678783178329467773e-01
3.649797439575195312e-01
3.541002571582794189e-01
3.571860492229461670e-01
3.516297936439514160e-01
3.135548532009124756e-01
3.348805010318756104e-01
3.779771924018859863e-01
2.769397795200347900e-01
3.083505630493164062e-01
3.661123216152191162e-01
3.742028772830963135e-01
2.692927122116088867e-01
3.446827828884124756e-01
3.993661403656005859e-01
1.413971900939941406e+00
1.024098396301269531e+00
4.001341760158538818e-01
5.799281597137451172e-01
1.399346947669982910e+00
1.147169709205627441e+00
1.497204542160034180e+00
1.720598697662353516e+00
1.877642273902893066e+00
1.510144948959350586e+00
1.408063173294067383e+00
1.427694439888000488e+00
1.227762937545776367e+00
4.029716253280639648e-01
6.036496758460998535e-01
6.248201727867126465e-01
5.233771204948425293e-01
5.681781172752380371e-01
6.123018860816955566e-01
2.268155813217163086e+00
2.055349826812744141e+00
1.691437125205993652e+00
1.737924218177795410e+00
1.655262827873229980e+00
1.380889177322387695e+00
7.498208880424499512e-01
1.136004805564880371e+00
1.063806056976318359e+00
1.070267677307128906e+00
1.112777829170227051e+00
1.809348344802856445e+00
1.599535703659057617e+00
1.704674959182739258e+00
1.916897535324096680e+00
1.725735068321228027e+00
1.737338185310363770e+00
1.422614574432373047e+00
8.690293431282043457e-01
1.912603735923767090e+00
3.449811697006225586e+00
3.576106309890747070e+00
3.004328727722167969e+00
3.305068969726562500e+00
3.636521816253662109e+00
3.686599254608154297e+00
3.829502105712890625e+00
2.572929143905639648e+00
2.600838422775268555e+00
2.410732030868530273e+00
2.252525806427001953e+00
2.222980260848999023e+00
2.472523212432861328e+00
2.311149597167968750e+00
2.148021459579467773e+00
2.223375797271728516e+00
2.647654056549072266e+00
2.684792518615722656e+00
2.602382659912109375e+00
2.633951187133789062e+00
2.740722179412841797e+00
2.631871461868286133e+00
2.017471313476562500e+00
2.001236915588378906e+00
2.018316268920898438e+00
2.093329429626464844e+00
1.273812294006347656e+00
1.042480230331420898e+00
1.158225655555725098e+00
1.957265853881835938e+00
1.853245615959167480e+00
2.620632886886596680e+00
3.086366415023803711e+00
1.997145652770996094e+00
2.661373138427734375e+00
2.868314504623413086e+00
2.877134084701538086e+00
2.523422479629516602e+00
1.815112352371215820e+00
3.182940721511840820e+00
2.846505165100097656e+00
1.298257708549499512e+00
1.407325625419616699e+00
1.043556571006774902e+00
8.959238529205322266e-01
7.290127277374267578e-01
9.754018187522888184e-01
5.511818528175354004e-01
5.600771903991699219e-01
5.145056247711181641e-01
4.928173720836639404e-01
3.631802797317504883e-01
3.288676142692565918e-01
3.245766162872314453e-01
2.926609218120574951e-01
3.851333558559417725e-01
2.424330264329910278e-01
2.279014587402343750e-01
2.541307210922241211e-01
2.398913204669952393e-01
2.215818613767623901e-01
2.411916404962539673e-01
3.598648011684417725e-01
3.240804970264434814e-01
3.634015023708343506e-01
4.055566489696502686e-01
4.035949409008026123e-01
3.417409062385559082e-01
3.463959097862243652e-01
4.115042984485626221e-01
4.261657893657684326e-01
3.273663818836212158e-01
3.464597761631011963e-01
3.979356288909912109e-01
3.836016952991485596e-01
3.613125979900360107e-01
1.530377507209777832e+00
1.380285620689392090e+00
1.383192062377929688e+00
4.764178097248077393e-01
3.194932043552398682e-01
3.642457127571105957e-01
3.336832523345947266e-01
3.866096436977386475e-01
3.653503358364105225e-01
4.505536556243896484e-01
4.019489884376525879e-01
4.441425204277038574e-01
4.733926057815551758e-01
5.590068101882934570e-01
4.605541229248046875e-01
4.199325442314147949e-01
4.923727810382843018e-01
5.484079718589782715e-01
2.032656908035278320e+00
2.105599403381347656e+00
1.941696763038635254e+00
1.918205499649047852e+00
2.156498193740844727e+00
2.300593852996826172e+00
4.119801044464111328e+00
3.116910457611083984e+00
1.517036914825439453e+00
2.218637943267822266e+00
1.447459816932678223e+00
1.225071310997009277e+00
1.530708074569702148e+00
1.844481348991394043e+00
1.413725256919860840e+00
1.437916278839111328e+00
1.567433834075927734e+00
1.413797855377197266e+00
1.323769092559814453e+00
1.372531652450561523e+00
1.146111130714416504e+00
1.216576457023620605e+00
1.312956213951110840e+00
1.278006434440612793e+00
1.155918359756469727e+00
1.163896560668945312e+00
1.346037030220031738e+00
1.278734207153320312e+00
1.162580013275146484e+00
1.173065066337585449e+00
1.408846020698547363e+00
2.408815860748291016e+00
4.008851051330566406e+00
2.839815855026245117e+00
2.899447202682495117e+00
2.193034172058105469e+00
1.746120810508728027e+00
1.339007496833801270e+00
2.724445343017578125e+00
3.406598329544067383e+00
2.875940084457397461e+00
3.014880418777465820e+00
2.621445178985595703e+00
7.254807353019714355e-01
6.184918284416198730e-01
6.735232472419738770e-01
4.854142665863037109e-01
7.435314655303955078e-01
6.008591055870056152e-01
8.713145256042480469e-01
4.418891668319702148e-01
3.411954343318939209e-01
3.891861438751220703e-01
4.026027023792266846e-01
4.439122676849365234e-01
4.681811630725860596e-01
3.903606534004211426e-01
6.279290318489074707e-01
5.280178189277648926e-01
8.176075220108032227e-01
7.836012840270996094e-01
7.327059507369995117e-01
1.150583028793334961e+00
9.101945161819458008e-01
9.456175565719604492e-01
8.578264713287353516e-01
1.001370191574096680e+00
1.122715234756469727e+00
1.283059716224670410e+00
1.195485234260559082e+00
1.147686123847961426e+00
1.605300784111022949e+00
1.757651209831237793e+00
1.554203152656555176e+00
1.470632076263427734e+00
1.538246870040893555e+00
1.622612833976745605e+00
2.371472120285034180e+00
1.176129221916198730e+00
2.257451534271240234e+00
2.400485515594482422e+00
2.903243541717529297e+00
2.470004796981811523e+00
3.553426265716552734e+00
3.283078432083129883e+00
1.877235293388366699e+00
1.496587753295898438e+00
1.400411248207092285e+00
1.250466823577880859e+00
1.562605381011962891e+00
1.683785200119018555e+00
2.991049766540527344e+00
1.952713370323181152e+00
8.085677623748779297e-01
1.368048429489135742e+00
1.034935116767883301e+00
6.429961919784545898e-01
7.374144196510314941e-01
1.086712956428527832e+00
9.359996914863586426e-01
3.586908280849456787e-01
3.520971536636352539e-01
4.048911333084106445e-01
5.634822845458984375e-01
4.778919219970703125e-01
2.725087106227874756e-01
2.905511856079101562e-01
2.895282506942749023e-01
3.443470299243927002e-01
3.045321106910705566e-01
2.988969385623931885e-01
2.274900376796722412e-01
3.566740155220031738e-01
3.112203776836395264e-01
2.856906056404113770e-01
3.127073645591735840e-01
4.209447801113128662e-01
1.039729595184326172e+00
1.496858000755310059e+00
1.301513433456420898e+00
1.267842173576354980e+00
7.095194458961486816e-01
2.933247983455657959e-01
2.788439393043518066e-01
2.569961249828338623e-01
2.704850435256958008e-01
3.278627693653106689e-01
3.258774876594543457e-01
2.930548191070556641e-01
3.032060265541076660e-01
3.427545130252838135e-01
3.456865251064300537e-01
2.737996876239776611e-01
3.511808216571807861e-01
3.982538580894470215e-01
3.723044693470001221e-01
3.599892556667327881e-01
3.795055747032165527e-01
4.630580246448516846e-01
4.365617930889129639e-01
4.944745600223541260e-01
4.156906008720397949e-01
4.883402585983276367e-01
1.747323274612426758e+00
2.140103578567504883e+00
2.741277456283569336e+00
2.425063848495483398e+00
2.498757600784301758e+00
2.629944086074829102e+00
2.216960668563842773e+00
2.211084842681884766e+00
1.918183565139770508e+00
2.365612506866455078e+00
1.748160123825073242e+00
1.405194282531738281e+00
1.421003341674804688e+00
1.521770596504211426e+00
1.586078524589538574e+00
1.588919281959533691e+00
1.528575301170349121e+00
1.459828495979309082e+00
1.828711390495300293e+00
1.829302668571472168e+00
1.393096923828125000e+00
1.343456745147705078e+00
1.477470040321350098e+00
1.547792315483093262e+00
1.704549193382263184e+00
1.408064603805541992e+00
1.408984184265136719e+00
1.316045522689819336e+00
1.406461119651794434e+00
1.045358180999755859e+00
2.627913951873779297e-01
6.659609079360961914e-01
3.497672975063323975e-01
4.112452864646911621e-01
3.556313514709472656e-01
3.620992600917816162e-01
3.480476140975952148e-01
5.231383442878723145e-01
4.705282747745513916e-01
4.550603926181793213e-01
3.716312646865844727e-01
3.918142020702362061e-01
4.957696795463562012e-01
3.603107631206512451e-01
2.890192568302154541e-01
2.835748493671417236e-01
3.575218021869659424e-01
3.204116821289062500e-01
2.532280981540679932e-01
3.275724947452545166e-01
3.577092885971069336e-01
3.334554731845855713e-01
2.559181153774261475e-01
2.741275131702423096e-01
3.028475046157836914e-01
3.804380595684051514e-01
2.595375776290893555e-01
3.004428446292877197e-01
3.166883587837219238e-01
3.671295046806335449e-01
4.080457389354705811e-01
1.527382373809814453e+00
8.284152150154113770e-01
1.159682750701904297e+00
1.287094712257385254e+00
1.224475741386413574e+00
1.031900763511657715e+00
2.121968746185302734e+00
2.172213077545166016e+00
2.259007930755615234e+00
2.416036844253540039e+00
1.854780912399291992e+00
1.943929314613342285e+00
2.332707643508911133e+00
2.035826683044433594e+00
1.831706762313842773e+00
1.967391848564147949e+00
1.985964417457580566e+00
1.969313502311706543e+00
2.631649255752563477e+00
2.256890535354614258e+00
1.664460659027099609e+00
1.801117658615112305e+00
1.898725867271423340e+00
2.536476850509643555e+00
2.725269556045532227e+00
2.832095861434936523e+00
2.488838195800781250e+00
2.467001438140869141e+00
2.373530864715576172e+00
2.398080348968505859e+00
2.360388278961181641e+00
1.489670634269714355e+00
1.021940112113952637e+00
1.001223206520080566e+00
8.972858786582946777e-01
7.010328173637390137e-01
7.802838683128356934e-01
7.335243821144104004e-01
8.695285320281982422e-01
6.487765908241271973e-01
3.089938759803771973e-01
3.414128124713897705e-01
6.257990002632141113e-01
4.753948748111724854e-01
3.634384870529174805e-01
3.064176142215728760e-01
3.677818477153778076e-01
4.516695141792297363e-01
3.650277256965637207e-01
2.799970507621765137e-01
2.559669017791748047e-01
3.059396147727966309e-01
2.923114597797393799e-01
2.341012805700302124e-01
2.716480195522308350e-01
3.095979988574981689e-01
3.881341516971588135e-01
2.567817866802215576e-01
3.500279784202575684e-01
3.375452756881713867e-01
4.272712469100952148e-01
2.817400395870208740e-01
2.966449260711669922e-01
3.156193792819976807e-01
3.885625898838043213e-01
3.951483368873596191e-01
3.696248829364776611e-01
4.042286574840545654e-01
4.477863609790802002e-01
4.873000383377075195e-01
3.955002725124359131e-01
4.078727662563323975e-01
1.334391951560974121e+00
1.606898546218872070e+00
1.470403790473937988e+00
1.277060627937316895e+00
3.417877852916717529e-01
3.835819363594055176e-01
4.849208891391754150e-01
3.951072096824645996e-01
4.033734500408172607e-01
4.243874549865722656e-01
4.438127875328063965e-01
6.333454251289367676e-01
2.338846921920776367e+00
2.514064550399780273e+00
2.333717584609985352e+00
2.255236625671386719e+00
2.346369266510009766e+00
2.744111776351928711e+00
2.998815536499023438e+00
2.420141935348510742e+00
1.616356253623962402e+00
1.473817944526672363e+00
1.523862481117248535e+00
1.414187431335449219e+00
1.471668720245361328e+00
1.505324959754943848e+00
1.420355439186096191e+00
1.271295189857482910e+00
1.396748781204223633e+00
1.273096561431884766e+00
1.354306578636169434e+00
1.292442917823791504e+00
1.338676095008850098e+00
1.316492319107055664e+00
1.616889953613281250e+00
1.374097228050231934e+00
1.302277088165283203e+00
1.316297650337219238e+00
1.355663418769836426e+00
1.293280601501464844e+00
1.334068298339843750e+00
1.368124127388000488e+00
1.424533486366271973e+00
1.338211774826049805e+00
1.372477889060974121e+00
1.572184324264526367e+00
1.355052351951599121e+00
1.346121191978454590e+00
1.846862196922302246e+00
1.368180871009826660e+00
1.313305139541625977e+00
9.708907604217529297e-01
2.556914091110229492e-01
3.721871376037597656e-01
3.505405485630035400e-01
2.690893411636352539e-01
2.913652658462524414e-01
3.697189092636108398e-01
3.201011419296264648e-01
2.404650151729583740e-01
3.067311942577362061e-01
3.895381093025207520e-01
3.393880426883697510e-01
2.211005389690399170e-01
2.866233587265014648e-01
4.145040214061737061e-01
1.258011817932128906e+00
9.391176104545593262e-01
9.248949289321899414e-01
9.481965303421020508e-01
1.121596574783325195e+00
9.430026412010192871e-01
9.163093566894531250e-01
9.267886281013488770e-01
9.800754785537719727e-01
1.214187502861022949e+00
1.205562949180603027e+00
1.218636870384216309e+00
1.210734605789184570e+00
1.175757050514221191e+00
1.414461493492126465e+00
1.716139674186706543e+00
1.960713386535644531e+00
1.835712671279907227e+00
1.764696121215820312e+00
1.765724539756774902e+00
1.343957424163818359e+00
1.199839830398559570e+00
2.675536155700683594e+00
2.413528680801391602e+00
2.758206367492675781e+00
4.026075363159179688e+00
2.882508277893066406e+00
2.493679761886596680e+00
2.492969989776611328e+00
1.806334376335144043e+00
1.074798822402954102e+00
9.554167985916137695e-01
1.892900466918945312e+00
2.835873842239379883e+00
1.503837943077087402e+00
1.593995094299316406e+00
1.590148687362670898e+00
1.258595705032348633e+00
1.288162350654602051e+00
1.281284451484680176e+00
9.271913170814514160e-01
1.039566516876220703e+00
1.087513327598571777e+00
8.818039894104003906e-01
8.617090582847595215e-01
8.261385560035705566e-01
7.083526253700256348e-01
7.208405137062072754e-01
6.677156686782836914e-01
3.939357101917266846e-01
4.245006442070007324e-01
5.969704389572143555e-01
5.303153395652770996e-01
3.991613984107971191e-01
4.592518806457519531e-01
3.622365593910217285e-01
4.596907198429107666e-01
3.888021409511566162e-01
3.940862119197845459e-01
3.255321085453033447e-01
3.913808465003967285e-01
4.858646094799041748e-01
3.751707077026367188e-01
3.488707244396209717e-01
3.947418332099914551e-01
5.271443128585815430e-01
5.239546298980712891e-01
1.550606966018676758e+00
1.301336646080017090e+00
1.494840979576110840e+00
1.407224416732788086e+00
3.654207587242126465e-01
3.756320178508758545e-01
6.920394301414489746e-01
6.095395088195800781e-01
5.778910517692565918e-01
5.999844670295715332e-01
5.638759136199951172e-01
5.998827815055847168e-01
4.640129804611206055e-01
4.176353216171264648e-01
4.139396548271179199e-01
4.443617761135101318e-01
5.768371820449829102e-01
4.073478877544403076e-01
4.033526182174682617e-01
4.350164234638214111e-01
5.580060482025146484e-01
5.017559528350830078e-01
5.172074437141418457e-01
2.164855957031250000e+00
2.876405000686645508e+00
2.680510520935058594e+00
2.592608451843261719e+00
2.611121416091918945e+00
2.683593988418579102e+00
2.655835151672363281e+00
2.350629806518554688e+00
1.978607654571533203e+00
1.363511085510253906e+00
1.536749482154846191e+00
1.505098819732666016e+00
1.415839314460754395e+00
1.383935689926147461e+00
1.356229066848754883e+00
1.383131861686706543e+00
1.408722162246704102e+00
1.337592363357543945e+00
1.206188440322875977e+00
1.326826572418212891e+00
1.363035202026367188e+00
1.279505848884582520e+00
1.158732533454895020e+00
1.231453180313110352e+00
1.318668127059936523e+00
1.272454619407653809e+00
1.184773683547973633e+00
1.195500016212463379e+00
1.292959928512573242e+00
1.320680260658264160e+00
1.257187962532043457e+00
1.289472579956054688e+00
1.329872727394104004e+00
1.369138002395629883e+00
1.356102705001831055e+00
1.311947464942932129e+00
2.365636587142944336e+00
1.455414175987243652e+00
1.223301172256469727e+00
7.933759093284606934e-01
8.802618980407714844e-01
1.274919629096984863e+00
4.637191295623779297e-01
4.700559973716735840e-01
3.328444957733154297e-01
1.070436239242553711e+00
3.088299632072448730e-01
3.104158937931060791e-01
3.391388952732086182e-01
3.975875377655029297e-01
2.673542797565460205e-01
2.818699777126312256e-01
3.440723717212677002e-01
3.158885240554809570e-01
3.638847172260284424e-01
3.624528348445892334e-01
4.771861135959625244e-01
3.607205450534820557e-01
4.788707196712493896e-01
7.295688986778259277e-01
7.290116548538208008e-01
6.486379504203796387e-01
6.690118908882141113e-01
7.489700913429260254e-01
6.115713715553283691e-01
7.078943252563476562e-01
7.101789116859436035e-01
7.516258358955383301e-01
9.541148543357849121e-01
3.012167453765869141e+00
3.297069072723388672e+00
2.929552078247070312e+00
2.910529136657714844e+00
3.127399206161499023e+00
2.436691045761108398e+00
2.214125156402587891e+00
2.739194869995117188e+00
2.806255578994750977e+00
2.505487918853759766e+00
3.389952659606933594e+00
3.043901681900024414e+00
1.520746827125549316e+00
1.701068997383117676e+00
1.982130050659179688e+00
1.874634027481079102e+00
2.788477659225463867e+00
1.468490600585937500e+00
2.823137760162353516e+00
2.574576616287231445e+00
1.161582827568054199e+00
1.387530803680419922e+00
1.714418649673461914e+00
9.473227262496948242e-01
9.551396965980529785e-01
1.192655682563781738e+00
1.005443811416625977e+00
8.579410314559936523e-01
9.987865090370178223e-01
6.553664803504943848e-01
3.228810429573059082e-01
3.403671085834503174e-01
4.750525355339050293e-01
4.519392251968383789e-01
2.883403301239013672e-01
3.466623425483703613e-01
4.121152758598327637e-01
3.563974499702453613e-01
3.004650473594665527e-01
3.117343187332153320e-01
2.780756354331970215e-01
2.474950700998306274e-01
2.574853897094726562e-01
2.888802886009216309e-01
2.515111565589904785e-01
2.347155362367630005e-01
2.956017255783081055e-01
2.486460059881210327e-01
1.449994683265686035e+00
1.172654509544372559e+00
1.261668920516967773e+00
8.602733016014099121e-01
2.175904363393783569e-01
3.172140717506408691e-01
2.593040466308593750e-01
2.555223107337951660e-01
4.030889570713043213e-01
3.321143090724945068e-01
2.920658588409423828e-01
3.480892777442932129e-01
5.214463472366333008e-01
3.253871202468872070e-01
3.278030157089233398e-01
3.402007520198822021e-01
4.101189970970153809e-01
3.160768449306488037e-01
3.200375437736511230e-01
4.683080911636352539e-01
3.656386733055114746e-01
3.606429696083068848e-01
4.859139323234558105e-01
5.173987746238708496e-01
3.980885744094848633e-01
3.750832676887512207e-01
1.681597828865051270e+00
1.653993964195251465e+00
2.289767265319824219e+00
2.451363563537597656e+00
2.800485849380493164e+00
1.789677739143371582e+00
1.779852867126464844e+00
2.030380249023437500e+00
1.824806094169616699e+00
1.612454771995544434e+00
1.545501112937927246e+00
1.496696829795837402e+00
1.453359842300415039e+00
1.293227672576904297e+00
1.501459836959838867e+00
1.359537959098815918e+00
1.321783185005187988e+00
1.353866338729858398e+00
1.377958178520202637e+00
1.253347039222717285e+00
1.334056496620178223e+00
1.334093451499938965e+00
1.353828310966491699e+00
1.323013663291931152e+00
1.312616586685180664e+00
1.315171122550964355e+00
1.205901503562927246e+00
1.341994404792785645e+00
1.315483570098876953e+00
1.319570422172546387e+00
1.328725576400756836e+00
1.412508249282836914e+00
1.376667499542236328e+00
1.333513259887695312e+00
1.350532770156860352e+00
1.433553814888000488e+00
1.302373766899108887e+00
1.334764003753662109e+00
2.216205358505249023e+00
1.512052178382873535e+00
1.461971998214721680e+00
1.442638158798217773e+00
1.637110710144042969e+00
1.303097367286682129e+00
1.306358337402343750e+00
2.160061836242675781e+00
1.755193948745727539e+00
1.175192356109619141e+00
1.324880242347717285e+00
1.402802467346191406e+00
1.289317369461059570e+00
1.728147864341735840e+00
1.778178215026855469e+00
1.668230056762695312e+00
1.655122160911560059e+00
1.698030591011047363e+00
1.742037773132324219e+00
1.765377044677734375e+00
1.599785089492797852e+00
1.773339271545410156e+00
1.141726970672607422e+00
1.494450092315673828e+00
1.086694955825805664e+00
1.412640094757080078e+00
9.612238407135009766e-01
7.513871192932128906e-01
7.633662819862365723e-01
7.795528769493103027e-01
7.025968432426452637e-01
9.844130873680114746e-01
1.352763175964355469e+00
1.236624240875244141e+00
1.264492869377136230e+00
1.230257272720336914e+00
1.291522502899169922e+00
1.133977055549621582e+00
9.907408952713012695e-01
1.436649441719055176e+00
1.737645983695983887e+00
1.468658328056335449e+00
1.605274200439453125e+00
1.780984997749328613e+00
2.784212589263916016e+00
1.657592892646789551e+00
1.270670294761657715e+00
1.100496053695678711e+00
1.617956995964050293e+00
1.181250214576721191e+00
2.174510240554809570e+00
2.007386207580566406e+00
1.853970646858215332e+00
1.944041132926940918e+00
1.930711150169372559e+00
1.081903934478759766e+00
3.634954988956451416e-01
4.584468603134155273e-01
4.284536838531494141e-01
4.482210874557495117e-01
4.545579552650451660e-01
3.353840112686157227e-01
3.490741252899169922e-01
3.578962385654449463e-01
3.416619598865509033e-01
3.431514203548431396e-01
3.803900778293609619e-01
3.977138996124267578e-01
3.071659207344055176e-01
3.692658245563507080e-01
3.392616808414459229e-01
2.964851558208465576e-01
3.563714325428009033e-01
3.829770088195800781e-01
3.188019096851348877e-01
2.672608196735382080e-01
3.205646574497222900e-01
3.479442894458770752e-01
2.536329329013824463e-01
2.737728357315063477e-01
3.475326001644134521e-01
2.953925728797912598e-01
1.002092719078063965e+00
3.062715232372283936e-01
3.761974871158599854e-01
2.928138673305511475e-01
3.084196448326110840e-01
4.594667851924896240e-01
3.664708435535430908e-01
3.094784915447235107e-01
4.025067687034606934e-01
5.282894968986511230e-01
3.659437596797943115e-01
3.236718177795410156e-01
3.922105431556701660e-01
3.337953388690948486e-01
3.339014351367950439e-01
3.716077208518981934e-01
4.776652455329895020e-01
1.333115220069885254e+00
1.387412667274475098e+00
1.460524439811706543e+00
1.388874769210815430e+00
5.913257002830505371e-01
3.573680520057678223e-01
4.520340561866760254e-01
3.804802596569061279e-01
1.569493174552917480e+00
1.975774049758911133e+00
2.481611013412475586e+00
2.849426269531250000e+00
2.211353778839111328e+00
2.314313888549804688e+00
2.402072429656982422e+00
2.387246608734130859e+00
2.409570217132568359e+00
2.307318925857543945e+00
2.082315206527709961e+00
1.317726016044616699e+00
1.541244983673095703e+00
1.452290773391723633e+00
2.973819971084594727e+00
1.731870651245117188e+00
1.445306539535522461e+00
1.505465507507324219e+00
1.466405272483825684e+00
1.623599290847778320e+00
6.776586174964904785e-01
2.216223716735839844e+00
2.076742649078369141e+00
5.133207440376281738e-01
8.873884677886962891e-01
1.859389781951904297e+00
1.801748156547546387e+00
2.286064624786376953e+00
2.928514719009399414e+00
2.907103538513183594e+00
2.557313203811645508e+00
1.561408996582031250e+00
2.468817472457885742e+00
1.662888169288635254e+00
4.959130287170410156e-01
1.111419081687927246e+00
7.212755084037780762e-01
6.227200627326965332e-01
2.314968585968017578e+00
6.250296235084533691e-01
9.442393779754638672e-01
1.716268777847290039e+00
1.538394570350646973e+00
1.418604731559753418e+00
8.581981062889099121e-01
1.317027568817138672e+00
2.342295646667480469e+00
3.967416584491729736e-01
5.532452464103698730e-01
5.012346506118774414e-01
4.389157295227050781e-01
1.636973857879638672e+00
1.560836076736450195e+00
1.570029616355895996e+00
1.453136682510375977e+00
1.475091934204101562e+00
1.633392214775085449e+00
1.734260559082031250e+00
1.602431297302246094e+00
1.452545523643493652e+00
1.628868818283081055e+00
1.572830319404602051e+00
1.442619800567626953e+00
1.805046319961547852e+00
2.137159585952758789e+00
2.120743274688720703e+00
2.027361392974853516e+00
2.255815982818603516e+00
2.915797233581542969e+00
4.708747386932373047e+00
4.671256542205810547e+00
4.948009490966796875e+00
5.009216785430908203e+00
4.016184329986572266e+00
3.903319597244262695e+00
3.160483837127685547e+00
3.268578767776489258e+00
2.840767860412597656e+00
3.041523694992065430e+00
3.218828916549682617e+00
2.382142782211303711e+00
2.646947383880615234e+00
2.392418384552001953e+00
1.529421687126159668e+00
1.827711820602416992e+00
1.803778886795043945e+00
1.816883802413940430e+00
1.869042754173278809e+00
2.658635139465332031e+00
1.957749366760253906e+00
1.945845484733581543e+00
1.952500343322753906e+00
1.860055565834045410e+00
1.416557192802429199e+00
1.679418563842773438e+00
1.176755547523498535e+00
7.575539946556091309e-01
8.806121945381164551e-01
1.026156544685363770e+00
9.920604228973388672e-01
9.930528998374938965e-01
8.707109689712524414e-01
7.121299505233764648e-01
5.709182620048522949e-01
6.589522361755371094e-01
6.638097763061523438e-01
5.386528372764587402e-01
5.165797472000122070e-01
4.902257621288299561e-01
3.053604364395141602e-01
3.207356929779052734e-01
3.560523688793182373e-01
3.196162581443786621e-01
2.232886552810668945e-01
2.981020510196685791e-01
1.181831002235412598e+00
1.335337042808532715e+00
1.249597668647766113e+00
1.273776650428771973e+00
1.477006822824478149e-01
2.011906206607818604e-01
2.798235416412353516e-01
3.056814074516296387e-01
2.975746691226959229e-01
3.479023575782775879e-01
4.333682656288146973e-01
3.746625185012817383e-01
3.675225377082824707e-01
4.555274546146392822e-01
4.387408792972564697e-01
3.816654682159423828e-01
4.464501440525054932e-01
3.734343051910400391e-01
3.927847743034362793e-01
3.781816661357879639e-01
3.990783393383026123e-01
3.187564313411712646e-01
4.042538702487945557e-01
4.088959991931915283e-01
4.175966680049896240e-01
3.766236901283264160e-01
4.366261959075927734e-01
4.311245083808898926e-01
3.284463286399841309e-01
3.601945340633392334e-01
1.441707611083984375e+00
1.725636363029479980e+00
1.463127613067626953e+00
2.120528697967529297e+00
2.567558050155639648e+00
2.352240324020385742e+00
1.618957996368408203e+00
1.603296637535095215e+00
1.439669132232666016e+00
1.387256145477294922e+00
1.522556900978088379e+00
1.418817400932312012e+00
1.276636600494384766e+00
1.277211308479309082e+00
1.386348366737365723e+00
1.350504040718078613e+00
1.354338407516479492e+00
1.416368961334228516e+00
3.838234245777130127e-01
3.198673427104949951e-01
4.122150242328643799e-01
3.531592786312103271e-01
2.747346460819244385e-01
3.158131539821624756e-01
4.121396541595458984e-01
2.770515978336334229e-01
2.658105790615081787e-01
3.438909351825714111e-01
4.402686953544616699e-01
2.647695541381835938e-01
3.249507546424865723e-01
4.489222466945648193e-01
3.798136413097381592e-01
3.164372742176055908e-01
3.807379007339477539e-01
4.374561607837677002e-01
2.919841706752777100e-01
2.964396476745605469e-01
3.454168140888214111e-01
2.734019756317138672e-01
2.316826432943344116e-01
2.832711637020111084e-01
3.229528665542602539e-01
2.871713042259216309e-01
2.809374928474426270e-01
3.571890592575073242e-01
2.971794307231903076e-01
2.982245683670043945e-01
3.247284591197967529e-01
2.865784168243408203e-01
2.954443991184234619e-01
2.851281762123107910e-01
3.849540948867797852e-01
3.049035072326660156e-01
3.909611999988555908e-01
4.165520966053009033e-01
3.567491173744201660e-01
3.854178488254547119e-01
4.646039307117462158e-01
4.058384299278259277e-01
3.336736559867858887e-01
3.562546670436859131e-01
4.461387693881988525e-01
3.561628460884094238e-01
1.531425356864929199e+00
1.268195152282714844e+00
1.357440114021301270e+00
8.368672728538513184e-01
3.280283212661743164e-01
4.783921539783477783e-01
3.428383767604827881e-01
3.406225740909576416e-01
3.736774325370788574e-01
4.887231588363647461e-01
3.188909888267517090e-01
3.594084382057189941e-01
4.550022780895233154e-01
3.678339123725891113e-01
3.586724698543548584e-01
4.468579888343811035e-01
4.814148843288421631e-01
4.106299281120300293e-01
3.972117304801940918e-01
1.453482031822204590e+00
1.625148534774780273e+00
1.304942131042480469e+00
1.336331844329833984e+00
1.454921126365661621e+00
7.562062740325927734e-01
1.074629664421081543e+00
1.355515360832214355e+00
1.838510394096374512e+00
1.788866400718688965e+00
1.662460565567016602e+00
1.363279700279235840e+00
1.036596417427062988e+00
4.545226097106933594e-01
3.532464206218719482e-01
3.523079156875610352e-01
3.888460099697113037e-01
3.110803067684173584e-01
2.785747647285461426e-01
3.517208099365234375e-01
4.734452366828918457e-01
3.247838318347930908e-01
3.423359692096710205e-01
4.018228948116302490e-01
4.298658370971679688e-01
2.726487517356872559e-01
3.307377994060516357e-01
3.869791030883789062e-01
2.629906535148620605e-01
3.010921776294708252e-01
3.923470377922058105e-01
3.296556472778320312e-01
2.883660793304443359e-01
3.513381779193878174e-01
3.247901499271392822e-01
2.931836247444152832e-01
3.368688225746154785e-01
3.531814813613891602e-01
2.632343173027038574e-01
3.150004446506500244e-01
3.608625233173370361e-01
2.573524415493011475e-01
2.804021835327148438e-01
3.832672834396362305e-01
4.856650531291961670e-01
3.209012448787689209e-01
3.719141483306884766e-01
5.418573021888732910e-01
4.014978110790252686e-01
3.669932782649993896e-01
3.456256985664367676e-01
3.686518371105194092e-01
3.179694712162017822e-01
3.125864863395690918e-01
3.949255049228668213e-01
3.381137549877166748e-01
3.318059444427490234e-01
3.634552061557769775e-01
1.077264547348022461e+00
1.139087915420532227e+00
1.992453932762145996e+00
2.682874917984008789e+00
1.878973603248596191e+00
1.904823780059814453e+00
1.970064282417297363e+00
1.907509684562683105e+00
1.950388669967651367e+00
2.217973709106445312e+00
1.992637276649475098e+00
1.641214966773986816e+00
2.294606685638427734e+00
2.847442388534545898e+00
2.623023271560668945e+00
2.680100440979003906e+00
1.352535367012023926e+00
1.591355204582214355e+00
1.412887096405029297e+00
1.449488997459411621e+00
1.606193304061889648e+00
1.632056355476379395e+00
2.680603981018066406e+00
2.710557699203491211e+00
3.045707941055297852e+00
2.943853378295898438e+00
2.735876321792602539e+00
1.734546422958374023e+00
2.456346035003662109e+00
2.661529541015625000e+00
2.401712656021118164e+00
2.929543495178222656e+00
1.890120029449462891e+00
1.933555006980895996e+00
1.906275153160095215e+00
1.918405294418334961e+00
1.833095312118530273e+00
1.800119161605834961e+00
1.980237722396850586e+00
1.865447998046875000e+00
1.803566455841064453e+00
1.857907533645629883e+00
1.717564225196838379e+00
1.704230666160583496e+00
2.284023761749267578e+00
2.444937467575073242e+00
1.389791250228881836e+00
1.509362697601318359e+00
1.475972056388854980e+00
1.558404803276062012e+00
1.771001458168029785e+00
1.875014185905456543e+00
2.525729656219482422e+00
2.557752370834350586e+00
3.731341660022735596e-01
6.228951811790466309e-01
8.174035549163818359e-01
8.556098341941833496e-01
9.412226676940917969e-01
1.025773406028747559e+00
8.840228319168090820e-01
9.172229170799255371e-01
8.438863754272460938e-01
7.348439097404479980e-01
7.847428917884826660e-01
7.979530692100524902e-01
6.987984180450439453e-01
7.764083743095397949e-01
7.327435016632080078e-01
9.891341328620910645e-01
1.138036251068115234e+00
3.400239229202270508e+00
3.496251583099365234e+00
4.324090480804443359e+00
3.296840906143188477e+00
3.204882860183715820e+00
3.315850257873535156e+00
1.889850616455078125e+00
1.345804333686828613e+00
1.900280833244323730e+00
3.268688440322875977e+00
3.069911003112792969e+00
1.459835886955261230e+00
1.577988624572753906e+00
1.791621565818786621e+00
1.772067427635192871e+00
1.953300714492797852e+00
2.134583711624145508e+00
2.163549423217773438e+00
2.226305007934570312e+00
2.658091068267822266e+00
2.698294401168823242e+00
2.706372499465942383e+00
2.342905998229980469e+00
1.926546812057495117e+00
1.930050373077392578e+00
1.398732900619506836e+00
2.503484189510345459e-01
4.394921660423278809e-01
4.267852604389190674e-01
3.213181495666503906e-01
3.334403932094573975e-01
3.366774916648864746e-01
3.273631036281585693e-01
2.839396893978118896e-01
4.201427698135375977e-01
4.145062267780303955e-01
3.429154157638549805e-01
3.567888736724853516e-01
4.129455089569091797e-01
3.602378368377685547e-01
3.112601041793823242e-01
3.117565214633941650e-01
3.138421177864074707e-01
2.640365958213806152e-01
2.635001838207244873e-01
3.022740781307220459e-01
2.915461659431457520e-01
2.559910118579864502e-01
3.339606225490570068e-01
2.684676647186279297e-01
2.443473339080810547e-01
3.135203123092651367e-01
3.600394129753112793e-01
2.345554530620574951e-01
2.778722345829010010e-01
4.027597606182098389e-01
3.026512563228607178e-01
2.329840511083602905e-01
3.775161504745483398e-01
4.961451888084411621e-01
3.109734058380126953e-01
3.545209765434265137e-01
4.452665746212005615e-01
4.177106916904449463e-01
3.711389899253845215e-01
4.236545264720916748e-01
3.799498677253723145e-01
3.100609481334686279e-01
3.480125367641448975e-01
4.738086760044097900e-01
4.767072498798370361e-01
4.330470263957977295e-01
4.351526498794555664e-01
3.875977694988250732e-01
4.605637192726135254e-01
1.657177686691284180e+00
1.857666850090026855e+00
2.588958740234375000e+00
2.136986970901489258e+00
2.201041460037231445e+00
2.209251880645751953e+00
2.350793600082397461e+00
2.467524051666259766e+00
1.647345781326293945e+00
2.360366106033325195e+00
2.138138532638549805e+00
1.380994677543640137e+00
1.300136089324951172e+00
1.317320346832275391e+00
1.409466862678527832e+00
1.313517570495605469e+00
1.322157859802246094e+00
1.365709900856018066e+00
1.361232757568359375e+00
1.868551850318908691e+00
1.425529241561889648e+00
1.505015730857849121e+00
1.517145156860351562e+00
1.529266834259033203e+00
1.650470495223999023e+00
1.643871068954467773e+00
1.363049983978271484e+00
1.320242524147033691e+00
1.860960960388183594e+00
2.280323743820190430e+00
1.697572588920593262e+00
1.361700892448425293e+00
1.469379186630249023e+00
1.814038634300231934e+00
9.540836215019226074e-01
5.688132047653198242e-01
6.022366881370544434e-01
6.808140277862548828e-01
4.369704723358154297e-01
2.299367904663085938e+00
8.954746127128601074e-01
3.756457269191741943e-01
5.035557150840759277e-01
7.731858491897583008e-01
1.557562232017517090e+00
1.547559022903442383e+00
1.913977861404418945e+00
2.725864887237548828e+00
5.525186657905578613e-01
3.604009449481964111e-01
3.754086196422576904e-01
3.511449396610260010e-01
5.827294588088989258e-01
6.898866295814514160e-01
5.833212137222290039e-01
5.270099639892578125e-01
7.925108075141906738e-01
6.054288744926452637e-01
5.421884059906005859e-01
6.651229858398437500e-01
6.548621654510498047e-01
1.301601409912109375e+00
1.128975391387939453e+00
1.229052662849426270e+00
7.638026475906372070e-01
7.251318097114562988e-01
9.524242281913757324e-01
1.295935511589050293e+00
1.330767035484313965e+00
1.787254095077514648e+00
1.840567231178283691e+00
1.881706118583679199e+00
1.932202577590942383e+00
3.104521036148071289e+00
2.748023033142089844e+00
2.439455032348632812e+00
2.609175920486450195e+00
2.210398912429809570e+00
1.388479232788085938e+00
1.418248176574707031e+00
2.870699882507324219e+00
2.777631998062133789e+00
3.070203065872192383e+00
2.728192567825317383e+00
2.662587642669677734e+00
2.545679330825805664e+00
2.164453744888305664e+00
1.253198146820068359e+00
1.400521159172058105e+00
1.121558785438537598e+00
1.195533990859985352e+00
1.263244628906250000e+00
9.267283678054809570e-01
8.493030667304992676e-01
8.729684352874755859e-01
8.550235033035278320e-01
6.425998210906982422e-01
6.772024631500244141e-01
8.254946470260620117e-01
7.173841595649719238e-01
6.752040386199951172e-01
6.998432278633117676e-01
6.195440888404846191e-01
3.526883721351623535e-01
5.013220906257629395e-01
4.717501997947692871e-01
3.267858326435089111e-01
3.083020448684692383e-01
2.587794065475463867e-01
3.649860620498657227e-01
2.070686370134353638e-01
2.758653163909912109e-01
2.489658743143081665e-01
2.962864339351654053e-01
2.018125355243682861e-01
2.633083164691925049e-01
3.957727253437042236e-01
2.927735745906829834e-01
2.431799471378326416e-01
2.922182679176330566e-01
1.323904752731323242e+00
1.363282442092895508e+00
1.186208963394165039e+00
1.249197959899902344e+00
2.763257920742034912e-01
2.551999688148498535e-01
3.653292059898376465e-01
3.884162008762359619e-01
3.131881058216094971e-01
3.704628050327301025e-01
3.749892413616180420e-01
3.544985055923461914e-01
2.949238717555999756e-01
3.442302644252777100e-01
3.530098795890808105e-01
2.726893424987792969e-01
2.926250100135803223e-01
3.899275958538055420e-01
3.633633852005004883e-01
3.911769390106201172e-01
3.863382637500762939e-01
4.548090398311614990e-01
3.455785512924194336e-01
4.316387176513671875e-01
2.045277595520019531e+00
1.833894848823547363e+00
1.905800938606262207e+00
1.779028654098510742e+00
2.719911813735961914e+00
1.989951133728027344e+00
4.098670482635498047e+00
3.290538311004638672e+00
1.510926127433776855e+00
1.831796646118164062e+00
1.593824267387390137e+00
1.641974806785583496e+00
1.294444918632507324e+00
1.697196722030639648e+00
1.430601954460144043e+00
1.277199268341064453e+00
1.368517518043518066e+00
1.416508197784423828e+00
1.388799309730529785e+00
1.376305937767028809e+00
1.256410002708435059e+00
1.320044040679931641e+00
1.671878576278686523e+00
1.298769712448120117e+00
1.307330250740051270e+00
1.333909630775451660e+00
1.352587938308715820e+00
1.008724451065063477e+00
1.298132658004760742e+00
1.444209337234497070e+00
1.337896943092346191e+00
1.341859221458435059e+00
1.353563547134399414e+00
1.458251953125000000e+00
2.087333679199218750e+00
1.373484134674072266e+00
1.397237420082092285e+00
1.717957258224487305e+00
1.346148848533630371e+00
2.162855148315429688e+00
2.744486331939697266e+00
1.282489061355590820e+00
1.517732858657836914e+00
1.775550723075866699e+00
1.626643180847167969e+00
1.525385379791259766e+00
1.659147381782531738e+00
2.552552700042724609e+00
2.601667165756225586e+00
1.290539026260375977e+00
1.540609002113342285e+00
1.581371188163757324e+00
1.373250842094421387e+00
1.487376213073730469e+00
1.855186581611633301e+00
1.531641602516174316e+00
4.922538101673126221e-01
6.302037239074707031e-01
1.109929084777832031e+00
9.646133184432983398e-01
1.065153002738952637e+00
2.345774173736572266e+00
2.370797634124755859e+00
2.419566392898559570e+00
2.119748353958129883e+00
2.456769704818725586e+00
7.922364473342895508e-01
9.102569818496704102e-01
2.095487117767333984e+00
2.597325801849365234e+00
2.499612569808959961e+00
2.399846315383911133e+00
2.217246055603027344e+00
1.972689628601074219e+00
1.282651662826538086e+00
1.682140827178955078e+00
1.766539931297302246e+00
1.955534338951110840e+00
1.726886749267578125e+00
2.176117658615112305e+00
2.684106826782226562e+00
2.624750614166259766e+00
2.640390634536743164e+00
2.129159927368164062e+00
2.079995393753051758e+00
2.100904703140258789e+00
2.262940406799316406e+00
2.004408359527587891e+00
2.176301479339599609e+00
1.384924411773681641e+00
8.093675971031188965e-01
8.635476827621459961e-01
5.907065272331237793e-01
7.904191613197326660e-01
3.760480880737304688e-01
3.332403004169464111e-01
3.059511184692382812e-01
3.912531137466430664e-01
3.397098481655120850e-01
3.887969255447387695e-01
5.033846497535705566e-01
4.273191988468170166e-01
3.247925937175750732e-01
3.204454183578491211e-01
3.881352543830871582e-01
3.200246691703796387e-01
2.824620306491851807e-01
3.480130732059478760e-01
2.645297050476074219e-01
2.975842654705047607e-01
2.999261617660522461e-01
3.190184533596038818e-01
2.853918373584747314e-01
3.163684904575347900e-01
3.234284222126007080e-01
3.223391473293304443e-01
3.338603079319000244e-01
3.658121824264526367e-01
3.095017671585083008e-01
2.587374746799468994e-01
2.796618342399597168e-01
3.601970076560974121e-01
3.025969862937927246e-01
3.064318895339965820e-01
3.687211871147155762e-01
4.978698194026947021e-01
3.097339272499084473e-01
3.409915268421173096e-01
4.134399890899658203e-01
4.238918721675872803e-01
3.403772711753845215e-01
3.948418796062469482e-01
4.370280206203460693e-01
1.430553555488586426e+00
1.298384904861450195e+00
1.376077055931091309e+00
1.373412013053894043e+00
3.022965788841247559e-01
3.810580670833587646e-01
4.509499967098236084e-01
3.788978755474090576e-01
3.622187674045562744e-01
1.517284631729125977e+00
9.153590202331542969e-01
2.202418088912963867e+00
1.801958322525024414e+00
1.891443133354187012e+00
2.678279399871826172e+00
2.156193971633911133e+00
2.312887668609619141e+00
3.697649240493774414e+00
2.075646400451660156e+00
2.085071086883544922e+00
1.811652421951293945e+00
2.039603948593139648e+00
1.742926955223083496e+00
8.258723616600036621e-01
1.345110654830932617e+00
2.655540227890014648e+00
1.615808606147766113e+00
9.001068472862243652e-01
1.025565624237060547e+00
8.860281109809875488e-01
7.493360042572021484e-01
8.944653868675231934e-01
1.033804178237915039e+00
8.594685792922973633e-01
6.547360420227050781e-01
4.455796182155609131e-01
3.825935423374176025e-01
3.453008830547332764e-01
7.099100351333618164e-01
1.633593201637268066e+00
1.361376643180847168e+00
1.372277498245239258e+00
7.808430194854736328e-01
4.306311309337615967e-01
9.715183973312377930e-01
4.560035467147827148e-01
5.097056627273559570e-01
4.990287125110626221e-01
6.101742982864379883e-01
4.677195847034454346e-01
5.381698608398437500e-01
3.351998329162597656e-01
3.085336685180664062e-01
3.708435297012329102e-01
3.548359274864196777e-01
3.213779032230377197e-01
3.304173648357391357e-01
2.988462150096893311e-01
3.343161344528198242e-01
2.697795033454895020e-01
3.231323957443237305e-01
2.803273499011993408e-01
2.898552715778350830e-01
4.082948863506317139e-01
3.639803826808929443e-01
3.905177116394042969e-01
3.960528671741485596e-01
4.552245736122131348e-01
3.805326223373413086e-01
9.168007969856262207e-01
8.808081746101379395e-01
9.375590682029724121e-01
7.290530204772949219e-01
1.301196813583374023e+00
1.496259450912475586e+00
1.834340572357177734e+00
1.604200243949890137e+00
1.799308657646179199e+00
1.829697132110595703e+00
1.750769495964050293e+00
1.810157179832458496e+00
2.032479047775268555e+00
2.526408672332763672e+00
2.733570814132690430e+00
2.710805892944335938e+00
2.845339298248291016e+00
2.867188692092895508e+00
2.565929412841796875e+00
1.852770686149597168e+00
1.337924003601074219e+00
1.381901621818542480e+00
2.341410875320434570e+00
1.847516417503356934e+00
1.609312772750854492e+00
1.681654930114746094e+00
1.621500849723815918e+00
1.586319565773010254e+00
1.520538449287414551e+00
1.582381486892700195e+00
1.590801000595092773e+00
1.170967936515808105e+00
9.592040181159973145e-01
1.210799098014831543e+00
1.101035118103027344e+00
9.508385658264160156e-01
1.010946035385131836e+00
1.218385815620422363e+00
1.732005834579467773e+00
1.549884796142578125e+00
1.608597040176391602e+00
1.619555234909057617e+00
5.549666285514831543e-01
4.767626225948333740e-01
6.802926659584045410e-01
4.608391821384429932e-01
3.544924855232238770e-01
3.629544377326965332e-01
4.042796194553375244e-01
2.645933032035827637e-01
2.626790106296539307e-01
3.121385872364044189e-01
3.449267446994781494e-01
2.172796130180358887e-01
2.666542530059814453e-01
3.608795106410980225e-01
2.667885422706604004e-01
2.234904021024703979e-01
2.659892737865447998e-01
3.582901060581207275e-01
2.048909366130828857e-01
2.054089754819869995e-01
2.956326901912689209e-01
3.258862495422363281e-01
2.329991310834884644e-01
2.851903736591339111e-01
3.733358979225158691e-01
3.803909122943878174e-01
3.083398640155792236e-01
3.842847347259521484e-01
4.009627699851989746e-01
3.793698847293853760e-01
3.303033411502838135e-01
3.816114664077758789e-01
3.430094122886657715e-01
3.234081268310546875e-01
3.301928937435150146e-01
