1.772155761718750000e+00
1.297013282775878906e+00
1.386033654212951660e+00
1.526853919029235840e+00
1.304189682006835938e+00
1.369261384010314941e+00
1.879286646842956543e+00
1.861768960952758789e+00
1.254784941673278809e+00
1.405627608299255371e+00
1.488617300987243652e+00
1.338457942008972168e+00
1.425933599472045898e+00
1.482887506484985352e+00
1.253585219383239746e+00
1.257210731506347656e+00
1.200663447380065918e+00
1.200212001800537109e+00
1.043769240379333496e+00
1.108462929725646973e+00
1.174533128738403320e+00
1.111666083335876465e+00
1.113645076751708984e+00
1.080859422683715820e+00
3.651718795299530029e-01
3.487246334552764893e-01
3.371275663375854492e-01
3.798673748970031738e-01
3.312325477600097656e-01
2.925592362880706787e-01
3.786887526512145996e-01
1.294132232666015625e+00
5.393087863922119141e-01
3.474772274494171143e-01
3.794575929641723633e-01
3.183784484863281250e-01
3.137848377227783203e-01
6.133661866188049316e-01
4.817081689834594727e-01
3.508505523204803467e-01
5.104673504829406738e-01
5.221486091613769531e-01
3.467837572097778320e-01
3.883084952831268311e-01
5.310041308403015137e-01
3.611174225807189941e-01
3.635371625423431396e-01
4.406192600727081299e-01
3.748483657836914062e-01
3.547506928443908691e-01
4.059996008872985840e-01
4.320523142814636230e-01
3.126045763492584229e-01
3.879581987857818604e-01
5.384409427642822266e-01
3.026474118232727051e-01
1.496412873268127441e+00
1.664530634880065918e+00
2.003319740295410156e+00
1.695514917373657227e+00
1.463468551635742188e+00
6.552946567535400391e-01
3.937879800796508789e-01
4.242660403251647949e-01
7.124457359313964844e-01
4.613906741142272949e-01
4.911996424198150635e-01
6.408491730690002441e-01
5.270508527755737305e-01
4.258541464805603027e-01
5.580301880836486816e-01
6.075018644332885742e-01
4.302915334701538086e-01
4.205276072025299072e-01
5.900056362152099609e-01
4.615184068679809570e-01
7.152163386344909668e-01
1.784373879432678223e+00
1.729720115661621094e+00
2.139441490173339844e+00
1.847654938697814941e+00
1.878795385360717773e+00
1.716569185256958008e+00
1.855057954788208008e+00
1.653190135955810547e+00
1.479914188385009766e+00
1.475464940071105957e+00
1.448643088340759277e+00
1.443689346313476562e+00
1.401109337806701660e+00
1.427717447280883789e+00
1.434571743011474609e+00
1.366708636283874512e+00
1.387984156608581543e+00
1.442901372909545898e+00
1.518625855445861816e+00
1.515829801559448242e+00
1.696738719940185547e+00
2.170573234558105469e+00
1.235377907752990723e+00
1.413615942001342773e+00
1.541404485702514648e+00
1.530404090881347656e+00
1.440607666969299316e+00
1.520999550819396973e+00
1.528007149696350098e+00
1.380606293678283691e+00
1.382868647575378418e+00
1.465957403182983398e+00
1.377472758293151855e+00
7.759566903114318848e-01
3.740767836570739746e-01
3.659991025924682617e-01
3.563366234302520752e-01
3.957502543926239014e-01
3.752299249172210693e-01
3.601841330528259277e-01
3.535062670707702637e-01
4.203872680664062500e-01
3.745509684085845947e-01
2.704672217369079590e-01
3.425481319427490234e-01
6.503013968467712402e-01
1.139817833900451660e+00
3.504467904567718506e-01
5.761058330535888672e-01
4.317757487297058105e-01
3.736916780471801758e-01
1.049307107925415039e+00
1.379842400550842285e+00
1.443362116813659668e+00
1.480781435966491699e+00
1.659226298332214355e+00
1.343442678451538086e+00
1.402670383453369141e+00
1.421487689018249512e+00
1.372268199920654297e+00
1.334194421768188477e+00
1.450245261192321777e+00
1.397957205772399902e+00
1.266056656837463379e+00
1.331474184989929199e+00
1.391699075698852539e+00
1.917266726493835449e+00
1.405797243118286133e+00
1.357306599617004395e+00
1.504182219505310059e+00
2.045227289199829102e+00
1.229441523551940918e+00
1.422471761703491211e+00
1.360877275466918945e+00
1.311056375503540039e+00
1.406287908554077148e+00
1.974208354949951172e+00
1.945333838462829590e+00
7.786726951599121094e-01
6.391966342926025391e-01
4.726730883121490479e-01
4.831406176090240479e-01
6.427974700927734375e-01
5.369315147399902344e-01
4.364170730113983154e-01
5.778567790985107422e-01
4.081847071647644043e-01
3.503508567810058594e-01
3.722888529300689697e-01
4.201156497001647949e-01
3.002375364303588867e-01
3.281204402446746826e-01
1.415359377861022949e+00
1.438901662826538086e+00
1.377318978309631348e+00
1.774881839752197266e+00
1.819055199623107910e+00
9.264731407165527344e-01
3.259747922420501709e-01
5.146808028221130371e-01
3.411463797092437744e-01
3.752586841583251953e-01
5.048691630363464355e-01
3.952053487300872803e-01
3.302901983261108398e-01
4.857363104820251465e-01
5.469728112220764160e-01
3.496464192867279053e-01
3.892993628978729248e-01
5.195745229721069336e-01
4.033830463886260986e-01
3.729272186756134033e-01
5.089502334594726562e-01
4.100299179553985596e-01
1.181187391281127930e+00
7.264156937599182129e-01
4.989864826202392578e-01
3.736686408519744873e-01
3.660084307193756104e-01
1.557212829589843750e+00
7.737587094306945801e-01
4.436008930206298828e-01
1.658649563789367676e+00
1.735858559608459473e+00
1.911750793457031250e+00
1.343967080116271973e+00
1.513756990432739258e+00
1.462060451507568359e+00
1.353127956390380859e+00
1.487198352813720703e+00
6.206906437873840332e-01
8.962407112121582031e-01
5.739914774894714355e-01
6.218840479850769043e-01
6.079201102256774902e-01
5.896145105361938477e-01
5.676293969154357910e-01
4.456579983234405518e-01
4.119066894054412842e-01
4.713892042636871338e-01
4.244444668292999268e-01
3.893783092498779297e-01
3.671212792396545410e-01
3.842866420745849609e-01
3.485769033432006836e-01
3.068019151687622070e-01
3.638219535350799561e-01
3.539656698703765869e-01
3.329048156738281250e-01
3.626129031181335449e-01
5.637048482894897461e-01
1.163481473922729492e+00
3.416720926761627197e-01
3.612964153289794922e-01
3.252541720867156982e-01
3.349191546440124512e-01
3.316231369972229004e-01
3.255496621131896973e-01
2.956595718860626221e-01
5.559081435203552246e-01
5.401486158370971680e-01
3.665248453617095947e-01
4.206402599811553955e-01
5.081920623779296875e-01
4.176994562149047852e-01
3.802494704723358154e-01
5.130959749221801758e-01
5.038245916366577148e-01
3.843022882938385010e-01
4.166480302810668945e-01
4.249882698059082031e-01
3.374688029289245605e-01
3.304244875907897949e-01
4.267145395278930664e-01
3.634574115276336670e-01
3.011851012706756592e-01
1.298503279685974121e+00
1.759818792343139648e+00
1.646155595779418945e+00
1.222444891929626465e+00
9.317468404769897461e-01
3.256587386131286621e-01
3.081115484237670898e-01
1.109644889831542969e+00
1.333765983581542969e+00
1.120326757431030273e+00
1.128068923950195312e+00
1.355504989624023438e+00
1.089118242263793945e+00
1.093362092971801758e+00
1.266206026077270508e+00
1.233046770095825195e+00
1.141860961914062500e+00
1.363013625144958496e+00
1.364664196968078613e+00
1.285926580429077148e+00
1.775782823562622070e+00
1.276408195495605469e+00
1.214641690254211426e+00
1.113962411880493164e+00
1.276076316833496094e+00
1.366901397705078125e+00
1.961756110191345215e+00
1.195155143737792969e+00
1.332481861114501953e+00
1.493185400962829590e+00
2.431584119796752930e+00
2.307334423065185547e+00
2.298533916473388672e+00
2.157362937927246094e+00
2.329463481903076172e+00
1.155689716339111328e+00
5.945312976837158203e-01
9.440804123878479004e-01
8.534746170043945312e-01
5.844288468360900879e-01
6.719598174095153809e-01
5.582516789436340332e-01
4.820773899555206299e-01
1.263017416000366211e+00
1.189234614372253418e+00
1.027167201042175293e+00
1.305791258811950684e+00
1.342312932014465332e+00
1.217329382896423340e+00
1.268298268318176270e+00
1.868503332138061523e+00
6.886696815490722656e-01
5.107241868972778320e-01
6.391519308090209961e-01
6.207618713378906250e-01
5.223286747932434082e-01
4.183320701122283936e-01
3.851275742053985596e-01
3.743201792240142822e-01
3.717845082283020020e-01
3.697052001953125000e-01
3.590556681156158447e-01
3.624731302261352539e-01
3.815591037273406982e-01
2.882035374641418457e-01
3.665785491466522217e-01
4.385119974613189697e-01
3.669740855693817139e-01
3.804810643196105957e-01
6.877856850624084473e-01
4.443705677986145020e-01
3.854134678840637207e-01
4.302797317504882812e-01
5.550403594970703125e-01
4.145840704441070557e-01
1.186237692832946777e+00
9.496481418609619141e-01
4.082507491111755371e-01
3.773336112499237061e-01
3.912336528301239014e-01
4.090757966041564941e-01
1.376385211944580078e+00
2.150078058242797852e+00
2.171826839447021484e+00
1.838632702827453613e+00
1.557289242744445801e+00
1.936605453491210938e+00
2.930061817169189453e+00
1.361440777778625488e+00
1.579755663871765137e+00
2.273466587066650391e+00
1.662013530731201172e+00
1.493319988250732422e+00
1.485793590545654297e+00
3.153432369232177734e+00
2.180059432983398438e+00
1.292001366615295410e+00
1.424857735633850098e+00
1.717057585716247559e+00
7.712430357933044434e-01
4.658570885658264160e-01
6.757040023803710938e-01
5.476287007331848145e-01
3.615929782390594482e-01
4.958212077617645264e-01
5.262630581855773926e-01
3.395270109176635742e-01
3.690514564514160156e-01
3.952705860137939453e-01
3.516363799571990967e-01
3.396944999694824219e-01
4.144119322299957275e-01
3.441439270973205566e-01
3.221557736396789551e-01
3.420330882072448730e-01
1.088433027267456055e+00
7.522014379501342773e-01
3.902195096015930176e-01
3.433531522750854492e-01
3.023245334625244141e-01
3.638890981674194336e-01
3.399644792079925537e-01
2.847449779510498047e-01
3.365083634853363037e-01
5.736576318740844727e-01
2.491541802883148193e-01
3.251752555370330811e-01
5.152416229248046875e-01
3.917985856533050537e-01
3.374641537666320801e-01
4.906665086746215820e-01
3.916894793510437012e-01
3.487380743026733398e-01
4.385816156864166260e-01
4.100537896156311035e-01
4.104767143726348877e-01
4.138620793819427490e-01
3.653656840324401855e-01
3.356550931930541992e-01
1.279634952545166016e+00
1.339412927627563477e+00
6.260177493095397949e-01
7.516118288040161133e-01
9.828414320945739746e-01
7.701321244239807129e-01
7.877653837203979492e-01
1.265019774436950684e+00
1.397829174995422363e+00
1.366284370422363281e+00
1.900753140449523926e+00
1.968829751014709473e+00
1.369948744773864746e+00
1.439419507980346680e+00
1.337152719497680664e+00
4.112016856670379639e-01
1.599901318550109863e+00
1.855449080467224121e+00
1.719929337501525879e+00
1.642039775848388672e+00
1.543163299560546875e+00
1.622333288192749023e+00
1.794832110404968262e+00
2.782680511474609375e+00
2.484212398529052734e+00
2.565512657165527344e+00
3.467124938964843750e+00
3.364418029785156250e+00
2.099214076995849609e+00
9.737857580184936523e-01
1.057321190834045410e+00
8.895667195320129395e-01
9.460294842720031738e-01
1.119484663009643555e+00
8.411974906921386719e-01
4.046463668346405029e-01
3.566729426383972168e-01
3.055361211299896240e-01
3.422002792358398438e-01
3.343005180358886719e-01
3.281437158584594727e-01
4.886343479156494141e-01
1.344603538513183594e+00
3.468805253505706787e-01
3.836227953433990479e-01
5.174754858016967773e-01
3.759006261825561523e-01
4.442713260650634766e-01
4.768306016921997070e-01
5.360925197601318359e-01
1.342003107070922852e+00
1.575989842414855957e+00
1.649173736572265625e+00
1.184584856033325195e+00
3.119853734970092773e-01
3.853635787963867188e-01
4.040968120098114014e-01
3.434109687805175781e-01
4.167557358741760254e-01
4.261934757232666016e-01
3.262527287006378174e-01
3.440208435058593750e-01
3.768964111804962158e-01
4.075723588466644287e-01
4.694691598415374756e-01
1.212114453315734863e+00
3.810177743434906006e-01
3.805309534072875977e-01
3.096328079700469971e-01
3.567825853824615479e-01
5.111610889434814453e-01
4.040929675102233887e-01
3.809286653995513916e-01
5.469917058944702148e-01
5.700091123580932617e-01
4.396086633205413818e-01
4.268584549427032471e-01
6.028761863708496094e-01
5.743606686592102051e-01
4.635996222496032715e-01
6.089893579483032227e-01
1.949980258941650391e+00
2.351536273956298828e+00
2.486354827880859375e+00
2.343259334564208984e+00
1.976504445075988770e+00
1.827580809593200684e+00
1.975910186767578125e+00
2.303303003311157227e+00
1.923636436462402344e+00
4.453693389892578125e+00
4.801174163818359375e+00
4.751891613006591797e+00
3.188519716262817383e+00
2.562357902526855469e+00
1.688336610794067383e+00
1.777528524398803711e+00
1.677703976631164551e+00
2.692595481872558594e+00
2.493752002716064453e+00
3.854156017303466797e+00
4.921803474426269531e+00
3.164881467819213867e+00
3.134520292282104492e+00
2.946974754333496094e+00
1.562122464179992676e+00
1.494051814079284668e+00
4.674851894378662109e+00
4.452483177185058594e+00
2.913416862487792969e+00
2.866574048995971680e+00
2.004399538040161133e+00
5.424817204475402832e-01
3.156952857971191406e-01
9.658618569374084473e-01
2.503134012222290039e+00
2.876145601272583008e+00
2.931975841522216797e+00
2.387914180755615234e+00
6.056522727012634277e-01
9.059136509895324707e-01
1.358022809028625488e+00
4.613549232482910156e+00
3.024177074432373047e+00
1.509323477745056152e+00
1.838556528091430664e+00
1.064893722534179688e+00
1.411790698766708374e-01
7.321212887763977051e-01
1.033290505409240723e+00
3.303329348564147949e-01
4.279186427593231201e-01
7.381988763809204102e-01
1.429816126823425293e+00
8.035632967948913574e-01
4.641840159893035889e-01
5.474815368652343750e-01
3.487964570522308350e-01
4.644912779331207275e-01
6.187190413475036621e-01
4.363035857677459717e-01
3.377327620983123779e-01
5.841161012649536133e-01
5.733481645584106445e-01
4.188594520092010498e-01
8.911910057067871094e-01
1.136466979980468750e+00
9.162411093711853027e-01
9.143276214599609375e-01
1.064312577247619629e+00
1.214792132377624512e+00
1.135550975799560547e+00
1.629446864128112793e+00
3.023549556732177734e+00
2.594413518905639648e+00
2.684504032135009766e+00
4.865847110748291016e+00
4.165148258209228516e+00
3.904297590255737305e+00
3.287295818328857422e+00
2.909001827239990234e+00
2.361784934997558594e+00
5.149876117706298828e+00
4.318802356719970703e+00
5.037796020507812500e+00
4.042960643768310547e+00
3.972482442855834961e+00
3.570045948028564453e+00
3.664283990859985352e+00
2.870291948318481445e+00
1.672778487205505371e+00
2.453912496566772461e+00
3.477429389953613281e+00
2.408802747726440430e+00
1.353664040565490723e+00
2.059959411621093750e+00
2.036484003067016602e+00
1.773056387901306152e+00
1.782974600791931152e+00
1.411119461059570312e+00
4.580784738063812256e-01
3.180128037929534912e-01
5.078006386756896973e-01
3.105488419532775879e-01
3.330974876880645752e-01
3.650556802749633789e-01
4.821048080921173096e-01
3.850664496421813965e-01
3.045334815979003906e-01
1.309912919998168945e+00
6.453248858451843262e-01
2.858221828937530518e-01
5.107677578926086426e-01
3.898974359035491943e-01
2.667888104915618896e-01
3.487564325332641602e-01
3.447568118572235107e-01
2.721811532974243164e-01
3.074136972427368164e-01
5.755842328071594238e-01
4.991114735603332520e-01
3.064708113670349121e-01
4.579680263996124268e-01
4.918942153453826904e-01
3.564991652965545654e-01
3.663979172706604004e-01
6.226150393486022949e-01
4.098128378391265869e-01
3.595997393131256104e-01
6.163579821586608887e-01
1.262409210205078125e+00
3.259528577327728271e-01
3.175391554832458496e-01
5.338029861450195312e-01
2.992691397666931152e-01
3.155020475387573242e-01
5.111443996429443359e-01
4.257812500000000000e-01
3.245873153209686279e-01
3.976067304611206055e-01
6.373237371444702148e-01
4.232058227062225342e-01
4.650753736495971680e-01
6.433387994766235352e-01
6.264461278915405273e-01
1.782218694686889648e+00
2.677860498428344727e+00
3.070350885391235352e+00
2.798898458480834961e+00
2.685681104660034180e+00
2.500390291213989258e+00
1.978360414505004883e+00
1.880253672599792480e+00
2.609175443649291992e+00
1.557891488075256348e+00
1.490221619606018066e+00
2.409291744232177734e+00
1.530088543891906738e+00
1.863321781158447266e+00
2.173052787780761719e+00
1.394040942192077637e+00
1.450185537338256836e+00
1.393046498298645020e+00
1.476751923561096191e+00
1.395758390426635742e+00
1.390310764312744141e+00
1.500867843627929688e+00
1.475402474403381348e+00
1.412709474563598633e+00
1.321474909782409668e+00
1.495710968971252441e+00
1.377487540245056152e+00
1.418042540550231934e+00
1.498402833938598633e+00
1.406118988990783691e+00
1.386854648590087891e+00
1.429486751556396484e+00
1.540136456489562988e+00
1.871640920639038086e+00
1.697939634323120117e+00
2.337291717529296875e+00
1.452964305877685547e+00
1.625255107879638672e+00
1.804901123046875000e+00
2.576166152954101562e+00
1.269377112388610840e+00
1.627095699310302734e+00
1.525264143943786621e+00
1.379202127456665039e+00
1.445217490196228027e+00
1.584589123725891113e+00
1.345068335533142090e+00
1.455428957939147949e+00
1.990350842475891113e+00
1.462935209274291992e+00
1.445443630218505859e+00
1.573652029037475586e+00
1.607002377510070801e+00
1.796387076377868652e+00
1.693128585815429688e+00
1.643883943557739258e+00
9.813084006309509277e-01
1.260445833206176758e+00
1.232951879501342773e+00
5.873079895973205566e-01
5.719140768051147461e-01
1.135668039321899414e+00
9.415170550346374512e-01
9.062666893005371094e-01
7.435541749000549316e-01
9.798441529273986816e-01
1.145537137985229492e+00
1.098811745643615723e+00
1.179449081420898438e+00
1.205884695053100586e+00
1.139203906059265137e+00
1.415482163429260254e+00
1.611016511917114258e+00
1.478058815002441406e+00
1.736425399780273438e+00
2.680507659912109375e+00
1.630069136619567871e+00
1.858057975769042969e+00
2.020926237106323242e+00
1.604482889175415039e+00
1.297600626945495605e+00
2.636203527450561523e+00
2.548418283462524414e+00
2.616988182067871094e+00
2.624464035034179688e+00
2.654193878173828125e+00
2.584374666213989258e+00
1.433121204376220703e+00
1.588110208511352539e+00
1.984863400459289551e+00
1.966880917549133301e+00
1.706247806549072266e+00
1.902524113655090332e+00
1.967784047126770020e+00
1.625297904014587402e+00
8.983622193336486816e-01
9.213100075721740723e-01
8.868290185928344727e-01
3.543239235877990723e-01
4.226354062557220459e-01
3.882279098033905029e-01
3.078174591064453125e-01
3.515700399875640869e-01
3.562615215778350830e-01
3.290008306503295898e-01
2.977035045623779297e-01
3.639231026172637939e-01
3.587346971035003662e-01
2.974121272563934326e-01
3.330330848693847656e-01
3.357450067996978760e-01
3.306939303874969482e-01
3.033915758132934570e-01
1.075020790100097656e+00
1.109385609626770020e+00
3.443752527236938477e-01
1.314249873161315918e+00
1.525681614875793457e+00
1.393008351325988770e+00
1.290368914604187012e+00
3.230857849121093750e-01
5.178439021110534668e-01
4.029187262058258057e-01
3.789694309234619141e-01
3.896885812282562256e-01
3.801910877227783203e-01
3.047297298908233643e-01
3.096681535243988037e-01
4.619342088699340820e-01
3.168632388114929199e-01
2.957360446453094482e-01
3.868319392204284668e-01
5.269516110420227051e-01
3.120388388633728027e-01
8.356535434722900391e-01
1.212616086006164551e+00
4.268926978111267090e-01
3.522895574569702148e-01
3.661216497421264648e-01
6.375367045402526855e-01
3.527330458164215088e-01
3.870898485183715820e-01
5.260449051856994629e-01
7.608187794685363770e-01
1.521095156669616699e+00
2.002292633056640625e+00
2.210425376892089844e+00
2.664188385009765625e+00
2.479506254196166992e+00
2.809599399566650391e+00
2.233340263366699219e+00
2.154098749160766602e+00
1.969484329223632812e+00
2.116929054260253906e+00
1.472908258438110352e+00
1.446231365203857422e+00
2.784310340881347656e+00
2.217673540115356445e+00
1.369347214698791504e+00
1.419040322303771973e+00
1.507350802421569824e+00
1.394443273544311523e+00
1.471156477928161621e+00
8.045451045036315918e-01
2.636591196060180664e+00
1.171566009521484375e+00
6.533617377281188965e-01
1.588238716125488281e+00
6.827126741409301758e-01
5.830948352813720703e-01
1.371169328689575195e+00
2.600942134857177734e+00
3.133432149887084961e+00
3.115416049957275391e+00
2.041263103485107422e+00
1.866226911544799805e+00
1.936163544654846191e+00
1.911462903022766113e+00
1.889046669006347656e+00
2.169958114624023438e+00
2.158918380737304688e+00
1.771586418151855469e+00
1.891008615493774414e+00
1.933144927024841309e+00
8.948060870170593262e-01
7.975829839706420898e-01
8.350938558578491211e-01
6.108313202857971191e-01
5.983774065971374512e-01
1.336617708206176758e+00
5.345473885536193848e-01
3.336330950260162354e-01
4.960780441761016846e-01
8.046687245368957520e-01
1.382878541946411133e+00
2.123683929443359375e+00
2.120716810226440430e+00
2.086201190948486328e+00
2.045885562896728516e+00
1.608256936073303223e+00
1.589756727218627930e+00
2.826854228973388672e+00
1.636937499046325684e+00
1.453014492988586426e+00
1.509945392608642578e+00
1.528043270111083984e+00
1.465032815933227539e+00
1.453907966613769531e+00
1.477150678634643555e+00
1.597518563270568848e+00
2.028302907943725586e+00
1.435704112052917480e+00
1.371279001235961914e+00
1.294699072837829590e+00
1.192410111427307129e+00
2.437405109405517578e+00
3.424462080001831055e+00
3.081251382827758789e+00
2.127154111862182617e+00
2.148192644119262695e+00
1.926517248153686523e+00
1.618617296218872070e+00
1.643383622169494629e+00
3.033742189407348633e+00
1.547414541244506836e+00
1.149852037429809570e+00
1.265034556388854980e+00
1.158515095710754395e+00
8.713737130165100098e-01
1.347970843315124512e+00
1.710682392120361328e+00
2.700992584228515625e+00
5.985931158065795898e-01
5.708582401275634766e-01
5.735213756561279297e-01
5.908010601997375488e-01
3.694078028202056885e-01
4.798752963542938232e-01
1.698619127273559570e+00
1.365220904350280762e+00
1.817405104637145996e+00
8.488700389862060547e-01
8.146924972534179688e-01
7.945333719253540039e-01
5.327748060226440430e-01
5.011907815933227539e-01
4.284884929656982422e-01
3.877471387386322021e-01
4.096256494522094727e-01
3.782943189144134521e-01
6.330321431159973145e-01
1.308145165443420410e+00
6.419044137001037598e-01
4.538442194461822510e-01
3.716373145580291748e-01
4.012856483459472656e-01
3.705995678901672363e-01
3.504807949066162109e-01
3.525954484939575195e-01
3.353429138660430908e-01
3.452594876289367676e-01
3.600857257843017578e-01
4.221121668815612793e-01
4.895199835300445557e-01
4.244954586029052734e-01
5.652411580085754395e-01
4.761933386325836182e-01
4.133300781250000000e-01
5.652929544448852539e-01
4.571079015731811523e-01
4.473916590213775635e-01
4.647253453731536865e-01
5.019366145133972168e-01
4.402086734771728516e-01
1.232336282730102539e+00
6.148810982704162598e-01
3.745627701282501221e-01
4.252119362354278564e-01
4.068577885627746582e-01
4.406411945819854736e-01
4.302202463150024414e-01
4.536663293838500977e-01
4.080468416213989258e-01
3.981203734874725342e-01
4.145188331604003906e-01
4.596049189567565918e-01
3.743267655372619629e-01
3.994725048542022705e-01
4.153318107128143311e-01
4.119486212730407715e-01
3.983903527259826660e-01
1.590225100517272949e+00
1.382588863372802734e+00
1.360183000564575195e+00
6.940131783485412598e-01
1.090994715690612793e+00
6.155710220336914062e-01
6.076980829238891602e-01
8.067209124565124512e-01
1.298971414566040039e+00
5.563050508499145508e-01
5.395677685737609863e-01
5.617378950119018555e-01
4.183052182197570801e-01
1.456221699714660645e+00
2.477899551391601562e+00
2.469612121582031250e+00
1.573636412620544434e+00
1.902093172073364258e+00
1.830876231193542480e+00
1.667558789253234863e+00
1.806805014610290527e+00
2.105924129486083984e+00
1.844909191131591797e+00
1.861071944236755371e+00
2.237069845199584961e+00
2.123814344406127930e+00
1.841048836708068848e+00
2.168817043304443359e+00
2.301841497421264648e+00
2.326716899871826172e+00
2.076434850692749023e+00
2.192946910858154297e+00
1.496776103973388672e+00
1.010351300239562988e+00
9.693708419799804688e-01
2.565128564834594727e+00
1.498885273933410645e+00
9.743651747703552246e-01
8.608782291412353516e-01
7.756274938583374023e-01
9.029904007911682129e-01
1.317016601562500000e+00
1.549199223518371582e+00
2.575458049774169922e+00
1.325687170028686523e+00
9.245451688766479492e-01
1.195238471031188965e+00
1.321410775184631348e+00
2.309126615524291992e+00
1.525344014167785645e+00
1.841343760490417480e+00
2.238440752029418945e+00
1.868756890296936035e+00
1.836627125740051270e+00
1.170780539512634277e+00
9.164400696754455566e-01
9.566233754158020020e-01
1.512150287628173828e+00
1.024758338928222656e+00
1.130472421646118164e+00
1.081726074218750000e+00
1.152778267860412598e+00
1.166606187820434570e+00
1.730611562728881836e+00
1.681768059730529785e+00
1.761210680007934570e+00
1.720979690551757812e+00
1.713863849639892578e+00
1.918444514274597168e+00
2.636341810226440430e+00
2.385475873947143555e+00
2.185111999511718750e+00
1.390068411827087402e+00
1.127326965332031250e+00
2.276837110519409180e+00
2.557235479354858398e+00
2.499370336532592773e+00
2.675110816955566406e+00
2.603852033615112305e+00
2.329251766204833984e+00
1.833107113838195801e+00
1.803333282470703125e+00
1.595589518547058105e+00
1.580307960510253906e+00
2.096524000167846680e+00
2.269536495208740234e+00
1.707232832908630371e+00
1.871903181076049805e+00
1.703504920005798340e+00
1.344731211662292480e+00
1.344166636466979980e+00
1.780447483062744141e+00
1.491412043571472168e+00
1.046877503395080566e+00
7.666386961936950684e-01
8.292591571807861328e-01
7.503203153610229492e-01
3.447540700435638428e-01
4.097191095352172852e-01
3.840873837471008301e-01
3.860833644866943359e-01
3.245979845523834229e-01
3.965177237987518311e-01
3.745115101337432861e-01
3.359697759151458740e-01
3.471652865409851074e-01
3.813554644584655762e-01
3.465493917465209961e-01
3.474835157394409180e-01
3.753943741321563721e-01
3.564141988754272461e-01
4.599957764148712158e-01
1.024187922477722168e+00
3.231274485588073730e-01
3.355084657669067383e-01
3.275905847549438477e-01
4.262496829032897949e-01
5.524155497550964355e-01
3.625498712062835693e-01
4.273553788661956787e-01
4.172861278057098389e-01
1.630538940429687500e+00
1.352023839950561523e+00
1.395371437072753906e+00
8.747632503509521484e-01
4.056720435619354248e-01
3.438848853111267090e-01
3.722249865531921387e-01
4.482860565185546875e-01
3.521996438503265381e-01
3.454760313034057617e-01
4.183907508850097656e-01
4.462760984897613525e-01
3.556239604949951172e-01
3.953333497047424316e-01
4.512644112110137939e-01
4.726182818412780762e-01
3.550228774547576904e-01
4.362410902976989746e-01
5.047118663787841797e-01
1.471294641494750977e+00
1.941727161407470703e+00
2.484523534774780273e+00
2.685256242752075195e+00
2.508226871490478516e+00
2.565997838973999023e+00
2.557946681976318359e+00
2.181246519088745117e+00
2.356487035751342773e+00
1.815695285797119141e+00
1.723395347595214844e+00
1.930251598358154297e+00
1.699809789657592773e+00
1.690479397773742676e+00
1.856619834899902344e+00
1.890570163726806641e+00
1.190658569335937500e+00
1.350143074989318848e+00
1.493750572204589844e+00
1.374875664710998535e+00
1.316055893898010254e+00
1.357379198074340820e+00
1.402391076087951660e+00
1.284448027610778809e+00
1.273473501205444336e+00
1.265049099922180176e+00
1.309570550918579102e+00
1.281022667884826660e+00
1.246856689453125000e+00
1.282351732254028320e+00
1.361297726631164551e+00
1.281644344329833984e+00
1.248823285102844238e+00
1.321831226348876953e+00
1.520098805427551270e+00
1.766989469528198242e+00
1.530810594558715820e+00
1.433908700942993164e+00
1.580355167388916016e+00
1.687625050544738770e+00
1.555658340454101562e+00
1.538512110710144043e+00
2.121750831604003906e+00
3.390036106109619141e+00
1.610977411270141602e+00
1.484582066535949707e+00
1.638360261917114258e+00
1.576871871948242188e+00
1.429434657096862793e+00
7.221655249595642090e-01
7.664010524749755859e-01
2.290542125701904297e+00
1.234721183776855469e+00
5.524821877479553223e-01
5.848295688629150391e-01
4.671212434768676758e-01
5.273630023002624512e-01
7.250257134437561035e-01
4.866298735141754150e-01
4.062969982624053955e-01
5.534908771514892578e-01
5.719842314720153809e-01
3.931282162666320801e-01
5.540815591812133789e-01
5.963981747627258301e-01
6.216384768486022949e-01
9.075403809547424316e-01
1.266710638999938965e+00
1.190097212791442871e+00
1.182993769645690918e+00
1.330291986465454102e+00
1.908924579620361328e+00
2.087104558944702148e+00
2.081475734710693359e+00
2.453776121139526367e+00
2.377105951309204102e+00
1.943843245506286621e+00
1.366641044616699219e+00
1.950933337211608887e+00
2.843216419219970703e+00
3.288867473602294922e+00
2.619018554687500000e+00
2.712596893310546875e+00
2.504556655883789062e+00
2.644078016281127930e+00
2.477421522140502930e+00
2.756766080856323242e+00
2.780829906463623047e+00
2.711969852447509766e+00
2.870258092880249023e+00
2.546528100967407227e+00
2.402544975280761719e+00
2.664247035980224609e+00
2.585048675537109375e+00
2.543524980545043945e+00
2.095948457717895508e+00
8.806478381156921387e-01
1.070644617080688477e+00
9.082760810852050781e-01
4.646044671535491943e-01
3.993395566940307617e-01
3.481512367725372314e-01
4.825751483440399170e-01
1.216159820556640625e+00
3.388091623783111572e-01
2.549962997436523438e-01
4.245784878730773926e-01
4.392980933189392090e-01
3.407322168350219727e-01
3.100173473358154297e-01
4.926550984382629395e-01
3.244664371013641357e-01
3.240117132663726807e-01
2.899734079837799072e-01
3.361830115318298340e-01
2.935934066772460938e-01
2.574130296707153320e-01
3.129370510578155518e-01
2.749687433242797852e-01
2.524784505367279053e-01
2.971021234989166260e-01
3.334214687347412109e-01
2.820437550544738770e-01
2.623314559459686279e-01
3.138799369335174561e-01
3.062984049320220947e-01
2.627960443496704102e-01
2.918589115142822266e-01
3.690029680728912354e-01
2.709945738315582275e-01
2.573360204696655273e-01
3.344011008739471436e-01
4.679180383682250977e-01
2.697046697139739990e-01
3.298510909080505371e-01
5.719691514968872070e-01
4.677028656005859375e-01
3.832867443561553955e-01
4.586971104145050049e-01
6.128837466239929199e-01
4.703166782855987549e-01
1.586493015289306641e+00
1.537571430206298828e+00
1.519855141639709473e+00
1.800811290740966797e+00
2.572398900985717773e+00
2.326731204986572266e+00
1.946962475776672363e+00
2.007413625717163086e+00
2.484119892120361328e+00
2.129705905914306641e+00
1.829817652702331543e+00
2.002161979675292969e+00
2.171098470687866211e+00
1.732512116432189941e+00
1.782849073410034180e+00
1.825210332870483398e+00
2.509023189544677734e+00
1.614819645881652832e+00
1.766139507293701172e+00
2.486655712127685547e+00
1.683257222175598145e+00
1.853429794311523438e+00
1.945241928100585938e+00
9.542110562324523926e-01
1.075118064880371094e+00
1.303836107254028320e+00
1.960749268531799316e+00
9.391406178474426270e-01
1.215649724006652832e+00
1.047918796539306641e+00
9.196906089782714844e-01
2.023267984390258789e+00
1.411167383193969727e+00
2.066474676132202148e+00
1.503742575645446777e+00
2.207352638244628906e+00
2.835966825485229492e+00
1.556430220603942871e+00
6.115993261337280273e-01
4.488948285579681396e-01
7.214747667312622070e-01
7.423775196075439453e-01
6.747791767120361328e-01
1.732161283493041992e+00
2.039082288742065430e+00
3.707793951034545898e-01
3.934333026409149170e-01
5.322537422180175781e-01
5.776542425155639648e-01
8.285124897956848145e-01
1.067829847335815430e+00
5.442554354667663574e-01
4.575502872467041016e-01
4.918174743652343750e-01
5.005376338958740234e-01
5.357969999313354492e-01
5.312311053276062012e-01
5.740345120429992676e-01
6.164401769638061523e-01
5.783731937408447266e-01
4.958856105804443359e-01
5.731549263000488281e-01
1.437388896942138672e+00
5.500843524932861328e-01
8.420463800430297852e-01
9.735462069511413574e-01
8.093451261520385742e-01
2.433084011077880859e+00
2.410399198532104492e+00
2.717682123184204102e+00
2.934442281723022461e+00
2.830903053283691406e+00
2.589918136596679688e+00
2.961396455764770508e+00
2.779111385345458984e+00
2.889849424362182617e+00
2.899021387100219727e+00
2.421434164047241211e+00
2.967962980270385742e+00
2.209108829498291016e+00
2.259022712707519531e+00
2.575081110000610352e+00
2.450565338134765625e+00
2.634570837020874023e+00
2.610826492309570312e+00
2.611523628234863281e+00
4.126795768737792969e+00
4.121658802032470703e+00
4.216382026672363281e+00
3.870975494384765625e+00
3.291961431503295898e+00
2.662761449813842773e+00
2.677355527877807617e+00
2.507395982742309570e+00
2.640489101409912109e+00
2.442984819412231445e+00
2.456822156906127930e+00
2.260134696960449219e+00
2.196212768554687500e+00
2.291608095169067383e+00
2.197784662246704102e+00
2.155808687210083008e+00
2.045172691345214844e+00
1.874050498008728027e+00
6.252707839012145996e-01
7.940512299537658691e-01
9.748048782348632812e-01
9.631773233413696289e-01
7.209306955337524414e-01
1.138330340385437012e+00
1.109302759170532227e+00
8.100928664207458496e-01
6.083137392997741699e-01
6.280394792556762695e-01
5.055747032165527344e-01
4.415684640407562256e-01
2.989731132984161377e-01
2.732070982456207275e-01
4.542811214923858643e-01
3.261441886425018311e-01
2.707325518131256104e-01
3.124039173126220703e-01
4.997884929180145264e-01
2.681417763233184814e-01
3.087301850318908691e-01
3.300034701824188232e-01
5.091856718063354492e-01
2.423812299966812134e-01
2.864304184913635254e-01
3.522467911243438721e-01
3.866334855556488037e-01
2.413783073425292969e-01
3.327894210815429688e-01
3.600610494613647461e-01
3.801779150962829590e-01
3.178055882453918457e-01
3.756890296936035156e-01
4.304554462432861328e-01
3.692808747291564941e-01
2.989490032196044922e-01
3.664022982120513916e-01
4.730072021484375000e-01
5.156456232070922852e-01
4.123841524124145508e-01
4.843132197856903076e-01
5.890517830848693848e-01
4.960635006427764893e-01
4.204204380512237549e-01
1.802945375442504883e+00
2.501302003860473633e+00
2.894311189651489258e+00
2.439756631851196289e+00
2.408358573913574219e+00
2.624174118041992188e+00
2.684065818786621094e+00
2.919083118438720703e+00
2.140697956085205078e+00
2.451761722564697266e+00
1.740578770637512207e+00
3.190729379653930664e+00
2.204581737518310547e+00
1.754863381385803223e+00
1.345705151557922363e+00
1.574289679527282715e+00
1.428741455078125000e+00
1.432579636573791504e+00
1.813309311866760254e+00
5.306292533874511719e+00
4.402108192443847656e+00
3.271717071533203125e+00
2.765202522277832031e+00
1.870691657066345215e+00
1.876288294792175293e+00
1.564981818199157715e+00
2.958769083023071289e+00
4.174910545349121094e+00
3.227107048034667969e+00
2.802800416946411133e+00
2.764826536178588867e+00
1.551476478576660156e+00
1.346976161003112793e+00
1.539972305297851562e+00
1.722574710845947266e+00
1.498235940933227539e+00
1.467210531234741211e+00
1.551523923873901367e+00
1.739395260810852051e+00
1.648600816726684570e+00
1.627214312553405762e+00
2.935370445251464844e+00
2.718555688858032227e+00
3.046107292175292969e+00
2.710684776306152344e+00
2.120136260986328125e+00
1.327260255813598633e+00
1.429259777069091797e+00
1.428999900817871094e+00
2.135113477706909180e+00
1.694717526435852051e+00
1.433457016944885254e+00
1.606041669845581055e+00
1.496215820312500000e+00
1.578418135643005371e+00
1.634002685546875000e+00
1.620444655418395996e+00
1.552110195159912109e+00
1.653773665428161621e+00
1.653429627418518066e+00
1.728601813316345215e+00
1.738114118576049805e+00
1.627447843551635742e+00
9.774433374404907227e-01
7.599255442619323730e-01
1.678267002105712891e+00
1.693596243858337402e+00
1.619012832641601562e+00
2.095919132232666016e+00
1.956149101257324219e+00
1.939342856407165527e+00
1.471652030944824219e+00
1.704269886016845703e+00
1.776397347450256348e+00
1.524349212646484375e+00
1.300693035125732422e+00
1.157330274581909180e+00
1.240457534790039062e+00
4.260131418704986572e-01
4.212931692600250244e-01
4.571152925491333008e-01
7.443817257881164551e-01
4.441356658935546875e-01
3.578592240810394287e-01
3.818463683128356934e-01
6.064189076423645020e-01
4.659664630889892578e-01
4.081589281558990479e-01
3.404973149299621582e-01
4.482687711715698242e-01
7.125959396362304688e-01
9.782338142395019531e-01
2.861278057098388672e-01
4.247410297393798828e-01
7.206366062164306641e-01
4.120604395866394043e-01
4.354560673236846924e-01
4.447861015796661377e-01
1.458670139312744141e+00
1.463700175285339355e+00
1.394185304641723633e+00
1.286719799041748047e+00
1.387725472450256348e+00
3.886086344718933105e-01
8.830626606941223145e-01
7.850287556648254395e-01
5.290873646736145020e-01
1.030730366706848145e+00
7.729325890541076660e-01
4.149412214756011963e-01
4.550971090793609619e-01
5.098317265510559082e-01
4.378456473350524902e-01
3.748160302639007568e-01
3.863590955734252930e-01
3.586058616638183594e-01
3.727323412895202637e-01
3.529345095157623291e-01
4.033301472663879395e-01
3.732059597969055176e-01
3.594544827938079834e-01
3.479963541030883789e-01
3.869895339012145996e-01
3.926537632942199707e-01
3.647889792919158936e-01
5.763358473777770996e-01
3.920666575431823730e-01
4.568883478641510010e-01
3.625411093235015869e-01
3.708084225654602051e-01
3.747261166572570801e-01
5.308983325958251953e-01
4.262299537658691406e-01
4.483214020729064941e-01
4.080144762992858887e-01
5.158906579017639160e-01
3.900923132896423340e-01
4.360769093036651611e-01
3.652338385581970215e-01
3.779473304748535156e-01
1.338564872741699219e+00
1.437015891075134277e+00
1.340720415115356445e+00
1.297263026237487793e+00
1.334654092788696289e+00
2.123080193996429443e-01
4.808250367641448975e-01
1.326962828636169434e+00
4.033959507942199707e-01
3.960492908954620361e-01
1.596479535102844238e+00
7.957547903060913086e-01
9.070146679878234863e-01
9.029295444488525391e-01
9.340489506721496582e-01
9.277000427246093750e-01
1.116184830665588379e+00
1.207516193389892578e+00
1.124077796936035156e+00
1.383109331130981445e+00
9.438838958740234375e-01
1.094852328300476074e+00
1.111914992332458496e+00
1.170660972595214844e+00
1.129531741142272949e+00
1.157153964042663574e+00
1.552434206008911133e+00
1.947475075721740723e+00
1.757358551025390625e+00
1.827967286109924316e+00
2.180500507354736328e+00
3.075602531433105469e+00
1.863058686256408691e+00
1.901071906089782715e+00
3.038926362991333008e+00
2.668528318405151367e+00
2.841055393218994141e+00
2.508599519729614258e+00
1.972187399864196777e+00
1.842578291893005371e+00
5.591580867767333984e-01
1.054403185844421387e+00
8.740267157554626465e-01
6.025634407997131348e-01
6.196696162223815918e-01
2.063017368316650391e+00
1.605991005897521973e+00
2.902455329895019531e+00
2.391618728637695312e+00
1.641170620918273926e+00
1.664209961891174316e+00
1.029864311218261719e+00
1.208791851997375488e+00
1.997141003608703613e+00
2.980570316314697266e+00
2.718329429626464844e+00
3.051846742630004883e+00
3.561119556427001953e+00
1.497664213180541992e+00
1.798404455184936523e+00
2.026046752929687500e+00
2.004726409912109375e+00
2.414501190185546875e+00
2.841642856597900391e+00
4.068199157714843750e+00
3.144651889801025391e+00
2.544552326202392578e+00
2.541771888732910156e+00
2.377176046371459961e+00
2.253054857254028320e+00
2.289901494979858398e+00
2.492323637008666992e+00
2.133105754852294922e+00
1.238288044929504395e+00
1.225390076637268066e+00
1.708384633064270020e+00
1.608618974685668945e+00
1.893239021301269531e+00
2.189666509628295898e+00
1.816420912742614746e+00
6.741306781768798828e-01
6.319952607154846191e-01
1.678196072578430176e+00
2.749149560928344727e+00
2.450799226760864258e+00
2.235423564910888672e+00
2.356876850128173828e+00
1.518093228340148926e+00
1.335465073585510254e+00
1.193498849868774414e+00
1.405670881271362305e+00
1.069778680801391602e+00
9.612704515457153320e-01
7.692009806632995605e-01
5.511928200721740723e-01
6.739590764045715332e-01
5.933397412300109863e-01
6.060146093368530273e-01
5.418230891227722168e-01
6.051396727561950684e-01
5.757418870925903320e-01
3.958845734596252441e-01
3.260219395160675049e-01
3.860866427421569824e-01
3.887944817543029785e-01
2.837897539138793945e-01
2.614639103412628174e-01
3.392660617828369141e-01
3.001542091369628906e-01
1.064543962478637695e+00
1.326982021331787109e+00
1.398476600646972656e+00
7.336058020591735840e-01
2.675239443778991699e-01
3.145188689231872559e-01
3.056761920452117920e-01
4.012881219387054443e-01
2.947953343391418457e-01
2.504481971263885498e-01
3.611675798892974854e-01
3.992852866649627686e-01
4.170912504196166992e-01
3.783749043941497803e-01
3.938356637954711914e-01
4.331130981445312500e-01
4.624840617179870605e-01
3.721739947795867920e-01
3.680616915225982666e-01
3.824545741081237793e-01
4.483367502689361572e-01
3.663096725940704346e-01
4.104106426239013672e-01
4.102223515510559082e-01
3.799282312393188477e-01
3.682842552661895752e-01
3.889035582542419434e-01
4.515138268470764160e-01
4.570818543434143066e-01
3.947328031063079834e-01
3.492876291275024414e-01
4.078634679317474365e-01
4.107711017131805420e-01
3.633957207202911377e-01
3.237397968769073486e-01
3.595992028713226318e-01
3.910445272922515869e-01
3.897702693939208984e-01
4.416504204273223877e-01
1.825453996658325195e+00
1.899273872375488281e+00
2.243262052536010742e+00
2.828669071197509766e+00
2.257595539093017578e+00
2.512288331985473633e+00
2.515306472778320312e+00
2.426988601684570312e+00
2.212421178817749023e+00
2.374811410903930664e+00
1.923722028732299805e+00
1.786355376243591309e+00
2.502498388290405273e+00
2.831876039505004883e+00
1.384307980537414551e+00
1.725785970687866211e+00
1.751325607299804688e+00
1.479631543159484863e+00
1.295981287956237793e+00
1.522741675376892090e+00
2.799808502197265625e+00
2.415060758590698242e+00
1.220510601997375488e+00
1.244057774543762207e+00
1.560478091239929199e+00
1.334170222282409668e+00
1.240532636642456055e+00
1.499366641044616699e+00
1.436582326889038086e+00
1.393814802169799805e+00
1.326658010482788086e+00
1.321051597595214844e+00
1.429727315902709961e+00
1.418639779090881348e+00
1.813305974006652832e+00
1.871438026428222656e+00
1.034206509590148926e+00
7.303821444511413574e-01
1.192239046096801758e+00
7.245660424232482910e-01
9.640234708786010742e-01
1.012604832649230957e+00
1.223014473915100098e+00
1.202551484107971191e+00
1.174792408943176270e+00
8.756628036499023438e-01
1.169396281242370605e+00
1.461792945861816406e+00
1.660663127899169922e+00
1.599189281463623047e+00
1.847760915756225586e+00
2.324920654296875000e+00
1.714761734008789062e+00
1.670306921005249023e+00
1.952426314353942871e+00
7.674629092216491699e-01
1.118737816810607910e+00
1.347520470619201660e+00
1.211230754852294922e+00
1.540531158447265625e+00
1.894383072853088379e+00
2.783102273941040039e+00
2.714356422424316406e+00
2.916741371154785156e+00
2.843786239624023438e+00
2.088272094726562500e+00
1.707176923751831055e+00
2.067732572555541992e+00
2.465469598770141602e+00
2.546561002731323242e+00
2.364466190338134766e+00
2.533981084823608398e+00
2.444651365280151367e+00
3.003946542739868164e+00
2.692731857299804688e+00
2.915621280670166016e+00
2.510671615600585938e+00
2.818547248840332031e+00
1.805508732795715332e+00
2.427214860916137695e+00
3.628711938858032227e+00
1.739786624908447266e+00
1.918671965599060059e+00
1.098071575164794922e+00
1.073998093605041504e+00
9.768534898757934570e-01
1.130680561065673828e+00
2.032108783721923828e+00
2.405485630035400391e+00
7.673831582069396973e-01
6.708127260208129883e-01
3.493457436561584473e-01
3.640483617782592773e-01
4.538233876228332520e-01
4.308509528636932373e-01
3.257538676261901855e-01
2.575920224189758301e-01
3.634028732776641846e-01
3.015822768211364746e-01
9.106930494308471680e-01
9.140984416007995605e-01
8.634709119796752930e-01
7.916608452796936035e-01
7.053666114807128906e-01
7.154218554496765137e-01
7.328221797943115234e-01
9.132090210914611816e-01
8.535645008087158203e-01
8.737879991531372070e-01
1.120863199234008789e+00
1.503013730049133301e+00
1.489008188247680664e+00
8.187951445579528809e-01
2.233555465936660767e-01
2.842702269554138184e-01
3.489959836006164551e-01
3.179327547550201416e-01
2.687900066375732422e-01
3.100990355014801025e-01
3.733035624027252197e-01
3.126607537269592285e-01
2.782641947269439697e-01
3.415915071964263916e-01
3.860899507999420166e-01
3.430354595184326172e-01
3.364636898040771484e-01
3.624983429908752441e-01
4.554449319839477539e-01
4.381068646907806396e-01
4.117764830589294434e-01
4.208951592445373535e-01
4.601679146289825439e-01
4.085508882999420166e-01
5.311376452445983887e-01
4.651910364627838135e-01
4.755080938339233398e-01
4.588029086589813232e-01
5.449121594429016113e-01
5.244011282920837402e-01
4.314959049224853516e-01
3.928453624248504639e-01
4.328913390636444092e-01
4.182202517986297607e-01
5.320076346397399902e-01
1.400834441184997559e+00
1.847997188568115234e+00
2.179676294326782227e+00
2.055361270904541016e+00
2.354776620864868164e+00
1.803458213806152344e+00
2.071330308914184570e+00
1.805615901947021484e+00
1.662919759750366211e+00
1.616115570068359375e+00
1.677346110343933105e+00
1.650269269943237305e+00
1.747761845588684082e+00
8.790854811668395996e-01
7.892550826072692871e-01
1.194226503372192383e+00
1.103545904159545898e+00
1.118841886520385742e+00
7.692846059799194336e-01
3.883649706840515137e-01
4.116709530353546143e-01
3.915559947490692139e-01
3.835115134716033936e-01
5.496551394462585449e-01
6.008840203285217285e-01
8.961837291717529297e-01
5.716816186904907227e-01
1.499078273773193359e+00
1.547848820686340332e+00
1.684289455413818359e+00
1.040144562721252441e+00
9.548513293266296387e-01
1.247895479202270508e+00
1.807066679000854492e+00
1.074857115745544434e+00
6.065384149551391602e-01
1.387813091278076172e+00
1.872312426567077637e+00
1.957340955734252930e+00
1.889832258224487305e+00
2.360030174255371094e+00
2.261915206909179688e+00
2.220389366149902344e+00
2.284176826477050781e+00
1.903348565101623535e+00
1.678950905799865723e+00
1.494095206260681152e+00
2.538102626800537109e+00
2.391675472259521484e+00
2.503566980361938477e+00
3.010172128677368164e+00
2.817219495773315430e+00
1.135749936103820801e+00
1.214699745178222656e+00
1.676266074180603027e+00
2.529145956039428711e+00
2.311179161071777344e+00
2.781420230865478516e+00
3.540374755859375000e+00
4.066757202148437500e+00
2.718636989593505859e+00
2.849256753921508789e+00
3.553225040435791016e+00
3.153267621994018555e+00
2.671853303909301758e+00
1.966128468513488770e+00
2.251464128494262695e+00
1.736518621444702148e+00
1.831070542335510254e+00
1.937226533889770508e+00
1.931812286376953125e+00
1.930392384529113770e+00
1.841518044471740723e+00
2.530554294586181641e+00
2.548754930496215820e+00
2.814519166946411133e+00
2.369010686874389648e+00
1.917030453681945801e+00
1.912539839744567871e+00
1.939699411392211914e+00
1.867783784866333008e+00
1.886135220527648926e+00
1.874529957771301270e+00
1.903924703598022461e+00
1.796106100082397461e+00
1.880434274673461914e+00
1.946582555770874023e+00
1.752496004104614258e+00
1.853840708732604980e+00
1.951096653938293457e+00
1.745015025138854980e+00
1.624886751174926758e+00
1.808519124984741211e+00
1.817562818527221680e+00
1.689544200897216797e+00
1.817303180694580078e+00
1.956357121467590332e+00
1.817293286323547363e+00
1.740419268608093262e+00
1.942083835601806641e+00
1.803043007850646973e+00
1.822583198547363281e+00
1.999197363853454590e+00
2.043816566467285156e+00
1.847026705741882324e+00
2.715492248535156250e+00
1.847806215286254883e+00
1.762561678886413574e+00
1.654825329780578613e+00
1.948579430580139160e+00
1.962786674499511719e+00
1.712897896766662598e+00
1.660185933113098145e+00
1.742160916328430176e+00
1.617334008216857910e+00
1.574224352836608887e+00
1.774076581001281738e+00
1.723355293273925781e+00
8.268355727195739746e-01
5.925539135932922363e-01
7.315204739570617676e-01
5.588086247444152832e-01
5.610775947570800781e-01
1.412196278572082520e+00
1.386878132820129395e+00
3.180783092975616455e-01
3.790494501590728760e-01
4.160203337669372559e-01
3.639074862003326416e-01
3.678487241268157959e-01
7.479825019836425781e-01
4.372489452362060547e-01
3.399049937725067139e-01
3.856368660926818848e-01
5.084456205368041992e-01
3.845456838607788086e-01
3.888794481754302979e-01
4.230059981346130371e-01
4.020010530948638916e-01
3.722167611122131348e-01
3.863454163074493408e-01
3.683692514896392822e-01
3.775660395622253418e-01
3.949208259582519531e-01
3.420248627662658691e-01
3.407757878303527832e-01
3.784571290016174316e-01
3.594100773334503174e-01
3.019711971282958984e-01
3.345740735530853271e-01
3.845473229885101318e-01
3.712916672229766846e-01
2.764118611812591553e-01
3.528816103935241699e-01
4.091413021087646484e-01
1.412517905235290527e+00
9.366317987442016602e-01
3.685287535190582275e-01
6.049127578735351562e-01
1.390952944755554199e+00
1.103615522384643555e+00
1.504755139350891113e+00
1.733116269111633301e+00
1.821929097175598145e+00
1.438684582710266113e+00
1.373715400695800781e+00
1.381791472434997559e+00
1.123718738555908203e+00
4.925120174884796143e-01
6.168998479843139648e-01
6.339619159698486328e-01
5.188183188438415527e-01
6.110714077949523926e-01
6.203943490982055664e-01
2.332367658615112305e+00
1.948689579963684082e+00
1.641729235649108887e+00
1.774452924728393555e+00
1.622801423072814941e+00
1.375971317291259766e+00
7.180573344230651855e-01
1.123942852020263672e+00
1.098005533218383789e+00
1.120052337646484375e+00
1.195247888565063477e+00
1.896128058433532715e+00
1.692691445350646973e+00
1.782120585441589355e+00
1.922652721405029297e+00
1.730713963508605957e+00
1.823963761329650879e+00
1.381420016288757324e+00
9.254277348518371582e-01
1.983372569084167480e+00
3.530878782272338867e+00
3.748389482498168945e+00
2.943861246109008789e+00
3.557384729385375977e+00
3.874089479446411133e+00
3.687991380691528320e+00
3.694848060607910156e+00
2.522627592086791992e+00
2.466318845748901367e+00
2.667783975601196289e+00
2.402050971984863281e+00
2.314994812011718750e+00
2.524094343185424805e+00
2.377862930297851562e+00
2.346836805343627930e+00
2.357087612152099609e+00
2.622218370437622070e+00
2.707803010940551758e+00
2.579533100128173828e+00
2.628831863403320312e+00
2.627378702163696289e+00
2.419610977172851562e+00
1.964973211288452148e+00
1.939833402633666992e+00
1.912778854370117188e+00
2.082841396331787109e+00
1.273249745368957520e+00
1.014545440673828125e+00
1.179677128791809082e+00
2.013724565505981445e+00
1.957021594047546387e+00
2.720817089080810547e+00
3.005294084548950195e+00
2.137971878051757812e+00
2.837128400802612305e+00
2.821522951126098633e+00
2.853626251220703125e+00
2.467245817184448242e+00
1.916888713836669922e+00
3.238231658935546875e+00
2.906926393508911133e+00
1.394122004508972168e+00
1.449344515800476074e+00
1.259120345115661621e+00
9.661442041397094727e-01
7.536571621894836426e-01
9.664328098297119141e-01
5.831660628318786621e-01
4.897507727146148682e-01
5.459589362144470215e-01
4.655983448028564453e-01
3.824962377548217773e-01
2.979460954666137695e-01
3.029234409332275391e-01
2.865427732467651367e-01
3.776159286499023438e-01
2.577090561389923096e-01
2.229386419057846069e-01
2.852685153484344482e-01
3.024552762508392334e-01
2.616281211376190186e-01
2.564432621002197266e-01
3.241739571094512939e-01
3.363874852657318115e-01
3.935824036598205566e-01
4.222508668899536133e-01
4.181344509124755859e-01
3.771518766880035400e-01
3.538543879985809326e-01
3.982028663158416748e-01
4.029014706611633301e-01
2.929670810699462891e-01
3.281771540641784668e-01
3.685808479785919189e-01
3.601309657096862793e-01
3.055270910263061523e-01
1.493772268295288086e+00
1.303666710853576660e+00
1.296249389648437500e+00
4.466115832328796387e-01
2.647311687469482422e-01
3.323453664779663086e-01
3.484727442264556885e-01
3.725993931293487549e-01
3.437204360961914062e-01
4.839615523815155029e-01
4.510728120803833008e-01
4.974339902400970459e-01
5.117112398147583008e-01
5.772943496704101562e-01
5.109711289405822754e-01
4.611209630966186523e-01
4.521894752979278564e-01
5.913890004158020020e-01
2.159259796142578125e+00
1.902231335639953613e+00
1.880413651466369629e+00
1.846081614494323730e+00
2.156359195709228516e+00
2.244655132293701172e+00
3.957479953765869141e+00
2.978333234786987305e+00
1.431550979614257812e+00
2.500510454177856445e+00
1.645581364631652832e+00
1.260829329490661621e+00
1.517677187919616699e+00
1.722153425216674805e+00
1.331272482872009277e+00
1.402817010879516602e+00
1.506255507469177246e+00
1.357555747032165527e+00
1.362862825393676758e+00
1.373525738716125488e+00
1.212117195129394531e+00
1.251727342605590820e+00
1.340680956840515137e+00
1.264346241950988770e+00
1.175279259681701660e+00
1.189791679382324219e+00
1.346347928047180176e+00
1.310061097145080566e+00
1.171817660331726074e+00
1.183312296867370605e+00
1.430755496025085449e+00
2.565898656845092773e+00
4.115940570831298828e+00
3.074538230895996094e+00
3.193671464920043945e+00
2.371583938598632812e+00
2.172132253646850586e+00
1.481917500495910645e+00
2.816288232803344727e+00
3.147562980651855469e+00
2.985952377319335938e+00
3.059445142745971680e+00
2.580320358276367188e+00
7.446533441543579102e-01
6.189580559730529785e-01
6.160257458686828613e-01
5.607840418815612793e-01
5.288289189338684082e-01
6.161543130874633789e-01
6.957610845565795898e-01
4.611017704010009766e-01
2.949277162551879883e-01
3.108201920986175537e-01
4.276451170444488525e-01
4.608715176582336426e-01
3.901967406272888184e-01
4.260323047637939453e-01
6.932594180107116699e-01
4.745906889438629150e-01
8.392124772071838379e-01
7.234003543853759766e-01
7.228107452392578125e-01
1.250683307647705078e+00
8.661715984344482422e-01
8.987547159194946289e-01
9.187370538711547852e-01
1.065788388252258301e+00
1.219626665115356445e+00
1.208589792251586914e+00
1.234052419662475586e+00
1.142595767974853516e+00
1.618721723556518555e+00
1.798204064369201660e+00
1.619043469429016113e+00
1.556328535079956055e+00
1.552037239074707031e+00
1.629417061805725098e+00
2.346536397933959961e+00
1.159825325012207031e+00
2.318697929382324219e+00
2.441061019897460938e+00
2.920942068099975586e+00
2.461039066314697266e+00
3.594122886657714844e+00
3.255912780761718750e+00
1.585212469100952148e+00
1.524079322814941406e+00
1.557171702384948730e+00
1.198599219322204590e+00
1.455494999885559082e+00
1.641946077346801758e+00
2.945061445236206055e+00
2.272936105728149414e+00
9.008893966674804688e-01
1.164668321609497070e+00
1.105804204940795898e+00
6.549347639083862305e-01
7.858403921127319336e-01
1.097361207008361816e+00
7.846844792366027832e-01
2.803265154361724854e-01
3.341481089591979980e-01
3.181301057338714600e-01
4.630084037780761719e-01
4.126176834106445312e-01
3.496853411197662354e-01
3.588566780090332031e-01
2.951886653900146484e-01
3.017258942127227783e-01
2.920721769332885742e-01
2.436653822660446167e-01
2.828002572059631348e-01
3.364031314849853516e-01
2.836979329586029053e-01
2.849965989589691162e-01
3.578586876392364502e-01
3.880823552608489990e-01
1.068798542022705078e+00
1.518828153610229492e+00
1.331318020820617676e+00
1.322802066802978516e+00
6.611102223396301270e-01
2.759096920490264893e-01
3.004159927368164062e-01
2.803594172000885010e-01
2.485879063606262207e-01
2.969733178615570068e-01
3.126892745494842529e-01
2.844119369983673096e-01
3.606385886669158936e-01
4.190247356891632080e-01
3.708525598049163818e-01
2.967057824134826660e-01
3.447397947311401367e-01
3.997646868228912354e-01
4.320764541625976562e-01
3.770723938941955566e-01
3.971654176712036133e-01
4.362786412239074707e-01
4.829498529434204102e-01
4.731993675231933594e-01
4.308435618877410889e-01
4.867039024829864502e-01
1.810500621795654297e+00
2.113094091415405273e+00
2.717942476272583008e+00
2.463322401046752930e+00
2.558792352676391602e+00
2.588359355926513672e+00
2.250495433807373047e+00
2.318421840667724609e+00
1.938623070716857910e+00
2.361039161682128906e+00
1.751821756362915039e+00
1.419670701026916504e+00
1.416256546974182129e+00
1.535697460174560547e+00
1.563213825225830078e+00
1.531511425971984863e+00
1.415026903152465820e+00
1.384564518928527832e+00
1.810103774070739746e+00
1.797948837280273438e+00
1.423831462860107422e+00
1.289626002311706543e+00
1.507785201072692871e+00
1.579343676567077637e+00
1.688415169715881348e+00
1.476689934730529785e+00
1.413748502731323242e+00
1.315984368324279785e+00
1.403054356575012207e+00
1.075520277023315430e+00
2.924962043762207031e-01
6.868364810943603516e-01
3.674392104148864746e-01
3.913463056087493896e-01
3.622023165225982666e-01
3.599705994129180908e-01
3.480777740478515625e-01
5.324546694755554199e-01
4.450478553771972656e-01
4.256927073001861572e-01
3.691019117832183838e-01
3.976826369762420654e-01
5.110262632369995117e-01
3.598275184631347656e-01
3.073610663414001465e-01
3.120256662368774414e-01
3.464986979961395264e-01
3.076751828193664551e-01
2.472566068172454834e-01
3.133468329906463623e-01
3.662375807762145996e-01
3.325835764408111572e-01
2.541449666023254395e-01
3.073569536209106445e-01
3.286280632019042969e-01
3.456999659538269043e-01
2.683437764644622803e-01
3.034458458423614502e-01
3.513532280921936035e-01
3.649306893348693848e-01
3.684676289558410645e-01
1.559835672378540039e+00
7.279942035675048828e-01
1.172420144081115723e+00
1.244765281677246094e+00
1.236449122428894043e+00
1.110127568244934082e+00
2.161256074905395508e+00
2.272612094879150391e+00
2.339341402053833008e+00
2.459804058074951172e+00
1.925991773605346680e+00
1.969749093055725098e+00
2.509193658828735352e+00
2.096247673034667969e+00
1.948510289192199707e+00
2.104622602462768555e+00
2.019355058670043945e+00
1.901192188262939453e+00
2.783286571502685547e+00
2.171331644058227539e+00
1.745718359947204590e+00
1.867222785949707031e+00
2.006506919860839844e+00
2.634850740432739258e+00
2.610723972320556641e+00
2.909969329833984375e+00
2.510647535324096680e+00
2.475945234298706055e+00
2.454665899276733398e+00
2.501689195632934570e+00
2.266084909439086914e+00
1.514165639877319336e+00
9.527851939201354980e-01
9.613080024719238281e-01
9.010952711105346680e-01
6.503973603248596191e-01
7.633109092712402344e-01
6.740380525588989258e-01
8.864877820014953613e-01
6.705166697502136230e-01
3.242455124855041504e-01
3.304072320461273193e-01
6.330012083053588867e-01
5.043091773986816406e-01
3.601084649562835693e-01
3.193912208080291748e-01
3.457709550857543945e-01
4.639672040939331055e-01
3.663576245307922363e-01
2.993168532848358154e-01
2.794362604618072510e-01
3.028209209442138672e-01
3.024317026138305664e-01
2.351557314395904541e-01
2.961871922016143799e-01
3.411685824394226074e-01
4.051981270313262939e-01
2.472450882196426392e-01
3.151248991489410400e-01
3.361854851245880127e-01
4.473434388637542725e-01
2.889375686645507812e-01
2.843746840953826904e-01
3.393683135509490967e-01
4.056550562381744385e-01
3.492037653923034668e-01
3.518312573432922363e-01
3.871021866798400879e-01
4.082384407520294189e-01
5.227409005165100098e-01
3.789998590946197510e-01
4.039444029331207275e-01
1.433327913284301758e+00
1.590572953224182129e+00
1.400926470756530762e+00
1.301738381385803223e+00
4.349613189697265625e-01
4.042683839797973633e-01
4.878156185150146484e-01
4.233447909355163574e-01
4.425351917743682861e-01
4.815555214881896973e-01
4.659911394119262695e-01
6.572774648666381836e-01
2.202357053756713867e+00
2.426141500473022461e+00
2.306478023529052734e+00
2.301456689834594727e+00
2.393304109573364258e+00
2.758347988128662109e+00
2.991744279861450195e+00
2.458086252212524414e+00
1.750291705131530762e+00
1.549749374389648438e+00
1.556418657302856445e+00
1.398248314857482910e+00
1.451019287109375000e+00
1.443608760833740234e+00
1.371319293975830078e+00
1.305971622467041016e+00
1.367816090583801270e+00
1.286949157714843750e+00
1.333038806915283203e+00
1.285835027694702148e+00
1.340492844581604004e+00
1.330043435096740723e+00
1.577811241149902344e+00
1.349655985832214355e+00
1.378437876701354980e+00
1.384810686111450195e+00
1.373600363731384277e+00
1.298217415809631348e+00
1.366040706634521484e+00
1.413755655288696289e+00
1.417096376419067383e+00
1.335788249969482422e+00
1.428433895111083984e+00
1.560964941978454590e+00
1.413015842437744141e+00
1.391437530517578125e+00
1.830773472785949707e+00
1.341856241226196289e+00
1.368516921997070312e+00
1.105944871902465820e+00
3.172288835048675537e-01
3.871013522148132324e-01
3.738410472869873047e-01
2.870117723941802979e-01
3.011420667171478271e-01
3.713314235210418701e-01
2.832903265953063965e-01
2.285041958093643188e-01
3.122561872005462646e-01
3.718143701553344727e-01
2.790078222751617432e-01
2.170120924711227417e-01
3.076030910015106201e-01
4.085380136966705322e-01
1.331111311912536621e+00
9.098263978958129883e-01
9.221399426460266113e-01
9.541513323783874512e-01
1.089443802833557129e+00
9.205932021141052246e-01
9.273639917373657227e-01
9.349943399429321289e-01
9.703770875930786133e-01
1.220229983329772949e+00
1.209287643432617188e+00
1.155296444892883301e+00
1.208008766174316406e+00
1.207458615303039551e+00
1.479140400886535645e+00
1.762961030006408691e+00
1.979729533195495605e+00
1.808379173278808594e+00
1.861657142639160156e+00
1.796484112739562988e+00
1.324206233024597168e+00
1.274210453033447266e+00
2.600258350372314453e+00
2.377236366271972656e+00
2.828626632690429688e+00
4.368453979492187500e+00
3.035725355148315430e+00
2.487737178802490234e+00
2.690621852874755859e+00
1.740541815757751465e+00
1.123659729957580566e+00
1.200173616409301758e+00
1.795702099800109863e+00
2.783616065979003906e+00
1.612067699432373047e+00
1.431748032569885254e+00
1.590691685676574707e+00
1.226414442062377930e+00
1.239763855934143066e+00
1.303314447402954102e+00
1.052587866783142090e+00
9.731892943382263184e-01
1.086747288703918457e+00
8.951813578605651855e-01
8.405665159225463867e-01
7.164557576179504395e-01
7.149734497070312500e-01
6.889903545379638672e-01
6.809877753257751465e-01
3.616341054439544678e-01
4.580272138118743896e-01
5.568090677261352539e-01
5.309035778045654297e-01
3.616807162761688232e-01
4.958609640598297119e-01
3.639639317989349365e-01
4.684168994426727295e-01
3.845780193805694580e-01
4.012541472911834717e-01
3.258903622627258301e-01
3.991868793964385986e-01
4.861567914485931396e-01
3.503777384757995605e-01
3.315650224685668945e-01
3.862478137016296387e-01
5.061897635459899902e-01
5.482931733131408691e-01
1.560644149780273438e+00
1.254998207092285156e+00
1.465441465377807617e+00
1.344119191169738770e+00
3.783409297466278076e-01
4.151643216609954834e-01
7.218390703201293945e-01
6.023417115211486816e-01
5.510064363479614258e-01
5.862571001052856445e-01
5.887976884841918945e-01
5.818421840667724609e-01
4.434559047222137451e-01
4.203102588653564453e-01
4.724560081958770752e-01
4.782441258430480957e-01
6.132453083992004395e-01
4.717233479022979736e-01
4.269022941589355469e-01
4.443502724170684814e-01
5.868439078330993652e-01
5.984530448913574219e-01
6.160978674888610840e-01
2.159094572067260742e+00
2.672845125198364258e+00
2.649456024169921875e+00
2.550792455673217773e+00
2.557759046554565430e+00
2.679568052291870117e+00
2.641873598098754883e+00
2.209912776947021484e+00
1.930071234703063965e+00
1.382977247238159180e+00
1.514582037925720215e+00
1.523292899131774902e+00
1.357735037803649902e+00
1.330042600631713867e+00
1.323992490768432617e+00
1.363433480262756348e+00
1.327375054359436035e+00
1.321978092193603516e+00
1.241995215415954590e+00
1.333603978157043457e+00
1.325960516929626465e+00
1.250348329544067383e+00
1.146381974220275879e+00
1.234096288681030273e+00
1.317378759384155273e+00
1.287651777267456055e+00
1.232886910438537598e+00
1.240284562110900879e+00
1.312837481498718262e+00
1.335046291351318359e+00
1.278642416000366211e+00
1.320843577384948730e+00
1.405629277229309082e+00
1.387459039688110352e+00
1.349225401878356934e+00
1.353325009346008301e+00
2.488746166229248047e+00
1.409457802772521973e+00
1.239596366882324219e+00
8.805941343307495117e-01
9.524242281913757324e-01
1.300408244132995605e+00
4.990075826644897461e-01
4.807014167308807373e-01
3.570722937583923340e-01
1.119959473609924316e+00
3.228478729724884033e-01
3.532173931598663330e-01
3.359006941318511963e-01
3.554367423057556152e-01
2.846101224422454834e-01
2.802621126174926758e-01
3.711033761501312256e-01
3.335489332675933838e-01
3.672569394111633301e-01
3.774714767932891846e-01
4.620315134525299072e-01
3.657093942165374756e-01
5.029866695404052734e-01
7.132112979888916016e-01
7.691080570220947266e-01
6.326659917831420898e-01
6.163894534111022949e-01
7.642532587051391602e-01
6.519386172294616699e-01
7.836703658103942871e-01
6.654409766197204590e-01
7.923984527587890625e-01
9.875336885452270508e-01
2.848212242126464844e+00
3.461686849594116211e+00
2.950442075729370117e+00
2.951673269271850586e+00
3.174273967742919922e+00
2.378891468048095703e+00
2.423892736434936523e+00
2.813164472579956055e+00
2.848198413848876953e+00
2.505636453628540039e+00
3.470651865005493164e+00
2.975157976150512695e+00
1.568966865539550781e+00
1.770535230636596680e+00
2.034804821014404297e+00
1.923083901405334473e+00
2.693686008453369141e+00
1.434422969818115234e+00
2.904428243637084961e+00
2.643461227416992188e+00
1.159850001335144043e+00
1.351502537727355957e+00
1.752764701843261719e+00
8.863021731376647949e-01
8.210934996604919434e-01
1.207436680793762207e+00
8.529126644134521484e-01
8.217343091964721680e-01
1.045301198959350586e+00
6.903983950614929199e-01
3.104561865329742432e-01
3.187320232391357422e-01
6.225155591964721680e-01
4.641522169113159180e-01
3.362109661102294922e-01
3.584474325180053711e-01
4.061174690723419189e-01
3.227423429489135742e-01
2.752721607685089111e-01
3.304976820945739746e-01
2.819168269634246826e-01
2.656014263629913330e-01
2.543839812278747559e-01
2.652703225612640381e-01
2.363017350435256958e-01
2.336007803678512573e-01
2.990493178367614746e-01
2.311580181121826172e-01
1.519825577735900879e+00
1.212836384773254395e+00
1.152188658714294434e+00
7.102499008178710938e-01
2.100809812545776367e-01
3.043133914470672607e-01
2.585373818874359131e-01
2.776354253292083740e-01
4.194005131721496582e-01
3.466165661811828613e-01
3.478116095066070557e-01
3.842244446277618408e-01
5.174313783645629883e-01
3.413330316543579102e-01
3.235479295253753662e-01
3.844809830188751221e-01
4.056547880172729492e-01
3.497631847858428955e-01
4.008690416812896729e-01
5.297085046768188477e-01
3.930010497570037842e-01
3.748982548713684082e-01
5.033558607101440430e-01
4.549260735511779785e-01
3.841597437858581543e-01
4.750585556030273438e-01
1.817499756813049316e+00
1.824414610862731934e+00
2.222244739532470703e+00
2.464426517486572266e+00
2.648846864700317383e+00
1.830767154693603516e+00
1.797067403793334961e+00
2.036708116531372070e+00
1.878772616386413574e+00
1.673764944076538086e+00
1.580999016761779785e+00
1.488204836845397949e+00
1.417661547660827637e+00
1.301799893379211426e+00
1.466812252998352051e+00
1.334250807762145996e+00
1.343154907226562500e+00
1.338973760604858398e+00
1.348604202270507812e+00
1.248766303062438965e+00
1.344137549400329590e+00
1.352544426918029785e+00
1.291594862937927246e+00
1.307927250862121582e+00
1.343781471252441406e+00
1.347823023796081543e+00
1.226817846298217773e+00
1.324466943740844727e+00
1.361155986785888672e+00
1.300222158432006836e+00
1.354040384292602539e+00
1.408940553665161133e+00
1.392214655876159668e+00
1.370562553405761719e+00
1.378588914871215820e+00
1.501589775085449219e+00
1.300239920616149902e+00
1.336478948593139648e+00
2.373654603958129883e+00
1.487913131713867188e+00
1.444350481033325195e+00
1.479738950729370117e+00
1.654989838600158691e+00
1.340327262878417969e+00
1.374386191368103027e+00
2.156222343444824219e+00
1.747933626174926758e+00
1.250911593437194824e+00
1.305375933647155762e+00
1.481090307235717773e+00
1.312723517417907715e+00
1.817509531974792480e+00
1.801344394683837891e+00
1.705243468284606934e+00
1.764279007911682129e+00
1.780946850776672363e+00
1.813158869743347168e+00
1.842431664466857910e+00
1.627017259597778320e+00
1.778540015220642090e+00
1.162946224212646484e+00
1.590716361999511719e+00
1.154501199722290039e+00
1.464019179344177246e+00
9.938554763793945312e-01
7.249583005905151367e-01
7.696666717529296875e-01
7.841477990150451660e-01
6.909641027450561523e-01
1.048633933067321777e+00
1.365158081054687500e+00
1.215730667114257812e+00
1.254166245460510254e+00
1.259870767593383789e+00
1.290703535079956055e+00
1.182784914970397949e+00
9.842568635940551758e-01
1.418769717216491699e+00
1.691475749015808105e+00
1.471973299980163574e+00
1.594675898551940918e+00
1.868420481681823730e+00
2.790273427963256836e+00
1.645808935165405273e+00
1.251440644264221191e+00
1.018189668655395508e+00
1.742468476295471191e+00
1.122831106185913086e+00
2.288432359695434570e+00
2.039561510086059570e+00
1.836622476577758789e+00
1.885730624198913574e+00
1.867835640907287598e+00
1.043124318122863770e+00
4.246977269649505615e-01
4.710109531879425049e-01
4.089212119579315186e-01
4.130123853683471680e-01
4.696147143840789795e-01
3.246873617172241211e-01
3.483724296092987061e-01
3.732388615608215332e-01
3.327631056308746338e-01
3.218857944011688232e-01
3.770806193351745605e-01
4.275625944137573242e-01
3.136206567287445068e-01
3.722052276134490967e-01
3.621971011161804199e-01
2.977133691310882568e-01
3.413599133491516113e-01
3.543998301029205322e-01
2.936342358589172363e-01
2.769707441329956055e-01
3.226313292980194092e-01
3.366021215915679932e-01
2.616042494773864746e-01
2.988152503967285156e-01
3.717543482780456543e-01
2.862149775028228760e-01
1.021908879280090332e+00
3.436540961265563965e-01
3.579458296298980713e-01
3.171197772026062012e-01
2.935659885406494141e-01
4.882637858390808105e-01
3.420983254909515381e-01
3.115320205688476562e-01
4.004378616809844971e-01
5.307418107986450195e-01
3.229095637798309326e-01
3.217879533767700195e-01
4.037067592144012451e-01
3.403717875480651855e-01
3.023012280464172363e-01
3.641431927680969238e-01
4.815119206905364990e-01
1.425153732299804688e+00
1.393129229545593262e+00
1.417029500007629395e+00
1.309099912643432617e+00
5.844184160232543945e-01
3.164761960506439209e-01
4.168549776077270508e-01
3.882292807102203369e-01
1.603390097618103027e+00
2.081861734390258789e+00
2.455260992050170898e+00
2.758398056030273438e+00
2.203190803527832031e+00
2.410104513168334961e+00
2.323124885559082031e+00
2.484876871109008789e+00
2.326301097869873047e+00
2.274423599243164062e+00
2.127787351608276367e+00
1.350238919258117676e+00
1.580131530761718750e+00
1.422996401786804199e+00
2.892791509628295898e+00
1.629325151443481445e+00
1.386413335800170898e+00
1.463270902633666992e+00
1.484981894493103027e+00
1.668941617012023926e+00
6.411715149879455566e-01
2.173933982849121094e+00
1.926457166671752930e+00
4.427687227725982666e-01
9.634333848953247070e-01
1.863940715789794922e+00
1.872417211532592773e+00
2.472894668579101562e+00
2.978627681732177734e+00
3.040210247039794922e+00
2.587298631668090820e+00
1.583190917968750000e+00
2.569602251052856445e+00
1.714988708496093750e+00
5.873565077781677246e-01
1.088594675064086914e+00
6.935011744499206543e-01
6.291336417198181152e-01
2.455452919006347656e+00
5.611231327056884766e-01
9.540213942527770996e-01
1.732987880706787109e+00
1.552434682846069336e+00
1.401229619979858398e+00
8.328177332878112793e-01
1.300585865974426270e+00
2.376921176910400391e+00
3.138207495212554932e-01
5.642070174217224121e-01
5.746695995330810547e-01
4.014394283294677734e-01
1.658545732498168945e+00
1.604135632514953613e+00
1.549246430397033691e+00
1.459978222846984863e+00
1.497362136840820312e+00
1.535879492759704590e+00
1.732113838195800781e+00
1.590090274810791016e+00
1.425316333770751953e+00
1.634050965309143066e+00
1.572120904922485352e+00
1.441710114479064941e+00
1.840822696685791016e+00
1.992537498474121094e+00
2.123312950134277344e+00
1.940908432006835938e+00
2.198173046112060547e+00
2.903461694717407227e+00
4.860719203948974609e+00
4.836902141571044922e+00
4.931875228881835938e+00
5.058945178985595703e+00
4.056822299957275391e+00
3.966135740280151367e+00
3.751973390579223633e+00
3.437234401702880859e+00
2.625125169754028320e+00
3.026847362518310547e+00
3.157391548156738281e+00
2.318661689758300781e+00
2.732600450515747070e+00
2.177479743957519531e+00
1.555612921714782715e+00
1.822664260864257812e+00
1.864454388618469238e+00
1.619509220123291016e+00
1.665596008300781250e+00
2.595097064971923828e+00
1.729150533676147461e+00
1.813082337379455566e+00
1.854740262031555176e+00
1.831104278564453125e+00
1.428979396820068359e+00
1.732686996459960938e+00
1.211261749267578125e+00
7.695159316062927246e-01
8.932681083679199219e-01
8.939163684844970703e-01
8.672745823860168457e-01
9.199990034103393555e-01
8.790566921234130859e-01
7.674319744110107422e-01
5.744897723197937012e-01
7.394596934318542480e-01
7.427499890327453613e-01
5.360538363456726074e-01
5.260920524597167969e-01
5.335779190063476562e-01
3.117080032825469971e-01
3.137744069099426270e-01
3.594106137752532959e-01
3.144569098949432373e-01
2.220807075500488281e-01
3.083036839962005615e-01
1.197284936904907227e+00
1.328094005584716797e+00
1.205611228942871094e+00
1.266234517097473145e+00
1.180049106478691101e-01
2.504314780235290527e-01
3.009175658226013184e-01
3.070464134216308594e-01
2.258717566728591919e-01
3.216503560543060303e-01
4.596501588821411133e-01
3.761366307735443115e-01
3.528552949428558350e-01
4.097265005111694336e-01
4.456845819950103760e-01
3.475243747234344482e-01
4.085116982460021973e-01
3.509758114814758301e-01
3.336004614830017090e-01
3.721523284912109375e-01
4.412455856800079346e-01
3.445260226726531982e-01
3.412302434444427490e-01
4.333367645740509033e-01
3.614658117294311523e-01
3.721871376037597656e-01
3.987006545066833496e-01
3.796426057815551758e-01
3.402895629405975342e-01
3.320254981517791748e-01
1.435547590255737305e+00
1.778795719146728516e+00
1.431300640106201172e+00
2.099533319473266602e+00
2.617285013198852539e+00
2.328883409500122070e+00
1.623515367507934570e+00
1.606464624404907227e+00
1.529088735580444336e+00
1.477244377136230469e+00
1.592386364936828613e+00
1.417659401893615723e+00
1.272228240966796875e+00
1.335727691650390625e+00
1.416377425193786621e+00
1.293778061866760254e+00
1.302152872085571289e+00
1.434600234031677246e+00
3.418954908847808838e-01
3.169035315513610840e-01
3.984087407588958740e-01
3.677171468734741211e-01
2.966378033161163330e-01
3.099008500576019287e-01
4.050037860870361328e-01
2.861434221267700195e-01
2.570279240608215332e-01
3.449516892433166504e-01
4.451945126056671143e-01
2.718409895896911621e-01
3.302444219589233398e-01
4.973334074020385742e-01
3.816243410110473633e-01
3.168445825576782227e-01
3.780224323272705078e-01
4.023176431655883789e-01
2.941174805164337158e-01
3.162070214748382568e-01
3.741916418075561523e-01
3.105595111846923828e-01
2.483058571815490723e-01
3.332923948764801025e-01
3.325317502021789551e-01
2.808900773525238037e-01
2.764334976673126221e-01
3.467034399509429932e-01
2.991912961006164551e-01
2.697518169879913330e-01
3.215730488300323486e-01
2.705532908439636230e-01
2.877559363842010498e-01
3.045600652694702148e-01
3.375715911388397217e-01
3.006237447261810303e-01
3.778418004512786865e-01
4.224652051925659180e-01
3.707349896430969238e-01
3.619380891323089600e-01
4.486020803451538086e-01
4.322699606418609619e-01
3.274636864662170410e-01
3.953843414783477783e-01
4.207452535629272461e-01
3.466713726520538330e-01
1.602657675743103027e+00
1.285009145736694336e+00
1.314386963844299316e+00
8.096301555633544922e-01
3.088066577911376953e-01
4.777995347976684570e-01
3.709443807601928711e-01
3.282700777053833008e-01
4.599478244781494141e-01
4.370721578598022461e-01
3.300314247608184814e-01
3.816827237606048584e-01
4.442812204360961914e-01
3.741288483142852783e-01
3.648451566696166992e-01
4.735252559185028076e-01
4.971212446689605713e-01
3.907512426376342773e-01
4.221683442592620850e-01
1.554036259651184082e+00
1.672857403755187988e+00
1.270100116729736328e+00
1.280793547630310059e+00
1.501499414443969727e+00
7.410407066345214844e-01
1.078956842422485352e+00
1.350737333297729492e+00
1.942934274673461914e+00
1.799349188804626465e+00
1.704946398735046387e+00
1.337651848793029785e+00
1.060080528259277344e+00
4.826672375202178955e-01
3.207411766052246094e-01
3.644753992557525635e-01
3.965854346752166748e-01
3.384097814559936523e-01
2.860642075538635254e-01
3.685926198959350586e-01
5.457780361175537109e-01
3.108714520931243896e-01
3.212940096855163574e-01
4.247391223907470703e-01
4.416882395744323730e-01
2.962921857833862305e-01
3.435444533824920654e-01
3.908677399158477783e-01
2.913614213466644287e-01
2.842335104942321777e-01
3.974422514438629150e-01
3.285833895206451416e-01
3.042725324630737305e-01
3.340384662151336670e-01
3.380976021289825439e-01
2.816399931907653809e-01
3.232028484344482422e-01
3.710005879402160645e-01
2.733076810836791992e-01
3.176572918891906738e-01
3.857824206352233887e-01
2.900953590869903564e-01
2.757731974124908447e-01
3.981077671051025391e-01
4.906224012374877930e-01
3.042369186878204346e-01
3.700379431247711182e-01
5.260084271430969238e-01
4.120086431503295898e-01
3.552248775959014893e-01
3.501765429973602295e-01
3.882695734500885010e-01
3.077110946178436279e-01
2.950370907783508301e-01
4.077634215354919434e-01
3.537003397941589355e-01
3.164035677909851074e-01
4.156415462493896484e-01
1.089406251907348633e+00
1.240568518638610840e+00
2.011622905731201172e+00
2.577481269836425781e+00
1.861019372940063477e+00
1.902368664741516113e+00
2.166746616363525391e+00
1.946833372116088867e+00
1.853044152259826660e+00
2.277114868164062500e+00
2.075672626495361328e+00
1.729337811470031738e+00
2.439548969268798828e+00
2.840169906616210938e+00
2.639034748077392578e+00
2.576218366622924805e+00
1.321865439414978027e+00
1.731307983398437500e+00
1.534641623497009277e+00
1.507875442504882812e+00
1.569669961929321289e+00
1.544312119483947754e+00
2.838531255722045898e+00
2.692593336105346680e+00
3.210880279541015625e+00
3.049597501754760742e+00
2.729363918304443359e+00
1.621537804603576660e+00
2.556998729705810547e+00
2.886239767074584961e+00
2.450248003005981445e+00
2.894165992736816406e+00
1.914945960044860840e+00
2.093977451324462891e+00
1.877055406570434570e+00
2.000390768051147461e+00
1.857601046562194824e+00
1.715222597122192383e+00
2.021888017654418945e+00
1.821490883827209473e+00
1.823423266410827637e+00
1.865854144096374512e+00
1.739441514015197754e+00
1.594037055969238281e+00
2.460032224655151367e+00
2.378944635391235352e+00
1.299316763877868652e+00
1.442255020141601562e+00
1.444153666496276855e+00
1.600382924079895020e+00
1.861873149871826172e+00
1.948696136474609375e+00
2.652167558670043945e+00
2.654565334320068359e+00
4.316302239894866943e-01
6.131734848022460938e-01
8.296828866004943848e-01
8.449841141700744629e-01
9.649335145950317383e-01
1.017947912216186523e+00
8.701792359352111816e-01
9.162468314170837402e-01
8.627045750617980957e-01
7.452445626258850098e-01
7.432732582092285156e-01
8.009313941001892090e-01
7.312787175178527832e-01
7.836445569992065430e-01
7.878426909446716309e-01
9.609059095382690430e-01
1.106738924980163574e+00
3.229386806488037109e+00
3.606071710586547852e+00
4.518055438995361328e+00
3.315277338027954102e+00
3.257730960845947266e+00
3.280103445053100586e+00
1.952696561813354492e+00
1.533876657485961914e+00
1.904015421867370605e+00
3.093612194061279297e+00
2.886398553848266602e+00
1.605422496795654297e+00
1.590775012969970703e+00
1.768836975097656250e+00
1.834141850471496582e+00
1.857642769813537598e+00
1.987560749053955078e+00
1.968358874320983887e+00
2.195069551467895508e+00
2.697892904281616211e+00
2.614937543869018555e+00
2.611099720001220703e+00
2.077157020568847656e+00
1.740702748298645020e+00
1.807539820671081543e+00
1.388233900070190430e+00
3.251316547393798828e-01
4.627691209316253662e-01
3.621916174888610840e-01
2.978624701499938965e-01
2.993217706680297852e-01
3.733435571193695068e-01
3.248729109764099121e-01
2.849442362785339355e-01
4.513839185237884521e-01
5.061774253845214844e-01
3.212918341159820557e-01
3.938362300395965576e-01
4.307648837566375732e-01
4.102196097373962402e-01
3.353187739849090576e-01
3.476704657077789307e-01
3.073301017284393311e-01
2.361657768487930298e-01
2.600364089012145996e-01
3.077933192253112793e-01
2.386255413293838501e-01
2.272211462259292603e-01
3.675549030303955078e-01
2.905344665050506592e-01
2.251193672418594360e-01
3.099586963653564453e-01
3.028264045715332031e-01
2.214398682117462158e-01
2.900586426258087158e-01
3.977547287940979004e-01
2.950403690338134766e-01
2.489779442548751831e-01
4.004033505916595459e-01
5.729485154151916504e-01
3.169424533843994141e-01
4.077897369861602783e-01
4.535232484340667725e-01
3.712335526943206787e-01
3.437283933162689209e-01
4.303474426269531250e-01
4.225205779075622559e-01
3.645247519016265869e-01
4.656112194061279297e-01
4.831559658050537109e-01
4.431568682193756104e-01
4.158857464790344238e-01
4.346261024475097656e-01
3.967597484588623047e-01
4.577775001525878906e-01
1.720045804977416992e+00
1.841787815093994141e+00
2.508236646652221680e+00
2.078448534011840820e+00
2.267448186874389648e+00
2.150043010711669922e+00
2.418676137924194336e+00
2.488865852355957031e+00
1.609983444213867188e+00
2.327981948852539062e+00
2.220547914505004883e+00
1.416389226913452148e+00
1.348849892616271973e+00
1.267721533775329590e+00
1.397257208824157715e+00
1.284690976142883301e+00
1.329183578491210938e+00
1.324427127838134766e+00
1.409783959388732910e+00
1.923090219497680664e+00
1.465597987174987793e+00
1.510293841361999512e+00
1.520077109336853027e+00
1.534297108650207520e+00
1.608174920082092285e+00
1.635140180587768555e+00
1.366298675537109375e+00
1.328533172607421875e+00
1.852423071861267090e+00
2.341312408447265625e+00
1.762956738471984863e+00
1.476879835128784180e+00
1.566018939018249512e+00
1.922271728515625000e+00
1.015348911285400391e+00
6.446569561958312988e-01
6.054285764694213867e-01
5.953601598739624023e-01
4.092243611812591553e-01
2.193719625473022461e+00
7.726061344146728516e-01
4.017831385135650635e-01
5.508260726928710938e-01
7.517004013061523438e-01
1.611595392227172852e+00
1.468036055564880371e+00
1.897154808044433594e+00
2.632486581802368164e+00
5.270733237266540527e-01
3.841808438301086426e-01
4.401031434535980225e-01
4.750432074069976807e-01
5.893395543098449707e-01
7.261429429054260254e-01
6.505672931671142578e-01
5.406696796417236328e-01
8.099747300148010254e-01
6.223338246345520020e-01
5.342385172843933105e-01
6.120732426643371582e-01
6.630612611770629883e-01
1.317135930061340332e+00
1.133316278457641602e+00
1.249777674674987793e+00
7.880964875221252441e-01
7.776552438735961914e-01
8.407950997352600098e-01
1.309917211532592773e+00
1.324520587921142578e+00
1.940243005752563477e+00
1.885454297065734863e+00
1.943692207336425781e+00
1.940271973609924316e+00
3.135972023010253906e+00
2.880805253982543945e+00
2.478748083114624023e+00
2.674313068389892578e+00
2.229357957839965820e+00
1.419319033622741699e+00
1.552590131759643555e+00
2.936846733093261719e+00
2.617453575134277344e+00
2.902654170989990234e+00
2.560981750488281250e+00
2.595585584640502930e+00
2.443972826004028320e+00
2.285675525665283203e+00
1.312834143638610840e+00
1.360843539237976074e+00
1.148200273513793945e+00
1.181430578231811523e+00
1.280150175094604492e+00
9.245432615280151367e-01
8.145148754119873047e-01
8.200442194938659668e-01
8.531571626663208008e-01
6.700345277786254883e-01
7.815718650817871094e-01
7.645492553710937500e-01
7.325738072395324707e-01
6.589505672454833984e-01
7.233342528343200684e-01
5.975148081779479980e-01
3.276640474796295166e-01
4.622650444507598877e-01
4.743234217166900635e-01
3.567899763584136963e-01
2.482145726680755615e-01
2.787408530712127686e-01
3.562598526477813721e-01
2.496360540390014648e-01
2.561760246753692627e-01
3.133503794670104980e-01
2.861935794353485107e-01
2.224987149238586426e-01
2.604809999465942383e-01
3.331983685493469238e-01
2.821766734123229980e-01
2.138657271862030029e-01
2.965005040168762207e-01
1.400088310241699219e+00
1.345623135566711426e+00
1.180932521820068359e+00
1.221906065940856934e+00
2.759845256805419922e-01
2.577904760837554932e-01
3.445347845554351807e-01
4.026046097278594971e-01
3.043851852416992188e-01
3.655452132225036621e-01
4.521368443965911865e-01
3.676206767559051514e-01
3.297685682773590088e-01
3.622467219829559326e-01
3.462802469730377197e-01
2.900707125663757324e-01
3.680614233016967773e-01
4.380353391170501709e-01
4.005486071109771729e-01
3.568645417690277100e-01
4.311382174491882324e-01
4.814066588878631592e-01
3.721956312656402588e-01
4.174149632453918457e-01
2.106648445129394531e+00
1.767211198806762695e+00
1.836057543754577637e+00
1.862864851951599121e+00
2.937071561813354492e+00
1.946154117584228516e+00
3.985498905181884766e+00
3.306423902511596680e+00
1.593920826911926270e+00
1.974825024604797363e+00
1.824560999870300293e+00
1.506089448928833008e+00
1.353179454803466797e+00
1.663285613059997559e+00
1.548797369003295898e+00
1.333057403564453125e+00
1.509255766868591309e+00
1.401053428649902344e+00
1.400304317474365234e+00
1.325848102569580078e+00
1.290013670921325684e+00
1.315232515335083008e+00
1.698372125625610352e+00
1.261354446411132812e+00
1.324728727340698242e+00
1.417593002319335938e+00
1.400894403457641602e+00
1.198143959045410156e+00
1.283753752708435059e+00
1.498871803283691406e+00
1.366525888442993164e+00
1.301926732063293457e+00
1.412136554718017578e+00
1.489467024803161621e+00
2.337084770202636719e+00
1.444516539573669434e+00
1.420507311820983887e+00
1.803082227706909180e+00
1.400292277336120605e+00
2.325448274612426758e+00
2.670658588409423828e+00
1.283138394355773926e+00
1.557555437088012695e+00
1.837262511253356934e+00
1.746229648590087891e+00
1.502498745918273926e+00
1.666112422943115234e+00
2.749708652496337891e+00
2.683250665664672852e+00
1.358474493026733398e+00
1.571706295013427734e+00
1.694416284561157227e+00
1.428323984146118164e+00
1.492536902427673340e+00
1.916751980781555176e+00
1.535938620567321777e+00
4.641557633876800537e-01
6.679623723030090332e-01
1.213630199432373047e+00
9.409740567207336426e-01
8.905003070831298828e-01
2.424585580825805664e+00
2.332638025283813477e+00
2.371054887771606445e+00
2.129195213317871094e+00
2.471327066421508789e+00
8.988531231880187988e-01
1.002565503120422363e+00
2.115229368209838867e+00
2.610039949417114258e+00
2.479129791259765625e+00
2.409150600433349609e+00
2.204885005950927734e+00
1.980879664421081543e+00
1.388312220573425293e+00
1.735862970352172852e+00
1.759474277496337891e+00
1.956461071968078613e+00
1.643262028694152832e+00
2.222048044204711914e+00
2.676777839660644531e+00
2.554083347320556641e+00
2.598789691925048828e+00
2.023225545883178711e+00
2.015023708343505859e+00
2.005956411361694336e+00
2.251662969589233398e+00
2.002732276916503906e+00
2.138775110244750977e+00
1.407289981842041016e+00
7.722741961479187012e-01
8.616084456443786621e-01
5.999721288681030273e-01
7.476983070373535156e-01
3.680849969387054443e-01
3.471800982952117920e-01
3.426566720008850098e-01
3.806244432926177979e-01
3.598116338253021240e-01
3.709726333618164062e-01
4.785741567611694336e-01
3.981570899486541748e-01
3.118436634540557861e-01
3.530353903770446777e-01
3.505175113677978516e-01
2.820303142070770264e-01
2.778297662734985352e-01
3.409073650836944580e-01
2.556302845478057861e-01
2.662090957164764404e-01
2.991211414337158203e-01
3.221557736396789551e-01
2.584833800792694092e-01
2.452713102102279663e-01
2.952300608158111572e-01
3.200512528419494629e-01
2.844527959823608398e-01
3.677533268928527832e-01
3.232187330722808838e-01
2.427671551704406738e-01
2.861335575580596924e-01
3.660021424293518066e-01
2.654690444469451904e-01
3.040370941162109375e-01
3.565268516540527344e-01
5.551305413246154785e-01
3.255770802497863770e-01
3.752200305461883545e-01
4.458224475383758545e-01
4.563190340995788574e-01
3.461826443672180176e-01
3.623516857624053955e-01
4.506751000881195068e-01
1.460384726524353027e+00
1.347852945327758789e+00
1.350928306579589844e+00
1.319132924079895020e+00
3.010003566741943359e-01
3.659999370574951172e-01
4.563489258289337158e-01
3.882799744606018066e-01
3.518943190574645996e-01
1.587117433547973633e+00
9.782790541648864746e-01
2.115540742874145508e+00
1.823575377464294434e+00
1.901603102684020996e+00
2.655064344406127930e+00
2.015901327133178711e+00
2.330702304840087891e+00
3.468724727630615234e+00
2.164366245269775391e+00
2.011909723281860352e+00
1.872731328010559082e+00
1.948809385299682617e+00
1.811125278472900391e+00
8.362584710121154785e-01
1.276478886604309082e+00
2.570725440979003906e+00
1.607075810432434082e+00
7.981062531471252441e-01
1.054338216781616211e+00
8.922396898269653320e-01
7.335822582244873047e-01
1.000751018524169922e+00
1.058721303939819336e+00
8.579772114753723145e-01
6.785989999771118164e-01
4.908745586872100830e-01
3.909494280815124512e-01
3.492827117443084717e-01
6.356114149093627930e-01
1.670589208602905273e+00
1.401522636413574219e+00
1.383883357048034668e+00
8.158935904502868652e-01
4.747348427772521973e-01
9.562541842460632324e-01
5.139451026916503906e-01
5.627501606941223145e-01
5.312045216560363770e-01
6.814688444137573242e-01
5.346416831016540527e-01
5.748628377914428711e-01
3.388042151927947998e-01
3.216366469860076904e-01
3.860458135604858398e-01
3.542967736721038818e-01
2.696424722671508789e-01
3.603444695472717285e-01
3.246805071830749512e-01
2.995087206363677979e-01
2.913666367530822754e-01
3.396415710449218750e-01
2.877830862998962402e-01
2.722140550613403320e-01
4.316099286079406738e-01
3.646735846996307373e-01
3.555620014667510986e-01
3.994467258453369141e-01
4.520724415779113770e-01
3.750539422035217285e-01
9.876704812049865723e-01
7.942212224006652832e-01
9.531744122505187988e-01
7.381596565246582031e-01
1.321635484695434570e+00
1.516362547874450684e+00
1.913044810295104980e+00
1.630978822708129883e+00
1.773784637451171875e+00
1.819229602813720703e+00
1.774224042892456055e+00
1.904430985450744629e+00
2.037452220916748047e+00
2.700148582458496094e+00
2.725529432296752930e+00
2.842894315719604492e+00
2.921783447265625000e+00
2.869528293609619141e+00
2.550968408584594727e+00
1.867699146270751953e+00
1.434248089790344238e+00
1.401508688926696777e+00
2.276000738143920898e+00
1.745298981666564941e+00
1.712884783744812012e+00
1.620914220809936523e+00
1.703271389007568359e+00
1.626528263092041016e+00
1.472377777099609375e+00
1.568593859672546387e+00
1.568413734436035156e+00
1.168202280998229980e+00
1.004148960113525391e+00
1.189932584762573242e+00
1.106343626976013184e+00
1.001324057579040527e+00
1.026277422904968262e+00
1.162748098373413086e+00
1.857135415077209473e+00
1.556701064109802246e+00
1.630868077278137207e+00
1.617275595664978027e+00
5.670855641365051270e-01
5.584257245063781738e-01
6.909095644950866699e-01
5.304883122444152832e-01
3.646108210086822510e-01
3.653692305088043213e-01
4.349029362201690674e-01
2.698244452476501465e-01
2.611657083034515381e-01
3.124121427536010742e-01
2.959460020065307617e-01
2.043833136558532715e-01
2.539508938789367676e-01
3.468939363956451416e-01
2.334113717079162598e-01
2.017790973186492920e-01
2.836354374885559082e-01
3.264758288860321045e-01
2.017294913530349731e-01
2.412936091423034668e-01
3.279411792755126953e-01
3.002720773220062256e-01
2.161103188991546631e-01
2.906211018562316895e-01
3.805378079414367676e-01
3.518581390380859375e-01
3.236690759658813477e-01
3.876465559005737305e-01
4.407648146152496338e-01
3.786791563034057617e-01
3.475336730480194092e-01
3.974455595016479492e-01
3.893687129020690918e-01
3.371576964855194092e-01
3.549905121326446533e-01
