1.733601689338684082e+00
1.320605158805847168e+00
1.430154919624328613e+00
1.491347551345825195e+00
1.326068997383117676e+00
1.391081809997558594e+00
1.829140424728393555e+00
1.888254284858703613e+00
1.213421940803527832e+00
1.358698487281799316e+00
1.400113582611083984e+00
1.273420810699462891e+00
1.388579010963439941e+00
1.438878893852233887e+00
1.249250888824462891e+00
1.276529073715209961e+00
1.292090415954589844e+00
1.256749868392944336e+00
1.206884980201721191e+00
1.307363152503967285e+00
1.295100331306457520e+00
1.234851121902465820e+00
1.067861080169677734e+00
1.134388446807861328e+00
3.023861944675445557e-01
3.012818694114685059e-01
3.130708038806915283e-01
3.301561474800109863e-01
3.067344725131988525e-01
2.627450525760650635e-01
3.190255761146545410e-01
1.115831255912780762e+00
5.594653487205505371e-01
3.511235415935516357e-01
3.434090614318847656e-01
2.757468819618225098e-01
3.141425251960754395e-01
5.114579200744628906e-01
4.541487395763397217e-01
3.335900604724884033e-01
4.786777496337890625e-01
4.835394322872161865e-01
3.216114342212677002e-01
3.794786930084228516e-01
5.119907855987548828e-01
3.779045641422271729e-01
3.350315392017364502e-01
4.213789403438568115e-01
3.335168659687042236e-01
3.276731073856353760e-01
4.358880519866943359e-01
4.279901981353759766e-01
3.292291462421417236e-01
3.518145382404327393e-01
4.773664772510528564e-01
3.218857944011688232e-01
1.395217061042785645e+00
1.602252006530761719e+00
2.059946775436401367e+00
1.753345131874084473e+00
1.481362462043762207e+00
5.822001695632934570e-01
3.690465390682220459e-01
4.031996726989746094e-01
6.753013730049133301e-01
4.349964261054992676e-01
5.580682754516601562e-01
6.538967490196228027e-01
5.407919287681579590e-01
3.703117668628692627e-01
4.798848927021026611e-01
5.511399507522583008e-01
4.568954706192016602e-01
4.206479489803314209e-01
5.503622889518737793e-01
4.264185130596160889e-01
6.469519734382629395e-01
1.796260118484497070e+00
1.760589361190795898e+00
2.226489543914794922e+00
1.951578497886657715e+00
2.016155719757080078e+00
1.725085973739624023e+00
1.959850788116455078e+00
1.757627964019775391e+00
1.478844881057739258e+00
1.462229132652282715e+00
1.501478552818298340e+00
1.412034392356872559e+00
1.371458768844604492e+00
1.428860068321228027e+00
1.474729061126708984e+00
1.356817603111267090e+00
1.359916329383850098e+00
1.483956575393676758e+00
1.485739231109619141e+00
1.507605671882629395e+00
1.733039975166320801e+00
2.333276033401489258e+00
1.290128469467163086e+00
1.376674294471740723e+00
1.542254924774169922e+00
1.541380643844604492e+00
1.395279526710510254e+00
1.619114279747009277e+00
1.464003562927246094e+00
1.365690112113952637e+00
1.330830931663513184e+00
1.420928597450256348e+00
1.346843719482421875e+00
7.788585424423217773e-01
3.476603329181671143e-01
3.740474581718444824e-01
3.459227979183197021e-01
3.654802441596984863e-01
3.895293176174163818e-01
3.316138088703155518e-01
3.594511747360229492e-01
4.135855138301849365e-01
3.936358690261840820e-01
3.057077229022979736e-01
3.514434099197387695e-01
6.023353934288024902e-01
1.029693245887756348e+00
2.855985164642333984e-01
4.917563498020172119e-01
4.012508392333984375e-01
3.408221304416656494e-01
1.088544845581054688e+00
1.319702863693237305e+00
1.643829584121704102e+00
1.491432309150695801e+00
1.693140983581542969e+00
1.393221139907836914e+00
1.381572484970092773e+00
1.386307477951049805e+00
1.324198842048645020e+00
1.290943622589111328e+00
1.445460557937622070e+00
1.427265405654907227e+00
1.293595314025878906e+00
1.349037885665893555e+00
1.401450872421264648e+00
1.957100272178649902e+00
1.427540898323059082e+00
1.389170765876770020e+00
1.483121037483215332e+00
2.080205917358398438e+00
1.337547183036804199e+00
1.490749239921569824e+00
1.411980390548706055e+00
1.367916345596313477e+00
1.437351703643798828e+00
1.918868780136108398e+00
1.851334095001220703e+00
7.991675734519958496e-01
6.591981053352355957e-01
4.706436693668365479e-01
4.584210813045501709e-01
5.781341791152954102e-01
4.373355507850646973e-01
3.921140730381011963e-01
5.537981390953063965e-01
3.768087029457092285e-01
3.155864775180816650e-01
3.961446881294250488e-01
4.986425042152404785e-01
3.109408020973205566e-01
3.324898183345794678e-01
1.326629519462585449e+00
1.382341027259826660e+00
1.352082848548889160e+00
1.914432287216186523e+00
1.886286258697509766e+00
9.437262415885925293e-01
2.949309945106506348e-01
4.995343983173370361e-01
2.850664854049682617e-01
3.912109136581420898e-01
4.339707493782043457e-01
3.089782595634460449e-01
3.355199694633483887e-01
4.764430224895477295e-01
5.313560962677001953e-01
3.122940063476562500e-01
3.211684823036193848e-01
4.708760976791381836e-01
3.598261475563049316e-01
3.346979618072509766e-01
4.760009050369262695e-01
4.232378900051116943e-01
1.231939435005187988e+00
6.952562332153320312e-01
5.322910547256469727e-01
4.022386968135833740e-01
3.702808022499084473e-01
1.568605899810791016e+00
7.404955625534057617e-01
4.240297675132751465e-01
1.686051368713378906e+00
1.729692220687866211e+00
1.948129296302795410e+00
1.276542305946350098e+00
1.509846687316894531e+00
1.484759926795959473e+00
1.334388136863708496e+00
1.430075168609619141e+00
5.609460473060607910e-01
7.895829081535339355e-01
5.397711396217346191e-01
6.647992730140686035e-01
6.802139878273010254e-01
5.735997557640075684e-01
5.716750621795654297e-01
4.875831902027130127e-01
3.790963292121887207e-01
4.448729753494262695e-01
4.056717753410339355e-01
3.079013228416442871e-01
3.027534782886505127e-01
3.910996317863464355e-01
3.714986145496368408e-01
2.790229022502899170e-01
3.578115403652191162e-01
2.732158601284027100e-01
2.737531065940856934e-01
3.602342903614044189e-01
5.112044215202331543e-01
1.020586609840393066e+00
2.988264858722686768e-01
3.837423026561737061e-01
3.158167302608489990e-01
3.105074465274810791e-01
3.297874927520751953e-01
3.171225190162658691e-01
2.334546744823455811e-01
4.463791549205780029e-01
4.583788812160491943e-01
3.322702646255493164e-01
3.992754220962524414e-01
4.672078490257263184e-01
3.252064883708953857e-01
3.902737796306610107e-01
4.883035123348236084e-01
4.381129145622253418e-01
3.511745333671569824e-01
3.835287690162658691e-01
3.781005442142486572e-01
3.517290353775024414e-01
3.223862946033477783e-01
3.756701052188873291e-01
3.324171900749206543e-01
2.859148383140563965e-01
1.186464905738830566e+00
1.816833376884460449e+00
1.687703371047973633e+00
1.197887420654296875e+00
1.111192107200622559e+00
3.648550212383270264e-01
3.612580299377441406e-01
1.036986112594604492e+00
1.460863828659057617e+00
1.300446867942810059e+00
1.224283576011657715e+00
1.410761475563049316e+00
1.314500212669372559e+00
1.244200944900512695e+00
1.297888517379760742e+00
1.333077192306518555e+00
1.283727169036865234e+00
1.407820343971252441e+00
1.307161450386047363e+00
1.251178860664367676e+00
1.764886856079101562e+00
1.240250587463378906e+00
1.256064653396606445e+00
1.265651583671569824e+00
1.288062572479248047e+00
1.391910076141357422e+00
1.981356024742126465e+00
1.284437894821166992e+00
1.305256247520446777e+00
1.406548500061035156e+00
2.459140300750732422e+00
2.311248540878295898e+00
2.258088111877441406e+00
2.108349084854125977e+00
2.327951431274414062e+00
1.081322312355041504e+00
6.576420664787292480e-01
9.940893054008483887e-01
7.658540010452270508e-01
6.267731189727783203e-01
6.591591835021972656e-01
5.805174708366394043e-01
4.666939079761505127e-01
1.127865791320800781e+00
1.130802750587463379e+00
1.075108528137207031e+00
1.246106743812561035e+00
1.320324778556823730e+00
1.266644835472106934e+00
1.281135320663452148e+00
1.828667521476745605e+00
6.682512760162353516e-01
4.265435039997100830e-01
5.825241208076477051e-01
5.637816190719604492e-01
4.427262544631958008e-01
3.508467078208923340e-01
3.014158904552459717e-01
3.220275044441223145e-01
3.174821436405181885e-01
3.793139755725860596e-01
3.399505019187927246e-01
3.699949085712432861e-01
3.728274405002593994e-01
2.587898373603820801e-01
2.789406776428222656e-01
3.917895257472991943e-01
3.676313757896423340e-01
4.244096577167510986e-01
6.361259222030639648e-01
3.909094035625457764e-01
3.492067754268646240e-01
4.232299327850341797e-01
5.431140661239624023e-01
5.159410834312438965e-01
1.204851388931274414e+00
9.985970854759216309e-01
3.949627578258514404e-01
4.039233028888702393e-01
3.470214009284973145e-01
3.831118643283843994e-01
1.395124197006225586e+00
2.408128499984741211e+00
2.221734046936035156e+00
1.896985650062561035e+00
1.542859911918640137e+00
1.998254656791687012e+00
3.106949329376220703e+00
1.258253574371337891e+00
1.584723949432373047e+00
2.361225366592407227e+00
1.649885058403015137e+00
1.585263967514038086e+00
1.534234642982482910e+00
3.128550291061401367e+00
1.959564089775085449e+00
1.272457122802734375e+00
1.377453565597534180e+00
1.640515804290771484e+00
8.364974856376647949e-01
4.543880224227905273e-01
6.497129201889038086e-01
5.247270464897155762e-01
3.589309453964233398e-01
4.781865775585174561e-01
5.345411300659179688e-01
3.750470876693725586e-01
3.877643942832946777e-01
4.043522775173187256e-01
3.667613863945007324e-01
3.173034191131591797e-01
4.070724248886108398e-01
2.792687714099884033e-01
3.258456885814666748e-01
2.760958075523376465e-01
1.035575985908508301e+00
6.840678453445434570e-01
3.704444468021392822e-01
3.417000472545623779e-01
3.001761436462402344e-01
3.427575230598449707e-01
3.550694584846496582e-01
2.937315404415130615e-01
3.489444553852081299e-01
5.489164590835571289e-01
2.588778138160705566e-01
3.475164175033569336e-01
5.255087614059448242e-01
4.145525395870208740e-01
2.726081907749176025e-01
4.699932336807250977e-01
4.210716784000396729e-01
2.850215435028076172e-01
3.952842950820922852e-01
3.665443062782287598e-01
3.995481431484222412e-01
3.812178671360015869e-01
3.390130698680877686e-01
3.281716704368591309e-01
1.204548001289367676e+00
1.282705664634704590e+00
6.796447038650512695e-01
8.074351549148559570e-01
9.965285062789916992e-01
7.109255790710449219e-01
7.271398305892944336e-01
1.235886454582214355e+00
1.426690101623535156e+00
1.437326788902282715e+00
1.877741813659667969e+00
2.099696636199951172e+00
1.381553888320922852e+00
1.426406145095825195e+00
1.390867710113525391e+00
5.571363568305969238e-01
1.542943000793457031e+00
2.036648988723754883e+00
1.752093076705932617e+00
1.684536695480346680e+00
1.561022520065307617e+00
1.636540770530700684e+00
1.760044932365417480e+00
2.896510124206542969e+00
2.594794273376464844e+00
2.541034936904907227e+00
3.309587001800537109e+00
3.254258871078491211e+00
2.089974403381347656e+00
1.029329180717468262e+00
1.130912899971008301e+00
9.953674077987670898e-01
9.376448392868041992e-01
1.084317684173583984e+00
7.568342685699462891e-01
3.465203344821929932e-01
3.373471200466156006e-01
2.983572185039520264e-01
3.667556345462799072e-01
2.672652006149291992e-01
2.923265397548675537e-01
4.597504734992980957e-01
1.311579108238220215e+00
3.253111839294433594e-01
3.674592375755310059e-01
4.176731407642364502e-01
3.339000642299652100e-01
3.888336718082427979e-01
3.894827365875244141e-01
4.382433891296386719e-01
1.371299862861633301e+00
1.505433797836303711e+00
1.592958450317382812e+00
1.212105393409729004e+00
3.031416237354278564e-01
3.600868284702301025e-01
3.521462082862854004e-01
3.429749011993408203e-01
3.550705611705780029e-01
3.591905236244201660e-01
3.722871840000152588e-01
3.271882236003875732e-01
3.884543180465698242e-01
3.662087917327880859e-01
4.735038876533508301e-01
1.199725270271301270e+00
3.591014444828033447e-01
3.331092894077301025e-01
3.177981674671173096e-01
3.838755190372467041e-01
5.225619077682495117e-01
3.710948824882507324e-01
3.929089605808258057e-01
5.377118587493896484e-01
5.972009897232055664e-01
4.065321683883666992e-01
4.224345088005065918e-01
6.188166141510009766e-01
5.719856023788452148e-01
4.050873816013336182e-01
5.447608232498168945e-01
1.898492932319641113e+00
2.546010494232177734e+00
2.517935276031494141e+00
2.514543771743774414e+00
2.166095972061157227e+00
1.924791574478149414e+00
1.977068781852722168e+00
2.416041135787963867e+00
2.018750905990600586e+00
4.686210632324218750e+00
4.914330005645751953e+00
4.959390640258789062e+00
3.206491708755493164e+00
2.358561515808105469e+00
1.749150991439819336e+00
1.860647678375244141e+00
1.656303524971008301e+00
2.490320444107055664e+00
2.835438013076782227e+00
4.026921749114990234e+00
4.388023376464843750e+00
3.168699026107788086e+00
2.909499883651733398e+00
2.937735795974731445e+00
1.434331655502319336e+00
1.249596238136291504e+00
4.208931922912597656e+00
4.016119956970214844e+00
3.149804353713989258e+00
3.127653837203979492e+00
1.734444499015808105e+00
5.201342701911926270e-01
4.224372506141662598e-01
1.004964709281921387e+00
3.193505525588989258e+00
2.744116306304931641e+00
2.702027797698974609e+00
2.444434404373168945e+00
5.339945554733276367e-01
8.001984357833862305e-01
1.399412155151367188e+00
5.190818786621093750e+00
3.255548477172851562e+00
1.801698803901672363e+00
1.876892924308776855e+00
8.971871733665466309e-01
-8.523732423782348633e-02
6.700819730758666992e-01
1.391700625419616699e+00
2.228629887104034424e-01
4.565347433090209961e-01
6.264672279357910156e-01
1.311659097671508789e+00
1.065065622329711914e+00
4.149299860000610352e-01
5.727936625480651855e-01
4.223506450653076172e-01
5.769226551055908203e-01
6.518303155899047852e-01
4.668342471122741699e-01
2.728505134582519531e-01
4.147208333015441895e-01
6.373253464698791504e-01
5.231139659881591797e-01
9.202418327331542969e-01
1.122172236442565918e+00
8.632738590240478516e-01
9.284677505493164062e-01
8.442755937576293945e-01
1.429557681083679199e+00
1.253245353698730469e+00
1.706940650939941406e+00
3.299648523330688477e+00
2.709444999694824219e+00
2.662711858749389648e+00
4.508755207061767578e+00
3.948981285095214844e+00
4.123930454254150391e+00
3.491813421249389648e+00
3.142132520675659180e+00
2.306322574615478516e+00
4.917355060577392578e+00
4.169045448303222656e+00
5.398605346679687500e+00
4.284663677215576172e+00
3.957462549209594727e+00
3.602669477462768555e+00
4.360033035278320312e+00
3.026912689208984375e+00
2.286598205566406250e+00
2.638955116271972656e+00
3.321286678314208984e+00
2.301245450973510742e+00
1.397555947303771973e+00
2.083074092864990234e+00
2.033703804016113281e+00
1.905522465705871582e+00
1.784129977226257324e+00
1.329888820648193359e+00
6.823059320449829102e-01
3.406162858009338379e-01
3.876580595970153809e-01
4.490962922573089600e-01
4.784576594829559326e-01
4.222681224346160889e-01
4.962063133716583252e-01
2.351639568805694580e-01
3.133695721626281738e-01
1.200603723526000977e+00
6.031944155693054199e-01
3.805249333381652832e-01
4.538452923297882080e-01
3.152572810649871826e-01
2.489371001720428467e-01
7.148059606552124023e-01
4.630580246448516846e-01
2.766695022583007812e-01
2.887010276317596436e-01
5.941497087478637695e-01
4.176942706108093262e-01
2.539407610893249512e-01
4.907347857952117920e-01
4.921384155750274658e-01
3.048473298549652100e-01
3.132053911685943604e-01
6.106613874435424805e-01
4.827500283718109131e-01
4.828116893768310547e-01
7.108389735221862793e-01
1.242325544357299805e+00
2.922755479812622070e-01
3.366295099258422852e-01
4.825241565704345703e-01
2.781847119331359863e-01
3.579324185848236084e-01
4.036083519458770752e-01
4.253300726413726807e-01
2.791994214057922363e-01
2.931904792785644531e-01
6.538682579994201660e-01
5.378776788711547852e-01
4.508954584598541260e-01
6.833414435386657715e-01
6.100578308105468750e-01
1.654832243919372559e+00
3.153196096420288086e+00
3.201040983200073242e+00
2.873939752578735352e+00
2.667071342468261719e+00
2.547524213790893555e+00
1.852969050407409668e+00
1.915342211723327637e+00
2.717792749404907227e+00
1.726567745208740234e+00
1.494320511817932129e+00
2.280320882797241211e+00
1.505922794342041016e+00
1.888413548469543457e+00
2.171787261962890625e+00
1.370595693588256836e+00
1.482669353485107422e+00
1.549580216407775879e+00
1.425942063331604004e+00
1.293023467063903809e+00
1.299474954605102539e+00
1.404731512069702148e+00
1.398551464080810547e+00
1.432310700416564941e+00
1.269778370857238770e+00
1.434615850448608398e+00
1.295150756835937500e+00
1.376006126403808594e+00
1.440019726753234863e+00
1.359634518623352051e+00
1.334157109260559082e+00
1.372080445289611816e+00
1.516754508018493652e+00
1.759990096092224121e+00
1.672650814056396484e+00
2.244410514831542969e+00
1.427985191345214844e+00
1.626049995422363281e+00
1.747316718101501465e+00
2.447925329208374023e+00
1.263247728347778320e+00
1.585428357124328613e+00
1.479299306869506836e+00
1.330813407897949219e+00
1.419920921325683594e+00
1.485404014587402344e+00
1.347583532333374023e+00
1.395371913909912109e+00
1.961810946464538574e+00
1.491044163703918457e+00
1.467232227325439453e+00
1.506805896759033203e+00
1.628897309303283691e+00
1.768323302268981934e+00
1.745080828666687012e+00
1.538756608963012695e+00
9.513270258903503418e-01
1.196272134780883789e+00
1.331391692161560059e+00
5.800391435623168945e-01
4.731097221374511719e-01
1.229961514472961426e+00
1.048242807388305664e+00
9.655660986900329590e-01
7.759942412376403809e-01
1.034985303878784180e+00
1.134197235107421875e+00
1.096945405006408691e+00
1.088656067848205566e+00
1.095729231834411621e+00
1.150553703308105469e+00
1.518083095550537109e+00
1.989309787750244141e+00
1.578643083572387695e+00
1.777612447738647461e+00
2.634415149688720703e+00
1.642700910568237305e+00
1.924869418144226074e+00
2.019920587539672852e+00
1.609003543853759766e+00
1.306811451911926270e+00
2.545269489288330078e+00
2.613590002059936523e+00
2.632451772689819336e+00
2.676157712936401367e+00
2.699959278106689453e+00
2.540510654449462891e+00
1.381904959678649902e+00
1.528648734092712402e+00
1.986776351928710938e+00
2.027611494064331055e+00
1.827761173248291016e+00
1.910887598991394043e+00
1.995647192001342773e+00
1.669139862060546875e+00
8.699736595153808594e-01
9.159464240074157715e-01
8.546392321586608887e-01
3.310387432575225830e-01
3.517068326473236084e-01
3.537431061267852783e-01
2.914044559001922607e-01
3.539489507675170898e-01
4.006620943546295166e-01
3.268590271472930908e-01
2.915585041046142578e-01
4.067752957344055176e-01
3.673123121261596680e-01
3.531428277492523193e-01
3.337915241718292236e-01
3.784300088882446289e-01
3.487254679203033447e-01
3.668770492076873779e-01
1.030653119087219238e+00
9.238073229789733887e-01
3.139391541481018066e-01
1.198557853698730469e+00
1.544826030731201172e+00
1.435605168342590332e+00
1.230531930923461914e+00
2.803791463375091553e-01
4.822747409343719482e-01
3.612736761569976807e-01
3.301492929458618164e-01
3.614178299903869629e-01
3.492396771907806396e-01
3.288221061229705811e-01
3.392630517482757568e-01
4.439840912818908691e-01
2.988083958625793457e-01
3.056871592998504639e-01
3.942202329635620117e-01
4.579507410526275635e-01
3.002342581748962402e-01
7.370945215225219727e-01
1.074368476867675781e+00
4.094477593898773193e-01
3.793649375438690186e-01
3.650493621826171875e-01
5.686139464378356934e-01
3.800205886363983154e-01
3.558160960674285889e-01
4.999063611030578613e-01
7.842569351196289062e-01
1.569908738136291504e+00
2.266282796859741211e+00
2.269381761550903320e+00
2.718180179595947266e+00
2.502432823181152344e+00
2.809649467468261719e+00
2.456961154937744141e+00
2.270043611526489258e+00
2.017322063446044922e+00
2.122788667678833008e+00
1.571635246276855469e+00
1.457115173339843750e+00
2.851030826568603516e+00
2.305467128753662109e+00
1.445031404495239258e+00
1.462346434593200684e+00
1.476621985435485840e+00
1.387169003486633301e+00
1.456167697906494141e+00
7.545644640922546387e-01
2.676932096481323242e+00
1.183158159255981445e+00
6.342844963073730469e-01
1.484957575798034668e+00
8.260138034820556641e-01
5.641148686408996582e-01
1.390618562698364258e+00
2.783895254135131836e+00
3.151275157928466797e+00
2.982502698898315430e+00
1.955845713615417480e+00
1.715275764465332031e+00
1.868631005287170410e+00
1.811376333236694336e+00
1.901571273803710938e+00
2.260896444320678711e+00
2.027566909790039062e+00
1.747835278511047363e+00
1.913349032402038574e+00
1.930933237075805664e+00
1.053660631179809570e+00
7.968637943267822266e-01
8.209646344184875488e-01
6.641206145286560059e-01
6.903646588325500488e-01
1.376174330711364746e+00
5.314816236495971680e-01
3.416786789894104004e-01
4.877271056175231934e-01
8.037151098251342773e-01
1.387808203697204590e+00
2.179328441619873047e+00
2.175875186920166016e+00
2.159020900726318359e+00
2.142102003097534180e+00
1.548626661300659180e+00
1.563693761825561523e+00
2.819827556610107422e+00
1.578378558158874512e+00
1.389904499053955078e+00
1.459564328193664551e+00
1.463412642478942871e+00
1.443243980407714844e+00
1.447327494621276855e+00
1.662264108657836914e+00
1.566348791122436523e+00
2.138190984725952148e+00
1.351093649864196777e+00
1.334948420524597168e+00
1.287908554077148438e+00
1.308827400207519531e+00
2.448101282119750977e+00
3.528398990631103516e+00
2.925243616104125977e+00
2.167702674865722656e+00
2.079554319381713867e+00
1.850027799606323242e+00
1.513208508491516113e+00
1.646995425224304199e+00
3.068133592605590820e+00
1.487411260604858398e+00
1.233900308609008789e+00
1.328601360321044922e+00
1.273103475570678711e+00
8.833287954330444336e-01
1.282920241355895996e+00
1.649414420127868652e+00
2.736159563064575195e+00
7.480581998825073242e-01
5.968616604804992676e-01
5.429189205169677734e-01
4.342166185379028320e-01
3.611089289188385010e-01
5.298956632614135742e-01
1.636867523193359375e+00
1.454358100891113281e+00
2.001993179321289062e+00
1.094707131385803223e+00
8.719506859779357910e-01
7.612740993499755859e-01
4.241656959056854248e-01
4.630495011806488037e-01
4.161856174468994141e-01
3.522947728633880615e-01
3.872348368167877197e-01
3.968038856983184814e-01
6.183424592018127441e-01
1.155464768409729004e+00
6.143666505813598633e-01
4.353522062301635742e-01
4.000796377658843994e-01
4.741663634777069092e-01
4.280609190464019775e-01
3.291381597518920898e-01
3.266559243202209473e-01
3.739517927169799805e-01
3.767922818660736084e-01
3.430826067924499512e-01
4.168275594711303711e-01
4.472727179527282715e-01
3.496264219284057617e-01
5.093885064125061035e-01
4.738281369209289551e-01
4.387219548225402832e-01
5.403478741645812988e-01
4.620027244091033936e-01
4.251044988632202148e-01
4.958828687667846680e-01
4.575286209583282471e-01
4.136332273483276367e-01
1.302820324897766113e+00
6.316995024681091309e-01
3.598716557025909424e-01
4.441743195056915283e-01
4.406702518463134766e-01
4.149486124515533447e-01
4.062824547290802002e-01
4.272871315479278564e-01
4.331791400909423828e-01
3.925981223583221436e-01
4.278824627399444580e-01
4.838650524616241455e-01
4.216664731502532959e-01
3.606438040733337402e-01
3.721742630004882812e-01
3.827821314334869385e-01
3.280151784420013428e-01
1.720603942871093750e+00
1.468546986579895020e+00
1.366832613945007324e+00
7.525106072425842285e-01
9.537807106971740723e-01
5.811777710914611816e-01
5.969751477241516113e-01
8.575556278228759766e-01
1.346008777618408203e+00
5.592406392097473145e-01
4.773999154567718506e-01
4.436025321483612061e-01
3.727534413337707520e-01
1.499649524688720703e+00
2.851620912551879883e+00
2.390031814575195312e+00
1.563807010650634766e+00
1.882704854011535645e+00
1.836500167846679688e+00
1.701434373855590820e+00
1.820796608924865723e+00
2.065587043762207031e+00
1.879378914833068848e+00
1.941006541252136230e+00
2.240518093109130859e+00
2.069478273391723633e+00
1.835972309112548828e+00
2.202612400054931641e+00
2.316520690917968750e+00
2.366682052612304688e+00
2.104954719543457031e+00
2.139705657958984375e+00
1.478402495384216309e+00
1.079794168472290039e+00
1.004062891006469727e+00
2.600497961044311523e+00
1.532458424568176270e+00
1.087467908859252930e+00
7.843457460403442383e-01
6.740593910217285156e-01
9.565836191177368164e-01
1.286653161048889160e+00
1.431999087333679199e+00
2.817197084426879883e+00
1.197008609771728516e+00
1.005191922187805176e+00
1.058182477951049805e+00
1.239996790885925293e+00
2.438702344894409180e+00
1.354423046112060547e+00
1.764056682586669922e+00
2.193213939666748047e+00
1.788239002227783203e+00
1.814774394035339355e+00
1.163058876991271973e+00
1.019216895103454590e+00
9.604815840721130371e-01
1.414485335350036621e+00
1.207128882408142090e+00
1.224673867225646973e+00
1.104306221008300781e+00
1.303728103637695312e+00
1.282831430435180664e+00
1.703831553459167480e+00
1.646557211875915527e+00
1.668758511543273926e+00
1.691464781761169434e+00
1.684671044349670410e+00
1.824404239654541016e+00
2.557154417037963867e+00
2.232492208480834961e+00
2.159450769424438477e+00
1.318559885025024414e+00
1.138731002807617188e+00
2.288376569747924805e+00
2.577650547027587891e+00
2.631347179412841797e+00
2.669081449508666992e+00
2.615748405456542969e+00
2.455289363861083984e+00
1.833233475685119629e+00
1.757186412811279297e+00
1.515742301940917969e+00
1.598016858100891113e+00
2.157984733581542969e+00
2.255644798278808594e+00
1.785012841224670410e+00
1.899527907371520996e+00
1.765443921089172363e+00
1.406384587287902832e+00
1.427794098854064941e+00
1.750046730041503906e+00
1.600599408149719238e+00
1.182519316673278809e+00
7.907075285911560059e-01
8.585368990898132324e-01
8.005142211914062500e-01
3.577898740768432617e-01
3.851281404495239258e-01
3.811246454715728760e-01
3.594207763671875000e-01
3.281796276569366455e-01
4.176046252250671387e-01
3.870078921318054199e-01
3.883537054061889648e-01
3.536441624164581299e-01
4.027093350887298584e-01
3.169336616992950439e-01
3.107234239578247070e-01
3.401782810688018799e-01
3.949145376682281494e-01
4.866216480731964111e-01
1.235084176063537598e+00
3.427945375442504883e-01
3.014348149299621582e-01
3.004683256149291992e-01
3.619907200336456299e-01
4.641311168670654297e-01
3.690717518329620361e-01
4.292143285274505615e-01
5.417466163635253906e-01
1.695875048637390137e+00
1.398815751075744629e+00
1.434735417366027832e+00
1.005172491073608398e+00
4.102061688899993896e-01
3.299130201339721680e-01
3.606465160846710205e-01
4.851083755493164062e-01
2.975420653820037842e-01
3.198569118976593018e-01
3.605399131774902344e-01
4.717567861080169678e-01
3.315825462341308594e-01
3.483636677265167236e-01
4.862250387668609619e-01
4.576582908630371094e-01
3.843168020248413086e-01
4.842827916145324707e-01
5.041080117225646973e-01
1.574443936347961426e+00
2.084025621414184570e+00
2.550642490386962891e+00
2.876533985137939453e+00
2.474112749099731445e+00
2.559737443923950195e+00
2.582625150680541992e+00
2.284409046173095703e+00
2.388217449188232422e+00
1.821689367294311523e+00
1.738769531250000000e+00
1.921186566352844238e+00
1.829082012176513672e+00
1.795173645019531250e+00
1.862631559371948242e+00
1.885352611541748047e+00
1.238774895668029785e+00
1.347255945205688477e+00
1.437768578529357910e+00
1.389829993247985840e+00
1.251973271369934082e+00
1.347666025161743164e+00
1.385946273803710938e+00
1.281543970108032227e+00
1.293403625488281250e+00
1.321160435676574707e+00
1.325457453727722168e+00
1.243478655815124512e+00
1.296926140785217285e+00
1.241070985794067383e+00
1.331147193908691406e+00
1.260608673095703125e+00
1.237482428550720215e+00
1.297135233879089355e+00
1.414509773254394531e+00
1.734120488166809082e+00
1.558086872100830078e+00
1.409114956855773926e+00
1.576279520988464355e+00
1.646782517433166504e+00
1.504194855690002441e+00
1.533929586410522461e+00
2.140577077865600586e+00
3.432267904281616211e+00
1.447255134582519531e+00
1.454609394073486328e+00
1.527251124382019043e+00
1.485027432441711426e+00
1.474658012390136719e+00
6.402012109756469727e-01
7.760273814201354980e-01
2.498194694519042969e+00
1.107879161834716797e+00
4.652494192123413086e-01
4.676620364189147949e-01
4.012483954429626465e-01
4.629097282886505127e-01
6.393437981605529785e-01
3.959410190582275391e-01
4.250960052013397217e-01
5.230311751365661621e-01
5.582755208015441895e-01
4.242306649684906006e-01
6.038281321525573730e-01
6.454433202743530273e-01
6.418699026107788086e-01
9.091493487358093262e-01
1.256808280944824219e+00
1.199195384979248047e+00
1.244864463806152344e+00
1.378531336784362793e+00
1.947666406631469727e+00
2.065224170684814453e+00
2.216344594955444336e+00
2.469747781753540039e+00
2.465428590774536133e+00
2.002043724060058594e+00
1.379699587821960449e+00
1.935956597328186035e+00
2.801079273223876953e+00
3.726714611053466797e+00
2.580281257629394531e+00
2.726340532302856445e+00
2.587804555892944336e+00
2.745610237121582031e+00
2.575414657592773438e+00
2.778339385986328125e+00
2.903507232666015625e+00
2.740343332290649414e+00
2.966724634170532227e+00
2.451812267303466797e+00
2.525943517684936523e+00
2.643155336380004883e+00
2.591669797897338867e+00
2.591693878173828125e+00
2.083116054534912109e+00
1.077054381370544434e+00
1.074052691459655762e+00
9.814029335975646973e-01
5.135529041290283203e-01
4.136762619018554688e-01
4.242679476737976074e-01
4.980068504810333252e-01
1.179604768753051758e+00
4.058151245117187500e-01
3.200904428958892822e-01
4.074523150920867920e-01
4.867334961891174316e-01
3.474248647689819336e-01
2.838319540023803711e-01
4.706749320030212402e-01
3.763454854488372803e-01
3.056304156780242920e-01
3.220398426055908203e-01
2.928237318992614746e-01
2.528429925441741943e-01
2.695459723472595215e-01
2.853545844554901123e-01
2.877282500267028809e-01
2.469005584716796875e-01
3.199010491371154785e-01
3.100916445255279541e-01
2.518323957920074463e-01
2.343279570341110229e-01
3.304390311241149902e-01
3.341607153415679932e-01
2.513582110404968262e-01
2.760272920131683350e-01
3.510015606880187988e-01
2.396813631057739258e-01
2.931926846504211426e-01
3.174042999744415283e-01
4.029066860675811768e-01
2.316513955593109131e-01
3.110649585723876953e-01
5.043662190437316895e-01
4.619013071060180664e-01
3.308024704456329346e-01
4.227247834205627441e-01
5.976855754852294922e-01
4.225890934467315674e-01
1.544938087463378906e+00
1.503285408020019531e+00
1.526407718658447266e+00
1.858029723167419434e+00
2.607237815856933594e+00
2.336998939514160156e+00
1.962179899215698242e+00
2.071937799453735352e+00
2.585617303848266602e+00
2.240473031997680664e+00
1.858805775642395020e+00
1.959093809127807617e+00
2.250772237777709961e+00
1.806986927986145020e+00
1.815294623374938965e+00
1.902647376060485840e+00
2.607175588607788086e+00
1.625868797302246094e+00
1.813874244689941406e+00
2.388642311096191406e+00
1.730941295623779297e+00
1.944151878356933594e+00
1.933829069137573242e+00
8.566944003105163574e-01
9.541249871253967285e-01
1.192998528480529785e+00
1.845684885978698730e+00
1.132599711418151855e+00
1.187863111495971680e+00
9.507195949554443359e-01
9.590340852737426758e-01
2.100313186645507812e+00
1.239147067070007324e+00
2.004262208938598633e+00
1.357494831085205078e+00
2.145308256149291992e+00
2.884904384613037109e+00
1.428347229957580566e+00
6.490197181701660156e-01
4.654086828231811523e-01
6.068207025527954102e-01
6.912124752998352051e-01
5.904685854911804199e-01
1.632901310920715332e+00
2.350468635559082031e+00
2.372295558452606201e-01
3.936857581138610840e-01
6.802350878715515137e-01
4.903619885444641113e-01
7.855163812637329102e-01
1.092194199562072754e+00
4.881640076637268066e-01
4.077691733837127686e-01
4.650602936744689941e-01
4.662613868713378906e-01
4.854032993316650391e-01
4.610033631324768066e-01
5.728418827056884766e-01
8.264194726943969727e-01
5.580812096595764160e-01
4.498640298843383789e-01
5.568904876708984375e-01
1.498560428619384766e+00
6.263567805290222168e-01
7.715809941291809082e-01
9.482234120368957520e-01
8.399983048439025879e-01
2.615256547927856445e+00
2.452475786209106445e+00
2.793639183044433594e+00
2.963766098022460938e+00
3.003028392791748047e+00
2.666744232177734375e+00
3.058197021484375000e+00
2.787118196487426758e+00
2.931475877761840820e+00
2.903366327285766602e+00
2.635679006576538086e+00
3.025594711303710938e+00
2.241719722747802734e+00
2.216987609863281250e+00
2.560421466827392578e+00
2.450231552124023438e+00
2.624123573303222656e+00
2.788959741592407227e+00
2.671367168426513672e+00
4.211261749267578125e+00
3.995265722274780273e+00
4.070000171661376953e+00
3.888295173645019531e+00
3.228353738784790039e+00
2.726486206054687500e+00
2.647131443023681641e+00
2.720711469650268555e+00
2.757741451263427734e+00
2.654947996139526367e+00
2.566305875778198242e+00
2.330773830413818359e+00
2.085104703903198242e+00
2.212281703948974609e+00
2.151945590972900391e+00
2.144330263137817383e+00
2.221926450729370117e+00
1.858992695808410645e+00
7.031581997871398926e-01
7.817346453666687012e-01
9.718585610389709473e-01
9.431473612785339355e-01
8.268623948097229004e-01
1.108597755432128906e+00
1.123208642005920410e+00
7.818028926849365234e-01
6.718704700469970703e-01
6.356487274169921875e-01
4.859802722930908203e-01
3.748067021369934082e-01
2.763819694519042969e-01
2.417135238647460938e-01
4.191768467426300049e-01
2.623001933097839355e-01
2.634494900703430176e-01
2.868590950965881348e-01
4.626531600952148438e-01
2.755936682224273682e-01
2.860395312309265137e-01
2.808706164360046387e-01
4.257683455944061279e-01
2.543771266937255859e-01
3.180944621562957764e-01
3.602668941020965576e-01
4.089562892913818359e-01
2.679285109043121338e-01
3.877043724060058594e-01
3.060199022293090820e-01
3.859643936157226562e-01
3.491598963737487793e-01
3.480174541473388672e-01
4.098117351531982422e-01
3.185459077358245850e-01
2.724563479423522949e-01
3.677508831024169922e-01
3.966983556747436523e-01
4.890597462654113770e-01
4.168303012847900391e-01
5.284767150878906250e-01
5.893710851669311523e-01
3.856365978717803955e-01
4.151292443275451660e-01
1.719163298606872559e+00
2.706025600433349609e+00
2.904396295547485352e+00
2.643757820129394531e+00
2.539295196533203125e+00
2.719717502593994141e+00
2.850788831710815430e+00
3.018592119216918945e+00
2.327475309371948242e+00
2.441076517105102539e+00
1.753127336502075195e+00
3.385236263275146484e+00
2.222575664520263672e+00
1.951281428337097168e+00
1.410434126853942871e+00
1.463882207870483398e+00
1.416958570480346680e+00
1.380201458930969238e+00
1.757120609283447266e+00
4.943302154541015625e+00
3.898803234100341797e+00
3.126631736755371094e+00
2.748083591461181641e+00
1.731595277786254883e+00
1.589402794837951660e+00
2.023203849792480469e+00
2.949013710021972656e+00
4.180778503417968750e+00
3.186048269271850586e+00
2.497323036193847656e+00
2.652734756469726562e+00
1.468582987785339355e+00
1.443507313728332520e+00
1.393518447875976562e+00
1.684040307998657227e+00
1.656391263008117676e+00
1.464238166809082031e+00
1.567529797554016113e+00
1.718535304069519043e+00
1.716364741325378418e+00
1.660237669944763184e+00
2.995808124542236328e+00
2.966495990753173828e+00
3.134865522384643555e+00
2.593316078186035156e+00
2.092648744583129883e+00
1.259671807289123535e+00
1.370334148406982422e+00
1.437607407569885254e+00
2.086930751800537109e+00
1.697931647300720215e+00
1.441877603530883789e+00
1.603140950202941895e+00
1.435478448867797852e+00
1.573667645454406738e+00
1.624630689620971680e+00
1.614779353141784668e+00
1.565203309059143066e+00
1.579317688941955566e+00
1.706268310546875000e+00
1.721402406692504883e+00
1.819405794143676758e+00
1.668483972549438477e+00
1.256891369819641113e+00
8.250399231910705566e-01
1.679711818695068359e+00
1.651700139045715332e+00
1.533864855766296387e+00
2.140744686126708984e+00
1.846754431724548340e+00
1.954202532768249512e+00
1.510213971138000488e+00
1.788713097572326660e+00
1.792435169219970703e+00
1.550823807716369629e+00
1.324936389923095703e+00
1.409055471420288086e+00
1.179233431816101074e+00
7.210937738418579102e-01
4.386920630931854248e-01
5.040707588195800781e-01
7.209024429321289062e-01
4.962548315525054932e-01
3.628848195075988770e-01
4.648717045783996582e-01
5.942443013191223145e-01
5.172395110130310059e-01
3.332416713237762451e-01
2.187046557664871216e-01
4.849965274333953857e-01
7.513714432716369629e-01
1.185881853103637695e+00
3.341579735279083252e-01
2.282377779483795166e-01
6.541541218757629395e-01
4.369277060031890869e-01
4.421879351139068604e-01
4.962000250816345215e-01
1.449106097221374512e+00
1.489052534103393555e+00
1.226869463920593262e+00
1.329233765602111816e+00
1.488956093788146973e+00
4.658222794532775879e-01
9.882970452308654785e-01
7.302220463752746582e-01
4.048075377941131592e-01
9.740105271339416504e-01
7.287340164184570312e-01
4.134767055511474609e-01
5.360815525054931641e-01
5.915263295173645020e-01
5.247944593429565430e-01
5.321624875068664551e-01
3.671188056468963623e-01
4.030985534191131592e-01
3.953832387924194336e-01
3.899256587028503418e-01
4.122043550014495850e-01
3.588089644908905029e-01
2.938148677349090576e-01
2.870942652225494385e-01
3.681784570217132568e-01
3.784845471382141113e-01
2.794124186038970947e-01
4.845587909221649170e-01
3.911955654621124268e-01
3.964916765689849854e-01
3.279842138290405273e-01
3.761146962642669678e-01
3.923744559288024902e-01
4.995590746402740479e-01
3.996300995349884033e-01
4.221412241458892822e-01
4.029746353626251221e-01
4.871029853820800781e-01
3.682519197463989258e-01
3.500096201896667480e-01
3.033019602298736572e-01
3.728088140487670898e-01
1.136330485343933105e+00
1.330516219139099121e+00
1.329481244087219238e+00
1.309710860252380371e+00
1.305855631828308105e+00
2.234599739313125610e-01
4.632759094238281250e-01
1.264247298240661621e+00
3.894196748733520508e-01
3.840281665325164795e-01
1.595363378524780273e+00
8.955209255218505859e-01
8.918913602828979492e-01
8.089153170585632324e-01
8.370621800422668457e-01
8.762156963348388672e-01
9.469030499458312988e-01
1.172172069549560547e+00
1.134485840797424316e+00
1.428981304168701172e+00
1.120462417602539062e+00
1.223058581352233887e+00
1.218099594116210938e+00
1.202424764633178711e+00
1.155393958091735840e+00
1.143519282341003418e+00
1.522188544273376465e+00
1.931743979454040527e+00
1.714342951774597168e+00
1.753120660781860352e+00
2.130256891250610352e+00
3.254682540893554688e+00
1.726714968681335449e+00
1.862793087959289551e+00
2.962370395660400391e+00
2.612114906311035156e+00
2.995990037918090820e+00
2.499766111373901367e+00
1.942717790603637695e+00
1.832640290260314941e+00
5.647702813148498535e-01
1.056408524513244629e+00
9.260206222534179688e-01
5.783293247222900391e-01
5.601158142089843750e-01
2.256053924560546875e+00
1.543672084808349609e+00
3.067219972610473633e+00
2.332468748092651367e+00
1.597868680953979492e+00
1.662599325180053711e+00
9.957064390182495117e-01
1.122706174850463867e+00
1.923349261283874512e+00
3.083176136016845703e+00
2.703563213348388672e+00
3.016046285629272461e+00
3.391737222671508789e+00
1.216770291328430176e+00
1.638807892799377441e+00
1.773471951484680176e+00
1.906296253204345703e+00
2.438859224319458008e+00
2.943543910980224609e+00
3.920641660690307617e+00
3.387312173843383789e+00
2.440435171127319336e+00
2.399659395217895508e+00
2.287577152252197266e+00
2.172530174255371094e+00
2.276822328567504883e+00
2.602782964706420898e+00
2.301607847213745117e+00
1.310568809509277344e+00
1.397105932235717773e+00
1.665052771568298340e+00
1.585862040519714355e+00
1.886364340782165527e+00
2.137996673583984375e+00
1.884518623352050781e+00
8.495259284973144531e-01
6.792384982109069824e-01
1.581226229667663574e+00
3.061765670776367188e+00
2.152160644531250000e+00
2.380904912948608398e+00
2.388267278671264648e+00
1.441375732421875000e+00
1.378329873085021973e+00
1.332068204879760742e+00
1.504056453704833984e+00
1.285257697105407715e+00
9.872631430625915527e-01
8.173720836639404297e-01
5.968605279922485352e-01
7.576400637626647949e-01
6.807062625885009766e-01
6.268866062164306641e-01
5.532323718070983887e-01
6.329167485237121582e-01
5.558694601058959961e-01
4.547391235828399658e-01
3.233960866928100586e-01
3.611429333686828613e-01
4.451829791069030762e-01
3.951691687107086182e-01
3.542403280735015869e-01
4.041861593723297119e-01
3.554562032222747803e-01
1.093345046043395996e+00
1.259426474571228027e+00
1.480607867240905762e+00
7.381815910339355469e-01
2.425432205200195312e-01
3.185440003871917725e-01
3.786388635635375977e-01
4.591337442398071289e-01
2.450939714908599854e-01
2.195052951574325562e-01
3.308079540729522705e-01
4.622820317745208740e-01
4.517700970172882080e-01
4.467713832855224609e-01
4.185072183609008789e-01
4.570514261722564697e-01
3.632578551769256592e-01
4.085308909416198730e-01
3.686452507972717285e-01
4.072760641574859619e-01
5.182794332504272461e-01
3.450714647769927979e-01
3.505416512489318848e-01
4.113919138908386230e-01
3.958618044853210449e-01
4.264793694019317627e-01
4.388403594493865967e-01
5.078688859939575195e-01
4.730798602104187012e-01
2.801192998886108398e-01
3.086268603801727295e-01
5.777474045753479004e-01
4.906711876392364502e-01
2.987012267112731934e-01
3.483817577362060547e-01
4.148600697517395020e-01
3.909598290920257568e-01
3.691748082637786865e-01
3.763062953948974609e-01
1.794422864913940430e+00
2.151542425155639648e+00
2.125788450241088867e+00
3.007112979888916016e+00
2.333676338195800781e+00
2.430071830749511719e+00
2.327603101730346680e+00
2.220686912536621094e+00
2.111138820648193359e+00
2.110129594802856445e+00
1.993320345878601074e+00
1.800481557846069336e+00
2.421725749969482422e+00
2.950204133987426758e+00
1.396954894065856934e+00
1.747160196304321289e+00
1.698798060417175293e+00
1.431680321693420410e+00
1.400129437446594238e+00
1.515214920043945312e+00
2.825171709060668945e+00
2.470568895339965820e+00
1.175338745117187500e+00
1.390189051628112793e+00
1.533972501754760742e+00
1.405502915382385254e+00
1.276173353195190430e+00
1.411459803581237793e+00
1.438821673393249512e+00
1.391129136085510254e+00
1.242077708244323730e+00
1.251408576965332031e+00
1.346539497375488281e+00
1.376146435737609863e+00
1.773138642311096191e+00
1.857247710227966309e+00
1.117950081825256348e+00
7.327692508697509766e-01
1.131075978279113770e+00
6.920922994613647461e-01
8.656333088874816895e-01
9.977548122406005859e-01
1.087282299995422363e+00
1.289632320404052734e+00
1.262970566749572754e+00
1.002784252166748047e+00
1.181609272956848145e+00
1.412751913070678711e+00
1.634132623672485352e+00
1.613988637924194336e+00
1.889244556427001953e+00
2.359583377838134766e+00
1.762819647789001465e+00
1.756806731224060059e+00
1.974925398826599121e+00
8.203024268150329590e-01
1.031378626823425293e+00
1.257100820541381836e+00
1.243683099746704102e+00
1.479264855384826660e+00
1.754075407981872559e+00
2.755372524261474609e+00
2.720298767089843750e+00
2.822713613510131836e+00
2.906632900238037109e+00
2.151358842849731445e+00
1.664787411689758301e+00
1.991584777832031250e+00
2.431152105331420898e+00
2.657242298126220703e+00
2.374782800674438477e+00
2.420292377471923828e+00
2.508474349975585938e+00
3.116609096527099609e+00
2.572757005691528320e+00
2.883760690689086914e+00
2.610954046249389648e+00
2.661340951919555664e+00
1.874026894569396973e+00
2.339764595031738281e+00
3.896628141403198242e+00
1.780951738357543945e+00
1.931974768638610840e+00
9.533380270004272461e-01
1.003496885299682617e+00
1.016175031661987305e+00
1.071308732032775879e+00
1.942034482955932617e+00
2.590391874313354492e+00
6.983302235603332520e-01
7.322438359260559082e-01
2.938557267189025879e-01
3.477806448936462402e-01
4.922329783439636230e-01
3.861861526966094971e-01
3.077119290828704834e-01
2.656729817390441895e-01
4.075553715229034424e-01
2.937690913677215576e-01
8.877102136611938477e-01
9.926373958587646484e-01
8.599399924278259277e-01
7.554278373718261719e-01
7.623217105865478516e-01
7.301464080810546875e-01
7.146683931350708008e-01
9.242771267890930176e-01
8.455682396888732910e-01
8.606493473052978516e-01
1.020262598991394043e+00
1.416371107101440430e+00
1.449349999427795410e+00
8.208051323890686035e-01
2.450934201478958130e-01
3.125801682472229004e-01
3.029417991638183594e-01
3.076932728290557861e-01
3.077587783336639404e-01
3.074367344379425049e-01
3.299593627452850342e-01
2.796571850776672363e-01
2.855160236358642578e-01
3.763657808303833008e-01
4.149565696716308594e-01
3.799564540386199951e-01
2.861982583999633789e-01
3.046831488609313965e-01
3.695546984672546387e-01
3.745616674423217773e-01
4.001218378543853760e-01
4.803094565868377686e-01
4.848019182682037354e-01
4.580304920673370361e-01
4.864654242992401123e-01
5.142806172370910645e-01
4.166249930858612061e-01
4.421385824680328369e-01
5.758429765701293945e-01
5.366919636726379395e-01
4.816012680530548096e-01
4.000174105167388916e-01
4.910965859889984131e-01
4.920013844966888428e-01
5.062067508697509766e-01
1.500100374221801758e+00
2.161764860153198242e+00
2.247912406921386719e+00
2.103164911270141602e+00
2.531906604766845703e+00
1.917823076248168945e+00
2.185104846954345703e+00
1.786161541938781738e+00
1.578373908996582031e+00
1.622811794281005859e+00
1.676528692245483398e+00
1.691627621650695801e+00
1.799467682838439941e+00
9.273952245712280273e-01
7.921945452690124512e-01
1.105729341506958008e+00
1.028465867042541504e+00
9.970967173576354980e-01
7.422398924827575684e-01
3.577101230621337891e-01
3.603568077087402344e-01
4.039570093154907227e-01
3.086726367473602295e-01
4.891606271266937256e-01
6.715914607048034668e-01
9.018616676330566406e-01
6.455458402633666992e-01
1.517250061035156250e+00
1.545841217041015625e+00
1.654655933380126953e+00
1.064808249473571777e+00
9.742183089256286621e-01
1.177121162414550781e+00
1.753352284431457520e+00
1.159496426582336426e+00
6.048359870910644531e-01
1.535223007202148438e+00
1.865904092788696289e+00
1.929097652435302734e+00
1.898832201957702637e+00
2.462906837463378906e+00
2.334402084350585938e+00
2.199230909347534180e+00
2.298469781875610352e+00
2.028784036636352539e+00
1.642919659614562988e+00
1.450616955757141113e+00
2.395379066467285156e+00
2.432486057281494141e+00
2.508802890777587891e+00
3.166344165802001953e+00
2.799731492996215820e+00
1.137309789657592773e+00
1.205786943435668945e+00
1.421411275863647461e+00
2.651438236236572266e+00
2.400653362274169922e+00
2.785009622573852539e+00
3.491148948669433594e+00
3.926553487777709961e+00
2.589385509490966797e+00
2.944532632827758789e+00
3.793951511383056641e+00
2.949549436569213867e+00
2.932079792022705078e+00
2.144821166992187500e+00
2.315694808959960938e+00
1.552355170249938965e+00
1.825716137886047363e+00
1.900412678718566895e+00
1.915759682655334473e+00
1.936135292053222656e+00
1.896804451942443848e+00
2.611879587173461914e+00
2.613918542861938477e+00
2.938697099685668945e+00
2.390668869018554688e+00
1.882979750633239746e+00
1.972826600074768066e+00
1.965483784675598145e+00
1.837617158889770508e+00
1.856625556945800781e+00
1.823971748352050781e+00
1.864225745201110840e+00
1.803195118904113770e+00
1.849143743515014648e+00
1.930110335350036621e+00
1.685553073883056641e+00
1.742014527320861816e+00
1.849670290946960449e+00
1.734021067619323730e+00
1.744670033454895020e+00
1.805551290512084961e+00
1.808004975318908691e+00
1.697697520256042480e+00
1.772384881973266602e+00
1.915094494819641113e+00
1.820852994918823242e+00
1.795444726943969727e+00
1.919618725776672363e+00
1.878147125244140625e+00
1.839040279388427734e+00
2.001351833343505859e+00
1.987994074821472168e+00
1.801975369453430176e+00
2.678622484207153320e+00
1.924740552902221680e+00
1.806004285812377930e+00
1.711401104927062988e+00
1.898398399353027344e+00
1.903575539588928223e+00
1.668756365776062012e+00
1.711978077888488770e+00
1.828567028045654297e+00
1.548845171928405762e+00
1.675168037414550781e+00
1.863695621490478516e+00
1.884714841842651367e+00
9.220569133758544922e-01
5.372557640075683594e-01
8.583875298500061035e-01
5.939205884933471680e-01
5.105849504470825195e-01
1.405502080917358398e+00
1.464076161384582520e+00
4.686542749404907227e-01
4.708124995231628418e-01
4.789726734161376953e-01
4.495066106319427490e-01
4.705033302307128906e-01
6.378738284111022949e-01
4.990741908550262451e-01
4.620548188686370850e-01
4.891850352287292480e-01
5.699372887611389160e-01
3.603313267230987549e-01
3.607416450977325439e-01
4.085429608821868896e-01
3.813507854938507080e-01
3.513272106647491455e-01
3.469896018505096436e-01
4.051444232463836670e-01
4.124113023281097412e-01
4.223322570323944092e-01
4.137905538082122803e-01
3.543077409267425537e-01
3.295495808124542236e-01
3.669000864028930664e-01
2.963080704212188721e-01
3.951392769813537598e-01
4.008972644805908203e-01
3.702435195446014404e-01
2.853737473487854004e-01
3.411378860473632812e-01
3.833684325218200684e-01
1.509489536285400391e+00
9.497646689414978027e-01
3.865720927715301514e-01
5.485310554504394531e-01
1.327347159385681152e+00
1.054959893226623535e+00
1.400526285171508789e+00
1.660470366477966309e+00
1.835611820220947266e+00
1.420085430145263672e+00
1.342046976089477539e+00
1.373487949371337891e+00
1.244607329368591309e+00
4.110459983348846436e-01
5.408963561058044434e-01
5.700535178184509277e-01
6.114031076431274414e-01
5.266355872154235840e-01
6.339462995529174805e-01
2.693578958511352539e+00
2.200809478759765625e+00
1.687279939651489258e+00
1.813695192337036133e+00
1.573819518089294434e+00
1.365545988082885742e+00
7.486184239387512207e-01
1.171150565147399902e+00
1.002622485160827637e+00
1.022689223289489746e+00
1.005650162696838379e+00
1.956943750381469727e+00
1.677179455757141113e+00
1.740319728851318359e+00
1.930041551589965820e+00
1.775683045387268066e+00
1.789090514183044434e+00
1.403042316436767578e+00
8.257747888565063477e-01
1.971431136131286621e+00
3.450366973876953125e+00
3.701734304428100586e+00
2.974517822265625000e+00
3.308074951171875000e+00
3.686547994613647461e+00
3.698074579238891602e+00
3.940359830856323242e+00
2.552300930023193359e+00
2.442242383956909180e+00
2.509418964385986328e+00
2.318688392639160156e+00
2.185307502746582031e+00
2.341200828552246094e+00
2.287974357604980469e+00
2.101077318191528320e+00
2.228632926940917969e+00
2.589056491851806641e+00
2.632194042205810547e+00
2.482860088348388672e+00
2.548576593399047852e+00
2.724267959594726562e+00
2.542962312698364258e+00
1.890112876892089844e+00
1.880290031433105469e+00
1.929448485374450684e+00
2.084870100021362305e+00
1.224935889244079590e+00
1.121104121208190918e+00
1.201479196548461914e+00
1.977515935897827148e+00
1.878034234046936035e+00
2.668880462646484375e+00
3.077971458435058594e+00
1.989986538887023926e+00
2.901632308959960938e+00
2.890006780624389648e+00
2.944448709487915039e+00
2.529853582382202148e+00
1.788329720497131348e+00
3.436431884765625000e+00
2.882344007492065430e+00
1.398717284202575684e+00
1.430491328239440918e+00
1.362238645553588867e+00
8.623158931732177734e-01
7.292928695678710938e-01
1.016815543174743652e+00
6.239222288131713867e-01
4.965623617172241211e-01
5.235552787780761719e-01
4.779404401779174805e-01
3.355084657669067383e-01
3.220442235469818115e-01
3.370272517204284668e-01
3.308353722095489502e-01
3.454198539257049561e-01
2.593213021755218506e-01
3.064729869365692139e-01
3.166565597057342529e-01
2.736341357231140137e-01
2.131322324275970459e-01
2.492904067039489746e-01
3.752268850803375244e-01
2.471875399351119995e-01
2.183740884065628052e-01
3.549239039421081543e-01
3.723143339157104492e-01
3.229895830154418945e-01
3.878041505813598633e-01
4.602230191230773926e-01
5.515469312667846680e-01
3.886974453926086426e-01
4.207318127155303955e-01
4.338147640228271484e-01
4.260109364986419678e-01
4.325002133846282959e-01
1.680378675460815430e+00
1.357942819595336914e+00
1.305059432983398438e+00
4.415119886398315430e-01
2.487956732511520386e-01
3.674340248107910156e-01
3.722110092639923096e-01
3.363565206527709961e-01
3.454387485980987549e-01
4.234289228916168213e-01
4.405087828636169434e-01
3.880478143692016602e-01
5.161436796188354492e-01
4.884855151176452637e-01
4.467497467994689941e-01
4.286192655563354492e-01
4.800197482109069824e-01
4.976845383644104004e-01
2.291728496551513672e+00
2.134184598922729492e+00
2.085982561111450195e+00
1.859441399574279785e+00
2.124901056289672852e+00
2.323170185089111328e+00
4.132187366485595703e+00
3.246449232101440430e+00
1.401565432548522949e+00
2.213607072830200195e+00
1.365991950035095215e+00
1.289781212806701660e+00
1.688829898834228516e+00
1.633847832679748535e+00
1.346611022949218750e+00
1.379772186279296875e+00
1.237798810005187988e+00
1.291021466255187988e+00
1.512267827987670898e+00
1.339756965637207031e+00
1.260303616523742676e+00
1.347118377685546875e+00
1.396176457405090332e+00
1.251667380332946777e+00
1.271041989326477051e+00
1.276539802551269531e+00
1.324301123619079590e+00
1.263506770133972168e+00
1.144684195518493652e+00
1.266162157058715820e+00
1.437180876731872559e+00
2.557469606399536133e+00
3.984298944473266602e+00
3.020505189895629883e+00
2.958014965057373047e+00
2.321064949035644531e+00
1.679148793220520020e+00
1.371977925300598145e+00
2.645192861557006836e+00
3.442316293716430664e+00
3.258176803588867188e+00
3.032501220703125000e+00
2.533633470535278320e+00
7.876255512237548828e-01
7.040144801139831543e-01
6.759178042411804199e-01
4.745268225669860840e-01
5.699164271354675293e-01
6.268624663352966309e-01
5.628907680511474609e-01
5.320758819580078125e-01
2.732759118080139160e-01
3.599560856819152832e-01
3.940593302249908447e-01
4.065242111682891846e-01
4.394979178905487061e-01
4.269527494907379150e-01
6.328205466270446777e-01
5.211969017982482910e-01
6.802819967269897461e-01
6.859568953514099121e-01
7.120479941368103027e-01
1.134271502494812012e+00
9.044510722160339355e-01
9.566447734832763672e-01
8.878215551376342773e-01
9.937184453010559082e-01
1.149819970130920410e+00
1.309086680412292480e+00
1.390193700790405273e+00
1.235733151435852051e+00
1.696251153945922852e+00
1.811576962471008301e+00
1.630994677543640137e+00
1.528548479080200195e+00
1.619273185729980469e+00
1.749682664871215820e+00
2.465441226959228516e+00
1.163090944290161133e+00
2.307237386703491211e+00
2.459249734878540039e+00
3.021548032760620117e+00
2.560554027557373047e+00
3.760312080383300781e+00
3.250541448593139648e+00
1.476957440376281738e+00
1.413586854934692383e+00
1.369328498840332031e+00
1.196657776832580566e+00
1.609731554985046387e+00
1.678212165832519531e+00
2.894077777862548828e+00
1.769224166870117188e+00
8.874471187591552734e-01
1.246235489845275879e+00
1.068552374839782715e+00
8.017043471336364746e-01
7.603583335876464844e-01
1.070665717124938965e+00
9.059481620788574219e-01
4.528248310089111328e-01
4.148902297019958496e-01
4.270862340927124023e-01
5.558727979660034180e-01
4.929508566856384277e-01
6.183183193206787109e-01
3.079150319099426270e-01
3.879233896732330322e-01
3.891354501247406006e-01
3.856870234012603760e-01
3.515621125698089600e-01
2.763263285160064697e-01
4.190255403518676758e-01
2.345584779977798462e-01
3.170997798442840576e-01
3.799693286418914795e-01
4.634036421775817871e-01
1.039200544357299805e+00
1.353486180305480957e+00
1.274747967720031738e+00
1.369267702102661133e+00
7.585229873657226562e-01
2.342366874217987061e-01
2.690002322196960449e-01
2.703644335269927979e-01
3.006670475006103516e-01
3.166283369064331055e-01
3.400096893310546875e-01
2.709137201309204102e-01
3.477208912372589111e-01
3.653092086315155029e-01
3.066440224647521973e-01
3.041330277919769287e-01
4.229525625705718994e-01
4.503590464591979980e-01
4.121426641941070557e-01
3.417710363864898682e-01
3.605919778347015381e-01
4.667270779609680176e-01
4.578824937343597412e-01
4.419601559638977051e-01
4.114193320274353027e-01
4.234505891799926758e-01
1.765034317970275879e+00
2.341740131378173828e+00
2.737553596496582031e+00
2.558933258056640625e+00
2.446158885955810547e+00
2.584993362426757812e+00
2.171952962875366211e+00
2.235440969467163086e+00
2.074999570846557617e+00
2.485069751739501953e+00
1.870500087738037109e+00
1.392390847206115723e+00
1.398074030876159668e+00
1.533810853958129883e+00
1.525468945503234863e+00
1.512561917304992676e+00
1.452165603637695312e+00
1.468338489532470703e+00
1.847498655319213867e+00
1.819676041603088379e+00
1.409407973289489746e+00
1.319199800491333008e+00
1.419442057609558105e+00
1.585469841957092285e+00
1.727214097976684570e+00
1.426442861557006836e+00
1.374329924583435059e+00
1.349466562271118164e+00
1.431370854377746582e+00
1.168035149574279785e+00
2.206995338201522827e-01
5.870404243469238281e-01
3.590175807476043701e-01
3.809245824813842773e-01
3.379660248756408691e-01
3.789041936397552490e-01
3.863695263862609863e-01
5.236032009124755859e-01
4.659028649330139160e-01
4.267019331455230713e-01
3.602748513221740723e-01
3.712179362773895264e-01
5.037401914596557617e-01
3.469487726688385010e-01
3.146550953388214111e-01
3.167075514793395996e-01
3.549628257751464844e-01
3.009614348411560059e-01
2.920864224433898926e-01
3.451805412769317627e-01
3.675357103347778320e-01
3.293719589710235596e-01
2.570081949234008789e-01
3.288900852203369141e-01
3.471979200839996338e-01
3.128282427787780762e-01
2.607704699039459229e-01
2.925970554351806641e-01
3.309077322483062744e-01
3.305667638778686523e-01
4.009252190589904785e-01
1.569074034690856934e+00
9.337819814682006836e-01
1.114278435707092285e+00
1.325186729431152344e+00
1.278863549232482910e+00
1.242413520812988281e+00
2.292840003967285156e+00
2.208270549774169922e+00
2.259586334228515625e+00
2.412179708480834961e+00
1.920448184013366699e+00
2.054217576980590820e+00
2.603700637817382812e+00
2.001375913619995117e+00
1.929192185401916504e+00
2.127039670944213867e+00
2.037171363830566406e+00
2.126632452011108398e+00
2.787170648574829102e+00
2.255094528198242188e+00
1.721315741539001465e+00
1.844003081321716309e+00
1.903035044670104980e+00
2.682216644287109375e+00
2.823153018951416016e+00
2.905619859695434570e+00
2.671796560287475586e+00
2.473459959030151367e+00
2.287203073501586914e+00
2.564841747283935547e+00
2.291633129119873047e+00
1.463170289993286133e+00
1.087064146995544434e+00
1.041587710380554199e+00
8.698788285255432129e-01
6.925870776176452637e-01
7.474609017372131348e-01
6.754685640335083008e-01
8.704324960708618164e-01
6.617806553840637207e-01
3.580497205257415771e-01
3.374071419239044189e-01
5.936719775199890137e-01
4.077823162078857422e-01
3.486221432685852051e-01
2.894304096698760986e-01
3.480215668678283691e-01
4.587217867374420166e-01
3.498218655586242676e-01
2.840194404125213623e-01
2.602159678936004639e-01
3.179461956024169922e-01
2.766629159450531006e-01
2.484629154205322266e-01
3.047634363174438477e-01
3.327200710773468018e-01
3.137363195419311523e-01
2.679806053638458252e-01
3.507968187332153320e-01
3.569034636020660400e-01
4.059686064720153809e-01
2.520242631435394287e-01
3.058376312255859375e-01
3.378492593765258789e-01
3.311724960803985596e-01
3.565523326396942139e-01
3.629089295864105225e-01
3.813691437244415283e-01
4.136085510253906250e-01
4.363120794296264648e-01
3.433169722557067871e-01
3.704260587692260742e-01
1.317152023315429688e+00
1.587482452392578125e+00
1.431222558021545410e+00
1.266336798667907715e+00
3.542951345443725586e-01
4.749777019023895264e-01
5.390936136245727539e-01
4.206961691379547119e-01
4.110813736915588379e-01
4.621718525886535645e-01
4.085377454757690430e-01
6.028879880905151367e-01
2.676707983016967773e+00
2.592964649200439453e+00
2.437154293060302734e+00
2.295985221862792969e+00
2.457844734191894531e+00
2.781132459640502930e+00
3.108776330947875977e+00
2.472443819046020508e+00
1.844084262847900391e+00
1.512048602104187012e+00
1.461759328842163086e+00
1.442399978637695312e+00
1.533510923385620117e+00
1.375962018966674805e+00
1.355832219123840332e+00
1.222542762756347656e+00
1.365311026573181152e+00
1.239214539527893066e+00
1.305435776710510254e+00
1.244124650955200195e+00
1.326761126518249512e+00
1.313893556594848633e+00
1.597564697265625000e+00
1.330182909965515137e+00
1.296819448471069336e+00
1.316586375236511230e+00
1.367376923561096191e+00
1.287752270698547363e+00
1.281208515167236328e+00
1.378543734550476074e+00
1.455871105194091797e+00
1.331288337707519531e+00
1.368710398674011230e+00
1.564900398254394531e+00
1.353419303894042969e+00
1.373943448066711426e+00
1.851502656936645508e+00
1.294952034950256348e+00
1.271776199340820312e+00
1.101948976516723633e+00
3.297592699527740479e-01
3.388571143150329590e-01
3.290386497974395752e-01
2.652028799057006836e-01
3.120327889919281006e-01
3.533053696155548096e-01
3.133717775344848633e-01
2.318254411220550537e-01
3.157904148101806641e-01
3.689421117305755615e-01
3.024596571922302246e-01
2.109854966402053833e-01
2.840421795845031738e-01
3.577558994293212891e-01
1.158605933189392090e+00
8.954545855522155762e-01
9.166461825370788574e-01
8.954653143882751465e-01
9.249711036682128906e-01
9.180558919906616211e-01
8.790520429611206055e-01
9.108087420463562012e-01
1.090511679649353027e+00
1.226971983909606934e+00
1.200057148933410645e+00
1.248418688774108887e+00
1.405582308769226074e+00
1.356977701187133789e+00
1.493896126747131348e+00
1.752965807914733887e+00
2.098403930664062500e+00
1.915523409843444824e+00
1.906981229782104492e+00
1.855686545372009277e+00
1.372142910957336426e+00
1.474611759185791016e+00
2.834898471832275391e+00
2.490846633911132812e+00
2.935129404067993164e+00
4.036703586578369141e+00
2.947922468185424805e+00
2.601025819778442383e+00
2.840784788131713867e+00
1.664716958999633789e+00
1.174846768379211426e+00
1.359323620796203613e+00
2.015686750411987305e+00
2.762295961380004883e+00
1.488332509994506836e+00
1.521981835365295410e+00
1.804942250251770020e+00
1.293462038040161133e+00
1.320164918899536133e+00
1.338947534561157227e+00
1.143055796623229980e+00
9.405258893966674805e-01
1.013466596603393555e+00
9.618386626243591309e-01
7.910471558570861816e-01
6.586677432060241699e-01
6.720640063285827637e-01
6.533724069595336914e-01
6.189438104629516602e-01
5.145983099937438965e-01
3.511835634708404541e-01
5.344405174255371094e-01
5.251107811927795410e-01
3.795579075813293457e-01
4.511325657367706299e-01
3.400000929832458496e-01
4.668161571025848389e-01
3.760853707790374756e-01
3.438207507133483887e-01
3.466428816318511963e-01
3.966322839260101318e-01
4.298461079597473145e-01
3.435768187046051025e-01
3.185034394264221191e-01
3.525981903076171875e-01
4.492695033550262451e-01
5.704460144042968750e-01
1.468814253807067871e+00
1.258316636085510254e+00
1.530546069145202637e+00
1.403045535087585449e+00
3.323853909969329834e-01
4.002024233341217041e-01
7.533578872680664062e-01
6.254456639289855957e-01
5.317741036415100098e-01
5.433158278465270996e-01
5.065603852272033691e-01
5.526272058486938477e-01
4.713552296161651611e-01
4.212791919708251953e-01
4.154134988784790039e-01
4.539234340190887451e-01
6.207037568092346191e-01
4.439657330513000488e-01
4.051838815212249756e-01
4.155428707599639893e-01
5.475319623947143555e-01
5.268751382827758789e-01
5.346962213516235352e-01
2.422882080078125000e+00
2.985259056091308594e+00
2.748081684112548828e+00
2.640993833541870117e+00
2.620399236679077148e+00
2.747512102127075195e+00
2.699859619140625000e+00
2.286095857620239258e+00
1.905103087425231934e+00
1.401862621307373047e+00
1.619415998458862305e+00
1.572496175765991211e+00
1.481279373168945312e+00
1.323517441749572754e+00
1.276090860366821289e+00
1.313546061515808105e+00
1.306196928024291992e+00
1.313825368881225586e+00
1.236539006233215332e+00
1.322561383247375488e+00
1.328914165496826172e+00
1.191372036933898926e+00
1.151155948638916016e+00
1.293831825256347656e+00
1.358448147773742676e+00
1.254364728927612305e+00
1.190469741821289062e+00
1.269289135932922363e+00
1.307236790657043457e+00
1.290978670120239258e+00
1.204089164733886719e+00
1.263608455657958984e+00
1.299471139907836914e+00
1.324053525924682617e+00
1.356811523437500000e+00
1.279583692550659180e+00
2.431874275207519531e+00
1.459022641181945801e+00
1.262250542640686035e+00
8.887795209884643555e-01
9.695797562599182129e-01
1.312618970870971680e+00
4.757994413375854492e-01
4.486212730407714844e-01
3.214127123355865479e-01
1.108937144279479980e+00
3.303655683994293213e-01
3.142494261264801025e-01
2.996594607830047607e-01
3.329991102218627930e-01
3.105140328407287598e-01
3.027617037296295166e-01
3.596592247486114502e-01
3.147266209125518799e-01
3.241679370403289795e-01
3.435362279415130615e-01
4.433761239051818848e-01
3.115024268627166748e-01
4.009449481964111328e-01
6.798050403594970703e-01
7.389789819717407227e-01
6.467313170433044434e-01
6.443305015563964844e-01
7.430120110511779785e-01
6.614094972610473633e-01
7.625672817230224609e-01
7.089874148368835449e-01
7.584072947502136230e-01
9.855291843414306641e-01
3.209240913391113281e+00
3.197799205780029297e+00
2.925776481628417969e+00
3.121558666229248047e+00
3.240346670150756836e+00
2.501982212066650391e+00
2.260889768600463867e+00
2.848542928695678711e+00
2.926332473754882812e+00
2.527962684631347656e+00
3.480820417404174805e+00
2.958844184875488281e+00
1.562949657440185547e+00
1.702389001846313477e+00
1.914676427841186523e+00
1.888925313949584961e+00
2.808033466339111328e+00
1.470408678054809570e+00
3.020733594894409180e+00
2.492140531539916992e+00
1.115252375602722168e+00
1.397931694984436035e+00
1.586366891860961914e+00
1.090433835983276367e+00
8.360742926597595215e-01
1.277914643287658691e+00
9.922212958335876465e-01
8.819706439971923828e-01
9.528690576553344727e-01
7.047123312950134277e-01
2.949649989604949951e-01
3.080342710018157959e-01
4.386821985244750977e-01
4.686893522739410400e-01
3.453507721424102783e-01
3.131596148014068604e-01
4.029469788074493408e-01
3.393535017967224121e-01
2.430132925510406494e-01
3.034362494945526123e-01
2.990101277828216553e-01
2.486227154731750488e-01
2.795173823833465576e-01
2.621025741100311279e-01
2.797273397445678711e-01
2.783875465393066406e-01
3.011606931686401367e-01
2.607008218765258789e-01
1.549436569213867188e+00
1.263702154159545898e+00
1.241073966026306152e+00
8.483130335807800293e-01
2.303930073976516724e-01
2.776708006858825684e-01
2.311593890190124512e-01
2.883934974670410156e-01
3.413223624229431152e-01
2.952393591403961182e-01
2.496818304061889648e-01
3.780227005481719971e-01
5.392758846282958984e-01
3.092846870422363281e-01
3.418636918067932129e-01
3.828706741333007812e-01
5.053814649581909180e-01
3.029053509235382080e-01
3.303702175617218018e-01
4.371343851089477539e-01
3.710299134254455566e-01
4.749716818332672119e-01
5.621652603149414062e-01
6.856581568717956543e-01
4.127330780029296875e-01
4.143332540988922119e-01
1.830792665481567383e+00
1.790664672851562500e+00
2.355272531509399414e+00
2.577285289764404297e+00
2.580502986907958984e+00
1.898259162902832031e+00
1.695342183113098145e+00
1.946301341056823730e+00
1.633683919906616211e+00
1.672695398330688477e+00
1.515932798385620117e+00
1.562246799468994141e+00
1.481264352798461914e+00
1.349740982055664062e+00
1.404629588127136230e+00
1.313271641731262207e+00
1.261998653411865234e+00
1.301185011863708496e+00
1.358208417892456055e+00
1.273023962974548340e+00
1.345725655555725098e+00
1.309165358543395996e+00
1.329053163528442383e+00
1.325453162193298340e+00
1.298430919647216797e+00
1.267819404602050781e+00
1.208531975746154785e+00
1.358123898506164551e+00
1.322119832038879395e+00
1.262620329856872559e+00
1.332486510276794434e+00
1.334700345993041992e+00
1.331649422645568848e+00
1.308202981948852539e+00
1.336357235908508301e+00
1.496988773345947266e+00
1.319740891456604004e+00
1.267511010169982910e+00
2.292372941970825195e+00
1.481058239936828613e+00
1.458418846130371094e+00
1.416194558143615723e+00
1.722863554954528809e+00
1.439013838768005371e+00
1.272303581237792969e+00
2.177545547485351562e+00
1.702487111091613770e+00
1.246414184570312500e+00
1.365141153335571289e+00
1.396605968475341797e+00
1.233126282691955566e+00
1.694257855415344238e+00
1.725732803344726562e+00
1.644645929336547852e+00
1.714394211769104004e+00
1.725517988204956055e+00
1.793577551841735840e+00
1.837156414985656738e+00
1.518306255340576172e+00
1.739032030105590820e+00
1.169590353965759277e+00
1.529516577720642090e+00
1.224881052970886230e+00
1.439435124397277832e+00
1.046995997428894043e+00
7.680346965789794922e-01
7.363410592079162598e-01
7.462356686592102051e-01
7.096795439720153809e-01
9.853288531303405762e-01
1.447919249534606934e+00
1.214228868484497070e+00
1.392596364021301270e+00
1.536950945854187012e+00
1.500588536262512207e+00
1.313064455986022949e+00
1.032533407211303711e+00
1.452661156654357910e+00
1.756397008895874023e+00
1.476277112960815430e+00
1.671981453895568848e+00
1.927485108375549316e+00
2.817230701446533203e+00
1.747402787208557129e+00
1.323727369308471680e+00
1.240313649177551270e+00
1.710611104965209961e+00
1.295488715171813965e+00
2.329540491104125977e+00
1.894074678421020508e+00
1.884413361549377441e+00
1.983673214912414551e+00
1.950079202651977539e+00
1.184794783592224121e+00
4.624634981155395508e-01
4.411880075931549072e-01
4.491653442382812500e-01
4.173738360404968262e-01
4.339458048343658447e-01
3.297241628170013428e-01
3.687995672225952148e-01
3.660805225372314453e-01
3.409279286861419678e-01
3.452553749084472656e-01
3.901235759258270264e-01
4.314062893390655518e-01
3.319284617900848389e-01
3.640552163124084473e-01
4.079289734363555908e-01
3.398145437240600586e-01
3.666840791702270508e-01
4.120807349681854248e-01
3.259536921977996826e-01
3.061670958995819092e-01
3.706943988800048828e-01
3.455930650234222412e-01
2.615516483783721924e-01
3.151802718639373779e-01
3.555724322795867920e-01
3.334170877933502197e-01
9.893841147422790527e-01
3.127459883689880371e-01
3.743802011013031006e-01
2.990655004978179932e-01
2.939228713512420654e-01
3.978196978569030762e-01
3.300292491912841797e-01
2.979419827461242676e-01
4.043659567832946777e-01
4.389774203300476074e-01
2.791194021701812744e-01
2.915286421775817871e-01
3.975025713443756104e-01
3.230912685394287109e-01
3.562560379505157471e-01
3.901707231998443604e-01
4.266366958618164062e-01
1.358873605728149414e+00
1.389313220977783203e+00
1.338144183158874512e+00
1.318450212478637695e+00
5.701192617416381836e-01
3.405458331108093262e-01
4.245129823684692383e-01
3.790412545204162598e-01
1.621767759323120117e+00
2.121711969375610352e+00
2.445594787597656250e+00
2.842145919799804688e+00
2.097958803176879883e+00
2.409014225006103516e+00
2.475347995758056641e+00
2.501618146896362305e+00
2.364840030670166016e+00
2.344724416732788086e+00
2.122517824172973633e+00
1.339971303939819336e+00
1.660625576972961426e+00
1.509823679924011230e+00
2.955919742584228516e+00
1.592661023139953613e+00
1.406393170356750488e+00
1.444244146347045898e+00
1.416992783546447754e+00
1.690495133399963379e+00
7.667869925498962402e-01
2.184208631515502930e+00
2.381695985794067383e+00
4.726670682430267334e-01
9.754741787910461426e-01
1.860669612884521484e+00
1.891567826271057129e+00
2.483466386795043945e+00
3.132484674453735352e+00
3.013230562210083008e+00
2.542772054672241211e+00
1.586092233657836914e+00
2.672044754028320312e+00
1.649039983749389648e+00
3.929366469383239746e-01
1.159211039543151855e+00
6.991007328033447266e-01
6.505993604660034180e-01
2.611317634582519531e+00
5.978796482086181641e-01
9.843626618385314941e-01
1.634554147720336914e+00
1.457409620285034180e+00
1.393793106079101562e+00
8.861654400825500488e-01
1.322618126869201660e+00
2.584249496459960938e+00
2.577904760837554932e-01
5.287296772003173828e-01
4.584202766418457031e-01
3.694014847278594971e-01
1.661391377449035645e+00
1.505111098289489746e+00
1.449665188789367676e+00
1.469798326492309570e+00
1.455885887145996094e+00
1.586629748344421387e+00
1.678959965705871582e+00
1.561857581138610840e+00
1.406515955924987793e+00
1.553124547004699707e+00
1.525648236274719238e+00
1.453229665756225586e+00
1.801916122436523438e+00
2.091154098510742188e+00
2.256440639495849609e+00
1.930351376533508301e+00
2.235969305038452148e+00
2.926018238067626953e+00
4.734204292297363281e+00
4.749732971191406250e+00
4.785037994384765625e+00
4.785298824310302734e+00
3.990616321563720703e+00
3.668789148330688477e+00
3.628600358963012695e+00
3.315532207489013672e+00
2.458982944488525391e+00
3.069653272628784180e+00
3.193719863891601562e+00
2.425797462463378906e+00
2.761706829071044922e+00
2.452103614807128906e+00
1.660071015357971191e+00
1.804425835609436035e+00
1.758271217346191406e+00
1.716250181198120117e+00
1.861826539039611816e+00
2.690608739852905273e+00
1.922717690467834473e+00
1.978598594665527344e+00
1.900212049484252930e+00
1.940771698951721191e+00
1.383446455001831055e+00
1.727265834808349609e+00
1.138256072998046875e+00
8.522707223892211914e-01
9.459752440452575684e-01
9.924326539039611816e-01
8.527008295059204102e-01
9.524283409118652344e-01
8.998777270317077637e-01
7.828508019447326660e-01
5.634515881538391113e-01
6.497003436088562012e-01
7.538720369338989258e-01
5.763522982597351074e-01
5.139149427413940430e-01
4.815842807292938232e-01
2.942822277545928955e-01
3.481561541557312012e-01
3.877589404582977295e-01
3.408580422401428223e-01
2.357680648565292358e-01
2.914683222770690918e-01
1.249717354774475098e+00
1.254534721374511719e+00
1.231428742408752441e+00
1.340174913406372070e+00
1.062609106302261353e-01
1.223523765802383423e-01
2.110485434532165527e-01
2.520017921924591064e-01
2.733055055141448975e-01
3.276360929012298584e-01
4.827711284160614014e-01
3.726736605167388916e-01
2.278299182653427124e-01
4.833582639694213867e-01
5.234308242797851562e-01
4.592527151107788086e-01
3.496708273887634277e-01
2.271219193935394287e-01
3.434669077396392822e-01
3.293048143386840820e-01
2.813974320888519287e-01
3.460554778575897217e-01
4.488484859466552734e-01
5.138415098190307617e-01
4.860811531543731689e-01
3.064475059509277344e-01
4.464991986751556396e-01
3.928565979003906250e-01
3.252511620521545410e-01
2.292768806219100952e-01
1.453844189643859863e+00
1.593063712120056152e+00
1.487233638763427734e+00
2.273011207580566406e+00
2.729260921478271484e+00
2.438387155532836914e+00
1.838797688484191895e+00
1.813678741455078125e+00
1.420370459556579590e+00
1.491165637969970703e+00
1.499487757682800293e+00
1.348518729209899902e+00
1.262909412384033203e+00
1.317701578140258789e+00
1.348755240440368652e+00
1.174446225166320801e+00
1.334545254707336426e+00
1.409949064254760742e+00
3.297376036643981934e-01
3.340428471565246582e-01
4.232636392116546631e-01
4.154850244522094727e-01
2.682305872440338135e-01
3.025388717651367188e-01
4.229986071586608887e-01
2.525124251842498779e-01
2.492871284484863281e-01
3.379268348217010498e-01
4.256085455417633057e-01
2.348701208829879761e-01
3.143132925033569336e-01
5.352025032043457031e-01
3.426119983196258545e-01
2.913956940174102783e-01
3.647221028804779053e-01
4.386682212352752686e-01
2.863405048847198486e-01
3.226469755172729492e-01
3.367238044738769531e-01
2.563298046588897705e-01
2.758699655532836914e-01
3.490472435951232910e-01
3.386389315128326416e-01
3.019747734069824219e-01
3.292099535465240479e-01
3.745822310447692871e-01
3.064913451671600342e-01
2.797490060329437256e-01
2.908181548118591309e-01
2.639625966548919678e-01
2.709466218948364258e-01
2.861585021018981934e-01
3.164452314376831055e-01
2.983692884445190430e-01
4.290060102939605713e-01
3.644899427890777588e-01
3.590907454490661621e-01
3.015038669109344482e-01
4.227554798126220703e-01
3.456314504146575928e-01
3.131346702575683594e-01
3.664310872554779053e-01
4.124184250831604004e-01
3.553983867168426514e-01
1.759311795234680176e+00
1.406010985374450684e+00
1.332800030708312988e+00
8.074666857719421387e-01
2.767492830753326416e-01
3.657321333885192871e-01
3.112812340259552002e-01
3.323132991790771484e-01
4.309559464454650879e-01
4.705885648727416992e-01
3.624243438243865967e-01
3.210380077362060547e-01
4.401595890522003174e-01
3.846322894096374512e-01
3.342635035514831543e-01
4.705965220928192139e-01
4.744572043418884277e-01
2.982670664787292480e-01
3.443867564201354980e-01
1.372940897941589355e+00
1.776198387145996094e+00
1.287240028381347656e+00
1.232751011848449707e+00
1.424413919448852539e+00
7.720578908920288086e-01
9.578189849853515625e-01
1.474167704582214355e+00
1.856483578681945801e+00
1.813821315765380859e+00
1.682851314544677734e+00
1.249433398246765137e+00
1.114022493362426758e+00
4.443365633487701416e-01
3.260203003883361816e-01
3.362224996089935303e-01
3.492783308029174805e-01
3.142384588718414307e-01
2.833643555641174316e-01
3.866079747676849365e-01
5.591679811477661133e-01
2.988788485527038574e-01
3.057228028774261475e-01
3.574272394180297852e-01
4.143995940685272217e-01
2.839684486389160156e-01
3.295742273330688477e-01
4.043303430080413818e-01
3.180788457393646240e-01
3.368463218212127686e-01
3.708786070346832275e-01
3.350679874420166016e-01
2.564268410205841064e-01
3.512879908084869385e-01
3.146635890007019043e-01
2.823967933654785156e-01
2.996021807193756104e-01
3.343616425991058350e-01
2.576002478599548340e-01
3.241007924079895020e-01
3.583819270133972168e-01
3.340787589550018311e-01
2.938255667686462402e-01
4.373528361320495605e-01
4.906785786151885986e-01
2.166223227977752686e-01
3.276443183422088623e-01
5.184435844421386719e-01
2.875936925411224365e-01
2.954536974430084229e-01
3.841816782951354980e-01
3.664379417896270752e-01
2.783935964107513428e-01
3.335004150867462158e-01
4.168878495693206787e-01
3.361846506595611572e-01
3.258382976055145264e-01
4.156908690929412842e-01
1.033576607704162598e+00
1.058527469635009766e+00
2.036772012710571289e+00
2.734815359115600586e+00
1.910921096801757812e+00
1.879373431205749512e+00
2.047008752822875977e+00
1.857755064964294434e+00
1.992773294448852539e+00
2.354311466217041016e+00
1.865462183952331543e+00
1.742163658142089844e+00
2.375662565231323242e+00
2.920819997787475586e+00
2.651053905487060547e+00
2.693447113037109375e+00
1.307670235633850098e+00
1.648744702339172363e+00
1.511830091476440430e+00
1.439748883247375488e+00
1.575076580047607422e+00
1.606234669685363770e+00
2.973838090896606445e+00
2.790542125701904297e+00
3.431506872177124023e+00
2.963141679763793945e+00
2.780839920043945312e+00
1.629047036170959473e+00
2.635101795196533203e+00
3.200612783432006836e+00
2.562483787536621094e+00
3.011803865432739258e+00
1.866408705711364746e+00
1.909284949302673340e+00
1.929487586021423340e+00
1.815125703811645508e+00
1.728765487670898438e+00
1.828953504562377930e+00
1.982701778411865234e+00
1.824681639671325684e+00
1.926181197166442871e+00
1.999920606613159180e+00
1.726047277450561523e+00
1.650249600410461426e+00
2.394369840621948242e+00
2.460481405258178711e+00
1.364232540130615234e+00
1.460244297981262207e+00
1.369048953056335449e+00
1.437933325767517090e+00
1.773269057273864746e+00
1.798457026481628418e+00
2.533804178237915039e+00
2.583309888839721680e+00
3.812677264213562012e-01
6.138990521430969238e-01
7.288993000984191895e-01
7.760663032531738281e-01
8.907387256622314453e-01
9.099313616752624512e-01
8.732916116714477539e-01
8.878456354141235352e-01
7.997469902038574219e-01
7.584990859031677246e-01
7.644311189651489258e-01
7.694073915481567383e-01
7.175645232200622559e-01
7.752070426940917969e-01
7.496260404586791992e-01
1.056564927101135254e+00
1.017507433891296387e+00
3.469437360763549805e+00
3.435557603836059570e+00
4.544092178344726562e+00
3.213475704193115234e+00
3.196334123611450195e+00
3.387874364852905273e+00
1.806084632873535156e+00
1.335399270057678223e+00
1.791355490684509277e+00
3.364432096481323242e+00
2.981905698776245117e+00
1.576573371887207031e+00
1.620030283927917480e+00
1.705949306488037109e+00
1.754013419151306152e+00
1.852158069610595703e+00
2.070775985717773438e+00
2.169728517532348633e+00
2.156371116638183594e+00
2.688637971878051758e+00
2.815892934799194336e+00
2.729883909225463867e+00
2.345951795578002930e+00
1.832686424255371094e+00
1.894668698310852051e+00
1.383567690849304199e+00
3.166222870349884033e-01
4.814998805522918701e-01
4.682694375514984131e-01
4.057424962520599365e-01
2.917591333389282227e-01
3.373602628707885742e-01
3.141619861125946045e-01
2.893468141555786133e-01
4.447622597217559814e-01
4.863094687461853027e-01
4.029020071029663086e-01
4.037629663944244385e-01
3.811967372894287109e-01
3.333891332149505615e-01
3.773752748966217041e-01
3.848584294319152832e-01
3.804564177989959717e-01
2.788806557655334473e-01
2.925956845283508301e-01
2.953303754329681396e-01
2.802103161811828613e-01
2.557826936244964600e-01
3.843754529953002930e-01
3.036300539970397949e-01
2.353519797325134277e-01
3.121451735496520996e-01
3.320416808128356934e-01
2.071034610271453857e-01
2.812513411045074463e-01
3.972926139831542969e-01
2.281004488468170166e-01
2.247035503387451172e-01
3.846769630908966064e-01
5.233277678489685059e-01
2.216742187738418579e-01
4.321600496768951416e-01
4.568845033645629883e-01
2.663469910621643066e-01
4.297575652599334717e-01
3.816325664520263672e-01
4.042135775089263916e-01
4.290808439254760742e-01
3.816528320312500000e-01
5.617239475250244141e-01
5.181119441986083984e-01
4.640792906284332275e-01
5.918130278587341309e-01
3.866304755210876465e-01
5.505136251449584961e-01
1.752533078193664551e+00
2.011831283569335938e+00
2.588565111160278320e+00
2.310031414031982422e+00
2.302929162979125977e+00
2.156509876251220703e+00
2.465474605560302734e+00
2.509394407272338867e+00
1.566074371337890625e+00
2.218212842941284180e+00
2.062349796295166016e+00
1.305456519126892090e+00
1.354944348335266113e+00
1.329419612884521484e+00
1.407488942146301270e+00
1.330672502517700195e+00
1.260188460350036621e+00
1.400046944618225098e+00
1.355476140975952148e+00
1.878154277801513672e+00
1.360010504722595215e+00
1.446237921714782715e+00
1.571431279182434082e+00
1.490313649177551270e+00
1.600281000137329102e+00
1.587013483047485352e+00
1.326962828636169434e+00
1.310037851333618164e+00
1.746023535728454590e+00
2.442075967788696289e+00
1.788143038749694824e+00
1.467575311660766602e+00
1.458940148353576660e+00
1.887831091880798340e+00
1.057969212532043457e+00
5.861786603927612305e-01
6.225624680519104004e-01
6.535577178001403809e-01
3.802330195903778076e-01
2.522224426269531250e+00
8.940600156784057617e-01
4.817484617233276367e-01
4.736946523189544678e-01
7.063632011413574219e-01
1.493185400962829590e+00
1.523625612258911133e+00
1.853868365287780762e+00
3.064266204833984375e+00
5.118312835693359375e-01
3.765836656093597412e-01
3.141553997993469238e-01
3.750166594982147217e-01
4.614257514476776123e-01
6.816905736923217773e-01
5.310745835304260254e-01
4.607709348201751709e-01
7.120428085327148438e-01
5.653129816055297852e-01
5.513339638710021973e-01
6.195079088211059570e-01
6.782298088073730469e-01
1.309427380561828613e+00
1.212175607681274414e+00
1.328121423721313477e+00
9.023714661598205566e-01
7.826545238494873047e-01
9.826632142066955566e-01
1.293526172637939453e+00
1.348273634910583496e+00
1.844770789146423340e+00
1.918706536293029785e+00
1.983973383903503418e+00
1.957012057304382324e+00
3.611973285675048828e+00
2.790977478027343750e+00
2.396662950515747070e+00
2.591623783111572266e+00
2.152693271636962891e+00
1.330450177192687988e+00
1.478443861007690430e+00
2.958698272705078125e+00
2.875455379486083984e+00
3.226255416870117188e+00
2.792643547058105469e+00
2.750792264938354492e+00
2.499593734741210938e+00
2.196240901947021484e+00
1.446341753005981445e+00
1.582084417343139648e+00
1.403047204017639160e+00
1.333153367042541504e+00
1.422246098518371582e+00
1.195200681686401367e+00
9.046961069107055664e-01
8.444499373435974121e-01
8.675319552421569824e-01
6.319176554679870605e-01
6.874677538871765137e-01
7.608250975608825684e-01
7.303207516670227051e-01
6.549561619758605957e-01
6.820455193519592285e-01
6.155926585197448730e-01
3.344468772411346436e-01
4.964612126350402832e-01
4.455785155296325684e-01
3.858270943164825439e-01
3.416235744953155518e-01
2.770367860794067383e-01
2.768142223358154297e-01
1.720068603754043579e-01
2.669691741466522217e-01
3.326413929462432861e-01
3.365056216716766357e-01
2.234539389610290527e-01
2.804325819015502930e-01
6.555216312408447266e-01
2.449500709772109985e-01
2.494995445013046265e-01
3.300223946571350098e-01
1.380859017372131348e+00
1.348907709121704102e+00
1.210883975028991699e+00
1.246161818504333496e+00
2.853775918483734131e-01
1.543796211481094360e-01
3.186059296131134033e-01
3.808149397373199463e-01
2.664530575275421143e-01
4.182353317737579346e-01
3.701610267162322998e-01
3.202283382415771484e-01
3.043457269668579102e-01
3.309217095375061035e-01
4.300673007965087891e-01
3.105729520320892334e-01
3.711395561695098877e-01
4.371483623981475830e-01
3.670809864997863770e-01
3.530759513378143311e-01
4.404416382312774658e-01
5.062829852104187012e-01
4.307843446731567383e-01
5.593162775039672852e-01
2.419207334518432617e+00
1.811396598815917969e+00
1.910661458969116211e+00
1.756858825683593750e+00
2.874191761016845703e+00
2.072652339935302734e+00
4.046182632446289062e+00
2.940619468688964844e+00
1.440871596336364746e+00
1.767974615097045898e+00
1.546802282333374023e+00
1.333043456077575684e+00
1.302313804626464844e+00
1.787493348121643066e+00
1.320097208023071289e+00
1.246143937110900879e+00
1.278247475624084473e+00
1.327139377593994141e+00
1.475570201873779297e+00
1.289754867553710938e+00
1.211461305618286133e+00
1.328802585601806641e+00
1.761067628860473633e+00
1.282151937484741211e+00
1.244405388832092285e+00
1.346788406372070312e+00
1.338844180107116699e+00
1.195430159568786621e+00
1.296793937683105469e+00
1.456884741783142090e+00
1.466553211212158203e+00
1.219016790390014648e+00
1.370720386505126953e+00
1.469855904579162598e+00
2.217132568359375000e+00
1.308362603187561035e+00
1.386115312576293945e+00
1.769913554191589355e+00
1.329037785530090332e+00
2.229812383651733398e+00
2.866025447845458984e+00
1.162204504013061523e+00
1.538932085037231445e+00
1.710543751716613770e+00
1.641909360885620117e+00
1.501202225685119629e+00
1.630068778991699219e+00
2.693768501281738281e+00
2.423789739608764648e+00
1.375162720680236816e+00
1.681386590003967285e+00
1.579877376556396484e+00
1.302369713783264160e+00
1.475765705108642578e+00
1.841635942459106445e+00
1.569975852966308594e+00
2.867557704448699951e-01
6.121563315391540527e-01
1.244259834289550781e+00
9.745784401893615723e-01
8.684228062629699707e-01
2.455360889434814453e+00
2.383605957031250000e+00
2.395157575607299805e+00
2.189826726913452148e+00
2.447879076004028320e+00
9.014828205108642578e-01
1.028684854507446289e+00
2.019192695617675781e+00
2.643573760986328125e+00
2.479756116867065430e+00
2.408171653747558594e+00
2.232726573944091797e+00
2.054880857467651367e+00
1.606843948364257812e+00
1.803052902221679688e+00
1.891090035438537598e+00
2.037736415863037109e+00
1.651373028755187988e+00
2.271319866180419922e+00
2.731846809387207031e+00
2.662040710449218750e+00
2.796629905700683594e+00
2.033621311187744141e+00
2.075376749038696289e+00
2.093483448028564453e+00
2.115552425384521484e+00
1.935821771621704102e+00
2.081536531448364258e+00
1.388831138610839844e+00
8.943620324134826660e-01
9.575772285461425781e-01
7.088388800621032715e-01
7.179112434387207031e-01
3.523830175399780273e-01
3.374123573303222656e-01
3.252552747726440430e-01
4.099339842796325684e-01
3.645743429660797119e-01
4.264601767063140869e-01
4.666050970554351807e-01
4.459241628646850586e-01
3.702640831470489502e-01
3.588221371173858643e-01
3.767459392547607422e-01
3.063976168632507324e-01
3.167519271373748779e-01
3.762583136558532715e-01
2.514579892158508301e-01
2.716765403747558594e-01
3.761862516403198242e-01
2.617624104022979736e-01
3.092772960662841797e-01
3.279085457324981689e-01
3.866359591484069824e-01
3.449876010417938232e-01
2.728102207183837891e-01
3.609395325183868408e-01
2.194444388151168823e-01
2.230740487575531006e-01
2.976352572441101074e-01
3.674189448356628418e-01
3.014690577983856201e-01
3.310930132865905762e-01
3.417823016643524170e-01
4.486500620841979980e-01
2.008937597274780273e-01
2.850064635276794434e-01
4.234113991260528564e-01
3.669494092464447021e-01
3.741836845874786377e-01
3.600613176822662354e-01
4.054171442985534668e-01
1.572607755661010742e+00
1.356982588768005371e+00
1.461218476295471191e+00
1.321122407913208008e+00
2.429050207138061523e-01
4.921003282070159912e-01
4.404136836528778076e-01
3.605815768241882324e-01
3.269034326076507568e-01
1.633667945861816406e+00
9.060079455375671387e-01
2.368067026138305664e+00
1.695415377616882324e+00
1.985145688056945801e+00
2.741956710815429688e+00
2.158496141433715820e+00
2.406963586807250977e+00
3.519235610961914062e+00
1.859464883804321289e+00
2.034041166305541992e+00
1.761661291122436523e+00
2.068548679351806641e+00
1.798184037208557129e+00
7.940403223037719727e-01
1.525651454925537109e+00
2.669373035430908203e+00
1.427162051200866699e+00
6.787988543510437012e-01
1.123612642288208008e+00
8.009343743324279785e-01
7.555133700370788574e-01
9.051453471183776855e-01
1.018136978149414062e+00
8.646229505538940430e-01
6.734188199043273926e-01
4.115654230117797852e-01
3.504917621612548828e-01
2.942358851432800293e-01
5.830824971199035645e-01
1.635592937469482422e+00
1.386559724807739258e+00
1.352130770683288574e+00
7.637785077095031738e-01
4.011494219303131104e-01
9.126202464103698730e-01
4.150083661079406738e-01
5.215061306953430176e-01
4.880025684833526611e-01
5.862592458724975586e-01
4.751394093036651611e-01
4.686896204948425293e-01
3.558298051357269287e-01
3.506287932395935059e-01
3.714786171913146973e-01
3.502086102962493896e-01
3.225573301315307617e-01
3.556077778339385986e-01
3.061704039573669434e-01
2.769633531570434570e-01
2.682952582836151123e-01
3.235517740249633789e-01
2.987014949321746826e-01
3.220570981502532959e-01
3.968008756637573242e-01
2.922149598598480225e-01
2.956496775150299072e-01
3.329560756683349609e-01
4.122087359428405762e-01
3.328604102134704590e-01
9.711346626281738281e-01
7.926958203315734863e-01
8.770845532417297363e-01
6.877026557922363281e-01
1.400515079498291016e+00
1.530798554420471191e+00
1.862419724464416504e+00
1.655683279037475586e+00
1.815554141998291016e+00
1.853486537933349609e+00
1.878935217857360840e+00
1.973603963851928711e+00
2.112008094787597656e+00
2.736919879913330078e+00
2.851934671401977539e+00
2.894433021545410156e+00
2.992668151855468750e+00
2.939255237579345703e+00
2.582620382308959961e+00
1.872623562812805176e+00
1.364678978919982910e+00
1.432713627815246582e+00
2.306845903396606445e+00
1.782622098922729492e+00
1.703878164291381836e+00
1.753328442573547363e+00
1.553392648696899414e+00
1.568977594375610352e+00
1.454525232315063477e+00
1.486107110977172852e+00
1.585480451583862305e+00
1.233163475990295410e+00
1.319385647773742676e+00
1.361681222915649414e+00
1.315684556961059570e+00
1.121954321861267090e+00
9.739875197410583496e-01
1.144034504890441895e+00
1.796936631202697754e+00
1.511086702346801758e+00
1.566858887672424316e+00
1.637540698051452637e+00
5.945104360580444336e-01
4.523624479770660400e-01
6.895939111709594727e-01
4.264113903045654297e-01
3.413648307323455811e-01
3.118494153022766113e-01
4.434854984283447266e-01
2.961860895156860352e-01
2.589907348155975342e-01
3.373128473758697510e-01
3.757290542125701904e-01
2.489902824163436890e-01
2.654410898685455322e-01
3.658072352409362793e-01
2.315507978200912476e-01
2.321392893791198730e-01
3.311146795749664307e-01
3.606764078140258789e-01
2.048701047897338867e-01
1.889082789421081543e-01
3.239470124244689941e-01
3.367531299591064453e-01
2.238870114088058472e-01
2.882323265075683594e-01
3.811877071857452393e-01
3.000653982162475586e-01
3.029516637325286865e-01
3.823904395103454590e-01
4.256471991539001465e-01
3.328009247779846191e-01
3.215618133544921875e-01
3.471938073635101318e-01
3.505167067050933838e-01
4.301476180553436279e-01
4.173231422901153564e-01
