1.687744498252868652e+00
1.278876781463623047e+00
1.401228904724121094e+00
1.472911715507507324e+00
1.332278370857238770e+00
1.347625732421875000e+00
1.782031178474426270e+00
1.779555201530456543e+00
1.245258688926696777e+00
1.420210361480712891e+00
1.434586882591247559e+00
1.340868353843688965e+00
1.418409824371337891e+00
1.442529678344726562e+00
1.201613187789916992e+00
1.200088620185852051e+00
1.231909275054931641e+00
1.240131139755249023e+00
1.055506706237792969e+00
1.094568133354187012e+00
1.199383735656738281e+00
1.094158053398132324e+00
1.048485398292541504e+00
1.063718438148498535e+00
3.819009065628051758e-01
3.409610986709594727e-01
3.327080011367797852e-01
3.764773309230804443e-01
3.257393240928649902e-01
3.033932447433471680e-01
3.896090984344482422e-01
1.054100036621093750e+00
5.221039056777954102e-01
3.630023896694183350e-01
3.807156980037689209e-01
3.295117616653442383e-01
3.179212510585784912e-01
5.008295178413391113e-01
4.473004043102264404e-01
3.405288457870483398e-01
4.758687913417816162e-01
4.835334122180938721e-01
3.609770834445953369e-01
4.127470552921295166e-01
5.279128551483154297e-01
3.744632601737976074e-01
3.875963985919952393e-01
4.519754052162170410e-01
3.840879201889038086e-01
3.516503572463989258e-01
4.398348033428192139e-01
4.228286445140838623e-01
3.405381441116333008e-01
3.975118696689605713e-01
5.136115550994873047e-01
3.404932022094726562e-01
1.404946684837341309e+00
1.682813167572021484e+00
1.887802243232727051e+00
1.739797353744506836e+00
1.408230662345886230e+00
5.553980469703674316e-01
4.659944176673889160e-01
4.731634557247161865e-01
6.197474598884582520e-01
4.673818945884704590e-01
4.983086585998535156e-01
6.000943779945373535e-01
5.110056996345520020e-01
4.589830040931701660e-01
5.428282022476196289e-01
6.006743311882019043e-01
4.483285248279571533e-01
5.026739239692687988e-01
5.854322910308837891e-01
4.797697663307189941e-01
6.474872827529907227e-01
1.818395972251892090e+00
1.598174571990966797e+00
2.065572977066040039e+00
1.896210551261901855e+00
1.882560968399047852e+00
1.768513202667236328e+00
1.820532321929931641e+00
1.625514388084411621e+00
1.455757021903991699e+00
1.440304517745971680e+00
1.415902137756347656e+00
1.467921018600463867e+00
1.412508845329284668e+00
1.406568288803100586e+00
1.482565760612487793e+00
1.366865158081054688e+00
1.392830252647399902e+00
1.507052540779113770e+00
1.530468225479125977e+00
1.522005200386047363e+00
1.608487725257873535e+00
2.113319396972656250e+00
1.253420233726501465e+00
1.355610728263854980e+00
1.528492569923400879e+00
1.458307027816772461e+00
1.426718592643737793e+00
1.507191777229309082e+00
1.460200190544128418e+00
1.354484796524047852e+00
1.350505352020263672e+00
1.452242851257324219e+00
1.350453257560729980e+00
7.116371393203735352e-01
4.235758483409881592e-01
3.577317595481872559e-01
3.598625957965850830e-01
4.044509530067443848e-01
3.948084414005279541e-01
3.595504164695739746e-01
3.369584381580352783e-01
4.339131712913513184e-01
3.473363220691680908e-01
2.986148893833160400e-01
3.643473982810974121e-01
5.524111986160278320e-01
1.175597429275512695e+00
3.679696023464202881e-01
5.126839876174926758e-01
4.695094525814056396e-01
3.442919254302978516e-01
8.660836219787597656e-01
1.467619776725769043e+00
1.486212968826293945e+00
1.455895781517028809e+00
1.584154367446899414e+00
1.336063504219055176e+00
1.379378318786621094e+00
1.405873417854309082e+00
1.351715564727783203e+00
1.324099063873291016e+00
1.438071489334106445e+00
1.399887919425964355e+00
1.301883220672607422e+00
1.387283086776733398e+00
1.416611194610595703e+00
1.895185708999633789e+00
1.430067300796508789e+00
1.378571867942810059e+00
1.499441742897033691e+00
1.982927918434143066e+00
1.220783352851867676e+00
1.380190730094909668e+00
1.324514031410217285e+00
1.288382172584533691e+00
1.344241380691528320e+00
1.891935944557189941e+00
1.858165144920349121e+00
7.944388389587402344e-01
6.391851305961608887e-01
4.776687920093536377e-01
4.788118004798889160e-01
6.082364320755004883e-01
5.179800987243652344e-01
4.317102432250976562e-01
5.430787205696105957e-01
4.289034903049468994e-01
3.655871450901031494e-01
3.790173828601837158e-01
4.063441455364227295e-01
3.052148818969726562e-01
3.427769839763641357e-01
1.184327483177185059e+00
1.467413663864135742e+00
1.302255392074584961e+00
1.730110406875610352e+00
1.798266768455505371e+00
9.338636994361877441e-01
3.149037063121795654e-01
4.904510676860809326e-01
3.289772570133209229e-01
3.449407219886779785e-01
4.423151016235351562e-01
3.750196695327758789e-01
4.026386141777038574e-01
4.971788227558135986e-01
5.358024835586547852e-01
3.913537263870239258e-01
3.924172222614288330e-01
4.884762167930603027e-01
4.042135775089263916e-01
3.669274747371673584e-01
4.741598069667816162e-01
4.233135282993316650e-01
1.053076863288879395e+00
6.151514053344726562e-01
4.911892414093017578e-01
3.796894848346710205e-01
3.828207850456237793e-01
1.440254688262939453e+00
6.762201189994812012e-01
4.634793102741241455e-01
1.586444735527038574e+00
1.620082616806030273e+00
1.954090714454650879e+00
1.341581344604492188e+00
1.517143726348876953e+00
1.408258080482482910e+00
1.357830166816711426e+00
1.502995967864990234e+00
5.656712055206298828e-01
7.984308004379272461e-01
6.120455861091613770e-01
6.299378871917724609e-01
6.135139465332031250e-01
5.875979661941528320e-01
5.426157712936401367e-01
4.460565447807312012e-01
4.272556006908416748e-01
4.553734064102172852e-01
4.656038284301757812e-01
4.019607603549957275e-01
3.844694793224334717e-01
4.133566617965698242e-01
3.249759674072265625e-01
3.293557763099670410e-01
3.863308727741241455e-01
3.317127525806427002e-01
3.484351933002471924e-01
3.382288813591003418e-01
4.914731979370117188e-01
1.091901421546936035e+00
3.293256461620330811e-01
4.071209430694580078e-01
3.295805454254150391e-01
3.359927833080291748e-01
3.641155064105987549e-01
3.486574888229370117e-01
3.258062303066253662e-01
4.982661604881286621e-01
4.865640997886657715e-01
3.783093988895416260e-01
4.228621125221252441e-01
4.931408166885375977e-01
4.121440351009368896e-01
3.920069038867950439e-01
4.886261522769927979e-01
4.965963661670684814e-01
3.822056949138641357e-01
3.989360928535461426e-01
4.219375550746917725e-01
3.217868506908416748e-01
3.395650982856750488e-01
4.319147169589996338e-01
3.471778929233551025e-01
3.260506987571716309e-01
1.120912432670593262e+00
1.678708553314208984e+00
1.647516250610351562e+00
1.199924468994140625e+00
9.810885787010192871e-01
3.425174057483673096e-01
3.819795846939086914e-01
7.769091725349426270e-01
1.314288258552551270e+00
1.112237572669982910e+00
1.126725792884826660e+00
1.404354453086853027e+00
1.110419988632202148e+00
1.141969561576843262e+00
1.303089976310729980e+00
1.225919127464294434e+00
1.105215430259704590e+00
1.309807062149047852e+00
1.355475306510925293e+00
1.285185933113098145e+00
1.739599704742431641e+00
1.275826096534729004e+00
1.224479317665100098e+00
1.097027063369750977e+00
1.248764395713806152e+00
1.351495981216430664e+00
1.912384986877441406e+00
1.248675584793090820e+00
1.350354671478271484e+00
1.502705097198486328e+00
2.413276672363281250e+00
2.296529054641723633e+00
2.307715892791748047e+00
2.144420385360717773e+00
2.299595594406127930e+00
1.138458609580993652e+00
5.688795447349548340e-01
9.050806760787963867e-01
8.066928982734680176e-01
6.007121801376342773e-01
6.291388869285583496e-01
5.809908509254455566e-01
4.614109694957733154e-01
1.244879007339477539e+00
1.137844085693359375e+00
1.007798075675964355e+00
1.302396535873413086e+00
1.358553767204284668e+00
1.151556134223937988e+00
1.259396672248840332e+00
1.811026334762573242e+00
6.190690398216247559e-01
4.685290157794952393e-01
5.675989389419555664e-01
6.133845448493957520e-01
4.987115561962127686e-01
4.793229699134826660e-01
3.840862810611724854e-01
3.878296315670013428e-01
3.823635876178741455e-01
3.792251646518707275e-01
3.480489850044250488e-01
3.691479563713073730e-01
3.938299119472503662e-01
3.037758767604827881e-01
3.697989284992218018e-01
4.243564903736114502e-01
3.588555753231048584e-01
3.858558535575866699e-01
5.750854015350341797e-01
4.236657619476318359e-01
3.932962417602539062e-01
4.536564648151397705e-01
5.476986169815063477e-01
4.178266525268554688e-01
1.058590054512023926e+00
9.235143065452575684e-01
4.517155587673187256e-01
4.046756923198699951e-01
4.404038190841674805e-01
4.230945408344268799e-01
1.290854573249816895e+00
2.224027395248413086e+00
2.096119642257690430e+00
1.819948196411132812e+00
1.516982555389404297e+00
1.892199039459228516e+00
2.876800775527954102e+00
1.302969694137573242e+00
1.550396203994750977e+00
2.209863424301147461e+00
1.580117225646972656e+00
1.461883664131164551e+00
1.494848370552062988e+00
3.195611715316772461e+00
2.065725564956665039e+00
1.258348703384399414e+00
1.349892020225524902e+00
1.647959232330322266e+00
7.105582952499389648e-01
4.266748130321502686e-01
6.706803441047668457e-01
4.475174844264984131e-01
3.311749696731567383e-01
4.928793013095855713e-01
4.860995113849639893e-01
3.761114180088043213e-01
4.157533645629882812e-01
4.555071592330932617e-01
4.165323674678802490e-01
3.707536160945892334e-01
4.586009085178375244e-01
3.073594272136688232e-01
3.424593210220336914e-01
3.819806575775146484e-01
9.667875170707702637e-01
6.580575704574584961e-01
4.279753863811492920e-01
3.486369252204895020e-01
3.172598481178283691e-01
3.799145221710205078e-01
3.521218001842498779e-01
3.154612183570861816e-01
3.622716665267944336e-01
4.685871005058288574e-01
2.770685851573944092e-01
3.550883829593658447e-01
4.645099043846130371e-01
3.848630785942077637e-01
3.501981794834136963e-01
4.769232571125030518e-01
3.906838297843933105e-01
3.785470426082611084e-01
4.751465618610382080e-01
4.082951545715332031e-01
4.022718667984008789e-01
4.044262766838073730e-01
3.727254867553710938e-01
3.353969156742095947e-01
1.157393813133239746e+00
1.366485595703125000e+00
5.688055157661437988e-01
6.265716552734375000e-01
9.120715260505676270e-01
7.107331752777099609e-01
7.337930202484130859e-01
1.279525279998779297e+00
1.408392190933227539e+00
1.447115540504455566e+00
1.897514700889587402e+00
2.035130262374877930e+00
1.362206578254699707e+00
1.448377251625061035e+00
1.329954385757446289e+00
4.233280718326568604e-01
1.457740664482116699e+00
1.794069051742553711e+00
1.710857868194580078e+00
1.646779537200927734e+00
1.479976058006286621e+00
1.583449721336364746e+00
1.754755139350891113e+00
2.757291793823242188e+00
2.501758575439453125e+00
2.565643787384033203e+00
3.470235824584960938e+00
3.253780603408813477e+00
2.083429574966430664e+00
1.002484321594238281e+00
1.109081864356994629e+00
9.218686223030090332e-01
9.508026242256164551e-01
1.315807342529296875e+00
6.390675306320190430e-01
3.492988646030426025e-01
3.597414493560791016e-01
3.440487980842590332e-01
3.687732517719268799e-01
3.511638343334197998e-01
3.412360250949859619e-01
4.822763800621032715e-01
1.288599014282226562e+00
3.563694953918457031e-01
3.937002718448638916e-01
4.706069529056549072e-01
3.980474770069122314e-01
4.402462244033813477e-01
4.571468234062194824e-01
5.069761872291564941e-01
1.399460434913635254e+00
1.532979249954223633e+00
1.583782196044921875e+00
1.184596896171569824e+00
2.911037802696228027e-01
3.589065670967102051e-01
3.942265510559082031e-01
3.228070437908172607e-01
3.943630456924438477e-01
4.391331076622009277e-01
3.713665008544921875e-01
3.334195613861083984e-01
4.181517362594604492e-01
4.164997339248657227e-01
4.560778439044952393e-01
1.222653508186340332e+00
3.919512629508972168e-01
4.353220462799072266e-01
3.235608041286468506e-01
3.653368949890136719e-01
4.855151176452636719e-01
4.009720981121063232e-01
4.316414594650268555e-01
5.397289395332336426e-01
5.567216277122497559e-01
4.348363280296325684e-01
4.407648146152496338e-01
6.269129514694213867e-01
5.677346587181091309e-01
4.637303650379180908e-01
6.748148202896118164e-01
1.871316671371459961e+00
2.321715831756591797e+00
2.461899757385253906e+00
2.329541683197021484e+00
1.914785265922546387e+00
1.977207779884338379e+00
1.985104322433471680e+00
2.290516376495361328e+00
1.913316369056701660e+00
4.181703090667724609e+00
4.615952491760253906e+00
4.748705387115478516e+00
3.197634458541870117e+00
2.609072923660278320e+00
1.784423828125000000e+00
1.822121024131774902e+00
1.687950372695922852e+00
2.871813058853149414e+00
2.361415624618530273e+00
3.745776891708374023e+00
4.883562564849853516e+00
3.291146039962768555e+00
3.168554306030273438e+00
3.130139589309692383e+00
1.633525967597961426e+00
1.546682715415954590e+00
4.391244411468505859e+00
4.073619842529296875e+00
2.823046922683715820e+00
2.870229005813598633e+00
1.979064822196960449e+00
6.718850135803222656e-01
2.679252326488494873e-01
7.696748971939086914e-01
2.416697263717651367e+00
3.014281749725341797e+00
2.762250900268554688e+00
2.528629064559936523e+00
6.592816710472106934e-01
6.462689042091369629e-01
1.606908321380615234e+00
4.978131294250488281e+00
2.972790479660034180e+00
1.288136839866638184e+00
1.845025181770324707e+00
1.054905056953430176e+00
2.892952859401702881e-01
7.236404418945312500e-01
8.185791969299316406e-01
3.481460213661193848e-01
4.917744398117065430e-01
6.895791292190551758e-01
1.568781375885009766e+00
8.062497377395629883e-01
4.924004673957824707e-01
4.743157625198364258e-01
3.794288039207458496e-01
5.391048192977905273e-01
7.089002728462219238e-01
4.688006341457366943e-01
3.957571089267730713e-01
5.370200276374816895e-01
5.358362197875976562e-01
4.110147655010223389e-01
7.609013319015502930e-01
1.109553813934326172e+00
9.056263566017150879e-01
8.629720807075500488e-01
1.086851716041564941e+00
1.207415580749511719e+00
1.189379096031188965e+00
1.651662826538085938e+00
3.107911586761474609e+00
2.691634178161621094e+00
2.740142107009887695e+00
4.492468833923339844e+00
4.228455543518066406e+00
3.982543468475341797e+00
3.241905689239501953e+00
2.953438997268676758e+00
2.338314533233642578e+00
4.746972084045410156e+00
4.292068004608154297e+00
4.977511405944824219e+00
4.329010009765625000e+00
3.929579257965087891e+00
3.334717988967895508e+00
3.668811082839965820e+00
3.130491733551025391e+00
1.873578190803527832e+00
2.318097352981567383e+00
3.417540073394775391e+00
2.419289350509643555e+00
1.473544955253601074e+00
2.211653947830200195e+00
1.913715243339538574e+00
1.635372877120971680e+00
1.772271633148193359e+00
1.404734849929809570e+00
3.459592759609222412e-01
4.014298319816589355e-01
4.657540321350097656e-01
3.478138148784637451e-01
3.247904181480407715e-01
3.389519453048706055e-01
5.429136753082275391e-01
3.903220295906066895e-01
3.446806073188781738e-01
1.192875266075134277e+00
5.910595655441284180e-01
2.984548211097717285e-01
3.902387022972106934e-01
4.516119658946990967e-01
3.926120996475219727e-01
3.465233743190765381e-01
4.650391936302185059e-01
2.974157035350799561e-01
3.029689192771911621e-01
4.788169860839843750e-01
4.343147277832031250e-01
3.123932480812072754e-01
4.504297673702239990e-01
4.822758436203002930e-01
3.829948306083679199e-01
3.711611926555633545e-01
5.400140285491943359e-01
4.557555019855499268e-01
3.571413755416870117e-01
4.879455566406250000e-01
1.301962137222290039e+00
3.394297063350677490e-01
3.750306367874145508e-01
4.682875275611877441e-01
3.132262229919433594e-01
3.551774621009826660e-01
4.556198120117187500e-01
4.293023049831390381e-01
3.828602433204650879e-01
4.195841550827026367e-01
6.344182491302490234e-01
4.641415178775787354e-01
4.956764876842498779e-01
6.063476204872131348e-01
6.141018867492675781e-01
1.811664700508117676e+00
2.689451456069946289e+00
2.910730123519897461e+00
2.802726268768310547e+00
2.620258569717407227e+00
2.433724641799926758e+00
1.910520315170288086e+00
1.838200092315673828e+00
2.512425422668457031e+00
1.504383444786071777e+00
1.476510167121887207e+00
2.308181524276733398e+00
1.414467215538024902e+00
1.836179256439208984e+00
2.175377130508422852e+00
1.359555840492248535e+00
1.432213187217712402e+00
1.371374964714050293e+00
1.485500574111938477e+00
1.415645360946655273e+00
1.396161556243896484e+00
1.431236505508422852e+00
1.411493778228759766e+00
1.422494173049926758e+00
1.358528733253479004e+00
1.560145020484924316e+00
1.423819184303283691e+00
1.450087308883666992e+00
1.506002783775329590e+00
1.422336339950561523e+00
1.399361133575439453e+00
1.471677184104919434e+00
1.544981718063354492e+00
1.812438249588012695e+00
1.665418744087219238e+00
2.267476797103881836e+00
1.425593733787536621e+00
1.600783348083496094e+00
1.705458879470825195e+00
2.504188299179077148e+00
1.232743382453918457e+00
1.511543393135070801e+00
1.459447503089904785e+00
1.316478013992309570e+00
1.462829113006591797e+00
1.557826519012451172e+00
1.320239782333374023e+00
1.438322782516479492e+00
1.947601079940795898e+00
1.474361777305603027e+00
1.460875034332275391e+00
1.580901145935058594e+00
1.590794444084167480e+00
1.762886762619018555e+00
1.652211308479309082e+00
1.604436278343200684e+00
9.343833327293395996e-01
1.152111887931823730e+00
1.213598132133483887e+00
5.689582228660583496e-01
5.090094208717346191e-01
9.705089330673217773e-01
9.297341108322143555e-01
8.380702733993530273e-01
6.487009525299072266e-01
9.162898659706115723e-01
1.114534735679626465e+00
1.061613082885742188e+00
1.098665833473205566e+00
1.134243488311767578e+00
1.072678685188293457e+00
1.403014898300170898e+00
1.577841877937316895e+00
1.420756697654724121e+00
1.700252652168273926e+00
2.611127853393554688e+00
1.546868920326232910e+00
1.772726058959960938e+00
2.024449586868286133e+00
1.606826186180114746e+00
1.233313202857971191e+00
2.572037935256958008e+00
2.467110633850097656e+00
2.711809635162353516e+00
2.609596967697143555e+00
2.646485090255737305e+00
2.619801044464111328e+00
1.357256412506103516e+00
1.525311112403869629e+00
1.961791753768920898e+00
1.978452205657958984e+00
1.753882408142089844e+00
1.854183077812194824e+00
1.897403597831726074e+00
1.595127105712890625e+00
8.710955381393432617e-01
8.519152402877807617e-01
7.938522696495056152e-01
3.827333450317382812e-01
3.807524442672729492e-01
3.969946503639221191e-01
3.056331574916839600e-01
3.417159616947174072e-01
3.400069475173950195e-01
2.988067567348480225e-01
2.857163846492767334e-01
3.579573631286621094e-01
3.706535696983337402e-01
2.772420942783355713e-01
2.986998558044433594e-01
3.644318282604217529e-01
3.129367828369140625e-01
3.080918192863464355e-01
8.258584141731262207e-01
1.130095839500427246e+00
3.675990104675292969e-01
1.212603449821472168e+00
1.525474429130554199e+00
1.388688564300537109e+00
1.223072052001953125e+00
3.214587569236755371e-01
4.834388494491577148e-01
4.007536470890045166e-01
3.597025275230407715e-01
4.074649214744567871e-01
4.013763964176177979e-01
3.103298246860504150e-01
3.261970877647399902e-01
4.346261024475097656e-01
3.354846239089965820e-01
2.966235578060150146e-01
3.815396428108215332e-01
4.769125580787658691e-01
3.415698707103729248e-01
5.686547756195068359e-01
1.148238062858581543e+00
4.731069803237915039e-01
3.815478682518005371e-01
4.039246737957000732e-01
5.666234493255615234e-01
3.820609748363494873e-01
4.264248311519622803e-01
4.995459318161010742e-01
6.359469294548034668e-01
1.531232118606567383e+00
2.053068876266479492e+00
2.259336471557617188e+00
2.799324750900268555e+00
2.422990798950195312e+00
2.834170818328857422e+00
2.289052009582519531e+00
2.110739231109619141e+00
2.007328510284423828e+00
2.166070222854614258e+00
1.483998537063598633e+00
1.434050202369689941e+00
2.737680673599243164e+00
2.119631290435791016e+00
1.309835076332092285e+00
1.461350917816162109e+00
1.503220915794372559e+00
1.393111467361450195e+00
1.453147649765014648e+00
8.695383667945861816e-01
2.561183929443359375e+00
1.065712451934814453e+00
5.298910140991210938e-01
1.599900007247924805e+00
7.175486087799072266e-01
5.546859502792358398e-01
1.358945727348327637e+00
2.540149211883544922e+00
2.921769142150878906e+00
3.006134510040283203e+00
1.899843096733093262e+00
1.835549116134643555e+00
2.043106317520141602e+00
1.886744022369384766e+00
1.951557755470275879e+00
2.106978416442871094e+00
2.082214832305908203e+00
1.737349390983581543e+00
1.910805344581604004e+00
1.929601073265075684e+00
9.654249548912048340e-01
7.793629169464111328e-01
7.739722132682800293e-01
6.170431971549987793e-01
6.359548568725585938e-01
1.443515300750732422e+00
5.548487305641174316e-01
4.075693488121032715e-01
5.312996506690979004e-01
7.278251051902770996e-01
1.412891149520874023e+00
2.118887662887573242e+00
2.323884487152099609e+00
2.124217748641967773e+00
2.091683387756347656e+00
1.583351850509643555e+00
1.565696358680725098e+00
2.806690692901611328e+00
1.534771561622619629e+00
1.417340278625488281e+00
1.453383088111877441e+00
1.487583160400390625e+00
1.466867089271545410e+00
1.410247802734375000e+00
1.505957603454589844e+00
1.582854866981506348e+00
2.007908582687377930e+00
1.441943645477294922e+00
1.377912163734436035e+00
1.265621066093444824e+00
1.105519175529479980e+00
2.334989786148071289e+00
3.458782434463500977e+00
3.014386415481567383e+00
2.127648115158081055e+00
2.115091085433959961e+00
1.932436943054199219e+00
1.615117311477661133e+00
1.660106658935546875e+00
3.033264398574829102e+00
1.349300146102905273e+00
1.086505770683288574e+00
1.204745888710021973e+00
1.155019521713256836e+00
9.113462567329406738e-01
1.329288005828857422e+00
1.737450480461120605e+00
2.690522193908691406e+00
4.789737761020660400e-01
5.534423589706420898e-01
5.790258049964904785e-01
5.071148872375488281e-01
3.789502382278442383e-01
5.312544107437133789e-01
1.610571742057800293e+00
1.296416878700256348e+00
1.798399806022644043e+00
8.773202896118164062e-01
7.518881559371948242e-01
7.599890828132629395e-01
5.224238038063049316e-01
4.433065056800842285e-01
4.823026955127716064e-01
3.873899877071380615e-01
4.040551483631134033e-01
3.678413331508636475e-01
5.268535017967224121e-01
1.304123640060424805e+00
5.365269184112548828e-01
4.921943545341491699e-01
4.040611684322357178e-01
4.331629574298858643e-01
3.866134583950042725e-01
3.800787031650543213e-01
4.330070018768310547e-01
3.794244229793548584e-01
3.486226797103881836e-01
3.732500970363616943e-01
4.466214478015899658e-01
4.722756445407867432e-01
4.225633442401885986e-01
5.388280153274536133e-01
4.586784839630126953e-01
4.276807308197021484e-01
5.549296140670776367e-01
4.452397227287292480e-01
4.492346942424774170e-01
4.767727851867675781e-01
5.272489786148071289e-01
4.504522383213043213e-01
1.201256632804870605e+00
6.306439638137817383e-01
4.072374105453491211e-01
4.075726568698883057e-01
4.519589543342590332e-01
4.264864921569824219e-01
4.628222882747650146e-01
4.310176074504852295e-01
4.312536120414733887e-01
4.323286116123199463e-01
4.328474998474121094e-01
4.888599514961242676e-01
3.908252716064453125e-01
4.272781014442443848e-01
4.256074726581573486e-01
4.147515296936035156e-01
3.954446315765380859e-01
1.587591052055358887e+00
1.379883766174316406e+00
1.311450004577636719e+00
6.813158988952636719e-01
1.065415382385253906e+00
5.929313898086547852e-01
6.154704093933105469e-01
6.862735152244567871e-01
1.312625885009765625e+00
5.365666747093200684e-01
5.336116552352905273e-01
5.620555877685546875e-01
5.064731836318969727e-01
1.453610897064208984e+00
2.418858766555786133e+00
2.466521024703979492e+00
1.538357019424438477e+00
1.845382928848266602e+00
1.856099247932434082e+00
1.674392104148864746e+00
1.745563268661499023e+00
2.127939939498901367e+00
1.834216713905334473e+00
1.844866991043090820e+00
2.161651372909545898e+00
2.087726593017578125e+00
1.865506887435913086e+00
2.132956027984619141e+00
2.296043634414672852e+00
2.319833040237426758e+00
1.998931169509887695e+00
2.183599472045898438e+00
1.520104527473449707e+00
1.002207279205322266e+00
1.015905618667602539e+00
2.555763006210327148e+00
1.415999770164489746e+00
9.319441914558410645e-01
7.908939123153686523e-01
7.111793756484985352e-01
8.858178853988647461e-01
1.302003502845764160e+00
1.514825940132141113e+00
2.559254407882690430e+00
1.277095913887023926e+00
9.160643219947814941e-01
1.125432133674621582e+00
1.339190602302551270e+00
2.314155340194702148e+00
1.478116035461425781e+00
1.761273741722106934e+00
2.152933359146118164e+00
1.883984327316284180e+00
1.857052087783813477e+00
1.111436963081359863e+00
9.961883425712585449e-01
9.436114430427551270e-01
1.501367211341857910e+00
1.034331798553466797e+00
1.167074441909790039e+00
1.137560129165649414e+00
1.195904850959777832e+00
1.161818623542785645e+00
1.676344275474548340e+00
1.612416625022888184e+00
1.653052449226379395e+00
1.674840211868286133e+00
1.662974238395690918e+00
1.849720716476440430e+00
2.605580806732177734e+00
2.308137416839599609e+00
2.141722679138183594e+00
1.334714651107788086e+00
1.083859324455261230e+00
2.298012495040893555e+00
2.640877008438110352e+00
2.506388664245605469e+00
2.613144397735595703e+00
2.578217267990112305e+00
2.259344100952148438e+00
1.817344546318054199e+00
1.764992117881774902e+00
1.517827153205871582e+00
1.502178549766540527e+00
2.100776672363281250e+00
2.173063993453979492e+00
1.637995481491088867e+00
1.854157567024230957e+00
1.684570193290710449e+00
1.313045263290405273e+00
1.323454976081848145e+00
1.739097595214843750e+00
1.446520805358886719e+00
1.008194923400878906e+00
6.161414384841918945e-01
7.522197961807250977e-01
6.410204768180847168e-01
3.060955703258514404e-01
3.515122234821319580e-01
3.715087473392486572e-01
3.500027656555175781e-01
3.197812736034393311e-01
4.064702093601226807e-01
3.320693671703338623e-01
3.283402621746063232e-01
3.624004721641540527e-01
4.053483307361602783e-01
3.453639149665832520e-01
3.306295275688171387e-01
3.508011996746063232e-01
3.390922844409942627e-01
4.742105007171630859e-01
1.066607117652893066e+00
3.870569467544555664e-01
3.359426259994506836e-01
3.168503344058990479e-01
4.040036201477050781e-01
5.188922882080078125e-01
4.243449568748474121e-01
4.135389328002929688e-01
4.059513509273529053e-01
1.595801949501037598e+00
1.312796354293823242e+00
1.319015622138977051e+00
7.634627223014831543e-01
4.066311120986938477e-01
3.671790957450866699e-01
3.780158460140228271e-01
4.543913006782531738e-01
3.626737594604492188e-01
3.645406365394592285e-01
4.240316748619079590e-01
4.314131438732147217e-01
3.977624177932739258e-01
4.094069004058837891e-01
4.920288026332855225e-01
4.958598613739013672e-01
4.006020724773406982e-01
4.341316223144531250e-01
5.583580136299133301e-01
1.480063199996948242e+00
1.972408413887023926e+00
2.582632541656494141e+00
2.710054874420166016e+00
2.493945598602294922e+00
2.561312437057495117e+00
2.471797943115234375e+00
2.150383710861206055e+00
2.329916954040527344e+00
1.841274738311767578e+00
1.708915233612060547e+00
1.910433769226074219e+00
1.665763258934020996e+00
1.667147397994995117e+00
1.817874908447265625e+00
1.957144618034362793e+00
1.255230307579040527e+00
1.352750778198242188e+00
1.468710064888000488e+00
1.415874123573303223e+00
1.271199584007263184e+00
1.367170810699462891e+00
1.405260324478149414e+00
1.334657549858093262e+00
1.219799041748046875e+00
1.252447724342346191e+00
1.328158974647521973e+00
1.273748397827148438e+00
1.260691761970520020e+00
1.275268197059631348e+00
1.339041829109191895e+00
1.288613200187683105e+00
1.245380043983459473e+00
1.342720508575439453e+00
1.513871550559997559e+00
1.749582886695861816e+00
1.538160443305969238e+00
1.437539935111999512e+00
1.535889625549316406e+00
1.652693152427673340e+00
1.551165938377380371e+00
1.504192352294921875e+00
2.037054300308227539e+00
3.521006345748901367e+00
1.644827127456665039e+00
1.474444031715393066e+00
1.620100378990173340e+00
1.589905023574829102e+00
1.498327255249023438e+00
7.664342522621154785e-01
8.331902623176574707e-01
1.962015151977539062e+00
1.150171041488647461e+00
5.168403983116149902e-01
5.659886598587036133e-01
4.614095985889434814e-01
4.994086027145385742e-01
6.823582649230957031e-01
4.931786358356475830e-01
4.085437655448913574e-01
5.245003700256347656e-01
5.328433513641357422e-01
4.217988848686218262e-01
5.407017469406127930e-01
6.177912354469299316e-01
5.950671434402465820e-01
8.491610884666442871e-01
1.281110405921936035e+00
1.160008192062377930e+00
1.167315602302551270e+00
1.345523118972778320e+00
1.819479823112487793e+00
2.015492916107177734e+00
2.122943162918090820e+00
2.404260873794555664e+00
2.343371152877807617e+00
1.923705816268920898e+00
1.297603368759155273e+00
1.868778228759765625e+00
2.732214450836181641e+00
3.289105892181396484e+00
2.520167589187622070e+00
2.724560260772705078e+00
2.548711061477661133e+00
2.708379745483398438e+00
2.513885974884033203e+00
2.819946765899658203e+00
2.726281404495239258e+00
2.696189403533935547e+00
2.893728971481323242e+00
2.554701805114746094e+00
2.334943771362304688e+00
2.579443454742431641e+00
2.559381008148193359e+00
2.504913091659545898e+00
2.039540052413940430e+00
9.812595844268798828e-01
1.041209220886230469e+00
8.531363606452941895e-01
4.796395599842071533e-01
4.160230755805969238e-01
3.134940266609191895e-01
4.454008936882019043e-01
1.251397371292114258e+00
3.572263419628143311e-01
2.837228775024414062e-01
4.241646230220794678e-01
4.479927718639373779e-01
3.241032361984252930e-01
2.941059768199920654e-01
4.656992256641387939e-01
3.417521417140960693e-01
2.968960106372833252e-01
2.963815331459045410e-01
3.565290272235870361e-01
2.692225277423858643e-01
2.698474824428558350e-01
3.268713653087615967e-01
2.571011185646057129e-01
2.590030729770660400e-01
2.974713444709777832e-01
3.766132891178131104e-01
2.779712080955505371e-01
2.999341189861297607e-01
3.075806200504302979e-01
3.189532160758972168e-01
2.628977298736572266e-01
2.934325039386749268e-01
3.719634711742401123e-01
2.885785102844238281e-01
2.862330675125122070e-01
3.303427994251251221e-01
4.414538741111755371e-01
2.861807048320770264e-01
3.272241353988647461e-01
4.710202813148498535e-01
4.738867878913879395e-01
4.041209220886230469e-01
4.729608893394470215e-01
6.118646860122680664e-01
5.040597915649414062e-01
1.472396969795227051e+00
1.508186221122741699e+00
1.526003956794738770e+00
1.610890984535217285e+00
2.539401531219482422e+00
2.305328607559204102e+00
1.944746375083923340e+00
1.989894390106201172e+00
2.465970277786254883e+00
2.114004135131835938e+00
1.764251828193664551e+00
1.989829182624816895e+00
2.114023685455322266e+00
1.694213271141052246e+00
1.781633138656616211e+00
1.819060444831848145e+00
2.638484954833984375e+00
1.514372944831848145e+00
1.723157644271850586e+00
2.432078838348388672e+00
1.626410722732543945e+00
1.902393579483032227e+00
1.871789455413818359e+00
9.293282032012939453e-01
1.031296968460083008e+00
1.241971135139465332e+00
1.795706152915954590e+00
9.461221694946289062e-01
1.196336030960083008e+00
1.041135191917419434e+00
9.073397517204284668e-01
2.087347507476806641e+00
1.421286225318908691e+00
2.002957344055175781e+00
1.505492091178894043e+00
2.134464979171752930e+00
2.871809720993041992e+00
1.489660501480102539e+00
5.049352645874023438e-01
4.992775917053222656e-01
5.973462462425231934e-01
6.062338948249816895e-01
6.480554938316345215e-01
1.741014599800109863e+00
1.717438340187072754e+00
3.164997696876525879e-01
4.067689776420593262e-01
4.902822375297546387e-01
5.135734081268310547e-01
7.508457303047180176e-01
1.112351298332214355e+00
5.215809345245361328e-01
4.357063174247741699e-01
5.159868597984313965e-01
4.860249459743499756e-01
5.223588347434997559e-01
5.091925263404846191e-01
5.657668709754943848e-01
6.071828007698059082e-01
5.513937473297119141e-01
5.275595784187316895e-01
5.661048293113708496e-01
1.456630110740661621e+00
4.832834303379058838e-01
7.633923292160034180e-01
8.675722479820251465e-01
7.443444132804870605e-01
2.464169979095458984e+00
2.476571798324584961e+00
2.712516307830810547e+00
2.930492639541625977e+00
2.817143440246582031e+00
2.599923372268676758e+00
2.908141374588012695e+00
2.727051496505737305e+00
2.893848419189453125e+00
2.815656661987304688e+00
2.411895751953125000e+00
2.980212450027465820e+00
2.154284715652465820e+00
2.241038799285888672e+00
2.487408399581909180e+00
2.499052762985229492e+00
2.678926706314086914e+00
2.551964044570922852e+00
2.612466812133789062e+00
3.828125476837158203e+00
3.950752496719360352e+00
4.163890838623046875e+00
3.845928192138671875e+00
3.254227638244628906e+00
2.525254726409912109e+00
2.631679296493530273e+00
2.549038887023925781e+00
2.425820350646972656e+00
2.375101566314697266e+00
2.431390047073364258e+00
2.220289707183837891e+00
2.072767972946166992e+00
2.347005605697631836e+00
2.207018375396728516e+00
2.124591112136840820e+00
2.103218317031860352e+00
1.759051680564880371e+00
5.655857324600219727e-01
7.334619164466857910e-01
8.175406455993652344e-01
8.627585768699645996e-01
6.882439851760864258e-01
1.146440863609313965e+00
1.084160923957824707e+00
7.703439593315124512e-01
6.057819128036499023e-01
5.514268875122070312e-01
5.046424865722656250e-01
4.199358224868774414e-01
3.061320185661315918e-01
3.142540752887725830e-01
4.421914815902709961e-01
3.439230024814605713e-01
3.131957948207855225e-01
3.246152698993682861e-01
4.670343399047851562e-01
2.745046913623809814e-01
3.026641309261322021e-01
3.228026628494262695e-01
4.280208945274353027e-01
2.626491189002990723e-01
3.104687929153442383e-01
3.399589955806732178e-01
3.693735301494598389e-01
2.624778151512145996e-01
3.127366900444030762e-01
3.577553331851959229e-01
3.756753206253051758e-01
3.208727240562438965e-01
3.366857171058654785e-01
4.319558441638946533e-01
4.027625024318695068e-01
3.440647125244140625e-01
3.771365284919738770e-01
4.797618091106414795e-01
4.925402700901031494e-01
4.392956495285034180e-01
4.905130267143249512e-01
5.786741375923156738e-01
4.979959130287170410e-01
4.788677096366882324e-01
1.689401388168334961e+00
2.562536001205444336e+00
2.919195413589477539e+00
2.473929166793823242e+00
2.424212694168090820e+00
2.599976539611816406e+00
2.668313264846801758e+00
2.856529235839843750e+00
2.087125301361083984e+00
2.450345516204833984e+00
1.680185437202453613e+00
3.151939153671264648e+00
2.162713050842285156e+00
1.787539482116699219e+00
1.396237850189208984e+00
1.569721460342407227e+00
1.382381081581115723e+00
1.436478376388549805e+00
1.790808081626892090e+00
4.840608119964599609e+00
4.340789318084716797e+00
3.162403345108032227e+00
2.755190134048461914e+00
1.916059017181396484e+00
1.754290819168090820e+00
1.753580331802368164e+00
3.439467906951904297e+00
4.594866275787353516e+00
3.593981266021728516e+00
3.003282785415649414e+00
2.693998813629150391e+00
1.609410881996154785e+00
1.427471518516540527e+00
1.806981444358825684e+00
1.932264208793640137e+00
1.569285750389099121e+00
1.487634420394897461e+00
1.483245491981506348e+00
1.635774135589599609e+00
1.573034286499023438e+00
1.606717586517333984e+00
2.881060123443603516e+00
2.711413383483886719e+00
3.001207828521728516e+00
2.623333692550659180e+00
2.067508459091186523e+00
1.368337154388427734e+00
1.429328799247741699e+00
1.440431714057922363e+00
2.276849508285522461e+00
1.717637300491333008e+00
1.393521785736083984e+00
1.664866685867309570e+00
1.507958769798278809e+00
1.582911968231201172e+00
1.678323984146118164e+00
1.581989049911499023e+00
1.627828836441040039e+00
1.621021389961242676e+00
1.628903388977050781e+00
1.612501621246337891e+00
1.718188881874084473e+00
1.618027925491333008e+00
1.062976360321044922e+00
6.688496470451354980e-01
1.645326733589172363e+00
1.684301018714904785e+00
1.604918956756591797e+00
2.120409488677978516e+00
2.047259092330932617e+00
2.078375816345214844e+00
1.479335308074951172e+00
1.702375531196594238e+00
1.819458961486816406e+00
1.541504263877868652e+00
1.166604638099670410e+00
1.171234130859375000e+00
1.254985332489013672e+00
4.785355031490325928e-01
4.422646760940551758e-01
4.899426400661468506e-01
6.239143013954162598e-01
4.464454948902130127e-01
4.202143251895904541e-01
4.176986515522003174e-01
5.936009883880615234e-01
4.735060632228851318e-01
3.991246819496154785e-01
3.598968684673309326e-01
4.259670674800872803e-01
5.622962713241577148e-01
1.034063696861267090e+00
3.341130316257476807e-01
3.495082855224609375e-01
5.629387497901916504e-01
4.288483858108520508e-01
4.127635061740875244e-01
3.774144649505615234e-01
1.329234838485717773e+00
1.419070959091186523e+00
1.312999248504638672e+00
1.227286100387573242e+00
1.324945211410522461e+00
3.168333470821380615e-01
8.416620492935180664e-01
6.525665521621704102e-01
5.015860199928283691e-01
1.021064877510070801e+00
6.816993355751037598e-01
4.363406002521514893e-01
4.848375618457794189e-01
5.482843518257141113e-01
4.470613896846771240e-01
3.735973834991455078e-01
3.717469573020935059e-01
4.024716913700103760e-01
3.781164288520812988e-01
3.678668141365051270e-01
4.053579270839691162e-01
4.441945850849151611e-01
3.883808553218841553e-01
3.613523244857788086e-01
3.933302462100982666e-01
4.202354252338409424e-01
3.823087513446807861e-01
5.371217131614685059e-01
4.090420901775360107e-01
4.611020386219024658e-01
3.484042286872863770e-01
3.825143277645111084e-01
4.165471494197845459e-01
5.108993053436279297e-01
4.290457367897033691e-01
4.422759115695953369e-01
4.319182932376861572e-01
5.347924232482910156e-01
4.430864155292510986e-01
4.345076978206634521e-01
3.472434282302856445e-01
4.003770351409912109e-01
1.255216121673583984e+00
1.451820731163024902e+00
1.338033676147460938e+00
1.275558233261108398e+00
1.266576290130615234e+00
2.243940979242324829e-01
4.713475406169891357e-01
1.253343462944030762e+00
4.183375537395477295e-01
3.942736983299255371e-01
1.470668554306030273e+00
7.594551444053649902e-01
8.764950037002563477e-01
8.440234065055847168e-01
8.159985542297363281e-01
9.026965498924255371e-01
1.075462698936462402e+00
1.168741703033447266e+00
1.124851226806640625e+00
1.398565173149108887e+00
9.787784814834594727e-01
1.100932121276855469e+00
1.129030108451843262e+00
1.120288372039794922e+00
1.106269598007202148e+00
1.107811450958251953e+00
1.520069241523742676e+00
1.848883152008056641e+00
1.774779677391052246e+00
1.769186377525329590e+00
2.175192594528198242e+00
2.977102518081665039e+00
1.815477967262268066e+00
1.947895288467407227e+00
3.011287927627563477e+00
2.706116676330566406e+00
2.827989816665649414e+00
2.433357954025268555e+00
1.943291425704956055e+00
1.849579811096191406e+00
5.817078948020935059e-01
1.061054468154907227e+00
8.201091885566711426e-01
6.143556833267211914e-01
5.500583052635192871e-01
1.932009100914001465e+00
1.527008533477783203e+00
2.949764490127563477e+00
2.434048175811767578e+00
1.591482639312744141e+00
1.634786367416381836e+00
1.034494638442993164e+00
1.119690537452697754e+00
1.932199835777282715e+00
3.182106971740722656e+00
2.777129888534545898e+00
3.066075801849365234e+00
3.399808168411254883e+00
1.419209122657775879e+00
1.763827562332153320e+00
1.956844210624694824e+00
1.934953689575195312e+00
2.377609729766845703e+00
2.902597188949584961e+00
3.968028068542480469e+00
3.223441362380981445e+00
2.535662889480590820e+00
2.592919111251831055e+00
2.435151100158691406e+00
2.245132684707641602e+00
2.288710117340087891e+00
2.737524509429931641e+00
2.067732095718383789e+00
1.217095375061035156e+00
1.168685317039489746e+00
1.677950978279113770e+00
1.505212783813476562e+00
1.850545763969421387e+00
2.217592000961303711e+00
1.834336519241333008e+00
7.079963088035583496e-01
6.689902544021606445e-01
1.709948658943176270e+00
2.960720539093017578e+00
2.198189496994018555e+00
2.216780662536621094e+00
2.296121597290039062e+00
1.518016815185546875e+00
1.368473887443542480e+00
1.232112646102905273e+00
1.411616325378417969e+00
9.857342243194580078e-01
8.267034292221069336e-01
6.810116171836853027e-01
5.726105570793151855e-01
6.461250185966491699e-01
5.905171036720275879e-01
5.973846316337585449e-01
5.280945897102355957e-01
5.646175742149353027e-01
5.566079020500183105e-01
3.828232586383819580e-01
3.062021732330322266e-01
3.431042730808258057e-01
3.543858528137207031e-01
2.835910320281982422e-01
2.981362938880920410e-01
3.295279145240783691e-01
3.488238751888275146e-01
1.074225902557373047e+00
1.392214298248291016e+00
1.359123349189758301e+00
6.568285226821899414e-01
2.599813342094421387e-01
3.327164947986602783e-01
3.294503390789031982e-01
3.790689110755920410e-01
2.849250733852386475e-01
2.708901464939117432e-01
3.152816891670227051e-01
3.819491565227508545e-01
4.766075015068054199e-01
3.513705134391784668e-01
3.771357238292694092e-01
4.388022720813751221e-01
4.524416625499725342e-01
3.535986542701721191e-01
3.599295020103454590e-01
3.897976577281951904e-01
4.512896239757537842e-01
3.915869891643524170e-01
4.408366084098815918e-01
4.416624605655670166e-01
4.473236799240112305e-01
3.840331137180328369e-01
4.072549641132354736e-01
4.216209948062896729e-01
5.186784863471984863e-01
3.863547146320343018e-01
3.229213356971740723e-01
3.644869029521942139e-01
4.076315760612487793e-01
3.865740001201629639e-01
3.577312231063842773e-01
4.344180524349212646e-01
4.238502085208892822e-01
4.513036012649536133e-01
4.552410244941711426e-01
1.796630740165710449e+00
1.917551517486572266e+00
2.309515237808227539e+00
2.782073497772216797e+00
2.178219318389892578e+00
2.420532941818237305e+00
2.472892999649047852e+00
2.414300203323364258e+00
2.099701881408691406e+00
2.269018650054931641e+00
2.007209539413452148e+00
1.896185517311096191e+00
2.559100866317749023e+00
2.890381813049316406e+00
1.295222640037536621e+00
1.701895594596862793e+00
1.702233910560607910e+00
1.477278709411621094e+00
1.376386523246765137e+00
1.596448302268981934e+00
2.690466403961181641e+00
2.255359172821044922e+00
1.161603927612304688e+00
1.329298377037048340e+00
1.546798944473266602e+00
1.388536810874938965e+00
1.293546199798583984e+00
1.575051665306091309e+00
1.423557162284851074e+00
1.397361636161804199e+00
1.295333266258239746e+00
1.298376917839050293e+00
1.409613490104675293e+00
1.424107551574707031e+00
1.779454708099365234e+00
1.829128861427307129e+00
1.049461722373962402e+00
6.663391590118408203e-01
1.183888077735900879e+00
7.220923304557800293e-01
8.705555200576782227e-01
9.295002818107604980e-01
1.182973504066467285e+00
1.280273318290710449e+00
1.238482356071472168e+00
8.715028166770935059e-01
1.098364353179931641e+00
1.493729829788208008e+00
1.628721594810485840e+00
1.599328160285949707e+00
1.839897871017456055e+00
2.348106622695922852e+00
1.705248355865478516e+00
1.668932318687438965e+00
1.947231888771057129e+00
7.982350587844848633e-01
1.106585621833801270e+00
1.282347917556762695e+00
1.203345775604248047e+00
1.536447644233703613e+00
1.868903994560241699e+00
2.794956207275390625e+00
2.685261011123657227e+00
2.859718084335327148e+00
2.880387783050537109e+00
2.030818939208984375e+00
1.749261617660522461e+00
2.030234575271606445e+00
2.495298624038696289e+00
2.555847406387329102e+00
2.308301687240600586e+00
2.434299707412719727e+00
2.334158182144165039e+00
2.973635196685791016e+00
2.542292118072509766e+00
2.781273841857910156e+00
2.474269390106201172e+00
2.685986280441284180e+00
1.799658179283142090e+00
2.378887891769409180e+00
3.573920249938964844e+00
1.679220914840698242e+00
1.933818101882934570e+00
1.122897744178771973e+00
1.062937974929809570e+00
9.636669158935546875e-01
1.169186830520629883e+00
2.092098951339721680e+00
2.513658046722412109e+00
6.134747266769409180e-01
6.514737606048583984e-01
3.558103442192077637e-01
3.581977486610412598e-01
4.412066638469696045e-01
4.255019426345825195e-01
3.211654722690582275e-01
2.624353170394897461e-01
3.965311646461486816e-01
3.060352504253387451e-01
6.933940052986145020e-01
8.850254416465759277e-01
7.818347215652465820e-01
7.286925911903381348e-01
6.820227503776550293e-01
7.083625197410583496e-01
7.025960087776184082e-01
8.578714132308959961e-01
8.646736741065979004e-01
8.382613062858581543e-01
1.067286849021911621e+00
1.493921041488647461e+00
1.426687121391296387e+00
8.425896167755126953e-01
2.832933664321899414e-01
3.258349895477294922e-01
3.733430206775665283e-01
3.298395574092864990e-01
2.668595314025878906e-01
3.440065979957580566e-01
3.908271789550781250e-01
3.411562442779541016e-01
3.009340167045593262e-01
3.365278244018554688e-01
3.757929205894470215e-01
3.435241878032684326e-01
3.211451768875122070e-01
3.515758216381072998e-01
4.270659387111663818e-01
4.268688559532165527e-01
4.266638457775115967e-01
4.021871685981750488e-01
4.583468139171600342e-01
4.193766713142395020e-01
5.403972268104553223e-01
5.070480108261108398e-01
5.239433646202087402e-01
4.609057903289794922e-01
6.157788038253784180e-01
5.040866136550903320e-01
4.761480987071990967e-01
4.235470592975616455e-01
4.258360564708709717e-01
4.229525625705718994e-01
4.927247166633605957e-01
1.426377892494201660e+00
1.918605089187622070e+00
2.274689912796020508e+00
2.066811800003051758e+00
2.362046957015991211e+00
1.721831321716308594e+00
2.021627664566040039e+00
1.770532250404357910e+00
1.587918043136596680e+00
1.589234232902526855e+00
1.701214551925659180e+00
1.652067899703979492e+00
1.709972739219665527e+00
8.383835554122924805e-01
7.280624508857727051e-01
1.160274267196655273e+00
1.068605780601501465e+00
9.596680998802185059e-01
6.918064355850219727e-01
4.398854970932006836e-01
4.281532764434814453e-01
4.348004460334777832e-01
3.861888945102691650e-01
5.096976757049560547e-01
5.662627220153808594e-01
7.244610786437988281e-01
5.925328135490417480e-01
1.534561276435852051e+00
1.557922363281250000e+00
1.598658800125122070e+00
1.009985923767089844e+00
9.342241287231445312e-01
1.257078051567077637e+00
1.758395433425903320e+00
1.047280192375183105e+00
5.589706301689147949e-01
1.460009455680847168e+00
1.787418603897094727e+00
1.873398661613464355e+00
1.893530130386352539e+00
2.338008165359497070e+00
2.244582414627075195e+00
2.188572645187377930e+00
2.349172830581665039e+00
1.875829458236694336e+00
1.675466895103454590e+00
1.494301557540893555e+00
2.408466815948486328e+00
2.292310953140258789e+00
2.483150959014892578e+00
3.019045591354370117e+00
2.881044387817382812e+00
1.103685140609741211e+00
1.129122853279113770e+00
1.529175519943237305e+00
2.503477096557617188e+00
2.252061605453491211e+00
2.797351360321044922e+00
3.399499654769897461e+00
4.053960800170898438e+00
2.605920076370239258e+00
2.948949813842773438e+00
3.650831937789916992e+00
3.245034217834472656e+00
2.636010646820068359e+00
1.936766624450683594e+00
2.281263589859008789e+00
1.571237325668334961e+00
1.885643720626831055e+00
1.822566747665405273e+00
1.803623557090759277e+00
1.807235002517700195e+00
1.803274631500244141e+00
2.585142374038696289e+00
2.497139453887939453e+00
2.895075321197509766e+00
2.374885559082031250e+00
1.933528661727905273e+00
2.001314640045166016e+00
1.963486790657043457e+00
1.897632479667663574e+00
1.911239266395568848e+00
1.909256696701049805e+00
1.853824496269226074e+00
1.742134809494018555e+00
1.879758358001708984e+00
1.956111550331115723e+00
1.751789927482604980e+00
1.774769544601440430e+00
1.865319609642028809e+00
1.790252447128295898e+00
1.627654075622558594e+00
1.788948535919189453e+00
1.768919944763183594e+00
1.638436436653137207e+00
1.686972141265869141e+00
1.900178909301757812e+00
1.709775686264038086e+00
1.718378782272338867e+00
1.884048461914062500e+00
1.829115986824035645e+00
1.807069420814514160e+00
1.916510462760925293e+00
1.997149586677551270e+00
1.808923244476318359e+00
2.688859939575195312e+00
1.799103140830993652e+00
1.729978919029235840e+00
1.661953568458557129e+00
1.821577429771423340e+00
1.822860002517700195e+00
1.595556378364562988e+00
1.648278236389160156e+00
1.698506116867065430e+00
1.595915436744689941e+00
1.548091650009155273e+00
1.680138826370239258e+00
1.654884338378906250e+00
8.440058827400207520e-01
5.518558621406555176e-01
6.936469674110412598e-01
5.620082020759582520e-01
5.535689592361450195e-01
1.346329569816589355e+00
1.362577795982360840e+00
3.475435674190521240e-01
3.664171099662780762e-01
4.371061325073242188e-01
3.472036719322204590e-01
3.458899259567260742e-01
5.832186937332153320e-01
4.301895499229431152e-01
3.618613183498382568e-01
4.297715723514556885e-01
4.957378804683685303e-01
4.310214519500732422e-01
4.042634665966033936e-01
4.438571631908416748e-01
4.338726103305816650e-01
3.710649907588958740e-01
3.934201300144195557e-01
3.744366765022277832e-01
3.876421749591827393e-01
3.864024281501770020e-01
3.297611773014068604e-01
3.321598172187805176e-01
3.955613970756530762e-01
3.454801440238952637e-01
2.971522808074951172e-01
3.174596726894378662e-01
3.990682065486907959e-01
3.858821690082550049e-01
3.118864297866821289e-01
3.390256762504577637e-01
4.050607979297637939e-01
1.412978649139404297e+00
1.005915522575378418e+00
4.516541659832000732e-01
5.480157732963562012e-01
1.391981840133666992e+00
1.100149512290954590e+00
1.454846262931823730e+00
1.656154155731201172e+00
1.803029775619506836e+00
1.438543200492858887e+00
1.359045505523681641e+00
1.396321654319763184e+00
1.218522310256958008e+00
4.581223428249359131e-01
5.740986466407775879e-01
5.842145085334777832e-01
5.728301405906677246e-01
5.874639153480529785e-01
6.220531463623046875e-01
2.333236694335937500e+00
1.853936076164245605e+00
1.647457838058471680e+00
1.777946591377258301e+00
1.590013742446899414e+00
1.334068536758422852e+00
6.654672622680664062e-01
1.138949990272521973e+00
1.040801048278808594e+00
1.082800507545471191e+00
1.130587577819824219e+00
1.901927113533020020e+00
1.705909490585327148e+00
1.684787511825561523e+00
1.906724572181701660e+00
1.763448476791381836e+00
1.818391919136047363e+00
1.394387364387512207e+00
8.645547032356262207e-01
2.090908765792846680e+00
3.856870174407958984e+00
3.806133031845092773e+00
3.093923091888427734e+00
3.396495819091796875e+00
3.869319200515747070e+00
3.706586360931396484e+00
3.836990356445312500e+00
2.324564218521118164e+00
2.390640020370483398e+00
2.477646112442016602e+00
2.326957941055297852e+00
2.261368989944458008e+00
2.379253149032592773e+00
2.281447887420654297e+00
2.127773284912109375e+00
2.257453680038452148e+00
2.551645517349243164e+00
2.661126852035522461e+00
2.628004312515258789e+00
2.536637783050537109e+00
2.609345197677612305e+00
2.448093891143798828e+00
1.912118554115295410e+00
1.959697008132934570e+00
1.930095314979553223e+00
2.179424285888671875e+00
1.264764785766601562e+00
1.061443328857421875e+00
1.131925702095031738e+00
1.973687529563903809e+00
1.947943210601806641e+00
2.821501731872558594e+00
3.090996026992797852e+00
2.045873880386352539e+00
2.857059478759765625e+00
2.788532733917236328e+00
2.897047758102416992e+00
2.413021326065063477e+00
1.901138186454772949e+00
3.205054283142089844e+00
2.967973709106445312e+00
1.288256168365478516e+00
1.438362002372741699e+00
1.278736710548400879e+00
9.468309879302978516e-01
7.429421544075012207e-01
9.976816177368164062e-01
6.242289543151855469e-01
5.139642953872680664e-01
5.244724154472351074e-01
4.559084475040435791e-01
3.974694013595581055e-01
3.126051127910614014e-01
3.110583722591400146e-01
2.937364876270294189e-01
3.627650439739227295e-01
2.417253106832504272e-01
2.105831205844879150e-01
2.793175578117370605e-01
3.210947513580322266e-01
2.666649222373962402e-01
2.498451918363571167e-01
2.927058935165405273e-01
3.116235733032226562e-01
4.175676107406616211e-01
4.116131067276000977e-01
4.212007820606231689e-01
4.044750630855560303e-01
3.657307624816894531e-01
4.160820245742797852e-01
4.177027642726898193e-01
2.906265854835510254e-01
3.275195956230163574e-01
3.849694430828094482e-01
4.151977598667144775e-01
3.122452199459075928e-01
1.565218925476074219e+00
1.337382674217224121e+00
1.312385201454162598e+00
3.555979132652282715e-01
3.142524361610412598e-01
3.927129805088043213e-01
3.927011787891387939e-01
4.076228141784667969e-01
3.751167058944702148e-01
5.165137052536010742e-01
4.714407324790954590e-01
5.398437976837158203e-01
5.403717160224914551e-01
5.694326758384704590e-01
4.750059247016906738e-01
4.705406129360198975e-01
4.889832735061645508e-01
5.957430601119995117e-01
2.057290554046630859e+00
1.924695253372192383e+00
1.928639292716979980e+00
1.868464946746826172e+00
2.155066490173339844e+00
2.230954170227050781e+00
3.689209699630737305e+00
2.982843160629272461e+00
1.448129534721374512e+00
2.366190910339355469e+00
1.537577748298645020e+00
1.302414059638977051e+00
1.644952654838562012e+00
1.732016563415527344e+00
1.281325817108154297e+00
1.317135572433471680e+00
1.545553445816040039e+00
1.376197695732116699e+00
1.375355601310729980e+00
1.401632308959960938e+00
1.200759410858154297e+00
1.317630410194396973e+00
1.370506882667541504e+00
1.255026936531066895e+00
1.181388854980468750e+00
1.192196607589721680e+00
1.377581000328063965e+00
1.330171108245849609e+00
1.144248843193054199e+00
1.194107890129089355e+00
1.455180048942565918e+00
2.619492053985595703e+00
4.017453193664550781e+00
3.198698282241821289e+00
3.074325799942016602e+00
2.375983238220214844e+00
1.911548495292663574e+00
1.552600026130676270e+00
3.013894081115722656e+00
3.325535058975219727e+00
2.943748712539672852e+00
2.860032081604003906e+00
2.514063358306884766e+00
7.445275187492370605e-01
5.986095666885375977e-01
6.504762768745422363e-01
4.927384257316589355e-01
5.686882138252258301e-01
5.765647292137145996e-01
5.534620881080627441e-01
4.585143029689788818e-01
3.171893954277038574e-01
3.573047220706939697e-01
4.110166728496551514e-01
4.120960831642150879e-01
3.880302906036376953e-01
4.139371812343597412e-01
5.381336808204650879e-01
4.931051731109619141e-01
7.031475305557250977e-01
6.408697366714477539e-01
6.608640551567077637e-01
1.333595991134643555e+00
8.945676088333129883e-01
9.199488162994384766e-01
9.728716611862182617e-01
1.081361532211303711e+00
1.202795386314392090e+00
1.156689882278442383e+00
1.222054839134216309e+00
1.159995555877685547e+00
1.655199170112609863e+00
1.800850510597229004e+00
1.590011835098266602e+00
1.525995254516601562e+00
1.523223280906677246e+00
1.630463004112243652e+00
2.293378591537475586e+00
1.084806323051452637e+00
2.289663314819335938e+00
2.505263090133666992e+00
2.925247669219970703e+00
2.464507579803466797e+00
3.768302679061889648e+00
3.129774570465087891e+00
1.643498301506042480e+00
1.483522653579711914e+00
1.543205499649047852e+00
1.274203658103942871e+00
1.428527951240539551e+00
1.629622817039489746e+00
2.542571306228637695e+00
1.866653919219970703e+00
1.000042200088500977e+00
1.219742298126220703e+00
1.108766078948974609e+00
6.043286323547363281e-01
7.074680924415588379e-01
1.009786844253540039e+00
7.221783995628356934e-01
3.284268677234649658e-01
3.316294252872467041e-01
3.603252768516540527e-01
4.778620302677154541e-01
4.672103226184844971e-01
2.694311141967773438e-01
2.768909633159637451e-01
3.041881024837493896e-01
3.297425508499145508e-01
2.489305287599563599e-01
2.337482422590255737e-01
2.544549703598022461e-01
3.556894659996032715e-01
3.043336570262908936e-01
2.832760810852050781e-01
3.368997871875762939e-01
3.949246704578399658e-01
1.005191326141357422e+00
1.518651843070983887e+00
1.316030144691467285e+00
1.211428165435791016e+00
6.138217449188232422e-01
2.982001602649688721e-01
3.351376056671142578e-01
2.903757691383361816e-01
2.691636085510253906e-01
3.442017436027526855e-01
3.340752124786376953e-01
2.965775132179260254e-01
3.279529511928558350e-01
3.721216320991516113e-01
3.839339017868041992e-01
3.209977149963378906e-01
3.633562624454498291e-01
3.995503485202789307e-01
4.711384177207946777e-01
4.056695699691772461e-01
4.206558763980865479e-01
4.660719931125640869e-01
4.935220777988433838e-01
5.019136071205139160e-01
4.307876527309417725e-01
4.720314145088195801e-01
1.759380221366882324e+00
2.071339130401611328e+00
2.660868644714355469e+00
2.491080284118652344e+00
2.602178812026977539e+00
2.597365617752075195e+00
2.145073413848876953e+00
2.191038370132446289e+00
1.840521812438964844e+00
2.294272661209106445e+00
1.732489109039306641e+00
1.395363211631774902e+00
1.404500484466552734e+00
1.493894457817077637e+00
1.562338352203369141e+00
1.477440714836120605e+00
1.450148701667785645e+00
1.413476347923278809e+00
1.853493213653564453e+00
1.759479522705078125e+00
1.375624775886535645e+00
1.279561996459960938e+00
1.522058367729187012e+00
1.573313236236572266e+00
1.657970905303955078e+00
1.421866536140441895e+00
1.402845501899719238e+00
1.366590023040771484e+00
1.415552616119384766e+00
1.018746018409729004e+00
3.090914487838745117e-01
5.174716711044311523e-01
3.471773564815521240e-01
3.947207331657409668e-01
3.586442470550537109e-01
3.783540725708007812e-01
3.560707271099090576e-01
5.088948607444763184e-01
4.742080271244049072e-01
4.470046460628509521e-01
3.907942771911621094e-01
4.306596219539642334e-01
4.896172881126403809e-01
3.514631390571594238e-01
3.167804479598999023e-01
3.182545602321624756e-01
3.671602010726928711e-01
3.143097162246704102e-01
2.911525666713714600e-01
3.150374591350555420e-01
3.544900119304656982e-01
3.411710560321807861e-01
2.649762034416198730e-01
3.079813420772552490e-01
3.352439701557159424e-01
3.777718842029571533e-01
2.812954485416412354e-01
3.093301951885223389e-01
3.397317528724670410e-01
3.725588321685791016e-01
3.899684250354766846e-01
1.602587461471557617e+00
8.123683929443359375e-01
1.091966629028320312e+00
1.267644762992858887e+00
1.227957844734191895e+00
1.035808682441711426e+00
2.148109674453735352e+00
2.274234294891357422e+00
2.187522888183593750e+00
2.472358942031860352e+00
1.919930696487426758e+00
1.976850628852844238e+00
2.421969175338745117e+00
1.948606252670288086e+00
1.925386071205139160e+00
2.069786548614501953e+00
1.956319570541381836e+00
1.951733469963073730e+00
2.715906143188476562e+00
2.172227859497070312e+00
1.709165811538696289e+00
1.792531847953796387e+00
1.881373882293701172e+00
2.728812456130981445e+00
2.682983160018920898e+00
2.808491706848144531e+00
2.507819890975952148e+00
2.472057104110717773e+00
2.530740499496459961e+00
2.506618261337280273e+00
2.325585365295410156e+00
1.533947587013244629e+00
9.570710062980651855e-01
9.716206789016723633e-01
8.260710835456848145e-01
6.539874672889709473e-01
7.040227055549621582e-01
5.253656506538391113e-01
8.384318351745605469e-01
6.237723231315612793e-01
3.780849277973175049e-01
3.441370725631713867e-01
5.132491588592529297e-01
4.717362225055694580e-01
3.838768899440765381e-01
3.523939847946166992e-01
3.779273033142089844e-01
4.378643035888671875e-01
3.631263077259063721e-01
3.158745467662811279e-01
3.090199232101440430e-01
3.237060904502868652e-01
3.153927028179168701e-01
2.583285272121429443e-01
3.102703392505645752e-01
3.353859484195709229e-01
4.025048315525054932e-01
2.612753510475158691e-01
3.304990530014038086e-01
3.406149148941040039e-01
4.014139473438262939e-01
3.018437623977661133e-01
3.277517557144165039e-01
3.451331257820129395e-01
4.051529169082641602e-01
3.862072527408599854e-01
3.710978925228118896e-01
4.103692770004272461e-01
4.543992578983306885e-01
5.207337141036987305e-01
4.398816525936126709e-01
4.260257482528686523e-01
1.376058459281921387e+00
1.628597736358642578e+00
1.456721901893615723e+00
1.219018936157226562e+00
3.864300847053527832e-01
4.406943619251251221e-01
5.389798283576965332e-01
4.460025429725646973e-01
4.198618233203887939e-01
5.119513273239135742e-01
5.544970631599426270e-01
6.611203551292419434e-01
2.041691541671752930e+00
2.470155954360961914e+00
2.340842247009277344e+00
2.217021942138671875e+00
2.251218318939208984e+00
2.711281061172485352e+00
2.974850416183471680e+00
2.344738245010375977e+00
1.649848580360412598e+00
1.547034978866577148e+00
1.570008993148803711e+00
1.384282231330871582e+00
1.515640020370483398e+00
1.511209607124328613e+00
1.312933444976806641e+00
1.291626691818237305e+00
1.342850923538208008e+00
1.291187882423400879e+00
1.357253670692443848e+00
1.273445010185241699e+00
1.364817380905151367e+00
1.299720287322998047e+00
1.587232232093811035e+00
1.372465014457702637e+00
1.333200454711914062e+00
1.392097234725952148e+00
1.373463034629821777e+00
1.323906064033508301e+00
1.348892569541931152e+00
1.418572902679443359e+00
1.419718980789184570e+00
1.362485647201538086e+00
1.433231949806213379e+00
1.527148604393005371e+00
1.412170290946960449e+00
1.373118519783020020e+00
1.880063891410827637e+00
1.361229181289672852e+00
1.371537208557128906e+00
1.034582376480102539e+00
3.151405155658721924e-01
3.529764413833618164e-01
3.814640045166015625e-01
2.745216786861419678e-01
2.886360585689544678e-01
3.500860929489135742e-01
3.102245628833770752e-01
2.577819526195526123e-01
2.924791872501373291e-01
3.593974709510803223e-01
3.436277806758880615e-01
2.512696683406829834e-01
2.982070147991180420e-01
4.142277538776397705e-01
1.209800243377685547e+00
9.084180593490600586e-01
8.800185322761535645e-01
8.849931359291076660e-01
1.074052095413208008e+00
8.821825385093688965e-01
9.009968638420104980e-01
9.178590774536132812e-01
9.309420585632324219e-01
1.243577837944030762e+00
1.187121152877807617e+00
1.146857738494873047e+00
1.220745801925659180e+00
1.234342932701110840e+00
1.512782931327819824e+00
1.714733600616455078e+00
1.959645509719848633e+00
1.932657003402709961e+00
1.883621454238891602e+00
1.756733059883117676e+00
1.327514648437500000e+00
1.217121720314025879e+00
2.712021350860595703e+00
2.340378999710083008e+00
2.841148853302001953e+00
3.968337059020996094e+00
3.052213430404663086e+00
2.472866773605346680e+00
2.622398376464843750e+00
1.765398144721984863e+00
1.047092199325561523e+00
1.325425982475280762e+00
1.840927124023437500e+00
2.713769674301147461e+00
1.528125286102294922e+00
1.458154320716857910e+00
1.512164473533630371e+00
1.240998387336730957e+00
1.295186996459960938e+00
1.299926400184631348e+00
1.082303881645202637e+00
8.752505779266357422e-01
9.955707788467407227e-01
8.456565141677856445e-01
7.479457855224609375e-01
6.275852918624877930e-01
6.576381921768188477e-01
6.060077548027038574e-01
6.206889748573303223e-01
4.019440412521362305e-01
4.397599697113037109e-01
5.083338022232055664e-01
4.997290372848510742e-01
3.767719864845275879e-01
4.876958429813385010e-01
3.868924975395202637e-01
4.546653926372528076e-01
3.973287940025329590e-01
3.906758725643157959e-01
3.467834889888763428e-01
4.140005111694335938e-01
4.503425955772399902e-01
3.736864626407623291e-01
3.554479777812957764e-01
3.960712254047393799e-01
4.885894060134887695e-01
5.017387270927429199e-01
1.543533682823181152e+00
1.268499135971069336e+00
1.445525288581848145e+00
1.324933171272277832e+00
3.542619645595550537e-01
4.171833395957946777e-01
5.857381820678710938e-01
5.847580432891845703e-01
5.432379841804504395e-01
5.744971632957458496e-01
5.773200988769531250e-01
6.077778935432434082e-01
5.050196647644042969e-01
4.873885810375213623e-01
4.570270478725433350e-01
4.725826382637023926e-01
5.624330043792724609e-01
4.841701388359069824e-01
4.643457233905792236e-01
4.607380330562591553e-01
6.548991203308105469e-01
6.202002763748168945e-01
5.972275733947753906e-01
2.040204048156738281e+00
2.641403198242187500e+00
2.715772151947021484e+00
2.498620986938476562e+00
2.496633529663085938e+00
2.647575378417968750e+00
2.525020837783813477e+00
2.070860385894775391e+00
1.934178590774536133e+00
1.371079444885253906e+00
1.548076510429382324e+00
1.531428098678588867e+00
1.378313183784484863e+00
1.324119329452514648e+00
1.274353861808776855e+00
1.382300972938537598e+00
1.286006093025207520e+00
1.360539078712463379e+00
1.269655585289001465e+00
1.334259629249572754e+00
1.317613601684570312e+00
1.239351868629455566e+00
1.206665873527526855e+00
1.260187149047851562e+00
1.328265070915222168e+00
1.275542020797729492e+00
1.183753013610839844e+00
1.238150715827941895e+00
1.332437396049499512e+00
1.332876563072204590e+00
1.268849134445190430e+00
1.314741134643554688e+00
1.360536336898803711e+00
1.385717630386352539e+00
1.323016881942749023e+00
1.304177641868591309e+00
2.447499275207519531e+00
1.355232477188110352e+00
1.260600447654724121e+00
8.796473741531372070e-01
8.754473924636840820e-01
1.331959962844848633e+00
4.355676472187042236e-01
4.058392345905303955e-01
3.654451668262481689e-01
1.009552240371704102e+00
3.913301527500152588e-01
3.228963911533355713e-01
3.236901760101318359e-01
3.504870831966400146e-01
2.770359814167022705e-01
3.092578351497650146e-01
3.534155488014221191e-01
3.481723368167877197e-01
3.711633980274200439e-01
3.847441375255584717e-01
4.644666016101837158e-01
3.556985259056091309e-01
4.773864746093750000e-01
6.168149113655090332e-01
6.591849327087402344e-01
6.038659214973449707e-01
6.141761541366577148e-01
6.625409722328186035e-01
6.199916601181030273e-01
6.476026773452758789e-01
6.490663290023803711e-01
7.344473004341125488e-01
1.034152865409851074e+00
2.887249946594238281e+00
3.619509696960449219e+00
2.904006719589233398e+00
2.957905769348144531e+00
3.131666421890258789e+00
2.236294269561767578e+00
2.254170417785644531e+00
2.834460735321044922e+00
2.771860361099243164e+00
2.440185070037841797e+00
3.531580924987792969e+00
2.895972013473510742e+00
1.403736352920532227e+00
1.710138797760009766e+00
2.037391662597656250e+00
1.917899012565612793e+00
2.757291793823242188e+00
1.386927247047424316e+00
2.690571546554565430e+00
2.512984991073608398e+00
1.077563643455505371e+00
1.366484522819519043e+00
1.628437161445617676e+00
1.025632262229919434e+00
7.710234522819519043e-01
1.245561003684997559e+00
9.096205234527587891e-01
7.884538769721984863e-01
1.044172763824462891e+00
6.314380168914794922e-01
3.443829417228698730e-01
3.663378953933715820e-01
5.244649648666381836e-01
4.828528165817260742e-01
3.009647130966186523e-01
3.805490434169769287e-01
3.983355462551116943e-01
3.251075446605682373e-01
3.336363732814788818e-01
3.268658816814422607e-01
3.059341311454772949e-01
2.643866240978240967e-01
3.021934926509857178e-01
2.922421097755432129e-01
2.449141591787338257e-01
2.606441080570220947e-01
3.067821860313415527e-01
2.510292828083038330e-01
1.459651708602905273e+00
1.239177465438842773e+00
1.130154252052307129e+00
6.746805310249328613e-01
2.163136899471282959e-01
3.255819976329803467e-01
2.730130255222320557e-01
2.533698081970214844e-01
3.722471892833709717e-01
3.468465209007263184e-01
3.199073672294616699e-01
3.727523386478424072e-01
4.732445776462554932e-01
3.489230871200561523e-01
3.322916626930236816e-01
3.465384244918823242e-01
3.957329690456390381e-01
3.544847965240478516e-01
4.034406244754791260e-01
5.411033034324645996e-01
4.348747134208679199e-01
4.343714714050292969e-01
5.113880634307861328e-01
5.156650543212890625e-01
4.242257475852966309e-01
5.219876766204833984e-01
1.748036503791809082e+00
1.764972925186157227e+00
2.080465793609619141e+00
2.479029893875122070e+00
2.595875501632690430e+00
1.881283402442932129e+00
1.734000682830810547e+00
2.049577236175537109e+00
1.949033856391906738e+00
1.623929262161254883e+00
1.597326397895812988e+00
1.501152396202087402e+00
1.476347804069519043e+00
1.369743227958679199e+00
1.467388153076171875e+00
1.318120479583740234e+00
1.397206425666809082e+00
1.350565195083618164e+00
1.382683634757995605e+00
1.296874523162841797e+00
1.357943296432495117e+00
1.356708168983459473e+00
1.281534671783447266e+00
1.286741733551025391e+00
1.332900047302246094e+00
1.340207219123840332e+00
1.247439384460449219e+00
1.345557928085327148e+00
1.375617742538452148e+00
1.312398433685302734e+00
1.384153127670288086e+00
1.438625097274780273e+00
1.399645090103149414e+00
1.365266442298889160e+00
1.401510953903198242e+00
1.480601072311401367e+00
1.312399148941040039e+00
1.315156936645507812e+00
2.228863477706909180e+00
1.463912367820739746e+00
1.465679168701171875e+00
1.459729075431823730e+00
1.601142168045043945e+00
1.292054891586303711e+00
1.298897981643676758e+00
2.133299350738525391e+00
1.721019983291625977e+00
1.230349898338317871e+00
1.346884608268737793e+00
1.472526073455810547e+00
1.279321074485778809e+00
1.750717163085937500e+00
1.706117033958435059e+00
1.696165323257446289e+00
1.706230521202087402e+00
1.724826335906982422e+00
1.797466754913330078e+00
1.854948639869689941e+00
1.584434866905212402e+00
1.744419455528259277e+00
1.150082230567932129e+00
1.551700949668884277e+00
1.113250851631164551e+00
1.437103033065795898e+00
9.493926763534545898e-01
5.877821445465087891e-01
7.031074762344360352e-01
7.279670834541320801e-01
6.651186347007751465e-01
9.755226969718933105e-01
1.373565196990966797e+00
1.171903729438781738e+00
1.176443576812744141e+00
1.281857609748840332e+00
1.206075787544250488e+00
1.119043707847595215e+00
9.486630558967590332e-01
1.483479022979736328e+00
1.677667260169982910e+00
1.413748264312744141e+00
1.617295861244201660e+00
1.770021796226501465e+00
2.796067476272583008e+00
1.629566907882690430e+00
1.252673268318176270e+00
1.065901279449462891e+00
1.611231446266174316e+00
1.116083741188049316e+00
2.328302860260009766e+00
2.045893430709838867e+00
1.932469844818115234e+00
1.929273247718811035e+00
1.868204832077026367e+00
1.019242763519287109e+00
3.942103683948516846e-01
4.601857364177703857e-01
3.955844342708587646e-01
4.591729342937469482e-01
4.387367665767669678e-01
3.364954888820648193e-01
3.455412685871124268e-01
3.622343838214874268e-01
3.748571276664733887e-01
3.723535239696502686e-01
4.198300242424011230e-01
3.961630463600158691e-01
3.296353518962860107e-01
3.420933783054351807e-01
3.404622375965118408e-01
3.142110407352447510e-01
3.480062186717987061e-01
3.426065146923065186e-01
3.018687069416046143e-01
2.524556815624237061e-01
3.177581429481506348e-01
3.181427121162414551e-01
2.501773834228515625e-01
2.970722615718841553e-01
3.595301210880279541e-01
2.951908409595489502e-01
7.809143066406250000e-01
3.123545944690704346e-01
3.986603617668151855e-01
3.245097398757934570e-01
2.943693697452545166e-01
4.451618790626525879e-01
3.681896924972534180e-01
3.108972012996673584e-01
3.989092409610748291e-01
4.858399331569671631e-01
3.637926280498504639e-01
3.460993170738220215e-01
3.889356255531311035e-01
3.562173843383789062e-01
3.349901437759399414e-01
3.765603899955749512e-01
4.607580602169036865e-01
1.401943683624267578e+00
1.408050298690795898e+00
1.393145442008972168e+00
1.275057196617126465e+00
5.333254933357238770e-01
3.718461692333221436e-01
4.360248148441314697e-01
4.111792147159576416e-01
1.497330904006958008e+00
1.986674070358276367e+00
2.456036567687988281e+00
2.790426492691040039e+00
2.219711542129516602e+00
2.355234622955322266e+00
2.330764293670654297e+00
2.491573572158813477e+00
2.344472408294677734e+00
2.375117063522338867e+00
2.148909568786621094e+00
1.355692148208618164e+00
1.530104517936706543e+00
1.454742312431335449e+00
2.902669191360473633e+00
1.516543269157409668e+00
1.308761954307556152e+00
1.476345062255859375e+00
1.481516838073730469e+00
1.571557641029357910e+00
6.847398877143859863e-01
2.167672157287597656e+00
2.036254882812500000e+00
4.975028038024902344e-01
8.428343534469604492e-01
1.850967049598693848e+00
1.832378625869750977e+00
2.536957740783691406e+00
3.043223857879638672e+00
3.041967868804931641e+00
2.721144914627075195e+00
1.529045939445495605e+00
2.544328451156616211e+00
1.688715338706970215e+00
5.328156352043151855e-01
1.125980257987976074e+00
6.691215634346008301e-01
5.313385725021362305e-01
2.392920255661010742e+00
5.804969072341918945e-01
8.979563117027282715e-01
1.801177740097045898e+00
1.485341787338256836e+00
1.356879591941833496e+00
9.016527533531188965e-01
1.287928819656372070e+00
2.364613056182861328e+00
2.676341533660888672e-01
5.541917085647583008e-01
5.429559350013732910e-01
4.309726655483245850e-01
1.565659880638122559e+00
1.551472663879394531e+00
1.546658873558044434e+00
1.427424907684326172e+00
1.451310157775878906e+00
1.542506575584411621e+00
1.650741577148437500e+00
1.606643915176391602e+00
1.399702668190002441e+00
1.625315189361572266e+00
1.522323369979858398e+00
1.421740412712097168e+00
1.787465214729309082e+00
2.069683313369750977e+00
2.143131971359252930e+00
1.976885437965393066e+00
2.189615011215209961e+00
2.969668388366699219e+00
4.750053882598876953e+00
4.948833942413330078e+00
5.017004013061523438e+00
4.900417327880859375e+00
4.226044654846191406e+00
3.834663152694702148e+00
3.635636091232299805e+00
3.280340909957885742e+00
2.735790967941284180e+00
2.943930149078369141e+00
3.121628761291503906e+00
2.251291275024414062e+00
2.654301643371582031e+00
2.202106475830078125e+00
1.633013725280761719e+00
1.674166202545166016e+00
1.774899721145629883e+00
1.616675853729248047e+00
1.594609618186950684e+00
2.473820924758911133e+00
1.603815436363220215e+00
1.817779541015625000e+00
1.858189225196838379e+00
1.863146901130676270e+00
1.435787081718444824e+00
1.649976849555969238e+00
1.170487761497497559e+00
7.196761369705200195e-01
8.508667945861816406e-01
8.279549479484558105e-01
8.712545037269592285e-01
8.651887178421020508e-01
8.478827476501464844e-01
7.156463861465454102e-01
5.817407369613647461e-01
6.386547088623046875e-01
7.006694078445434570e-01
5.392991900444030762e-01
5.158747434616088867e-01
4.933370649814605713e-01
3.374655246734619141e-01
3.190921843051910400e-01
3.859202861785888672e-01
3.261507451534271240e-01
2.519031167030334473e-01
3.032794892787933350e-01
1.015812873840332031e+00
1.416482925415039062e+00
1.215276718139648438e+00
1.183239340782165527e+00
1.773131191730499268e-01
2.165283113718032837e-01
3.308830559253692627e-01
3.230454921722412109e-01
2.364365905523300171e-01
3.369595408439636230e-01
3.810454308986663818e-01
3.456015586853027344e-01
3.231869339942932129e-01
4.535753130912780762e-01
4.277070462703704834e-01
3.578290641307830811e-01
4.123690724372863770e-01
3.620112538337707520e-01
3.631060123443603516e-01
3.670815229415893555e-01
3.896408677101135254e-01
3.559125959873199463e-01
3.618273437023162842e-01
4.606423974037170410e-01
3.779525160789489746e-01
4.021899104118347168e-01
4.171693623065948486e-01
4.150111079216003418e-01
3.700842559337615967e-01
3.562160134315490723e-01
1.474197268486022949e+00
1.773946642875671387e+00
1.489392161369323730e+00
2.050701141357421875e+00
2.606638431549072266e+00
2.405366659164428711e+00
1.556797027587890625e+00
1.587648630142211914e+00
1.530689716339111328e+00
1.454975843429565430e+00
1.558734297752380371e+00
1.437849760055541992e+00
1.278991580009460449e+00
1.376819610595703125e+00
1.419482707977294922e+00
1.289645552635192871e+00
1.295470118522644043e+00
1.427828907966613770e+00
4.084412455558776855e-01
3.299862146377563477e-01
4.271169304847717285e-01
3.840758800506591797e-01
2.616645693778991699e-01
2.828284800052642822e-01
4.250198006629943848e-01
2.849439680576324463e-01
2.743056714534759521e-01
3.494592308998107910e-01
4.095403850078582764e-01
3.000791072845458984e-01
3.405559659004211426e-01
4.490631222724914551e-01
3.947317004203796387e-01
3.413980007171630859e-01
3.968677520751953125e-01
4.293639659881591797e-01
3.336925506591796875e-01
3.436261415481567383e-01
3.899168968200683594e-01
3.047113716602325439e-01
2.575448751449584961e-01
3.430905640125274658e-01
3.302296102046966553e-01
2.937671840190887451e-01
2.944927215576171875e-01
3.529375195503234863e-01
3.029656410217285156e-01
2.906942665576934814e-01
3.079832792282104492e-01
2.856939136981964111e-01
2.951812446117401123e-01
3.100340664386749268e-01
3.463408052921295166e-01
2.991482913494110107e-01
3.888210654258728027e-01
4.067029356956481934e-01
3.820437192916870117e-01
3.651655912399291992e-01
4.462911784648895264e-01
4.199964106082916260e-01
3.283816277980804443e-01
3.810218870639801025e-01
4.307517409324645996e-01
3.606246113777160645e-01
1.539136290550231934e+00
1.299464821815490723e+00
1.259207725524902344e+00
7.989088296890258789e-01
2.860743403434753418e-01
5.471805930137634277e-01
4.124515950679779053e-01
3.653116822242736816e-01
4.216697812080383301e-01
5.150253176689147949e-01
3.676806986331939697e-01
4.245291650295257568e-01
4.627589583396911621e-01
3.844508528709411621e-01
3.889997601509094238e-01
4.743900299072265625e-01
4.664285778999328613e-01
4.310362339019775391e-01
4.103081524372100830e-01
1.436560392379760742e+00
1.786422252655029297e+00
1.352614045143127441e+00
1.271142482757568359e+00
1.438633918762207031e+00
7.505072355270385742e-01
1.040175557136535645e+00
1.372846245765686035e+00
1.852842450141906738e+00
1.766152739524841309e+00
1.795754432678222656e+00
1.370018482208251953e+00
1.037844061851501465e+00
4.920772910118103027e-01
3.691104054450988770e-01
3.478091657161712646e-01
4.164005219936370850e-01
3.537507653236389160e-01
2.898313999176025391e-01
3.992449939250946045e-01
5.055300593376159668e-01
3.396753072738647461e-01
3.254482448101043701e-01
4.135627746582031250e-01
4.146723151206970215e-01
2.894249260425567627e-01
3.540618717670440674e-01
3.835243880748748779e-01
3.036506175994873047e-01
3.353623747825622559e-01
4.019991457462310791e-01
3.261499404907226562e-01
2.899265289306640625e-01
3.439386188983917236e-01
3.494767546653747559e-01
3.040162622928619385e-01
3.320096135139465332e-01
3.587407171726226807e-01
2.859400510787963867e-01
3.305478394031524658e-01
3.849587440490722656e-01
3.149993717670440674e-01
2.995953261852264404e-01
4.170827567577362061e-01
4.791376888751983643e-01
3.299483954906463623e-01
3.701977431774139404e-01
5.214260816574096680e-01
4.300535917282104492e-01
3.414750397205352783e-01
3.490376472473144531e-01
3.920225203037261963e-01
3.188167214393615723e-01
3.211325705051422119e-01
4.235898256301879883e-01
3.639277517795562744e-01
3.684764206409454346e-01
4.008808135986328125e-01
8.318170309066772461e-01
1.302816748619079590e+00
1.938582420349121094e+00
2.642978191375732422e+00
1.882847905158996582e+00
1.959581375122070312e+00
2.131823778152465820e+00
2.066922426223754883e+00
1.957874059677124023e+00
2.225046157836914062e+00
2.051656961441040039e+00
1.738396763801574707e+00
2.298460245132446289e+00
2.664162397384643555e+00
2.680697917938232422e+00
2.549316883087158203e+00
1.355393409729003906e+00
1.683571338653564453e+00
1.530900478363037109e+00
1.441752552986145020e+00
1.609985351562500000e+00
1.560816884040832520e+00
2.777626752853393555e+00
2.627700567245483398e+00
3.178465843200683594e+00
2.973510265350341797e+00
2.676835298538208008e+00
1.699747562408447266e+00
2.574623107910156250e+00
2.959023475646972656e+00
2.254614591598510742e+00
2.885744571685791016e+00
1.791000485420227051e+00
2.057254552841186523e+00
1.907398343086242676e+00
1.972362041473388672e+00
1.874697089195251465e+00
1.744003653526306152e+00
2.094092369079589844e+00
1.867357015609741211e+00
1.830144405364990234e+00
1.881898760795593262e+00
1.727542996406555176e+00
1.632783174514770508e+00
2.424690485000610352e+00
2.437479257583618164e+00
1.350205302238464355e+00
1.506162643432617188e+00
1.470111608505249023e+00
1.625854253768920898e+00
1.851431965827941895e+00
1.866477727890014648e+00
2.685851812362670898e+00
2.611915349960327148e+00
3.859915435314178467e-01
6.137723922729492188e-01
7.892704606056213379e-01
7.988896369934082031e-01
9.277134537696838379e-01
1.011495590209960938e+00
8.638431429862976074e-01
8.496797084808349609e-01
7.586084604263305664e-01
7.235617637634277344e-01
7.055628299713134766e-01
7.474269270896911621e-01
6.176555156707763672e-01
7.398914098739624023e-01
7.166103720664978027e-01
9.695961475372314453e-01
1.098166704177856445e+00
3.248335599899291992e+00
3.441589355468750000e+00
4.183399677276611328e+00
3.243628501892089844e+00
3.230440616607666016e+00
3.229889869689941406e+00
1.825098514556884766e+00
1.537034511566162109e+00
1.946925997734069824e+00
3.328049182891845703e+00
3.065642118453979492e+00
1.391375303268432617e+00
1.575500011444091797e+00
1.775845050811767578e+00
1.797878980636596680e+00
1.757356882095336914e+00
2.031092405319213867e+00
2.100116491317749023e+00
2.193411827087402344e+00
2.765004873275756836e+00
2.729997158050537109e+00
2.659081459045410156e+00
2.097703456878662109e+00
1.780919194221496582e+00
1.871701478958129883e+00
1.383800625801086426e+00
3.225556910037994385e-01
4.786944687366485596e-01
3.000103235244750977e-01
3.278496265411376953e-01
3.193018734455108643e-01
3.233593404293060303e-01
3.475885093212127686e-01
3.093194961547851562e-01
4.479612410068511963e-01
4.932381212711334229e-01
3.604486286640167236e-01
3.716016709804534912e-01
4.190770685672760010e-01
4.199934005737304688e-01
3.338482379913330078e-01
3.562283515930175781e-01
3.204514384269714355e-01
2.461240291595458984e-01
2.939900159835815430e-01
3.571007847785949707e-01
2.661940455436706543e-01
2.513979375362396240e-01
3.157701194286346436e-01
2.584192454814910889e-01
2.123181670904159546e-01
3.197768926620483398e-01
3.589410781860351562e-01
2.443519979715347290e-01
2.460760623216629028e-01
3.710022270679473877e-01
2.810964584350585938e-01
2.642427384853363037e-01
3.793265819549560547e-01
5.154477357864379883e-01
3.121786117553710938e-01
3.638342916965484619e-01
4.008260071277618408e-01
3.860356807708740234e-01
3.548869192600250244e-01
4.155310690402984619e-01
3.875032067298889160e-01
4.067500829696655273e-01
4.379879236221313477e-01
4.931158721446990967e-01
4.828730821609497070e-01
4.806030094623565674e-01
4.852947592735290527e-01
4.732284247875213623e-01
4.778963029384613037e-01
1.762058734893798828e+00
1.873590588569641113e+00
2.576262712478637695e+00
2.075497388839721680e+00
2.186260461807250977e+00
2.109188079833984375e+00
2.443493366241455078e+00
2.477376222610473633e+00
1.685735344886779785e+00
2.286641597747802734e+00
2.173432588577270508e+00
1.427483558654785156e+00
1.328542709350585938e+00
1.364157080650329590e+00
1.392621040344238281e+00
1.292019963264465332e+00
1.233896732330322266e+00
1.338134288787841797e+00
1.367708921432495117e+00
1.914060592651367188e+00
1.458340167999267578e+00
1.545936346054077148e+00
1.532129287719726562e+00
1.532581210136413574e+00
1.559054970741271973e+00
1.604908585548400879e+00
1.350980162620544434e+00
1.355774641036987305e+00
1.870334863662719727e+00
2.392535209655761719e+00
1.762505292892456055e+00
1.459406137466430664e+00
1.546294331550598145e+00
1.864173650741577148e+00
1.050791621208190918e+00
6.444267034530639648e-01
5.732851028442382812e-01
5.598608851432800293e-01
4.308290183544158936e-01
2.306999921798706055e+00
8.347284793853759766e-01
4.266079068183898926e-01
5.283626914024353027e-01
6.655604839324951172e-01
1.557026147842407227e+00
1.605868935585021973e+00
1.825334310531616211e+00
2.761825323104858398e+00
4.721317589282989502e-01
4.290663003921508789e-01
4.126272797584533691e-01
4.073802232742309570e-01
4.854575693607330322e-01
6.706869006156921387e-01
6.168014407157897949e-01
4.583983421325683594e-01
7.350993752479553223e-01
6.051816344261169434e-01
5.178765058517456055e-01
5.884298682212829590e-01
6.548750400543212891e-01
1.325343966484069824e+00
1.105340957641601562e+00
1.284554362297058105e+00
7.704237699508666992e-01
7.093429565429687500e-01
8.347336649894714355e-01
1.312938332557678223e+00
1.364035129547119141e+00
1.800803065299987793e+00
1.860177278518676758e+00
1.938079476356506348e+00
1.917845845222473145e+00
3.212645053863525391e+00
2.820575475692749023e+00
2.461351156234741211e+00
2.579758167266845703e+00
2.242590904235839844e+00
1.462043285369873047e+00
1.479328155517578125e+00
2.819584369659423828e+00
2.600610017776489258e+00
2.931677579879760742e+00
2.588949203491210938e+00
2.577652931213378906e+00
2.449102640151977539e+00
2.133045196533203125e+00
1.248614668846130371e+00
1.388858556747436523e+00
1.117099523544311523e+00
1.149492144584655762e+00
1.241851091384887695e+00
8.948666453361511230e-01
7.922177910804748535e-01
8.309259414672851562e-01
8.237703442573547363e-01
6.508172750473022461e-01
7.008374333381652832e-01
6.709272861480712891e-01
6.404191255569458008e-01
5.369251966476440430e-01
7.032552361488342285e-01
5.408681035041809082e-01
3.377080857753753662e-01
4.657578766345977783e-01
4.524781107902526855e-01
3.664042353630065918e-01
3.072621226310729980e-01
3.167952597141265869e-01
3.985663354396820068e-01
2.706437408924102783e-01
2.482855767011642456e-01
3.402092456817626953e-01
2.955682873725891113e-01
2.027477622032165527e-01
2.776225507259368896e-01
3.447581827640533447e-01
2.483530044555664062e-01
1.956184804439544678e-01
2.771596014499664307e-01
1.341323375701904297e+00
1.394909024238586426e+00
1.199688792228698730e+00
1.108245611190795898e+00
2.001358866691589355e-01
2.144432514905929565e-01
3.116931915283203125e-01
3.943550884723663330e-01
2.884913384914398193e-01
3.755481243133544922e-01
4.194270968437194824e-01
3.688368499279022217e-01
3.327041566371917725e-01
3.512759506702423096e-01
4.068824648857116699e-01
3.067701160907745361e-01
3.461166024208068848e-01
4.607448875904083252e-01
4.203549325466156006e-01
4.303447008132934570e-01
4.371620714664459229e-01
5.193985700607299805e-01
4.161192774772644043e-01
4.361432492733001709e-01
2.090669870376586914e+00
1.677969932556152344e+00
1.848558545112609863e+00
1.829099297523498535e+00
2.849899768829345703e+00
1.917775750160217285e+00
4.100416183471679688e+00
3.120643854141235352e+00
1.567545175552368164e+00
1.965791940689086914e+00
1.677475929260253906e+00
1.453686237335205078e+00
1.380587339401245117e+00
1.834258675575256348e+00
1.471302866935729980e+00
1.289739489555358887e+00
1.482096791267395020e+00
1.532759070396423340e+00
1.373021960258483887e+00
1.312716841697692871e+00
1.261547684669494629e+00
1.333390712738037109e+00
1.673481583595275879e+00
1.248233199119567871e+00
1.266471028327941895e+00
1.428240656852722168e+00
1.352853059768676758e+00
1.235007047653198242e+00
1.299681663513183594e+00
1.459654688835144043e+00
1.375003695487976074e+00
1.334071874618530273e+00
1.431448936462402344e+00
1.470893263816833496e+00
2.170245647430419922e+00
1.339280247688293457e+00
1.388759374618530273e+00
1.754444360733032227e+00
1.401616930961608887e+00
2.180178403854370117e+00
2.682858467102050781e+00
1.251198053359985352e+00
1.595281958580017090e+00
1.759568572044372559e+00
1.685599923133850098e+00
1.387812852859497070e+00
1.649313211441040039e+00
2.805015802383422852e+00
2.515972852706909180e+00
1.274809718132019043e+00
1.572362184524536133e+00
1.606303691864013672e+00
1.426887750625610352e+00
1.490842700004577637e+00
1.881365895271301270e+00
1.532552719116210938e+00
3.958697617053985596e-01
5.887573957443237305e-01
1.168836593627929688e+00
8.789179921150207520e-01
9.089012742042541504e-01
2.411546707153320312e+00
2.269872665405273438e+00
2.373391151428222656e+00
2.153765439987182617e+00
2.433341503143310547e+00
8.691231012344360352e-01
9.673137664794921875e-01
2.099921703338623047e+00
2.516978263854980469e+00
2.411959886550903320e+00
2.353273630142211914e+00
2.204225540161132812e+00
1.993189334869384766e+00
1.363056302070617676e+00
1.640773177146911621e+00
1.636747241020202637e+00
1.948559880256652832e+00
1.644954800605773926e+00
2.191440582275390625e+00
2.702908992767333984e+00
2.675532341003417969e+00
2.600827217102050781e+00
1.967369914054870605e+00
2.006455183029174805e+00
2.038671493530273438e+00
2.259701251983642578e+00
2.010786056518554688e+00
2.219427347183227539e+00
1.345646142959594727e+00
7.707976102828979492e-01
7.839466333389282227e-01
5.893538594245910645e-01
7.324082851409912109e-01
3.705170750617980957e-01
3.582840859889984131e-01
3.374452292919158936e-01
4.098857641220092773e-01
3.402454257011413574e-01
3.495296537876129150e-01
4.439673721790313721e-01
3.750470876693725586e-01
2.885601520538330078e-01
3.466532826423645020e-01
3.746093511581420898e-01
2.911224067211151123e-01
2.926409244537353516e-01
3.379589021205902100e-01
2.608252763748168945e-01
2.991940379142761230e-01
2.900652289390563965e-01
3.463534116744995117e-01
2.774937152862548828e-01
3.070269525051116943e-01
3.145613372325897217e-01
2.869928479194641113e-01
2.598656713962554932e-01
3.343114852905273438e-01
2.953903973102569580e-01
2.500482797622680664e-01
2.529784142971038818e-01
3.711403608322143555e-01
2.978115081787109375e-01
3.062586486339569092e-01
3.426824212074279785e-01
5.042817592620849609e-01
3.258462250232696533e-01
3.761119544506072998e-01
4.378538727760314941e-01
4.779623448848724365e-01
3.736352026462554932e-01
3.855370879173278809e-01
4.593409597873687744e-01
1.473715186119079590e+00
1.392785787582397461e+00
1.413241982460021973e+00
1.271695375442504883e+00
3.075274527072906494e-01
3.833097815513610840e-01
4.659270048141479492e-01
4.246303141117095947e-01
3.800608813762664795e-01
1.524510741233825684e+00
9.237615466117858887e-01
2.073484659194946289e+00
1.713515758514404297e+00
1.956605195999145508e+00
2.676872253417968750e+00
2.037811994552612305e+00
2.328069210052490234e+00
3.409546136856079102e+00
1.960633873939514160e+00
2.066459417343139648e+00
1.889520287513732910e+00
1.987394690513610840e+00
1.762012481689453125e+00
9.043931961059570312e-01
1.402919530868530273e+00
2.239351034164428711e+00
1.465275645256042480e+00
7.229540944099426270e-01
1.087656140327453613e+00
8.617548346519470215e-01
6.827030777931213379e-01
1.029010176658630371e+00
9.949187040328979492e-01
8.394470810890197754e-01
6.322065591812133789e-01
5.431157350540161133e-01
4.250389933586120605e-01
3.589087426662445068e-01
5.467732548713684082e-01
1.720197200775146484e+00
1.375028610229492188e+00
1.351090908050537109e+00
7.914857268333435059e-01
4.165940284729003906e-01
8.399974703788757324e-01
5.168587565422058105e-01
4.992444217205047607e-01
4.915578961372375488e-01
5.615994930267333984e-01
5.187009572982788086e-01
5.374383330345153809e-01
3.401401638984680176e-01
3.366478979587554932e-01
4.120234549045562744e-01
3.632249832153320312e-01
3.004105091094970703e-01
3.623275756835937500e-01
3.333011567592620850e-01
3.313081860542297363e-01
2.921401262283325195e-01
3.563437461853027344e-01
2.863136529922485352e-01
2.903187572956085205e-01
3.755451142787933350e-01
3.798199594020843506e-01
3.594278991222381592e-01
3.942163884639739990e-01
4.944328963756561279e-01
3.644817173480987549e-01
7.787763476371765137e-01
7.193866968154907227e-01
9.324531555175781250e-01
6.672987937927246094e-01
1.343638181686401367e+00
1.510726809501647949e+00
1.883856892585754395e+00
1.623251438140869141e+00
1.857733964920043945e+00
1.851416587829589844e+00
1.756448268890380859e+00
1.854991078376770020e+00
1.975943922996520996e+00
2.581166028976440430e+00
2.735898017883300781e+00
2.747253894805908203e+00
2.892836570739746094e+00
2.861043691635131836e+00
2.501075983047485352e+00
1.888901948928833008e+00
1.443159580230712891e+00
1.422789096832275391e+00
2.332619905471801758e+00
1.696211934089660645e+00
1.675559163093566895e+00
1.552333235740661621e+00
1.641645312309265137e+00
1.611464142799377441e+00
1.460916996002197266e+00
1.522220373153686523e+00
1.612938761711120605e+00
1.160783290863037109e+00
9.700262546539306641e-01
1.274774909019470215e+00
1.274865865707397461e+00
9.783278107643127441e-01
9.758335351943969727e-01
1.115860581398010254e+00
1.810391783714294434e+00
1.532874464988708496e+00
1.580658793449401855e+00
1.588845372200012207e+00
5.322052240371704102e-01
5.030998587608337402e-01
6.439440250396728516e-01
4.817408025264739990e-01
3.381789922714233398e-01
3.806512951850891113e-01
4.456678628921508789e-01
3.048459589481353760e-01
2.749001979827880859e-01
3.314830660820007324e-01
3.153636455535888672e-01
2.165683358907699585e-01
2.575497925281524658e-01
3.461656570434570312e-01
2.399105131626129150e-01
2.126550376415252686e-01
2.701013088226318359e-01
3.516895473003387451e-01
2.174257040023803711e-01
2.116241455078125000e-01
3.243082761764526367e-01
3.047541379928588867e-01
2.574407160282135010e-01
2.797054052352905273e-01
3.692647218704223633e-01
3.393548727035522461e-01
3.202943801879882812e-01
3.675749003887176514e-01
4.178384244441986084e-01
3.885595798492431641e-01
3.667487800121307373e-01
3.965536355972290039e-01
4.191305339336395264e-01
3.867469429969787598e-01
3.986891210079193115e-01
