1.748990297317504883e+00
1.255591034889221191e+00
1.388357162475585938e+00
1.483289957046508789e+00
1.329216480255126953e+00
1.368231058120727539e+00
1.830952763557434082e+00
1.826392531394958496e+00
1.224959254264831543e+00
1.388352870941162109e+00
1.485120892524719238e+00
1.316590428352355957e+00
1.393281102180480957e+00
1.425386786460876465e+00
1.183733224868774414e+00
1.235149145126342773e+00
1.227894544601440430e+00
1.230340003967285156e+00
1.050426244735717773e+00
1.064237833023071289e+00
1.190118908882141113e+00
1.151508927345275879e+00
1.047380447387695312e+00
1.071539163589477539e+00
3.702668249607086182e-01
3.273121118545532227e-01
3.374427855014801025e-01
3.871912658214569092e-01
3.262571096420288086e-01
2.901172935962677002e-01
3.928300142288208008e-01
1.239917516708374023e+00
5.361719727516174316e-01
3.617601990699768066e-01
3.655679523944854736e-01
3.210034668445587158e-01
3.113815486431121826e-01
5.684179663658142090e-01
4.763895869255065918e-01
3.336278796195983887e-01
5.068254470825195312e-01
5.207133889198303223e-01
3.419034481048583984e-01
3.928530216217041016e-01
5.290300846099853516e-01
3.595350682735443115e-01
3.601564466953277588e-01
4.271366596221923828e-01
3.783187270164489746e-01
3.518049418926239014e-01
4.177307188510894775e-01
4.120661914348602295e-01
3.285222649574279785e-01
4.037421345710754395e-01
4.889504015445709229e-01
3.243222534656524658e-01
1.533656835556030273e+00
1.706734776496887207e+00
1.961753845214843750e+00
1.657815456390380859e+00
1.424543380737304688e+00
5.693556666374206543e-01
4.481553137302398682e-01
4.774862527847290039e-01
6.961692571640014648e-01
4.876421391963958740e-01
5.034756660461425781e-01
6.358583569526672363e-01
5.190655589103698730e-01
4.151703715324401855e-01
5.253763794898986816e-01
6.157264113426208496e-01
4.225397706031799316e-01
4.549798071384429932e-01
5.916965603828430176e-01
4.644306898117065430e-01
6.566177606582641602e-01
1.778349161148071289e+00
1.746609449386596680e+00
2.108610630035400391e+00
1.879516005516052246e+00
1.923062801361083984e+00
1.757073760032653809e+00
1.849399805068969727e+00
1.636037826538085938e+00
1.457472920417785645e+00
1.480693101882934570e+00
1.464050412178039551e+00
1.485215425491333008e+00
1.429933786392211914e+00
1.416237354278564453e+00
1.470418810844421387e+00
1.382898330688476562e+00
1.418247580528259277e+00
1.470428109169006348e+00
1.502174735069274902e+00
1.521496176719665527e+00
1.668679118156433105e+00
2.211122989654541016e+00
1.235793232917785645e+00
1.382766962051391602e+00
1.560902714729309082e+00
1.491959929466247559e+00
1.421076059341430664e+00
1.513717770576477051e+00
1.477831840515136719e+00
1.384730100631713867e+00
1.340397715568542480e+00
1.439945697784423828e+00
1.362210512161254883e+00
7.227476835250854492e-01
4.006971716880798340e-01
3.775523304939270020e-01
3.683566451072692871e-01
3.865257501602172852e-01
3.647744357585906982e-01
3.428751230239868164e-01
3.328028321266174316e-01
4.179461598396301270e-01
3.596307337284088135e-01
3.071944117546081543e-01
3.562634289264678955e-01
6.366206407546997070e-01
1.183262348175048828e+00
3.677371740341186523e-01
5.644062757492065430e-01
4.256592690944671631e-01
3.490809798240661621e-01
1.041398048400878906e+00
1.466451525688171387e+00
1.517888784408569336e+00
1.444060444831848145e+00
1.635826826095581055e+00
1.351410150527954102e+00
1.386756181716918945e+00
1.434578657150268555e+00
1.352581739425659180e+00
1.295813560485839844e+00
1.417807340621948242e+00
1.422160387039184570e+00
1.301378011703491211e+00
1.376937747001647949e+00
1.412853598594665527e+00
1.964107275009155273e+00
1.405925273895263672e+00
1.341507077217102051e+00
1.486335158348083496e+00
2.015001535415649414e+00
1.189201831817626953e+00
1.403392076492309570e+00
1.381738305091857910e+00
1.282456159591674805e+00
1.377933025360107422e+00
1.934826016426086426e+00
1.856128573417663574e+00
7.867586016654968262e-01
6.301453709602355957e-01
4.813795387744903564e-01
4.580639600753784180e-01
6.211124658584594727e-01
4.767615497112274170e-01
3.974389731884002686e-01
5.581030845642089844e-01
4.079640507698059082e-01
3.572397530078887939e-01
3.887771964073181152e-01
4.245170950889587402e-01
2.947514653205871582e-01
3.404350876808166504e-01
1.358745098114013672e+00
1.460279464721679688e+00
1.347695112228393555e+00
1.766628503799438477e+00
1.864475965499877930e+00
9.431728720664978027e-01
3.368685245513916016e-01
5.253983139991760254e-01
3.222034871578216553e-01
3.314391970634460449e-01
4.598505198955535889e-01
3.903280496597290039e-01
3.771675229072570801e-01
5.155633687973022461e-01
5.559193491935729980e-01
3.805098533630371094e-01
3.952831923961639404e-01
5.170797109603881836e-01
4.030694961547851562e-01
3.695448338985443115e-01
5.083587169647216797e-01
4.287072420120239258e-01
1.140979409217834473e+00
6.998925805091857910e-01
5.009786486625671387e-01
3.745682239532470703e-01
3.776850104331970215e-01
1.519233226776123047e+00
7.317879796028137207e-01
4.140923321247100830e-01
1.623438358306884766e+00
1.676218390464782715e+00
1.979974508285522461e+00
1.296657443046569824e+00
1.516518592834472656e+00
1.486739158630371094e+00
1.352846145629882812e+00
1.492783904075622559e+00
5.630226135253906250e-01
8.041690587997436523e-01
5.740706920623779297e-01
6.213358640670776367e-01
6.139618158340454102e-01
5.787525773048400879e-01
5.606842637062072754e-01
4.668468534946441650e-01
3.967940211296081543e-01
4.281837046146392822e-01
4.357926547527313232e-01
3.921453058719635010e-01
3.721904456615447998e-01
3.955813944339752197e-01
3.403429985046386719e-01
3.081767857074737549e-01
3.723365366458892822e-01
3.477806448936462402e-01
3.385038077831268311e-01
3.682319223880767822e-01
5.204859375953674316e-01
1.168850302696228027e+00
3.245908617973327637e-01
3.755347132682800293e-01
3.024607598781585693e-01
3.493490219116210938e-01
3.348106145858764648e-01
3.327348530292510986e-01
3.211084604263305664e-01
5.295391082763671875e-01
5.206953287124633789e-01
3.541482090950012207e-01
4.129035770893096924e-01
5.136408805847167969e-01
4.042738676071166992e-01
3.913929164409637451e-01
5.315980911254882812e-01
4.995538592338562012e-01
3.922442495822906494e-01
4.010940492153167725e-01
4.280351400375366211e-01
3.248915672302246094e-01
3.231148421764373779e-01
4.293667078018188477e-01
3.540624380111694336e-01
3.203398883342742920e-01
1.299083232879638672e+00
1.681088328361511230e+00
1.710816740989685059e+00
1.176957845687866211e+00
9.474893808364868164e-01
3.535386323928833008e-01
3.665009737014770508e-01
1.107572078704833984e+00
1.322661757469177246e+00
1.186816334724426270e+00
1.070179700851440430e+00
1.401504039764404297e+00
1.113197207450866699e+00
1.098006606101989746e+00
1.253765225410461426e+00
1.234977483749389648e+00
1.104534268379211426e+00
1.353116154670715332e+00
1.355723977088928223e+00
1.309486627578735352e+00
1.749389171600341797e+00
1.292612075805664062e+00
1.188423633575439453e+00
1.119742870330810547e+00
1.263442516326904297e+00
1.356102228164672852e+00
1.940499544143676758e+00
1.240444421768188477e+00
1.333935856819152832e+00
1.506378293037414551e+00
2.519958734512329102e+00
2.316032409667968750e+00
2.308854579925537109e+00
2.162553071975708008e+00
2.364989757537841797e+00
1.155584454536437988e+00
5.907402038574218750e-01
9.413788914680480957e-01
7.842974662780761719e-01
5.814510583877563477e-01
6.108850240707397461e-01
5.895435214042663574e-01
4.681556820869445801e-01
1.280537009239196777e+00
1.142722487449645996e+00
1.052111148834228516e+00
1.215733408927917480e+00
1.351152300834655762e+00
1.164050817489624023e+00
1.292250514030456543e+00
1.870946407318115234e+00
6.687526106834411621e-01
4.778349101543426514e-01
6.773595213890075684e-01
6.051366925239562988e-01
5.286652445793151855e-01
4.132453799247741699e-01
3.619742691516876221e-01
3.689475953578948975e-01
3.454535603523254395e-01
3.655657768249511719e-01
3.464581370353698730e-01
3.448784947395324707e-01
4.002972543239593506e-01
3.026602864265441895e-01
3.639910817146301270e-01
4.523870944976806641e-01
3.640705645084381104e-01
3.761969208717346191e-01
6.086547374725341797e-01
4.028573334217071533e-01
3.957329690456390381e-01
4.303224980831146240e-01
5.518928766250610352e-01
4.102651178836822510e-01
1.110453128814697266e+00
9.299196600914001465e-01
4.159038364887237549e-01
3.629385232925415039e-01
4.092328548431396484e-01
4.094863831996917725e-01
1.398919820785522461e+00
2.236204147338867188e+00
2.187667369842529297e+00
1.782741665840148926e+00
1.531366944313049316e+00
1.966555833816528320e+00
2.876977205276489258e+00
1.311815619468688965e+00
1.550507783889770508e+00
2.256238460540771484e+00
1.639754652976989746e+00
1.432836174964904785e+00
1.472127079963684082e+00
3.098070859909057617e+00
2.057482004165649414e+00
1.285122394561767578e+00
1.390252351760864258e+00
1.696456670761108398e+00
7.352465391159057617e-01
3.893821239471435547e-01
7.134851217269897461e-01
5.027978420257568359e-01
3.488118052482604980e-01
4.593248069286346436e-01
5.014445781707763672e-01
3.515862226486206055e-01
3.701338768005371094e-01
4.132640063762664795e-01
3.743305802345275879e-01
3.377884030342102051e-01
4.210752546787261963e-01
3.098219335079193115e-01
3.219228088855743408e-01
3.702037632465362549e-01
1.054881691932678223e+00
6.977080106735229492e-01
4.249277114868164062e-01
3.450646102428436279e-01
3.255047202110290527e-01
3.569259345531463623e-01
3.605744540691375732e-01
2.938518822193145752e-01
3.509563505649566650e-01
5.352731943130493164e-01
2.799085080623626709e-01
3.508034050464630127e-01
4.974559247493743896e-01
4.074736833572387695e-01
3.533360660076141357e-01
4.882769286632537842e-01
4.131083190441131592e-01
3.611508607864379883e-01
4.249507188796997070e-01
4.055983126163482666e-01
4.026961624622344971e-01
4.025994241237640381e-01
3.758208751678466797e-01
3.264528214931488037e-01
1.246012926101684570e+00
1.341360688209533691e+00
5.946905016899108887e-01
6.479082703590393066e-01
9.756389260292053223e-01
7.339026331901550293e-01
7.593227624893188477e-01
1.275143861770629883e+00
1.356081604957580566e+00
1.452169656753540039e+00
1.943914532661437988e+00
2.078224658966064453e+00
1.348909854888916016e+00
1.441602706909179688e+00
1.323730945587158203e+00
4.445067942142486572e-01
1.571300029754638672e+00
1.813366293907165527e+00
1.731153130531311035e+00
1.588842272758483887e+00
1.512194633483886719e+00
1.620041489601135254e+00
1.785637974739074707e+00
2.813413858413696289e+00
2.493950366973876953e+00
2.567139148712158203e+00
3.605015754699707031e+00
3.204687356948852539e+00
2.068921566009521484e+00
1.005745291709899902e+00
1.213472843170166016e+00
1.033900856971740723e+00
9.263986349105834961e-01
1.271558046340942383e+00
7.455748319625854492e-01
3.788978755474090576e-01
3.166700005531311035e-01
3.285726904869079590e-01
3.340565562248229980e-01
3.343561589717864990e-01
3.176970183849334717e-01
4.820666909217834473e-01
1.334727525711059570e+00
3.480654358863830566e-01
4.090790748596191406e-01
5.185411572456359863e-01
3.944902122020721436e-01
4.401894807815551758e-01
4.599036872386932373e-01
5.089266300201416016e-01
1.421873927116394043e+00
1.576462626457214355e+00
1.636901855468750000e+00
1.183235764503479004e+00
2.857574820518493652e-01
3.551239967346191406e-01
3.956861197948455811e-01
3.292222917079925537e-01
3.959273099899291992e-01
4.328494071960449219e-01
3.585074841976165771e-01
3.402607738971710205e-01
3.895586431026458740e-01
3.996904194355010986e-01
4.700247645378112793e-01
1.317902565002441406e+00
3.847164511680603027e-01
4.284257292747497559e-01
3.250417709350585938e-01
3.353519439697265625e-01
4.884150922298431396e-01
3.782395124435424805e-01
3.889775574207305908e-01
5.407348871231079102e-01
5.749294161796569824e-01
3.973616659641265869e-01
4.207323491573333740e-01
6.052339673042297363e-01
5.692608356475830078e-01
4.277835190296173096e-01
6.461104750633239746e-01
1.947097063064575195e+00
2.431774854660034180e+00
2.550105810165405273e+00
2.458674669265747070e+00
2.001451015472412109e+00
1.956504940986633301e+00
1.997005581855773926e+00
2.255329132080078125e+00
1.928880810737609863e+00
4.194067478179931641e+00
4.781073093414306641e+00
5.074574947357177734e+00
3.339354038238525391e+00
2.424545764923095703e+00
1.838440537452697754e+00
1.950998067855834961e+00
1.834622025489807129e+00
2.673145532608032227e+00
2.545097827911376953e+00
3.691825389862060547e+00
5.095016479492187500e+00
3.172853946685791016e+00
3.157196998596191406e+00
3.067336797714233398e+00
1.457912325859069824e+00
1.601036429405212402e+00
4.769773960113525391e+00
4.102509975433349609e+00
2.860882282257080078e+00
3.008126258850097656e+00
2.051199674606323242e+00
6.093879342079162598e-01
4.246700406074523926e-01
8.144915699958801270e-01
2.337506055831909180e+00
2.978272438049316406e+00
2.619565963745117188e+00
2.524544954299926758e+00
6.372445225715637207e-01
7.706671357154846191e-01
1.369440078735351562e+00
4.641969203948974609e+00
2.973505735397338867e+00
1.595823526382446289e+00
1.998207569122314453e+00
1.069237351417541504e+00
3.951033651828765869e-01
9.771853685379028320e-01
9.767731428146362305e-01
3.046864271163940430e-01
4.813649952411651611e-01
8.283571004867553711e-01
1.611855268478393555e+00
8.234447240829467773e-01
4.492399096488952637e-01
4.517813622951507568e-01
3.576942086219787598e-01
4.988362789154052734e-01
7.803227901458740234e-01
4.708602130413055420e-01
3.580094277858734131e-01
5.833193063735961914e-01
5.398482084274291992e-01
3.935445845127105713e-01
8.071926236152648926e-01
1.151359796524047852e+00
1.066236257553100586e+00
9.073115587234497070e-01
1.108697533607482910e+00
1.275477409362792969e+00
1.173813939094543457e+00
1.636986017227172852e+00
2.897411823272705078e+00
2.636878967285156250e+00
2.775278091430664062e+00
4.973316669464111328e+00
4.213205337524414062e+00
4.116584777832031250e+00
3.365135908126831055e+00
2.842365741729736328e+00
2.338053941726684570e+00
5.005695819854736328e+00
4.514546394348144531e+00
4.925256252288818359e+00
4.139035701751708984e+00
3.725371837615966797e+00
3.387978553771972656e+00
3.718780994415283203e+00
2.974060773849487305e+00
2.244264364242553711e+00
2.370305538177490234e+00
3.280592441558837891e+00
2.727386713027954102e+00
1.453522682189941406e+00
2.070812702178955078e+00
1.917604684829711914e+00
1.562808156013488770e+00
1.727562427520751953e+00
1.564305305480957031e+00
4.187615811824798584e-01
4.028803706169128418e-01
4.981839358806610107e-01
3.257552385330200195e-01
2.738273739814758301e-01
3.704819977283477783e-01
4.905552268028259277e-01
3.587072789669036865e-01
2.706897854804992676e-01
1.312260746955871582e+00
6.450195312500000000e-01
2.930178046226501465e-01
3.861669600009918213e-01
4.270980060100555420e-01
3.010946512222290039e-01
2.795308232307434082e-01
3.655399978160858154e-01
3.028159737586975098e-01
2.787663638591766357e-01
5.413612127304077148e-01
4.910299777984619141e-01
3.023916780948638916e-01
4.533091783523559570e-01
4.980068504810333252e-01
3.503684103488922119e-01
3.767240047454833984e-01
5.487700700759887695e-01
4.139095246791839600e-01
3.514162898063659668e-01
5.507597327232360840e-01
1.317145705223083496e+00
3.353840112686157227e-01
3.299672901630401611e-01
5.002160668373107910e-01
3.102637827396392822e-01
3.246901035308837891e-01
4.563527405261993408e-01
4.034614562988281250e-01
3.688431680202484131e-01
4.427986145019531250e-01
6.347781419754028320e-01
4.207227528095245361e-01
4.682614803314208984e-01
5.945926904678344727e-01
6.150072216987609863e-01
1.785680532455444336e+00
2.730759620666503906e+00
2.979263544082641602e+00
2.819029092788696289e+00
2.565243959426879883e+00
2.535745859146118164e+00
1.962980747222900391e+00
1.938739299774169922e+00
2.590624809265136719e+00
1.507646799087524414e+00
1.474217534065246582e+00
2.295797586441040039e+00
1.544028997421264648e+00
1.859441876411437988e+00
2.178778648376464844e+00
1.321154475212097168e+00
1.444170951843261719e+00
1.396171450614929199e+00
1.494308352470397949e+00
1.428177833557128906e+00
1.407942056655883789e+00
1.494017004966735840e+00
1.429819464683532715e+00
1.429268002510070801e+00
1.320750713348388672e+00
1.476697921752929688e+00
1.417461156845092773e+00
1.452487587928771973e+00
1.488366484642028809e+00
1.436561942100524902e+00
1.415881276130676270e+00
1.445826768875122070e+00
1.529855608940124512e+00
1.825912117958068848e+00
1.652397394180297852e+00
2.311926841735839844e+00
1.409582853317260742e+00
1.592260599136352539e+00
1.775421619415283203e+00
2.549943447113037109e+00
1.217682719230651855e+00
1.509813308715820312e+00
1.462579131126403809e+00
1.329209089279174805e+00
1.451140999794006348e+00
1.541480064392089844e+00
1.306507229804992676e+00
1.415127515792846680e+00
1.991400599479675293e+00
1.446947813034057617e+00
1.447856426239013672e+00
1.577542662620544434e+00
1.667198657989501953e+00
1.783425569534301758e+00
1.661917328834533691e+00
1.603472828865051270e+00
9.462547898292541504e-01
1.172083258628845215e+00
1.222082853317260742e+00
6.125792264938354492e-01
5.268022418022155762e-01
1.092431783676147461e+00
9.193466305732727051e-01
8.817061185836791992e-01
7.344149351119995117e-01
9.498937129974365234e-01
1.123139500617980957e+00
1.078453063964843750e+00
1.169805765151977539e+00
1.156455874443054199e+00
1.102656483650207520e+00
1.378426671028137207e+00
1.630594015121459961e+00
1.445575714111328125e+00
1.735776305198669434e+00
2.649591922760009766e+00
1.563714146614074707e+00
1.805313348770141602e+00
2.044303417205810547e+00
1.588804483413696289e+00
1.219922184944152832e+00
2.622075557708740234e+00
2.508082628250122070e+00
2.653809547424316406e+00
2.651619911193847656e+00
2.645023584365844727e+00
2.671277999877929688e+00
1.407689929008483887e+00
1.487784266471862793e+00
1.960448145866394043e+00
1.981803297996520996e+00
1.753257513046264648e+00
1.825523614883422852e+00
1.941978812217712402e+00
1.607533812522888184e+00
8.905304074287414551e-01
9.351637363433837891e-01
8.828430771827697754e-01
3.786651790142059326e-01
3.965026438236236572e-01
3.860926926136016846e-01
3.084289431571960449e-01
3.366330862045288086e-01
3.335154950618743896e-01
3.067758679389953613e-01
2.808034420013427734e-01
3.688242435455322266e-01
3.572945892810821533e-01
2.856653928756713867e-01
3.206687867641448975e-01
3.809061944484710693e-01
3.100565373897552490e-01
3.111274540424346924e-01
1.064441680908203125e+00
1.156895518302917480e+00
3.676209449768066406e-01
1.291396975517272949e+00
1.508327960968017578e+00
1.421053528785705566e+00
1.215251445770263672e+00
3.273954391479492188e-01
5.028164386749267578e-01
4.067319929599761963e-01
3.664711117744445801e-01
4.122334122657775879e-01
4.121676087379455566e-01
2.875506579875946045e-01
2.990413904190063477e-01
4.156982898712158203e-01
3.209527730941772461e-01
2.776271998882293701e-01
3.798824548721313477e-01
5.025360584259033203e-01
3.282303512096405029e-01
7.403157353401184082e-01
1.261764287948608398e+00
4.568587243556976318e-01
3.783590197563171387e-01
3.495239019393920898e-01
6.019141077995300293e-01
3.583748042583465576e-01
3.839072883129119873e-01
5.214219689369201660e-01
6.555443406105041504e-01
1.515913844108581543e+00
2.138469457626342773e+00
2.292130470275878906e+00
2.759067535400390625e+00
2.534294366836547852e+00
2.804994106292724609e+00
2.276365756988525391e+00
2.181563138961791992e+00
1.959370851516723633e+00
2.110550165176391602e+00
1.497896075248718262e+00
1.432786345481872559e+00
2.764489173889160156e+00
2.237896680831909180e+00
1.356866359710693359e+00
1.426414012908935547e+00
1.542840123176574707e+00
1.407146573066711426e+00
1.407903671264648438e+00
8.408465981483459473e-01
2.652225017547607422e+00
1.138886451721191406e+00
5.546544194221496582e-01
1.565844058990478516e+00
6.674898266792297363e-01
5.154702067375183105e-01
1.370083093643188477e+00
2.661213159561157227e+00
3.014371395111083984e+00
2.980492830276489258e+00
2.031876802444458008e+00
1.904196023941040039e+00
2.151154518127441406e+00
1.936951041221618652e+00
2.006098031997680664e+00
2.188563108444213867e+00
2.158641815185546875e+00
1.777307152748107910e+00
1.914274334907531738e+00
1.962512612342834473e+00
9.749093055725097656e-01
7.966604232788085938e-01
7.922208309173583984e-01
5.917365550994873047e-01
6.228305101394653320e-01
1.411836743354797363e+00
5.373675823211669922e-01
3.603146076202392578e-01
4.803001284599304199e-01
8.400906324386596680e-01
1.333611130714416504e+00
2.152206420898437500e+00
2.338348150253295898e+00
2.146271467208862305e+00
2.099331855773925781e+00
1.595727086067199707e+00
1.592607855796813965e+00
2.840156078338623047e+00
1.519013404846191406e+00
1.445335268974304199e+00
1.432281374931335449e+00
1.508546113967895508e+00
1.522016406059265137e+00
1.445412039756774902e+00
1.460787057876586914e+00
1.573253512382507324e+00
2.077194690704345703e+00
1.398290514945983887e+00
1.360989689826965332e+00
1.280163407325744629e+00
1.118383049964904785e+00
2.398853540420532227e+00
3.474140405654907227e+00
2.934236288070678711e+00
2.135725021362304688e+00
2.127879142761230469e+00
2.003949165344238281e+00
1.618609070777893066e+00
1.620321393013000488e+00
3.077143907546997070e+00
1.397862672805786133e+00
1.085860252380371094e+00
1.296064376831054688e+00
1.196707725524902344e+00
9.109143018722534180e-01
1.316591501235961914e+00
1.651770472526550293e+00
2.692498922348022461e+00
5.311335325241088867e-01
5.163755416870117188e-01
5.653234124183654785e-01
5.430729389190673828e-01
3.950989842414855957e-01
5.066826343536376953e-01
1.651345133781433105e+00
1.232455015182495117e+00
1.809365868568420410e+00
8.393294811248779297e-01
7.954667210578918457e-01
8.101912140846252441e-01
5.508022308349609375e-01
4.817369580268859863e-01
3.987941145896911621e-01
3.680795133113861084e-01
3.839585483074188232e-01
3.772702813148498535e-01
5.981153845787048340e-01
1.294520854949951172e+00
5.797932744026184082e-01
4.516336023807525635e-01
3.869615793228149414e-01
4.268006086349487305e-01
3.677889704704284668e-01
3.642432391643524170e-01
4.091961383819580078e-01
3.426358401775360107e-01
3.439452052116394043e-01
3.723093867301940918e-01
4.175832569599151611e-01
5.005318522453308105e-01
4.504927992820739746e-01
5.628864169120788574e-01
4.442110359668731689e-01
4.061509072780609131e-01
5.409262180328369141e-01
4.371300041675567627e-01
4.412463903427124023e-01
4.804612994194030762e-01
5.024313330650329590e-01
4.314821958541870117e-01
1.224336743354797363e+00
6.123509407043457031e-01
3.691885173320770264e-01
4.112255573272705078e-01
4.138459265232086182e-01
4.455461800098419189e-01
4.222675859928131104e-01
4.269209504127502441e-01
4.198135733604431152e-01
4.146586358547210693e-01
4.268318712711334229e-01
4.798626899719238281e-01
3.917492330074310303e-01
4.343577623367309570e-01
4.025440514087677002e-01
4.085873663425445557e-01
3.864739537239074707e-01
1.604476332664489746e+00
1.371009826660156250e+00
1.321442842483520508e+00
6.398552656173706055e-01
1.104743719100952148e+00
6.127028465270996094e-01
6.183714866638183594e-01
7.846856117248535156e-01
1.290927767753601074e+00
5.459126234054565430e-01
5.503990650177001953e-01
5.335952043533325195e-01
4.341527521610260010e-01
1.473586082458496094e+00
2.488527774810791016e+00
2.476513147354125977e+00
1.543770790100097656e+00
1.865268707275390625e+00
1.869833827018737793e+00
1.619504809379577637e+00
1.753843545913696289e+00
2.154412031173706055e+00
1.851052045822143555e+00
1.855936765670776367e+00
2.197871446609497070e+00
2.061126232147216797e+00
1.828693628311157227e+00
2.232107162475585938e+00
2.265607833862304688e+00
2.317636013031005859e+00
2.022016048431396484e+00
2.187310695648193359e+00
1.507802486419677734e+00
1.000656366348266602e+00
1.002179622650146484e+00
2.587283611297607422e+00
1.479920983314514160e+00
9.202514290809631348e-01
8.378046751022338867e-01
7.657947540283203125e-01
9.164376258850097656e-01
1.279934763908386230e+00
1.511864423751831055e+00
2.680128812789916992e+00
1.284247159957885742e+00
8.891451358795166016e-01
1.120077252388000488e+00
1.347802758216857910e+00
2.396783828735351562e+00
1.489882826805114746e+00
1.863165855407714844e+00
2.155097723007202148e+00
1.881611466407775879e+00
1.876555442810058594e+00
1.122878551483154297e+00
9.372964501380920410e-01
9.938313364982604980e-01
1.497504711151123047e+00
9.919795393943786621e-01
1.158585309982299805e+00
1.133130073547363281e+00
1.181847453117370605e+00
1.194260001182556152e+00
1.736253261566162109e+00
1.658227443695068359e+00
1.729797124862670898e+00
1.674380540847778320e+00
1.720930933952331543e+00
1.859699249267578125e+00
2.711365222930908203e+00
2.348514318466186523e+00
2.133723258972167969e+00
1.342115521430969238e+00
1.095396161079406738e+00
2.259611129760742188e+00
2.691728830337524414e+00
2.518447637557983398e+00
2.646480321884155273e+00
2.603576183319091797e+00
2.422005891799926758e+00
1.797108530998229980e+00
1.764030575752258301e+00
1.536912798881530762e+00
1.506344556808471680e+00
2.139605045318603516e+00
2.212251901626586914e+00
1.684679269790649414e+00
1.875972986221313477e+00
1.741582870483398438e+00
1.297088384628295898e+00
1.313684940338134766e+00
1.796923160552978516e+00
1.473937988281250000e+00
1.031252026557922363e+00
7.246671915054321289e-01
7.801813483238220215e-01
7.029786705970764160e-01
3.140748143196105957e-01
3.780528306961059570e-01
3.535734415054321289e-01
3.537743389606475830e-01
3.190497159957885742e-01
3.715569972991943359e-01
3.284970223903656006e-01
3.170254826545715332e-01
3.570654392242431641e-01
3.717452883720397949e-01
3.321680426597595215e-01
3.361007869243621826e-01
3.635070025920867920e-01
3.607293069362640381e-01
4.611261785030364990e-01
1.104380249977111816e+00
3.619975447654724121e-01
3.442469835281372070e-01
3.538014888763427734e-01
4.227488934993743896e-01
4.857335686683654785e-01
4.015806019306182861e-01
3.883350789546966553e-01
4.160998165607452393e-01
1.610560774803161621e+00
1.299894571304321289e+00
1.333306312561035156e+00
8.242839574813842773e-01
3.586277961730957031e-01
3.504876494407653809e-01
3.549918830394744873e-01
4.711482822895050049e-01
3.605081140995025635e-01
3.297181427478790283e-01
4.273644387722015381e-01
4.554720818996429443e-01
3.619509637355804443e-01
3.750037848949432373e-01
4.602868854999542236e-01
4.675430655479431152e-01
3.834196925163269043e-01
4.360914230346679688e-01
4.991281926631927490e-01
1.453621864318847656e+00
1.962954163551330566e+00
2.582099199295043945e+00
2.646991491317749023e+00
2.468211650848388672e+00
2.576744556427001953e+00
2.532491445541381836e+00
2.130304574966430664e+00
2.330031394958496094e+00
1.837602376937866211e+00
1.724673986434936523e+00
1.910085082054138184e+00
1.712192177772521973e+00
1.731571674346923828e+00
1.826283454895019531e+00
1.968327283859252930e+00
1.241504907608032227e+00
1.330250978469848633e+00
1.492702126502990723e+00
1.422848343849182129e+00
1.284810185432434082e+00
1.333386659622192383e+00
1.408440589904785156e+00
1.320015549659729004e+00
1.234677672386169434e+00
1.263244390487670898e+00
1.332740306854248047e+00
1.296781063079833984e+00
1.264111042022705078e+00
1.305709242820739746e+00
1.382270932197570801e+00
1.287545084953308105e+00
1.274116992950439453e+00
1.332186341285705566e+00
1.508690595626831055e+00
1.764874577522277832e+00
1.560364127159118652e+00
1.448486924171447754e+00
1.560217738151550293e+00
1.682160019874572754e+00
1.535073876380920410e+00
1.529700160026550293e+00
2.101773977279663086e+00
3.592046737670898438e+00
1.671666979789733887e+00
1.474963665008544922e+00
1.672046899795532227e+00
1.594247460365295410e+00
1.446371197700500488e+00
6.995590329170227051e-01
8.296568393707275391e-01
2.259252071380615234e+00
1.139595866203308105e+00
4.682200849056243896e-01
5.272942185401916504e-01
4.393386840820312500e-01
5.246793627738952637e-01
7.378156781196594238e-01
4.976801276206970215e-01
4.035899937152862549e-01
5.258801579475402832e-01
5.211996436119079590e-01
4.237005710601806641e-01
5.443392992019653320e-01
5.972073078155517578e-01
6.109288930892944336e-01
8.079112768173217773e-01
1.312678217887878418e+00
1.154590010643005371e+00
1.177531838417053223e+00
1.272462010383605957e+00
1.884087443351745605e+00
2.046383380889892578e+00
2.128657102584838867e+00
2.420276165008544922e+00
2.362318992614746094e+00
1.924170374870300293e+00
1.317520737648010254e+00
1.924972176551818848e+00
2.731881618499755859e+00
3.230988979339599609e+00
2.676642894744873047e+00
2.783990621566772461e+00
2.599726915359497070e+00
2.692589282989501953e+00
2.530533313751220703e+00
2.786877870559692383e+00
2.733173370361328125e+00
2.763642787933349609e+00
2.914869070053100586e+00
2.576415777206420898e+00
2.349049568176269531e+00
2.567752599716186523e+00
2.540166378021240234e+00
2.530361890792846680e+00
1.998125553131103516e+00
9.040070176124572754e-01
1.002591490745544434e+00
8.788286447525024414e-01
4.717334806919097900e-01
3.901405632495880127e-01
3.276761174201965332e-01
4.900374710559844971e-01
1.197544455528259277e+00
3.141093552112579346e-01
2.743287086486816406e-01
4.486138820648193359e-01
4.820181727409362793e-01
3.178102374076843262e-01
2.876805663108825684e-01
4.999321401119232178e-01
3.646927773952484131e-01
3.043904006481170654e-01
3.099340200424194336e-01
3.622741103172302246e-01
2.758271992206573486e-01
2.657998800277709961e-01
3.256146311759948730e-01
3.062397241592407227e-01
2.661211192607879639e-01
2.930065691471099854e-01
3.830978870391845703e-01
2.866546213626861572e-01
3.037470877170562744e-01
3.251489400863647461e-01
3.041557669639587402e-01
2.536573410034179688e-01
2.835880219936370850e-01
3.610140979290008545e-01
2.761048674583435059e-01
2.774956226348876953e-01
3.195200562477111816e-01
4.578454792499542236e-01
2.597132623195648193e-01
3.092454969882965088e-01
5.267432928085327148e-01
5.214578509330749512e-01
3.919860720634460449e-01
4.387682676315307617e-01
5.920852422714233398e-01
4.720267653465270996e-01
1.485479712486267090e+00
1.510070085525512695e+00
1.565865278244018555e+00
1.674897789955139160e+00
2.567750453948974609e+00
2.318989515304565430e+00
1.979696869850158691e+00
1.990320682525634766e+00
2.498321294784545898e+00
2.116281032562255859e+00
1.791899800300598145e+00
1.967211127281188965e+00
2.153181314468383789e+00
1.686684846878051758e+00
1.730129957199096680e+00
1.801480293273925781e+00
2.667847156524658203e+00
1.484381914138793945e+00
1.757685303688049316e+00
2.417823791503906250e+00
1.637254834175109863e+00
1.863354086875915527e+00
1.939478993415832520e+00
1.025258898735046387e+00
1.056169986724853516e+00
1.217943429946899414e+00
1.832975268363952637e+00
9.035062193870544434e-01
1.163272380828857422e+00
1.073895692825317383e+00
9.242641925811767578e-01
2.080917596817016602e+00
1.418686985969543457e+00
2.070009231567382812e+00
1.531457662582397461e+00
2.186052799224853516e+00
2.864460945129394531e+00
1.543174862861633301e+00
5.588620901107788086e-01
5.247100591659545898e-01
6.092955470085144043e-01
6.375907063484191895e-01
6.289560794830322266e-01
1.757639169692993164e+00
1.970394849777221680e+00
2.933952212333679199e-01
3.474319875240325928e-01
5.318859219551086426e-01
5.289062261581420898e-01
7.536508440971374512e-01
1.055005311965942383e+00
5.352929830551147461e-01
4.320915341377258301e-01
4.917223453521728516e-01
4.865923225879669189e-01
5.416457056999206543e-01
5.349311232566833496e-01
5.750448107719421387e-01
6.361075639724731445e-01
5.472556948661804199e-01
5.116506218910217285e-01
6.446275711059570312e-01
1.470621347427368164e+00
5.236728191375732422e-01
7.783859968185424805e-01
8.832470774650573730e-01
7.615640759468078613e-01
2.578284740447998047e+00
2.551536321640014648e+00
2.714682817459106445e+00
2.956905364990234375e+00
2.899461030960083008e+00
2.576769351959228516e+00
2.917344093322753906e+00
2.738624095916748047e+00
2.922501325607299805e+00
2.905223131179809570e+00
2.417596340179443359e+00
2.970788955688476562e+00
2.217769861221313477e+00
2.179839134216308594e+00
2.473803997039794922e+00
2.497831821441650391e+00
2.681435346603393555e+00
2.634226799011230469e+00
2.620120048522949219e+00
4.103335380554199219e+00
3.993597984313964844e+00
4.128137588500976562e+00
3.754389762878417969e+00
3.222048997879028320e+00
2.471105098724365234e+00
2.578340530395507812e+00
2.482817649841308594e+00
2.414654731750488281e+00
2.421561956405639648e+00
2.465828418731689453e+00
2.287201642990112305e+00
2.145500421524047852e+00
2.280903816223144531e+00
2.170410156250000000e+00
2.069647312164306641e+00
2.098130702972412109e+00
1.768491268157958984e+00
5.596654415130615234e-01
7.501659989356994629e-01
8.958355784416198730e-01
8.924697041511535645e-01
7.033429145812988281e-01
1.138294696807861328e+00
1.075338721275329590e+00
8.009075522422790527e-01
6.497756838798522949e-01
6.194234490394592285e-01
4.981918931007385254e-01
4.481418728828430176e-01
2.875136435031890869e-01
2.793540358543395996e-01
4.435617029666900635e-01
3.244763016700744629e-01
2.936314940452575684e-01
3.301558792591094971e-01
4.864432215690612793e-01
2.803660035133361816e-01
2.881492674350738525e-01
3.215672969818115234e-01
4.496979415416717529e-01
2.510265409946441650e-01
2.872474789619445801e-01
3.465132117271423340e-01
3.746471703052520752e-01
2.284987121820449829e-01
3.029480874538421631e-01
3.667364418506622314e-01
3.722260594367980957e-01
3.199051618576049805e-01
3.309866786003112793e-01
4.344674050807952881e-01
4.145448803901672363e-01
3.230057656764984131e-01
3.903272151947021484e-01
4.817772507667541504e-01
5.386164188385009766e-01
4.105901718139648438e-01
4.834437668323516846e-01
5.999754071235656738e-01
4.823405146598815918e-01
4.610546231269836426e-01
1.793017864227294922e+00
2.512306451797485352e+00
2.771814823150634766e+00
2.403303146362304688e+00
2.419788599014282227e+00
2.645179510116577148e+00
2.599831342697143555e+00
2.857635259628295898e+00
2.044937372207641602e+00
2.432499170303344727e+00
1.664228558540344238e+00
3.074109315872192383e+00
2.212017297744750977e+00
1.789077162742614746e+00
1.363989353179931641e+00
1.511006116867065430e+00
1.460079312324523926e+00
1.465353488922119141e+00
1.836780548095703125e+00
5.082051753997802734e+00
4.268797874450683594e+00
3.140134334564208984e+00
2.689209699630737305e+00
1.888854265213012695e+00
1.811646938323974609e+00
1.951254844665527344e+00
3.333078384399414062e+00
4.097994327545166016e+00
3.305485725402832031e+00
2.833403825759887695e+00
2.782115697860717773e+00
1.725811719894409180e+00
1.403210282325744629e+00
1.704439043998718262e+00
1.724477410316467285e+00
1.507342338562011719e+00
1.543153762817382812e+00
1.547812581062316895e+00
1.654350042343139648e+00
1.624097347259521484e+00
1.595161318778991699e+00
2.880931377410888672e+00
2.715864658355712891e+00
2.984059810638427734e+00
2.721122980117797852e+00
2.040880680084228516e+00
1.386466503143310547e+00
1.422118663787841797e+00
1.460021495819091797e+00
2.102632045745849609e+00
1.717740654945373535e+00
1.462139964103698730e+00
1.676571488380432129e+00
1.463269591331481934e+00
1.625723600387573242e+00
1.705079793930053711e+00
1.614721298217773438e+00
1.577255129814147949e+00
1.592861652374267578e+00
1.612426757812500000e+00
1.705474257469177246e+00
1.711851954460144043e+00
1.612974405288696289e+00
1.023590445518493652e+00
6.795156002044677734e-01
1.645285964012145996e+00
1.730372786521911621e+00
1.608119845390319824e+00
2.128206491470336914e+00
2.035696029663085938e+00
2.000400781631469727e+00
1.506466031074523926e+00
1.679957151412963867e+00
1.790929436683654785e+00
1.585133194923400879e+00
1.189414262771606445e+00
1.185599327087402344e+00
1.214776515960693359e+00
4.742639660835266113e-01
4.170928895473480225e-01
4.719916880130767822e-01
6.278037428855895996e-01
4.292990267276763916e-01
4.241292476654052734e-01
4.185878038406372070e-01
6.181124448776245117e-01
4.863623678684234619e-01
3.688922226428985596e-01
3.701618313789367676e-01
4.234160482883453369e-01
5.653713345527648926e-01
9.868783354759216309e-01
3.104602992534637451e-01
3.689851462841033936e-01
6.294485926628112793e-01
4.047551751136779785e-01
4.073711931705474854e-01
3.915231227874755859e-01
1.431106567382812500e+00
1.383440971374511719e+00
1.361219286918640137e+00
1.190502882003784180e+00
1.384796142578125000e+00
3.612402379512786865e-01
8.893232941627502441e-01
8.579330444335937500e-01
5.272191166877746582e-01
1.005009055137634277e+00
7.197633385658264160e-01
4.237564802169799805e-01
4.761204123497009277e-01
4.946009218692779541e-01
4.323409497737884521e-01
3.663071990013122559e-01
4.047118723392486572e-01
4.065466821193695068e-01
3.846377730369567871e-01
3.613668680191040039e-01
4.006127417087554932e-01
4.362956285476684570e-01
3.709093034267425537e-01
3.724826276302337646e-01
3.827297687530517578e-01
4.069918394088745117e-01
3.589071035385131836e-01
5.505733489990234375e-01
3.870204985141754150e-01
4.540621042251586914e-01
3.657984733581542969e-01
3.543729782104492188e-01
3.764175772666931152e-01
5.255364179611206055e-01
4.142910540103912354e-01
4.552390873432159424e-01
4.221941232681274414e-01
5.369959473609924316e-01
4.069699048995971680e-01
4.129627645015716553e-01
3.534618616104125977e-01
3.967375457286834717e-01
1.348419547080993652e+00
1.412256598472595215e+00
1.344439864158630371e+00
1.251861691474914551e+00
1.320442914962768555e+00
2.672643959522247314e-01
4.962098896503448486e-01
1.372028350830078125e+00
4.155724644660949707e-01
3.989051282405853271e-01
1.597019195556640625e+00
7.676794528961181641e-01
8.522641658782958984e-01
8.575523495674133301e-01
8.992922306060791016e-01
9.063740968704223633e-01
1.087297916412353516e+00
1.182842135429382324e+00
1.136741876602172852e+00
1.364183187484741211e+00
9.502103328704833984e-01
1.121850132942199707e+00
1.132815718650817871e+00
1.128316402435302734e+00
1.078115701675415039e+00
1.112725496292114258e+00
1.536774396896362305e+00
1.871189475059509277e+00
1.755100488662719727e+00
1.800153493881225586e+00
2.204247713088989258e+00
3.047612905502319336e+00
1.903899192810058594e+00
1.949490427970886230e+00
3.091567516326904297e+00
2.750056743621826172e+00
2.829947471618652344e+00
2.464959621429443359e+00
1.979901313781738281e+00
2.002276182174682617e+00
5.927496552467346191e-01
1.058609247207641602e+00
8.957396745681762695e-01
6.429794430732727051e-01
5.781254172325134277e-01
2.018210172653198242e+00
1.558369159698486328e+00
2.910363435745239258e+00
2.470304250717163086e+00
1.578727245330810547e+00
1.683201551437377930e+00
1.001372098922729492e+00
1.208760261535644531e+00
1.943224310874938965e+00
3.109506607055664062e+00
2.808090209960937500e+00
3.137103796005249023e+00
3.478797674179077148e+00
1.454976439476013184e+00
1.842003583908081055e+00
1.966493010520935059e+00
1.962319135665893555e+00
2.406240224838256836e+00
2.903784513473510742e+00
3.977434873580932617e+00
3.231871366500854492e+00
2.559792518615722656e+00
2.534095764160156250e+00
2.425067186355590820e+00
2.189581871032714844e+00
2.158105134963989258e+00
2.542949676513671875e+00
2.127625703811645508e+00
1.205536365509033203e+00
1.181331276893615723e+00
1.648450970649719238e+00
1.517053604125976562e+00
1.825482249259948730e+00
2.180258512496948242e+00
1.814367294311523438e+00
6.919311285018920898e-01
6.528543829917907715e-01
1.716849327087402344e+00
2.781179428100585938e+00
2.387419700622558594e+00
2.217097997665405273e+00
2.299661874771118164e+00
1.470922946929931641e+00
1.379960536956787109e+00
1.197277545928955078e+00
1.453888058662414551e+00
9.724314212799072266e-01
9.174444079399108887e-01
7.661988139152526855e-01
5.851313471794128418e-01
6.596251130104064941e-01
6.197641491889953613e-01
6.038631796836853027e-01
5.053403377532958984e-01
6.138167977333068848e-01
5.442430973052978516e-01
4.100055396556854248e-01
3.419700562953948975e-01
3.695204555988311768e-01
3.567938208580017090e-01
2.601153552532196045e-01
2.785783112049102783e-01
3.315666615962982178e-01
3.325654864311218262e-01
1.067271232604980469e+00
1.321170330047607422e+00
1.393285274505615234e+00
7.687023878097534180e-01
2.671774923801422119e-01
3.459077477455139160e-01
2.826289534568786621e-01
3.604231476783752441e-01
2.619090676307678223e-01
2.697737514972686768e-01
3.439347743988037109e-01
4.179105162620544434e-01
4.101752042770385742e-01
3.804610669612884521e-01
4.116361439228057861e-01
4.445887506008148193e-01
4.750569164752960205e-01
3.825332522392272949e-01
3.777061104774475098e-01
3.988212347030639648e-01
4.159838855266571045e-01
3.638978898525238037e-01
4.402928054332733154e-01
4.133766591548919678e-01
4.373402297496795654e-01
3.824397921562194824e-01
3.676722049713134766e-01
4.157437682151794434e-01
4.474826753139495850e-01
3.948152959346771240e-01
3.620359301567077637e-01
3.605966567993164062e-01
4.001714587211608887e-01
3.765077590942382812e-01
3.416866362094879150e-01
3.903162479400634766e-01
4.141383767127990723e-01
4.161233901977539062e-01
4.306941628456115723e-01
1.696325421333312988e+00
1.923950552940368652e+00
2.294953584671020508e+00
2.820744991302490234e+00
2.215253114700317383e+00
2.449180603027343750e+00
2.491100311279296875e+00
2.413003921508789062e+00
2.074736595153808594e+00
2.329037904739379883e+00
1.978872179985046387e+00
1.818152308464050293e+00
2.560194015502929688e+00
2.851987600326538086e+00
1.276225090026855469e+00
1.691417098045349121e+00
1.763948678970336914e+00
1.443017840385437012e+00
1.343609929084777832e+00
1.591937184333801270e+00
2.866911649703979492e+00
2.370210886001586914e+00
1.189703941345214844e+00
1.312597632408142090e+00
1.540655612945556641e+00
1.364620923995971680e+00
1.307343482971191406e+00
1.481132507324218750e+00
1.416259884834289551e+00
1.359197854995727539e+00
1.302906870841979980e+00
1.306344151496887207e+00
1.422504663467407227e+00
1.427879095077514648e+00
1.792752742767333984e+00
1.848287463188171387e+00
1.029615402221679688e+00
7.346081733703613281e-01
1.209700465202331543e+00
7.218418121337890625e-01
9.191125631332397461e-01
9.511395096778869629e-01
1.166780591011047363e+00
1.220443725585937500e+00
1.180703639984130859e+00
8.933676481246948242e-01
1.090687155723571777e+00
1.473731279373168945e+00
1.665150284767150879e+00
1.608163475990295410e+00
1.875478267669677734e+00
2.328023195266723633e+00
1.695375919342041016e+00
1.705075979232788086e+00
1.951500177383422852e+00
7.851606011390686035e-01
1.096253752708435059e+00
1.296130418777465820e+00
1.218558788299560547e+00
1.555320143699645996e+00
1.878908038139343262e+00
2.796467065811157227e+00
2.736859321594238281e+00
2.949095964431762695e+00
2.899468183517456055e+00
1.994361996650695801e+00
1.704732537269592285e+00
2.013927221298217773e+00
2.569236516952514648e+00
2.588037014007568359e+00
2.313479185104370117e+00
2.447768211364746094e+00
2.382863044738769531e+00
3.040920972824096680e+00
2.642538547515869141e+00
2.854279756546020508e+00
2.484198808670043945e+00
2.759330034255981445e+00
1.798461198806762695e+00
2.336315870285034180e+00
3.553107738494873047e+00
1.681222915649414062e+00
1.858375906944274902e+00
1.201490640640258789e+00
1.130474090576171875e+00
1.024995803833007812e+00
1.099995732307434082e+00
2.021095275878906250e+00
2.417764663696289062e+00
7.040374875068664551e-01
5.820389986038208008e-01
3.746285438537597656e-01
3.444988727569580078e-01
4.657995402812957764e-01
4.350953698158264160e-01
3.067931532859802246e-01
2.481279671192169189e-01
3.601660430431365967e-01
2.729151844978332520e-01
8.237653970718383789e-01
9.768446683883666992e-01
8.652750253677368164e-01
7.897766828536987305e-01
6.944262385368347168e-01
7.138581275939941406e-01
7.151902914047241211e-01
8.703075051307678223e-01
8.147094845771789551e-01
8.372880220413208008e-01
1.063629031181335449e+00
1.482767462730407715e+00
1.464767813682556152e+00
8.036016225814819336e-01
2.524589896202087402e-01
3.256165385246276855e-01
3.855253159999847412e-01
3.328529894351959229e-01
2.650184333324432373e-01
3.429891467094421387e-01
3.842512965202331543e-01
3.447559773921966553e-01
2.935665547847747803e-01
3.437075614929199219e-01
3.671552538871765137e-01
3.279165029525756836e-01
3.173080980777740479e-01
3.507896959781646729e-01
4.317996203899383545e-01
4.031366407871246338e-01
4.002070724964141846e-01
4.150947034358978271e-01
4.585680067539215088e-01
4.191439747810363770e-01
4.654777348041534424e-01
4.532439410686492920e-01
5.245255827903747559e-01
4.305864572525024414e-01
5.678001642227172852e-01
4.882525503635406494e-01
4.470761716365814209e-01
3.906769752502441406e-01
4.364115893840789795e-01
4.173620641231536865e-01
4.975587129592895508e-01
1.447464823722839355e+00
1.889902710914611816e+00
2.264720916748046875e+00
2.046001672744750977e+00
2.384307622909545898e+00
1.746848464012145996e+00
2.074983835220336914e+00
1.762444138526916504e+00
1.598982334136962891e+00
1.610164165496826172e+00
1.679561257362365723e+00
1.651926517486572266e+00
1.722755312919616699e+00
8.650587797164916992e-01
8.070944547653198242e-01
1.239289283752441406e+00
1.074346542358398438e+00
1.066708207130432129e+00
7.063114047050476074e-01
4.057981371879577637e-01
4.064052700996398926e-01
4.234360456466674805e-01
3.715164363384246826e-01
5.364927053451538086e-01
5.970115661621093750e-01
7.524741888046264648e-01
5.865380167961120605e-01
1.524917721748352051e+00
1.584022521972656250e+00
1.671406030654907227e+00
9.416381716728210449e-01
9.393952488899230957e-01
1.260619044303894043e+00
1.779111742973327637e+00
9.885407090187072754e-01
5.558538436889648438e-01
1.434935450553894043e+00
1.899331331253051758e+00
1.941051840782165527e+00
1.872618675231933594e+00
2.441355943679809570e+00
2.220053195953369141e+00
2.218733787536621094e+00
2.334101200103759766e+00
1.944191932678222656e+00
1.690889239311218262e+00
1.459656357765197754e+00
2.426030158996582031e+00
2.381057262420654297e+00
2.474102735519409180e+00
3.106558561325073242e+00
2.863919973373413086e+00
1.190414428710937500e+00
1.154601335525512695e+00
1.525995492935180664e+00
2.609027624130249023e+00
2.350567817687988281e+00
2.773059606552124023e+00
3.298066854476928711e+00
4.048913955688476562e+00
2.735447883605957031e+00
2.994179010391235352e+00
3.604225158691406250e+00
3.084126710891723633e+00
2.650031805038452148e+00
2.007774591445922852e+00
2.277713060379028320e+00
1.604071497917175293e+00
1.812031745910644531e+00
1.871213078498840332e+00
1.827497720718383789e+00
1.864079594612121582e+00
1.821136474609375000e+00
2.533174037933349609e+00
2.484124660491943359e+00
2.838479042053222656e+00
2.329089403152465820e+00
1.882932066917419434e+00
1.978351116180419922e+00
1.931370377540588379e+00
1.846656322479248047e+00
1.850918054580688477e+00
1.862756252288818359e+00
1.844326496124267578e+00
1.696913361549377441e+00
1.818345308303833008e+00
1.952503323554992676e+00
1.719773888587951660e+00
1.797754287719726562e+00
1.879748225212097168e+00
1.738389015197753906e+00
1.663463830947875977e+00
1.792259693145751953e+00
1.801741600036621094e+00
1.677177190780639648e+00
1.757973909378051758e+00
1.932478070259094238e+00
1.710383296012878418e+00
1.695476531982421875e+00
1.897359490394592285e+00
1.814755678176879883e+00
1.787640094757080078e+00
1.943913102149963379e+00
1.962403178215026855e+00
1.809479117393493652e+00
2.796021699905395508e+00
1.737663507461547852e+00
1.703533411026000977e+00
1.662173390388488770e+00
1.867378950119018555e+00
1.825721621513366699e+00
1.610948801040649414e+00
1.610161066055297852e+00
1.744535088539123535e+00
1.573979020118713379e+00
1.521110296249389648e+00
1.712541580200195312e+00
1.698793172836303711e+00
8.227007985115051270e-01
5.310356616973876953e-01
7.085393071174621582e-01
5.422862768173217773e-01
5.541196465492248535e-01
1.407977104187011719e+00
1.278043270111083984e+00
3.371201455593109131e-01
3.561965525150299072e-01
4.127421379089355469e-01
3.378426730632781982e-01
3.486051261425018311e-01
7.528636455535888672e-01
4.116134047508239746e-01
3.400236666202545166e-01
4.388337731361389160e-01
4.989886879920959473e-01
4.043095111846923828e-01
3.889518082141876221e-01
4.556995630264282227e-01
4.322008788585662842e-01
3.613147735595703125e-01
3.868338465690612793e-01
3.691166937351226807e-01
3.710729479789733887e-01
3.682927787303924561e-01
3.739772737026214600e-01
3.407026231288909912e-01
3.825527131557464600e-01
3.529657721519470215e-01
3.087987303733825684e-01
3.364963233470916748e-01
4.166551530361175537e-01
3.857465088367462158e-01
3.013407886028289795e-01
3.668408691883087158e-01
4.088244438171386719e-01
1.465674996376037598e+00
9.493466615676879883e-01
3.861908018589019775e-01
5.741972923278808594e-01
1.395811915397644043e+00
1.112143278121948242e+00
1.436162114143371582e+00
1.717474818229675293e+00
1.820644736289978027e+00
1.451115727424621582e+00
1.362544894218444824e+00
1.401707649230957031e+00
1.162054896354675293e+00
4.454255700111389160e-01
6.239702105522155762e-01
6.136386394500732422e-01
5.478447079658508301e-01
6.370211243629455566e-01
6.306195259094238281e-01
2.480345249176025391e+00
2.043642759323120117e+00
1.689222455024719238e+00
1.753918647766113281e+00
1.572093605995178223e+00
1.424221038818359375e+00
6.322646737098693848e-01
1.108301758766174316e+00
1.052313208580017090e+00
1.090444803237915039e+00
1.109566211700439453e+00
1.940156102180480957e+00
1.679467558860778809e+00
1.699561119079589844e+00
1.963829040527343750e+00
1.788010120391845703e+00
1.790464043617248535e+00
1.369226336479187012e+00
9.027568697929382324e-01
2.049748659133911133e+00
3.760451316833496094e+00
3.568130731582641602e+00
3.043064594268798828e+00
3.494592428207397461e+00
3.633414268493652344e+00
3.532045602798461914e+00
3.749316930770874023e+00
2.494819641113281250e+00
2.337508201599121094e+00
2.442804574966430664e+00
2.273537874221801758e+00
2.212937593460083008e+00
2.432523727416992188e+00
2.282598972320556641e+00
2.273085355758666992e+00
2.205727815628051758e+00
2.563044786453247070e+00
2.773795366287231445e+00
2.562882423400878906e+00
2.522087097167968750e+00
2.552551031112670898e+00
2.355754375457763672e+00
1.945260882377624512e+00
1.958251476287841797e+00
1.926531434059143066e+00
2.127024412155151367e+00
1.271703839302062988e+00
1.035699009895324707e+00
1.128617644309997559e+00
2.013882398605346680e+00
1.922083735466003418e+00
2.758334159851074219e+00
3.193826198577880859e+00
2.139669179916381836e+00
2.896481513977050781e+00
2.850803613662719727e+00
2.911113977432250977e+00
2.433565855026245117e+00
1.953804492950439453e+00
3.158719778060913086e+00
2.858539819717407227e+00
1.425965070724487305e+00
1.422457218170166016e+00
1.237045884132385254e+00
9.451661109924316406e-01
8.035449385643005371e-01
9.918751120567321777e-01
6.400191783905029297e-01
4.756473302841186523e-01
4.923670291900634766e-01
4.238082766532897949e-01
3.492078781127929688e-01
2.856763601303100586e-01
2.862667739391326904e-01
2.656365036964416504e-01
3.302230238914489746e-01
2.439419478178024292e-01
2.125481367111206055e-01
3.062520623207092285e-01
3.270876109600067139e-01
2.694061994552612305e-01
2.775833606719970703e-01
3.284745514392852783e-01
3.300169110298156738e-01
3.848548531532287598e-01
4.033775627613067627e-01
4.241180121898651123e-01
3.691323399543762207e-01
3.533766269683837891e-01
3.861236572265625000e-01
4.037179946899414062e-01
2.826607525348663330e-01
3.259183168411254883e-01
3.957603871822357178e-01
4.099888205528259277e-01
3.393411636352539062e-01
1.556831002235412598e+00
1.369011402130126953e+00
1.346262931823730469e+00
4.247240424156188965e-01
3.053182065486907959e-01
3.785678744316101074e-01
3.793356120586395264e-01
4.131593108177185059e-01
3.563741743564605713e-01
4.855992794036865234e-01
4.490236341953277588e-01
5.098917484283447266e-01
5.069024562835693359e-01
5.324675440788269043e-01
4.970699846744537354e-01
4.623091816902160645e-01
4.515563249588012695e-01
5.412219762802124023e-01
2.109674215316772461e+00
1.974366784095764160e+00
1.897162199020385742e+00
1.883060693740844727e+00
2.160692214965820312e+00
2.207896947860717773e+00
3.732453584671020508e+00
3.010222196578979492e+00
1.386993885040283203e+00
2.416584253311157227e+00
1.646473884582519531e+00
1.245976448059082031e+00
1.589243292808532715e+00
1.872208595275878906e+00
1.353282332420349121e+00
1.310499191284179688e+00
1.464889764785766602e+00
1.373307347297668457e+00
1.345398068428039551e+00
1.388719797134399414e+00
1.191968560218811035e+00
1.287972927093505859e+00
1.355059027671813965e+00
1.275254011154174805e+00
1.169836759567260742e+00
1.205895185470581055e+00
1.375904917716979980e+00
1.335348844528198242e+00
1.174438834190368652e+00
1.178276777267456055e+00
1.434540271759033203e+00
2.630436658859252930e+00
3.742571830749511719e+00
3.221215724945068359e+00
2.992312192916870117e+00
2.318873882293701172e+00
2.035832405090332031e+00
1.686496019363403320e+00
2.950817108154296875e+00
3.046823740005493164e+00
2.971664905548095703e+00
3.054591655731201172e+00
2.597028255462646484e+00
8.898561596870422363e-01
6.424093246459960938e-01
5.682658553123474121e-01
4.977324903011322021e-01
5.062920451164245605e-01
4.821086525917053223e-01
6.013439893722534180e-01
4.096072614192962646e-01
2.521067559719085693e-01
3.274880945682525635e-01
4.246020615100860596e-01
4.088071882724761963e-01
4.064825475215911865e-01
4.415172040462493896e-01
6.028435826301574707e-01
5.096544027328491211e-01
7.271412014961242676e-01
7.040081620216369629e-01
6.897205710411071777e-01
1.226513028144836426e+00
8.716700077056884766e-01
8.990770578384399414e-01
9.160212874412536621e-01
1.065183758735656738e+00
1.154895186424255371e+00
1.168189167976379395e+00
1.171345353126525879e+00
1.153345346450805664e+00
1.652329444885253906e+00
1.815243124961853027e+00
1.634159684181213379e+00
1.549192070960998535e+00
1.542403221130371094e+00
1.620337843894958496e+00
2.365691900253295898e+00
1.014017820358276367e+00
2.315096855163574219e+00
2.546045064926147461e+00
2.939447402954101562e+00
2.576982498168945312e+00
3.828145027160644531e+00
3.232640027999877930e+00
1.651771664619445801e+00
1.535717248916625977e+00
1.583081007003784180e+00
1.205223083496093750e+00
1.516996622085571289e+00
1.658152103424072266e+00
2.750188350677490234e+00
1.910338044166564941e+00
9.179046154022216797e-01
1.200343847274780273e+00
1.167505502700805664e+00
6.531994342803955078e-01
7.596741914749145508e-01
9.972915649414062500e-01
7.667513489723205566e-01
3.088212013244628906e-01
3.458049595355987549e-01
3.284298777580261230e-01
4.874020218849182129e-01
4.319692850112915039e-01
2.995731234550476074e-01
3.068342506885528564e-01
3.080901801586151123e-01
3.275667428970336914e-01
2.868895232677459717e-01
2.492599934339523315e-01
2.915839850902557373e-01
3.760790526866912842e-01
2.730977237224578857e-01
2.656340599060058594e-01
3.565553426742553711e-01
4.035812318325042725e-01
1.026266455650329590e+00
1.490219116210937500e+00
1.372420072555541992e+00
1.237080931663513184e+00
6.603578329086303711e-01
2.490689456462860107e-01
3.027079999446868896e-01
2.992296814918518066e-01
2.651869952678680420e-01
3.000174462795257568e-01
3.034455776214599609e-01
2.615858912467956543e-01
3.131259083747863770e-01
4.096829295158386230e-01
4.192352294921875000e-01
3.219817280769348145e-01
3.444024026393890381e-01
4.039167165756225586e-01
4.506452083587646484e-01
4.003509879112243652e-01
4.164446294307708740e-01
5.042702555656433105e-01
4.984138906002044678e-01
4.731300175189971924e-01
4.199588596820831299e-01
4.672396481037139893e-01
1.779550909996032715e+00
2.193572521209716797e+00
2.670835018157958984e+00
2.536632061004638672e+00
2.636419773101806641e+00
2.607439279556274414e+00
2.138730764389038086e+00
2.195464611053466797e+00
1.845881223678588867e+00
2.356292009353637695e+00
1.711956381797790527e+00
1.368019700050354004e+00
1.402665376663208008e+00
1.458853006362915039e+00
1.535887360572814941e+00
1.577051401138305664e+00
1.467032074928283691e+00
1.480140328407287598e+00
1.869558334350585938e+00
1.796916842460632324e+00
1.380822777748107910e+00
1.312386035919189453e+00
1.532586693763732910e+00
1.613737821578979492e+00
1.671947956085205078e+00
1.401075959205627441e+00
1.433217406272888184e+00
1.324403047561645508e+00
1.434311985969543457e+00
9.857408404350280762e-01
3.093428015708923340e-01
7.453498244285583496e-01
3.570202291011810303e-01
3.810117244720458984e-01
3.509651124477386475e-01
3.840665519237518311e-01
3.642136454582214355e-01
5.253486633300781250e-01
4.379374980926513672e-01
4.323711097240447998e-01
3.874097168445587158e-01
4.096305668354034424e-01
4.806720912456512451e-01
3.378117084503173828e-01
2.957179546356201172e-01
2.953997254371643066e-01
3.490502834320068359e-01
2.784774601459503174e-01
2.536496520042419434e-01
3.123367726802825928e-01
3.532675504684448242e-01
3.307786285877227783e-01
2.706171572208404541e-01
2.930235564708709717e-01
3.228333592414855957e-01
3.641330599784851074e-01
2.689810693264007568e-01
3.107119202613830566e-01
3.497522473335266113e-01
3.847361803054809570e-01
3.901920914649963379e-01
1.565191984176635742e+00
7.776454091072082520e-01
1.067028880119323730e+00
1.248857259750366211e+00
1.216141223907470703e+00
1.060800075531005859e+00
2.199001073837280273e+00
2.276605606079101562e+00
2.251049518585205078e+00
2.452891111373901367e+00
1.937410473823547363e+00
1.991007804870605469e+00
2.413006782531738281e+00
1.976357817649841309e+00
1.920731306076049805e+00
2.118224143981933594e+00
1.984557747840881348e+00
1.918998956680297852e+00
2.733015060424804688e+00
2.166088104248046875e+00
1.765959739685058594e+00
1.798974514007568359e+00
1.899360179901123047e+00
2.675496339797973633e+00
2.629056215286254883e+00
2.850825071334838867e+00
2.467572450637817383e+00
2.474507331848144531e+00
2.464309453964233398e+00
2.539855480194091797e+00
2.268675327301025391e+00
1.445869565010070801e+00
9.569885134696960449e-01
9.501535892486572266e-01
8.167720437049865723e-01
6.448569893836975098e-01
7.136435508728027344e-01
6.136216521263122559e-01
8.377967476844787598e-01
6.191288232803344727e-01
3.489929735660552979e-01
3.112847805023193359e-01
6.069490313529968262e-01
4.834528267383575439e-01
3.653114140033721924e-01
3.432388603687286377e-01
3.785706162452697754e-01
4.458613693714141846e-01
3.624564111232757568e-01
2.962656021118164062e-01
2.961403131484985352e-01
3.264223933219909668e-01
2.972241044044494629e-01
2.439408451318740845e-01
3.198541700839996338e-01
3.519134819507598877e-01
4.110802710056304932e-01
2.458951622247695923e-01
3.095820844173431396e-01
3.479399085044860840e-01
3.918860256671905518e-01
2.895691096782684326e-01
3.075945973396301270e-01
3.280025720596313477e-01
3.962581455707550049e-01
3.637561798095703125e-01
3.685101270675659180e-01
4.113985002040863037e-01
4.256304800510406494e-01
5.276338458061218262e-01
4.169747531414031982e-01
4.124239087104797363e-01
1.472935914993286133e+00
1.633020877838134766e+00
1.437158107757568359e+00
1.260358095169067383e+00
4.001056551933288574e-01
4.592387378215789795e-01
5.327213406562805176e-01
4.490430951118469238e-01
4.731423556804656982e-01
5.330952405929565430e-01
5.388370156288146973e-01
6.867759227752685547e-01
2.197314500808715820e+00
2.500750780105590820e+00
2.335643291473388672e+00
2.238056659698486328e+00
2.262889623641967773e+00
2.811168909072875977e+00
2.965596675872802734e+00
2.370597362518310547e+00
1.630209207534790039e+00
1.550693392753601074e+00
1.516395449638366699e+00
1.417160272598266602e+00
1.524829149246215820e+00
1.483030915260314941e+00
1.366619110107421875e+00
1.279529690742492676e+00
1.334465980529785156e+00
1.285170316696166992e+00
1.331924796104431152e+00
1.281131744384765625e+00
1.331102013587951660e+00
1.318110585212707520e+00
1.682451963424682617e+00
1.380493879318237305e+00
1.338610410690307617e+00
1.372348546981811523e+00
1.408093094825744629e+00
1.326383709907531738e+00
1.352255821228027344e+00
1.412832021713256836e+00
1.435023188591003418e+00
1.372136354446411133e+00
1.419590115547180176e+00
1.535512685775756836e+00
1.426134228706359863e+00
1.382287621498107910e+00
1.883411765098571777e+00
1.343643903732299805e+00
1.337156295776367188e+00
9.822841882705688477e-01
2.883449792861938477e-01
3.484121561050415039e-01
3.870144784450531006e-01
2.565255165100097656e-01
2.762136757373809814e-01
3.612676262855529785e-01
2.895523905754089355e-01
2.420021444559097290e-01
2.946053743362426758e-01
3.782441616058349609e-01
3.308131694793701172e-01
2.255217432975769043e-01
3.087493777275085449e-01
4.234311282634735107e-01
1.273505806922912598e+00
8.968598842620849609e-01
9.252164363861083984e-01
9.270435571670532227e-01
1.063211321830749512e+00
8.913760185241699219e-01
8.983792066574096680e-01
9.175715446472167969e-01
9.482187032699584961e-01
1.248750686645507812e+00
1.182896971702575684e+00
1.157418251037597656e+00
1.219832777976989746e+00
1.242989897727966309e+00
1.495871305465698242e+00
1.733384847640991211e+00
1.971141219139099121e+00
1.921757817268371582e+00
1.911016702651977539e+00
1.796077847480773926e+00
1.313016772270202637e+00
1.264647841453552246e+00
2.679190874099731445e+00
2.443137168884277344e+00
2.856741666793823242e+00
4.214217185974121094e+00
3.019962549209594727e+00
2.426157951354980469e+00
2.564541816711425781e+00
1.792580127716064453e+00
1.096214294433593750e+00
1.226346969604492188e+00
1.838668584823608398e+00
2.666089773178100586e+00
1.515925168991088867e+00
1.414456248283386230e+00
1.559551119804382324e+00
1.168382644653320312e+00
1.259319543838500977e+00
1.286547660827636719e+00
9.942211508750915527e-01
8.665509819984436035e-01
1.028297305107116699e+00
8.999780416488647461e-01
8.111083507537841797e-01
6.542182564735412598e-01
6.771389245986938477e-01
6.425694227218627930e-01
6.303849220275878906e-01
3.868930637836456299e-01
4.401220381259918213e-01
5.460959672927856445e-01
5.211879014968872070e-01
4.018612504005432129e-01
5.087534189224243164e-01
3.756139278411865234e-01
4.713757932186126709e-01
3.922648131847381592e-01
3.938107192516326904e-01
3.471313118934631348e-01
3.941878974437713623e-01
4.737264513969421387e-01
3.614721000194549561e-01
3.358288705348968506e-01
3.833009898662567139e-01
5.066645145416259766e-01
5.330237150192260742e-01
1.541970491409301758e+00
1.283578038215637207e+00
1.508172273635864258e+00
1.343550920486450195e+00
3.613336980342864990e-01
4.035047590732574463e-01
6.457341313362121582e-01
5.826000571250915527e-01
5.477685332298278809e-01
5.806068181991577148e-01
5.774961113929748535e-01
5.721492767333984375e-01
4.790417551994323730e-01
4.594601988792419434e-01
4.688954651355743408e-01
4.834473431110382080e-01
6.020388007164001465e-01
4.689988195896148682e-01
4.333877265453338623e-01
4.381904900074005127e-01
6.271069645881652832e-01
6.133253574371337891e-01
6.019220352172851562e-01
2.183564424514770508e+00
2.706851720809936523e+00
2.606774330139160156e+00
2.490437030792236328e+00
2.566462039947509766e+00
2.620873689651489258e+00
2.569131374359130859e+00
2.107397794723510742e+00
1.906237006187438965e+00
1.381281971931457520e+00
1.558142542839050293e+00
1.528384208679199219e+00
1.416125297546386719e+00
1.350649237632751465e+00
1.322414159774780273e+00
1.426048159599304199e+00
1.281059622764587402e+00
1.320854902267456055e+00
1.273655176162719727e+00
1.326079487800598145e+00
1.342410206794738770e+00
1.287047624588012695e+00
1.178844213485717773e+00
1.265883088111877441e+00
1.325824022293090820e+00
1.272010087966918945e+00
1.202254056930541992e+00
1.243525743484497070e+00
1.325538396835327148e+00
1.357379436492919922e+00
1.291708946228027344e+00
1.309434533119201660e+00
1.382658720016479492e+00
1.392395496368408203e+00
1.356880903244018555e+00
1.321936488151550293e+00
2.478437185287475586e+00
1.370642781257629395e+00
1.230063438415527344e+00
8.903947472572326660e-01
9.126509428024291992e-01
1.313327074050903320e+00
4.492618441581726074e-01
4.026139378547668457e-01
3.676552176475524902e-01
1.073023438453674316e+00
3.472450673580169678e-01
3.157027065753936768e-01
3.126196265220642090e-01
3.410792350769042969e-01
2.655644416809082031e-01
2.883419692516326904e-01
3.698934912681579590e-01
3.266098797321319580e-01
3.653165996074676514e-01
3.903842270374298096e-01
4.554178118705749512e-01
3.592779636383056641e-01
4.758605659008026123e-01
7.158617973327636719e-01
6.923439502716064453e-01
6.174845099449157715e-01
6.295039653778076172e-01
6.869623064994812012e-01
6.190690398216247559e-01
7.041101455688476562e-01
6.460375785827636719e-01
7.342938184738159180e-01
9.752584695816040039e-01
2.897045373916625977e+00
3.674433946609497070e+00
2.982964992523193359e+00
3.015790700912475586e+00
3.153185844421386719e+00
2.372546672821044922e+00
2.335926532745361328e+00
2.831756114959716797e+00
2.883305311203002930e+00
2.480270385742187500e+00
3.508744955062866211e+00
2.968832492828369141e+00
1.541914820671081543e+00
1.747530460357666016e+00
1.967967987060546875e+00
1.873312354087829590e+00
2.690994501113891602e+00
1.361271381378173828e+00
2.745601415634155273e+00
2.614291667938232422e+00
1.061980366706848145e+00
1.300447702407836914e+00
1.671077132225036621e+00
9.468188881874084473e-01
8.312773108482360840e-01
1.239747881889343262e+00
8.379250168800354004e-01
7.706271409988403320e-01
1.023559808731079102e+00
6.618393063545227051e-01
3.031188547611236572e-01
3.307994604110717773e-01
5.113502144813537598e-01
4.593971669673919678e-01
3.265419006347656250e-01
3.730346560478210449e-01
3.893029093742370605e-01
3.199953436851501465e-01
3.164002597332000732e-01
3.219195008277893066e-01
2.940807640552520752e-01
2.547271549701690674e-01
2.794614732265472412e-01
2.910303175449371338e-01
2.489847987890243530e-01
2.437237650156021118e-01
3.058941066265106201e-01
2.342956066131591797e-01
1.467718482017517090e+00
1.267509102821350098e+00
1.170205712318420410e+00
7.009111642837524414e-01
2.087030857801437378e-01
3.169893026351928711e-01
2.628478407859802246e-01
2.438465505838394165e-01
3.797511458396911621e-01
3.411271870136260986e-01
3.194997608661651611e-01
3.878926932811737061e-01
5.065466761589050293e-01
3.555252850055694580e-01
3.469079136848449707e-01
3.571246564388275146e-01
3.942309319972991943e-01
3.369677662849426270e-01
3.806271851062774658e-01
5.300785303115844727e-01
4.094762504100799561e-01
4.026945233345031738e-01
5.011077523231506348e-01
4.909877777099609375e-01
3.944444358348846436e-01
5.123306512832641602e-01
1.752731204032897949e+00
1.757927298545837402e+00
2.211791992187500000e+00
2.379679679870605469e+00
2.571129798889160156e+00
1.850828647613525391e+00
1.759365439414978027e+00
2.063273429870605469e+00
1.918725728988647461e+00
1.628967523574829102e+00
1.569092750549316406e+00
1.536853551864624023e+00
1.442192554473876953e+00
1.347281217575073242e+00
1.440231323242187500e+00
1.336744546890258789e+00
1.377727985382080078e+00
1.354777455329895020e+00
1.345090627670288086e+00
1.259624719619750977e+00
1.357640385627746582e+00
1.363030791282653809e+00
1.308737039566040039e+00
1.308735847473144531e+00
1.329048156738281250e+00
1.301775217056274414e+00
1.237838029861450195e+00
1.344834804534912109e+00
1.368483781814575195e+00
1.323002934455871582e+00
1.369854569435119629e+00
1.450169563293457031e+00
1.394378900527954102e+00
1.331558346748352051e+00
1.375403881072998047e+00
1.503368735313415527e+00
1.307413935661315918e+00
1.310968637466430664e+00
2.360515117645263672e+00
1.441528081893920898e+00
1.443078398704528809e+00
1.483426213264465332e+00
1.674859166145324707e+00
1.310701489448547363e+00
1.306884050369262695e+00
2.168567180633544922e+00
1.765051364898681641e+00
1.244079709053039551e+00
1.320949196815490723e+00
1.502818584442138672e+00
1.311222195625305176e+00
1.829775214195251465e+00
1.749880909919738770e+00
1.716041803359985352e+00
1.732888460159301758e+00
1.750908732414245605e+00
1.790201544761657715e+00
1.846534609794616699e+00
1.598446965217590332e+00
1.723610520362854004e+00
1.121163010597229004e+00
1.503771066665649414e+00
1.077649712562561035e+00
1.440100073814392090e+00
8.870189785957336426e-01
7.072455286979675293e-01
7.326837182044982910e-01
7.462584376335144043e-01
6.738182306289672852e-01
1.022531032562255859e+00
1.300471067428588867e+00
1.155490159988403320e+00
1.221418976783752441e+00
1.263007283210754395e+00
1.287688493728637695e+00
1.178029537200927734e+00
9.521005153656005859e-01
1.394144773483276367e+00
1.705287337303161621e+00
1.405373215675354004e+00
1.596655249595642090e+00
1.828071713447570801e+00
2.780063390731811523e+00
1.637868046760559082e+00
1.278460144996643066e+00
1.104289770126342773e+00
1.615336060523986816e+00
1.084843397140502930e+00
2.249086856842041016e+00
2.065686941146850586e+00
1.925458669662475586e+00
1.949273705482482910e+00
1.911810517311096191e+00
1.022717118263244629e+00
4.078645706176757812e-01
4.905286431312561035e-01
4.274768233299255371e-01
4.296490252017974854e-01
4.498684108257293701e-01
3.304993212223052979e-01
3.526212275028228760e-01
3.677097558975219727e-01
3.621041774749755859e-01
3.582797050476074219e-01
4.043478667736053467e-01
4.412721693515777588e-01
3.193043470382690430e-01
3.478516340255737305e-01
3.361397087574005127e-01
3.061350286006927490e-01
3.422063291072845459e-01
3.439049124717712402e-01
2.901321053504943848e-01
2.533536553382873535e-01
3.043772280216217041e-01
3.188405632972717285e-01
2.717409431934356689e-01
2.939124703407287598e-01
3.842852711677551270e-01
3.050822317600250244e-01
9.633173942565917969e-01
3.391808271408081055e-01
3.992866575717926025e-01
3.253298401832580566e-01
3.064658641815185547e-01
4.397725760936737061e-01
3.579156994819641113e-01
2.859792411327362061e-01
3.909253180027008057e-01
5.052762031555175781e-01
3.432931303977966309e-01
3.293157815933227539e-01
4.120535850524902344e-01
3.500397503376007080e-01
3.249776065349578857e-01
3.570654392242431641e-01
4.422597289085388184e-01
1.403127789497375488e+00
1.393299698829650879e+00
1.445684552192687988e+00
1.307368159294128418e+00
5.553621053695678711e-01
3.344005644321441650e-01
4.385404884815216064e-01
3.913474082946777344e-01
1.631036996841430664e+00
2.052499294281005859e+00
2.447658777236938477e+00
2.790701627731323242e+00
2.226133346557617188e+00
2.351532459259033203e+00
2.362599134445190430e+00
2.525749921798706055e+00
2.379091978073120117e+00
2.346510171890258789e+00
2.143797397613525391e+00
1.295935273170471191e+00
1.561740279197692871e+00
1.403195261955261230e+00
2.996866941452026367e+00
1.536044955253601074e+00
1.347331047058105469e+00
1.533157944679260254e+00
1.452276587486267090e+00
1.633074045181274414e+00
6.599436402320861816e-01
2.201224803924560547e+00
2.009569883346557617e+00
5.231372714042663574e-01
8.734387755393981934e-01
1.832352280616760254e+00
1.903307676315307617e+00
2.518594264984130859e+00
3.131222724914550781e+00
3.048298358917236328e+00
2.721269130706787109e+00
1.573150992393493652e+00
2.588328599929809570e+00
1.655246138572692871e+00
5.507024526596069336e-01
1.215056896209716797e+00
6.979122161865234375e-01
5.844381451606750488e-01
2.573483705520629883e+00
4.979846775531768799e-01
8.446031212806701660e-01
1.777719378471374512e+00
1.493843555450439453e+00
1.412474036216735840e+00
8.013014197349548340e-01
1.290387272834777832e+00
2.399517297744750977e+00
2.919891178607940674e-01
5.175629258155822754e-01
5.883309245109558105e-01
4.184784591197967529e-01
1.628127098083496094e+00
1.539127230644226074e+00
1.528236269950866699e+00
1.423403978347778320e+00
1.459075808525085449e+00
1.548509836196899414e+00
1.698130846023559570e+00
1.599884033203125000e+00
1.416174292564392090e+00
1.615564703941345215e+00
1.529624581336975098e+00
1.419304490089416504e+00
1.803724884986877441e+00
2.045636892318725586e+00
2.137506008148193359e+00
1.986568212509155273e+00
2.214011192321777344e+00
2.996570825576782227e+00
4.809094429016113281e+00
5.183310031890869141e+00
4.912998676300048828e+00
5.079792022705078125e+00
4.198061466217041016e+00
4.037750720977783203e+00
3.781332015991210938e+00
3.295774221420288086e+00
2.685345649719238281e+00
2.839271068572998047e+00
3.154277801513671875e+00
2.370350122451782227e+00
2.697350502014160156e+00
2.095053195953369141e+00
1.585822343826293945e+00
1.687938570976257324e+00
1.780177712440490723e+00
1.586596608161926270e+00
1.595888257026672363e+00
2.452264785766601562e+00
1.654687523841857910e+00
1.823952555656433105e+00
1.869330286979675293e+00
1.877369880676269531e+00
1.427559852600097656e+00
1.656872868537902832e+00
1.152523398399353027e+00
8.217411637306213379e-01
8.913305401802062988e-01
8.849133253097534180e-01
9.030421972274780273e-01
8.707767724990844727e-01
8.450326323509216309e-01
7.262904047966003418e-01
5.971930623054504395e-01
6.663534045219421387e-01
7.299728989601135254e-01
5.652365088462829590e-01
5.361588001251220703e-01
5.237062573432922363e-01
3.059944212436676025e-01
3.131799101829528809e-01
3.777433931827545166e-01
3.078473210334777832e-01
2.401714473962783813e-01
2.848554551601409912e-01
1.098771095275878906e+00
1.379200696945190430e+00
1.234533786773681641e+00
1.260765194892883301e+00
2.094596028327941895e-01
2.495055794715881348e-01
3.330253958702087402e-01
3.054380118846893311e-01
2.228887528181076050e-01
3.181586265563964844e-01
4.316565394401550293e-01
3.196664154529571533e-01
3.457967340946197510e-01
4.129320681095123291e-01
4.226600825786590576e-01
3.863626718521118164e-01
4.237751066684722900e-01
3.533947169780731201e-01
3.356564640998840332e-01
3.993779420852661133e-01
4.232181608676910400e-01
3.525315821170806885e-01
3.339820206165313721e-01
4.053124189376831055e-01
3.507578969001770020e-01
3.662860989570617676e-01
3.995637893676757812e-01
3.786561489105224609e-01
3.019950687885284424e-01
3.439736962318420410e-01
1.451520323753356934e+00
1.751168251037597656e+00
1.465084314346313477e+00
2.096479415893554688e+00
2.647773265838623047e+00
2.397566318511962891e+00
1.565787434577941895e+00
1.635457873344421387e+00
1.491821527481079102e+00
1.430796623229980469e+00
1.532707095146179199e+00
1.445787906646728516e+00
1.311195373535156250e+00
1.374130964279174805e+00
1.425199270248413086e+00
1.299489498138427734e+00
1.282952547073364258e+00
1.439707875251770020e+00
3.565937280654907227e-01
3.069348633289337158e-01
4.013506174087524414e-01
3.807705342769622803e-01
2.740318477153778076e-01
2.842735350131988525e-01
4.305190145969390869e-01
2.929791510105133057e-01
2.625339925289154053e-01
3.658870160579681396e-01
4.139558374881744385e-01
3.049215972423553467e-01
3.243644535541534424e-01
4.812871515750885010e-01
4.004946053028106689e-01
3.383316695690155029e-01
3.953097760677337646e-01
4.247465133666992188e-01
2.913756966590881348e-01
3.128951191902160645e-01
3.862667381763458252e-01
2.874407172203063965e-01
2.501250505447387695e-01
3.199509382247924805e-01
3.067037761211395264e-01
2.762649357318878174e-01
2.803717553615570068e-01
3.549828529357910156e-01
2.861905694007873535e-01
2.775238752365112305e-01
2.971739470958709717e-01
2.695114314556121826e-01
2.895586788654327393e-01
3.125442564487457275e-01
3.396424055099487305e-01
3.059949576854705811e-01
3.936966955661773682e-01
4.115865230560302734e-01
3.812855482101440430e-01
3.753332495689392090e-01
4.490587413311004639e-01
4.461204111576080322e-01
3.472878336906433105e-01
3.842044174671173096e-01
4.606640338897705078e-01
3.687157034873962402e-01
1.603814601898193359e+00
1.312695741653442383e+00
1.311774492263793945e+00
7.966474890708923340e-01
3.078722655773162842e-01
4.891400635242462158e-01
3.910407125949859619e-01
3.975209295749664307e-01
4.284849464893341064e-01
4.803703129291534424e-01
3.530690968036651611e-01
4.096437394618988037e-01
4.701958000659942627e-01
3.688360154628753662e-01
3.546766638755798340e-01
4.700077772140502930e-01
4.720881581306457520e-01
3.858616054058074951e-01
4.145144522190093994e-01
1.550399780273437500e+00
1.750863194465637207e+00
1.334277987480163574e+00
1.287781596183776855e+00
1.504511475563049316e+00
7.854843139648437500e-01
1.038894653320312500e+00
1.347444772720336914e+00
1.940998911857604980e+00
1.808983206748962402e+00
1.761298656463623047e+00
1.383823633193969727e+00
9.897651076316833496e-01
5.095208883285522461e-01
3.581670522689819336e-01
3.533593714237213135e-01
3.978706598281860352e-01
3.415150344371795654e-01
2.734491229057312012e-01
3.807072043418884277e-01
5.440292954444885254e-01
3.169276416301727295e-01
3.188951015472412109e-01
4.256085455417633057e-01
4.374600052833557129e-01
2.964215576648712158e-01
3.500107228755950928e-01
4.019750058650970459e-01
2.830483019351959229e-01
2.970823943614959717e-01
3.790341019630432129e-01
3.226280510425567627e-01
2.949057817459106445e-01
3.311253488063812256e-01
3.347209692001342773e-01
2.936635911464691162e-01
3.276536464691162109e-01
3.796461820602416992e-01
2.837138175964355469e-01
3.146345317363739014e-01
3.905648589134216309e-01
2.959015965461730957e-01
2.970780134201049805e-01
4.204215407371520996e-01
4.869588017463684082e-01
3.101672828197479248e-01
3.634691834449768066e-01
5.075120329856872559e-01
4.117318093776702881e-01
3.144544661045074463e-01
3.414648771286010742e-01
3.910220563411712646e-01
2.894046306610107422e-01
2.934612929821014404e-01
4.264889657497406006e-01
3.442930281162261963e-01
3.420149981975555420e-01
4.250167906284332275e-01
1.076114773750305176e+00
1.220891356468200684e+00
2.035311937332153320e+00
2.629067182540893555e+00
1.928839683532714844e+00
2.044203281402587891e+00
2.154946327209472656e+00
2.006412029266357422e+00
1.987891316413879395e+00
2.265049457550048828e+00
2.106092453002929688e+00
1.721082806587219238e+00
2.347688674926757812e+00
2.743201494216918945e+00
2.728561401367187500e+00
2.455947399139404297e+00
1.321675777435302734e+00
1.665931224822998047e+00
1.504696130752563477e+00
1.414207100868225098e+00
1.632956147193908691e+00
1.586321115493774414e+00
2.853902101516723633e+00
2.542817831039428711e+00
3.126184463500976562e+00
3.039160490036010742e+00
2.640539407730102539e+00
1.639994978904724121e+00
2.481590986251831055e+00
3.092913866043090820e+00
2.442866563796997070e+00
2.912105560302734375e+00
1.861110925674438477e+00
2.081374883651733398e+00
1.922187328338623047e+00
1.954038262367248535e+00
1.821887493133544922e+00
1.785857558250427246e+00
2.010014533996582031e+00
1.875064730644226074e+00
1.775474429130554199e+00
1.861144304275512695e+00
1.731207132339477539e+00
1.593701004981994629e+00
2.445867776870727539e+00
2.380781173706054688e+00
1.294304609298706055e+00
1.464466810226440430e+00
1.431681990623474121e+00
1.570969700813293457e+00
1.840685606002807617e+00
1.877108335494995117e+00
2.671527147293090820e+00
2.585028409957885742e+00
4.131560027599334717e-01
5.919191241264343262e-01
8.403071761131286621e-01
7.950769066810607910e-01
9.370119571685791016e-01
8.540372848510742188e-01
8.844904303550720215e-01
8.136336207389831543e-01
7.609034776687622070e-01
7.231188416481018066e-01
6.981210708618164062e-01
7.627772092819213867e-01
6.253253221511840820e-01
7.520062923431396484e-01
7.345879077911376953e-01
1.009610414505004883e+00
1.061208486557006836e+00
3.173686981201171875e+00
3.497815608978271484e+00
4.376342773437500000e+00
3.246463537216186523e+00
3.155853033065795898e+00
3.283156871795654297e+00
1.944872736930847168e+00
1.506232738494873047e+00
1.896909236907958984e+00
3.291054487228393555e+00
2.847939968109130859e+00
1.432700514793395996e+00
1.547709226608276367e+00
1.893089056015014648e+00
1.760209918022155762e+00
1.769994497299194336e+00
1.930133700370788574e+00
2.028463125228881836e+00
2.142700672149658203e+00
2.702157497406005859e+00
2.772916316986083984e+00
2.695091247558593750e+00
2.060921669006347656e+00
1.743316173553466797e+00
1.895733356475830078e+00
1.388738512992858887e+00
3.185755014419555664e-01
4.587889313697814941e-01
3.636372089385986328e-01
3.099630773067474365e-01
3.165129423141479492e-01
3.674318194389343262e-01
3.439287543296813965e-01
3.096421062946319580e-01
4.124351441860198975e-01
4.879241585731506348e-01
3.556856215000152588e-01
3.863278627395629883e-01
4.210604429244995117e-01
4.099732041358947754e-01
3.220741152763366699e-01
3.643767237663269043e-01
3.282284140586853027e-01
2.719734013080596924e-01
2.825694680213928223e-01
3.353977203369140625e-01
2.525428533554077148e-01
2.185486853122711182e-01
3.517901599407196045e-01
2.776529788970947266e-01
2.081107646226882935e-01
3.151353001594543457e-01
3.380556404590606689e-01
2.367898970842361450e-01
2.504717707633972168e-01
3.938628137111663818e-01
2.667109668254852295e-01
2.458455562591552734e-01
3.753463923931121826e-01
5.409722328186035156e-01
3.333828449249267578e-01
3.747965693473815918e-01
4.340028166770935059e-01
3.937043845653533936e-01
3.425533175468444824e-01
4.018149375915527344e-01
3.790470063686370850e-01
4.006886780261993408e-01
4.298277497291564941e-01
4.780623912811279297e-01
4.155519008636474609e-01
4.450643062591552734e-01
4.508551657199859619e-01
3.932757079601287842e-01
4.454340636730194092e-01
1.689068436622619629e+00
1.899758934974670410e+00
2.603130340576171875e+00
2.088174104690551758e+00
2.163181543350219727e+00
2.093249797821044922e+00
2.513574361801147461e+00
2.484316587448120117e+00
1.558800578117370605e+00
2.273126602172851562e+00
2.144318103790283203e+00
1.378132224082946777e+00
1.380803108215332031e+00
1.246437311172485352e+00
1.421153068542480469e+00
1.289243102073669434e+00
1.264201879501342773e+00
1.329999327659606934e+00
1.380662798881530762e+00
1.913559794425964355e+00
1.452576398849487305e+00
1.552487015724182129e+00
1.574243068695068359e+00
1.563694596290588379e+00
1.602429628372192383e+00
1.593341588973999023e+00
1.386427044868469238e+00
1.386628508567810059e+00
1.918926358222961426e+00
2.437705993652343750e+00
1.650463342666625977e+00
1.541215896606445312e+00
1.533277750015258789e+00
1.914515018463134766e+00
9.861160516738891602e-01
6.196358799934387207e-01
5.732374191284179688e-01
6.193683743476867676e-01
4.174576997756958008e-01
2.300025701522827148e+00
7.505373954772949219e-01
3.406330049037933350e-01
5.294467210769653320e-01
7.276258468627929688e-01
1.589818120002746582e+00
1.505324721336364746e+00
1.836919784545898438e+00
2.798017263412475586e+00
6.049831509590148926e-01
3.853358924388885498e-01
4.337350130081176758e-01
3.811410963535308838e-01
5.843904614448547363e-01
7.148292660713195801e-01
6.496008038520812988e-01
4.841640889644622803e-01
7.453558444976806641e-01
6.089792251586914062e-01
5.277917385101318359e-01
6.136052012443542480e-01
6.815592646598815918e-01
1.313266992568969727e+00
1.109704017639160156e+00
1.276349067687988281e+00
7.804203629493713379e-01
7.274564504623413086e-01
8.497197031974792480e-01
1.335654735565185547e+00
1.342822194099426270e+00
1.902640819549560547e+00
1.857948064804077148e+00
1.948243021965026855e+00
1.957628965377807617e+00
3.186139345169067383e+00
2.943555116653442383e+00
2.434284925460815430e+00
2.609647035598754883e+00
2.247682094573974609e+00
1.469169497489929199e+00
1.482122063636779785e+00
2.901650905609130859e+00
2.519777774810791016e+00
2.868262529373168945e+00
2.630347251892089844e+00
2.692689180374145508e+00
2.530199050903320312e+00
2.240809440612792969e+00
1.227015495300292969e+00
1.351157188415527344e+00
1.131275296211242676e+00
1.176308989524841309e+00
1.181359052658081055e+00
9.163436293601989746e-01
7.831586003303527832e-01
8.196215629577636719e-01
8.580893278121948242e-01
6.997733712196350098e-01
7.204181551933288574e-01
6.926174759864807129e-01
6.784148216247558594e-01
6.532583832740783691e-01
7.218099832534790039e-01
5.583319664001464844e-01
3.103747665882110596e-01
4.704855084419250488e-01
4.438950121402740479e-01
3.791097700595855713e-01
2.993146479129791260e-01
2.859956920146942139e-01
3.718374073505401611e-01
2.572650313377380371e-01
2.652656733989715576e-01
3.305960893630981445e-01
3.069074451923370361e-01
2.124576866626739502e-01
2.543864548206329346e-01
3.600155711174011230e-01
2.721888422966003418e-01
2.052993476390838623e-01
2.838201820850372314e-01
1.537966489791870117e+00
1.350339293479919434e+00
1.194469451904296875e+00
1.189374446868896484e+00
2.784467637538909912e-01
2.320181280374526978e-01
3.278542757034301758e-01
3.837727308273315430e-01
3.020528852939605713e-01
3.673150539398193359e-01
4.236106574535369873e-01
3.343701362609863281e-01
3.100866973400115967e-01
3.528056740760803223e-01
3.752636313438415527e-01
3.589709699153900146e-01
3.650504648685455322e-01
4.538288712501525879e-01
3.909771144390106201e-01
4.040929675102233887e-01
4.622814953327178955e-01
5.217612981796264648e-01
4.105230271816253662e-01
4.338871538639068604e-01
2.113584995269775391e+00
1.714487433433532715e+00
1.820930600166320801e+00
1.868234157562255859e+00
2.974051713943481445e+00
1.994955062866210938e+00
3.792980194091796875e+00
3.073470354080200195e+00
1.624468445777893066e+00
1.827500700950622559e+00
1.782098293304443359e+00
1.612013459205627441e+00
1.359181642532348633e+00
1.808006644248962402e+00
1.471803307533264160e+00
1.276717901229858398e+00
1.300794124603271484e+00
1.333786845207214355e+00
1.378117442131042480e+00
1.341695904731750488e+00
1.303297758102416992e+00
1.338273763656616211e+00
1.724911928176879883e+00
1.288474798202514648e+00
1.290653347969055176e+00
1.421133041381835938e+00
1.400430440902709961e+00
1.218151211738586426e+00
1.262283682823181152e+00
1.456329107284545898e+00
1.364056468009948730e+00
1.328240633010864258e+00
1.403906464576721191e+00
1.469871163368225098e+00
2.280480146408081055e+00
1.315633296966552734e+00
1.377962827682495117e+00
1.764466166496276855e+00
1.347097516059875488e+00
2.232424259185791016e+00
2.757112503051757812e+00
1.285746455192565918e+00
1.545751333236694336e+00
1.766577005386352539e+00
1.696138501167297363e+00
1.438665747642517090e+00
1.605349898338317871e+00
2.865023851394653320e+00
2.514117002487182617e+00
1.342489123344421387e+00
1.562557697296142578e+00
1.596529960632324219e+00
1.341349959373474121e+00
1.500518918037414551e+00
1.896296858787536621e+00
1.525770783424377441e+00
3.508828878402709961e-01
6.036419868469238281e-01
1.202345609664916992e+00
9.167665243148803711e-01
9.026538133621215820e-01
2.474978208541870117e+00
2.367167711257934570e+00
2.395103454589843750e+00
2.124572992324829102e+00
2.439281702041625977e+00
8.727883696556091309e-01
9.952706694602966309e-01
2.087023019790649414e+00
2.559210062026977539e+00
2.405767917633056641e+00
2.381863117218017578e+00
2.205085039138793945e+00
2.010720014572143555e+00
1.364934206008911133e+00
1.660846471786499023e+00
1.654739260673522949e+00
1.932513713836669922e+00
1.676355719566345215e+00
2.235785484313964844e+00
2.782208442687988281e+00
2.606483221054077148e+00
2.661169528961181641e+00
1.977788567543029785e+00
2.060355663299560547e+00
2.075562000274658203e+00
2.275884151458740234e+00
2.062016487121582031e+00
2.132532835006713867e+00
1.397227048873901367e+00
7.614889740943908691e-01
7.357544898986816406e-01
6.017512679100036621e-01
7.172180414199829102e-01
3.750977814197540283e-01
3.491349518299102783e-01
3.238661587238311768e-01
3.816840946674346924e-01
3.237389624118804932e-01
3.710786998271942139e-01
4.634063839912414551e-01
3.980905115604400635e-01
3.175484836101531982e-01
3.652250766754150391e-01
3.533555269241333008e-01
2.735201120376586914e-01
2.904991209506988525e-01
3.483033478260040283e-01
2.814530730247497559e-01
2.759872674942016602e-01
2.851596772670745850e-01
3.338424861431121826e-01
2.667973339557647705e-01
2.846619188785552979e-01
3.015863895416259766e-01
2.993338406085968018e-01
2.485889941453933716e-01
3.527045547962188721e-01
3.540262579917907715e-01
2.760451138019561768e-01
2.878231108188629150e-01
3.728151023387908936e-01
2.782233655452728271e-01
3.035897612571716309e-01
3.571591973304748535e-01
5.561534762382507324e-01
3.326578438282012939e-01
3.795650303363800049e-01
4.285953938961029053e-01
4.545234143733978271e-01
3.375258147716522217e-01
3.588218688964843750e-01
4.518632888793945312e-01
1.512388944625854492e+00
1.361094594001770020e+00
1.325793504714965820e+00
1.288931250572204590e+00
2.670103013515472412e-01
3.882591426372528076e-01
4.510662257671356201e-01
3.955559134483337402e-01
3.742130100727081299e-01
1.612370371818542480e+00
9.480649828910827637e-01
2.134005308151245117e+00
1.786481142044067383e+00
1.990604639053344727e+00
2.787973642349243164e+00
2.016239881515502930e+00
2.359235048294067383e+00
3.478755950927734375e+00
2.075915098190307617e+00
2.047090053558349609e+00
1.873558282852172852e+00
2.040266513824462891e+00
1.791853785514831543e+00
8.897591233253479004e-01
1.367514252662658691e+00
2.337113380432128906e+00
1.514246225357055664e+00
7.100257277488708496e-01
1.088413238525390625e+00
9.376673102378845215e-01
7.271881103515625000e-01
1.018814325332641602e+00
1.009884715080261230e+00
8.354181051254272461e-01
6.695535182952880859e-01
5.106636285781860352e-01
4.317590296268463135e-01
3.682955205440521240e-01
6.509993076324462891e-01
1.703670740127563477e+00
1.346877932548522949e+00
1.324952363967895508e+00
7.960324287414550781e-01
4.671722054481506348e-01
1.020708084106445312e+00
4.468656778335571289e-01
5.547462105751037598e-01
5.064932107925415039e-01
6.238685250282287598e-01
5.206114649772644043e-01
5.215197801589965820e-01
3.315296471118927002e-01
3.233072757720947266e-01
3.813738226890563965e-01
3.414426743984222412e-01
2.652982771396636963e-01
3.613580763339996338e-01
3.459343314170837402e-01
3.124351799488067627e-01
2.933417856693267822e-01
3.254348039627075195e-01
2.743158340454101562e-01
2.794732451438903809e-01
3.770499229431152344e-01
3.686293661594390869e-01
3.563878834247589111e-01
3.875390887260437012e-01
4.614101350307464600e-01
3.742102682590484619e-01
8.791948556900024414e-01
7.385850548744201660e-01
9.450893402099609375e-01
6.929266452789306641e-01
1.344598889350891113e+00
1.551305413246154785e+00
1.905815124511718750e+00
1.691539168357849121e+00
1.878029346466064453e+00
1.832917690277099609e+00
1.760591268539428711e+00
1.887455582618713379e+00
2.056057214736938477e+00
2.647511005401611328e+00
2.782086849212646484e+00
2.922934055328369141e+00
2.937972784042358398e+00
2.883724689483642578e+00
2.596540451049804688e+00
1.920795679092407227e+00
1.421643376350402832e+00
1.396196722984313965e+00
2.334950447082519531e+00
1.678054094314575195e+00
1.699938058853149414e+00
1.587830662727355957e+00
1.639998078346252441e+00
1.601374864578247070e+00
1.454879999160766602e+00
1.488400816917419434e+00
1.532662391662597656e+00
1.169441223144531250e+00
1.050043940544128418e+00
1.208738923072814941e+00
1.213794708251953125e+00
9.782677888870239258e-01
1.012239456176757812e+00
1.129680871963500977e+00
1.841982126235961914e+00
1.533573746681213379e+00
1.629208683967590332e+00
1.646854639053344727e+00
5.357062816619873047e-01
5.391056537628173828e-01
6.784446835517883301e-01
4.947472810745239258e-01
3.465587198734283447e-01
3.507091104984283447e-01
4.134246408939361572e-01
2.753469944000244141e-01
2.357699871063232422e-01
3.222264945507049561e-01
3.159885704517364502e-01
2.183173447847366333e-01
2.514667510986328125e-01
3.533785641193389893e-01
2.360898554325103760e-01
1.836623251438140869e-01
2.727052271366119385e-01
3.457150459289550781e-01
2.335064858198165894e-01
2.141738086938858032e-01
3.160244822502136230e-01
2.975908517837524414e-01
2.394651025533676147e-01
2.973836362361907959e-01
3.642780482769012451e-01
3.607624769210815430e-01
3.219258189201354980e-01
3.770057857036590576e-01
4.310921728610992432e-01
3.926334977149963379e-01
3.466066718101501465e-01
4.009087681770324707e-01
3.823948204517364502e-01
3.629774451255798340e-01
3.873952031135559082e-01
