1.724758386611938477e+00
1.288306832313537598e+00
1.416201233863830566e+00
1.463522791862487793e+00
1.310721397399902344e+00
1.334751844406127930e+00
1.804714202880859375e+00
1.791221141815185547e+00
1.269252300262451172e+00
1.441660761833190918e+00
1.458525776863098145e+00
1.347811818122863770e+00
1.408704638481140137e+00
1.417369127273559570e+00
1.183767795562744141e+00
1.232839822769165039e+00
1.247678399085998535e+00
1.255078196525573730e+00
1.017183899879455566e+00
1.024181962013244629e+00
1.262599945068359375e+00
1.096451759338378906e+00
1.064580440521240234e+00
1.076834201812744141e+00
4.126281142234802246e-01
3.486829698085784912e-01
3.348418474197387695e-01
3.801466822624206543e-01
3.271876573562622070e-01
2.909480929374694824e-01
3.718110918998718262e-01
1.157596588134765625e+00
5.037609934806823730e-01
3.623415529727935791e-01
3.993565440177917480e-01
3.326381146907806396e-01
3.272668719291687012e-01
4.958110749721527100e-01
4.459427893161773682e-01
3.402265012264251709e-01
4.801546037197113037e-01
4.945110082626342773e-01
3.640508353710174561e-01
4.116306602954864502e-01
5.207306742668151855e-01
3.762004971504211426e-01
3.844626247882843018e-01
4.572769999504089355e-01
3.916848301887512207e-01
3.681842088699340820e-01
4.326961934566497803e-01
4.379544854164123535e-01
3.454053103923797607e-01
4.085881710052490234e-01
4.965352416038513184e-01
3.504637777805328369e-01
1.379920482635498047e+00
1.712118387222290039e+00
1.901282191276550293e+00
1.745524644851684570e+00
1.464584708213806152e+00
5.855044126510620117e-01
4.812808632850646973e-01
4.751687645912170410e-01
5.873824954032897949e-01
4.633310139179229736e-01
5.017406344413757324e-01
6.442096233367919922e-01
5.409385561943054199e-01
4.484798312187194824e-01
5.370244383811950684e-01
6.210085749626159668e-01
4.579271674156188965e-01
4.984394013881683350e-01
5.730713009834289551e-01
4.895805418491363525e-01
6.381934285163879395e-01
1.823629975318908691e+00
1.669422388076782227e+00
2.095852375030517578e+00
1.919841885566711426e+00
1.966416597366333008e+00
1.745549321174621582e+00
1.839198708534240723e+00
1.597481608390808105e+00
1.455800414085388184e+00
1.468296766281127930e+00
1.429209351539611816e+00
1.485380172729492188e+00
1.422083377838134766e+00
1.405651450157165527e+00
1.467978000640869141e+00
1.374399662017822266e+00
1.401622772216796875e+00
1.467659831047058105e+00
1.488252162933349609e+00
1.517189025878906250e+00
1.601508378982543945e+00
2.148835420608520508e+00
1.300824284553527832e+00
1.381017446517944336e+00
1.544530510902404785e+00
1.448086977005004883e+00
1.413522124290466309e+00
1.493817210197448730e+00
1.438995480537414551e+00
1.379273653030395508e+00
1.362590670585632324e+00
1.425863146781921387e+00
1.359371662139892578e+00
7.262523174285888672e-01
4.042135775089263916e-01
3.710636198520660400e-01
3.735809326171875000e-01
3.860943317413330078e-01
3.836480081081390381e-01
3.506351113319396973e-01
3.486410379409790039e-01
4.414475858211517334e-01
3.820124566555023193e-01
3.280565738677978516e-01
3.639686107635498047e-01
5.351570248603820801e-01
1.147402644157409668e+00
3.618969619274139404e-01
5.265418291091918945e-01
4.541070759296417236e-01
3.823060095310211182e-01
8.243643045425415039e-01
1.485452890396118164e+00
1.510206103324890137e+00
1.447611451148986816e+00
1.623740196228027344e+00
1.370087265968322754e+00
1.392245888710021973e+00
1.439931988716125488e+00
1.334987640380859375e+00
1.292302846908569336e+00
1.417636871337890625e+00
1.370403528213500977e+00
1.277809977531433105e+00
1.377845525741577148e+00
1.420729279518127441e+00
1.856667160987854004e+00
1.431492805480957031e+00
1.355542540550231934e+00
1.491613984107971191e+00
1.983989238739013672e+00
1.227722644805908203e+00
1.384226560592651367e+00
1.316823124885559082e+00
1.280823111534118652e+00
1.367806434631347656e+00
1.871042251586914062e+00
1.821343064308166504e+00
7.624304890632629395e-01
6.553333401679992676e-01
4.977656602859497070e-01
5.146287083625793457e-01
6.096792817115783691e-01
4.700403809547424316e-01
4.018075466156005859e-01
5.541325211524963379e-01
3.858421444892883301e-01
3.649959266185760498e-01
3.849499821662902832e-01
4.150316715240478516e-01
3.126719892024993896e-01
3.415084779262542725e-01
1.233388304710388184e+00
1.443964004516601562e+00
1.330539584159851074e+00
1.771252036094665527e+00
1.863540530204772949e+00
9.473147392272949219e-01
3.343186080455780029e-01
4.751435220241546631e-01
3.324944674968719482e-01
3.551768958568572998e-01
4.521763324737548828e-01
3.930690288543701172e-01
4.012434482574462891e-01
4.897033572196960449e-01
5.183923244476318359e-01
3.789943754673004150e-01
3.912914991378784180e-01
4.893078207969665527e-01
4.232669472694396973e-01
3.677944540977478027e-01
4.807088077068328857e-01
4.432426393032073975e-01
1.026983737945556641e+00
6.618916392326354980e-01
5.132579207420349121e-01
3.843491375446319580e-01
4.051490724086761475e-01
1.469192266464233398e+00
6.822491884231567383e-01
4.618078470230102539e-01
1.561531424522399902e+00
1.684735774993896484e+00
1.931059598922729492e+00
1.389791011810302734e+00
1.527771115303039551e+00
1.445120215415954590e+00
1.370359897613525391e+00
1.501420974731445312e+00
5.545496940612792969e-01
7.895969152450561523e-01
5.871147513389587402e-01
6.268564462661743164e-01
6.274507045745849609e-01
5.787996649742126465e-01
5.701590180397033691e-01
4.676707983016967773e-01
4.329752027988433838e-01
4.640126824378967285e-01
4.707116484642028809e-01
3.979120552539825439e-01
3.924783468246459961e-01
4.178348779678344727e-01
3.447482883930206299e-01
3.467615544795989990e-01
4.035984873771667480e-01
3.568075001239776611e-01
3.694500029087066650e-01
3.580513596534729004e-01
4.903926849365234375e-01
1.186263203620910645e+00
3.351600766181945801e-01
3.752255141735076904e-01
3.367835581302642822e-01
3.581947386264801025e-01
3.776847422122955322e-01
3.374671638011932373e-01
3.362298905849456787e-01
4.841421842575073242e-01
4.902024865150451660e-01
3.659514188766479492e-01
4.203971326351165771e-01
4.897688627243041992e-01
4.297066032886505127e-01
3.861565589904785156e-01
4.796557426452636719e-01
4.996166527271270752e-01
3.938293755054473877e-01
3.924487531185150146e-01
4.336012601852416992e-01
3.355643749237060547e-01
3.288544714450836182e-01
4.230386316776275635e-01
3.606029450893402100e-01
3.420503437519073486e-01
1.169508337974548340e+00
1.737273693084716797e+00
1.635825157165527344e+00
1.189434170722961426e+00
9.751214385032653809e-01
3.394579291343688965e-01
3.683338761329650879e-01
7.792477607727050781e-01
1.370956063270568848e+00
1.160172581672668457e+00
1.132272720336914062e+00
1.454830884933471680e+00
1.147313594818115234e+00
1.070121288299560547e+00
1.305506229400634766e+00
1.216689705848693848e+00
1.118550300598144531e+00
1.390388846397399902e+00
1.358074903488159180e+00
1.288245677947998047e+00
1.650528073310852051e+00
1.265051245689392090e+00
1.205157041549682617e+00
1.097895383834838867e+00
1.340831160545349121e+00
1.359675645828247070e+00
1.892346501350402832e+00
1.202450275421142578e+00
1.362342596054077148e+00
1.511452078819274902e+00
2.411640167236328125e+00
2.372582912445068359e+00
2.297012567520141602e+00
2.176333189010620117e+00
2.305110931396484375e+00
1.177335500717163086e+00
6.053386926651000977e-01
8.489645719528198242e-01
7.431249618530273438e-01
5.804127454757690430e-01
6.318730115890502930e-01
5.742017030715942383e-01
4.811690449714660645e-01
1.217924237251281738e+00
1.099891304969787598e+00
1.051885843276977539e+00
1.249907016754150391e+00
1.353780269622802734e+00
1.102879524230957031e+00
1.293786883354187012e+00
1.777314186096191406e+00
6.536610722541809082e-01
4.931821823120117188e-01
6.181387901306152344e-01
6.024442315101623535e-01
4.899941682815551758e-01
4.142822921276092529e-01
3.951154351234436035e-01
3.832420706748962402e-01
3.867499828338623047e-01
3.794474601745605469e-01
3.412335515022277832e-01
3.685632944107055664e-01
4.029395580291748047e-01
3.014841377735137939e-01
3.674167394638061523e-01
4.316897094249725342e-01
3.486723005771636963e-01
3.656107187271118164e-01
5.459740161895751953e-01
4.364485740661621094e-01
4.236997365951538086e-01
4.425242245197296143e-01
5.499884486198425293e-01
4.087992310523986816e-01
1.030645966529846191e+00
9.089331030845642090e-01
4.440142214298248291e-01
3.930092751979827881e-01
4.298754334449768066e-01
4.062260091304779053e-01
1.279846787452697754e+00
2.278442621231079102e+00
2.156958580017089844e+00
1.832762002944946289e+00
1.516822814941406250e+00
1.916915297508239746e+00
2.818211317062377930e+00
1.308114767074584961e+00
1.532189011573791504e+00
2.162777662277221680e+00
1.600785613059997559e+00
1.413730740547180176e+00
1.558693170547485352e+00
3.096119880676269531e+00
1.954553842544555664e+00
1.280204534530639648e+00
1.379164576530456543e+00
1.621769666671752930e+00
7.127121686935424805e-01
4.506457746028900146e-01
6.668777465820312500e-01
4.849696755409240723e-01
3.243534862995147705e-01
4.664362668991088867e-01
5.018143653869628906e-01
3.939987719058990479e-01
3.693458437919616699e-01
4.582158029079437256e-01
4.313862621784210205e-01
3.846942484378814697e-01
4.321282505989074707e-01
3.327861130237579346e-01
3.437335789203643799e-01
3.670735657215118408e-01
9.750057458877563477e-01
6.530558466911315918e-01
4.270020723342895508e-01
3.663875162601470947e-01
3.271512091159820557e-01
3.678383231163024902e-01
3.615299463272094727e-01
2.973485589027404785e-01
3.556420505046844482e-01
4.808195531368255615e-01
2.778039872646331787e-01
3.549025356769561768e-01
4.516081213951110840e-01
3.993861675262451172e-01
3.555384278297424316e-01
4.772453308105468750e-01
4.086942374706268311e-01
3.925002813339233398e-01
4.308545291423797607e-01
4.197916388511657715e-01
4.266739785671234131e-01
4.250052571296691895e-01
3.823531568050384521e-01
3.746060729026794434e-01
1.115510225296020508e+00
1.386432528495788574e+00
5.578525662422180176e-01
6.122062206268310547e-01
9.592873454093933105e-01
7.316945195198059082e-01
7.165155410766601562e-01
1.334606289863586426e+00
1.403667807579040527e+00
1.434675097465515137e+00
1.856335878372192383e+00
2.070877313613891602e+00
1.373503327369689941e+00
1.458578586578369141e+00
1.326716184616088867e+00
3.780166506767272949e-01
1.369912028312683105e+00
1.922863006591796875e+00
1.709126591682434082e+00
1.661468148231506348e+00
1.512196540832519531e+00
1.634809374809265137e+00
1.760073781013488770e+00
2.729993343353271484e+00
2.529448986053466797e+00
2.531400680541992188e+00
3.470507621765136719e+00
3.295450687408447266e+00
2.064388513565063477e+00
9.834334850311279297e-01
1.105175733566284180e+00
9.792373180389404297e-01
8.564134836196899414e-01
1.296496629714965820e+00
7.006483078002929688e-01
3.216040134429931641e-01
3.692523837089538574e-01
3.599083721637725830e-01
3.682423233985900879e-01
3.597883284091949463e-01
3.292617797851562500e-01
4.587039649486541748e-01
1.280850529670715332e+00
3.529416322708129883e-01
3.937156200408935547e-01
4.885225296020507812e-01
4.069594740867614746e-01
4.474305808544158936e-01
4.508765637874603271e-01
5.033038258552551270e-01
1.338577508926391602e+00
1.618457436561584473e+00
1.596231460571289062e+00
1.224011659622192383e+00
3.066637814044952393e-01
3.414791226387023926e-01
4.025936424732208252e-01
3.208266794681549072e-01
3.684256970882415771e-01
4.256463944911956787e-01
3.684199452400207520e-01
3.704543113708496094e-01
3.884669244289398193e-01
4.099841415882110596e-01
4.673026800155639648e-01
1.188715577125549316e+00
4.255129098892211914e-01
4.340373575687408447e-01
3.751605749130249023e-01
3.578877449035644531e-01
4.964014589786529541e-01
4.287486374378204346e-01
4.080040752887725830e-01
5.020782947540283203e-01
5.841509103775024414e-01
4.451646208763122559e-01
4.200610816478729248e-01
6.359918713569641113e-01
6.038111448287963867e-01
4.909247159957885742e-01
6.941601037979125977e-01
1.965953588485717773e+00
2.397601366043090820e+00
2.467524290084838867e+00
2.355666399002075195e+00
1.983702063560485840e+00
1.989336371421813965e+00
1.995619535446166992e+00
2.281123638153076172e+00
1.934278607368469238e+00
4.277256488800048828e+00
4.531811237335205078e+00
4.668118953704833984e+00
3.146078824996948242e+00
2.571055650711059570e+00
1.673790216445922852e+00
1.809517383575439453e+00
1.799918532371520996e+00
2.790013313293457031e+00
2.702124118804931641e+00
3.888295412063598633e+00
5.075828552246093750e+00
3.179676532745361328e+00
3.070832729339599609e+00
3.037528038024902344e+00
1.595186591148376465e+00
1.662022352218627930e+00
4.755664348602294922e+00
4.195023536682128906e+00
2.891185283660888672e+00
2.994315385818481445e+00
1.822589993476867676e+00
4.189794957637786865e-01
5.044212937355041504e-01
6.868575811386108398e-01
2.148373126983642578e+00
2.704831123352050781e+00
2.854377031326293945e+00
2.389862298965454102e+00
5.844271779060363770e-01
8.389745354652404785e-01
1.485915303230285645e+00
4.749891281127929688e+00
2.839578151702880859e+00
1.605292320251464844e+00
1.702377200126647949e+00
1.263051986694335938e+00
3.718157410621643066e-01
7.912425994873046875e-01
8.396720886230468750e-01
4.846242964267730713e-01
4.294610023498535156e-01
6.446095108985900879e-01
1.590108036994934082e+00
8.095553517341613770e-01
5.388230681419372559e-01
4.884476959705352783e-01
4.150355160236358643e-01
4.915716052055358887e-01
5.862302184104919434e-01
4.747436344623565674e-01
4.034526646137237549e-01
5.465060472488403320e-01
5.278991460800170898e-01
4.530575573444366455e-01
6.869006156921386719e-01
1.165410876274108887e+00
9.180133938789367676e-01
8.806790709495544434e-01
1.046547532081604004e+00
1.210875511169433594e+00
1.229921817779541016e+00
1.663072347640991211e+00
3.049955844879150391e+00
2.461117506027221680e+00
2.576637744903564453e+00
4.535713672637939453e+00
4.119094371795654297e+00
3.973111391067504883e+00
3.275291681289672852e+00
3.013010978698730469e+00
2.110055923461914062e+00
4.562064170837402344e+00
4.372385501861572266e+00
4.854820728302001953e+00
4.155706405639648438e+00
3.827694416046142578e+00
3.318485498428344727e+00
3.551633119583129883e+00
2.999772548675537109e+00
1.785121083259582520e+00
2.324865102767944336e+00
3.174401521682739258e+00
2.287440538406372070e+00
1.164881587028503418e+00
2.253149032592773438e+00
1.821016669273376465e+00
1.478863477706909180e+00
1.706316828727722168e+00
1.330628395080566406e+00
3.383034467697143555e-01
3.713604807853698730e-01
4.899966418743133545e-01
3.427408039569854736e-01
3.277843892574310303e-01
3.637904226779937744e-01
4.803733229637145996e-01
3.618786036968231201e-01
3.123200535774230957e-01
1.204483866691589355e+00
5.934247374534606934e-01
2.600778043270111084e-01
3.766795992851257324e-01
3.936155736446380615e-01
3.516372144222259521e-01
3.275209665298461914e-01
5.749732851982116699e-01
2.860433757305145264e-01
3.184064030647277832e-01
4.398616552352905273e-01
4.088962674140930176e-01
3.354656994342803955e-01
4.453765153884887695e-01
4.748601317405700684e-01
3.660196661949157715e-01
3.720887601375579834e-01
5.066505670547485352e-01
4.338068366050720215e-01
3.548175692558288574e-01
4.791856706142425537e-01
1.253278493881225586e+00
3.284263312816619873e-01
3.752403259277343750e-01
5.121478438377380371e-01
3.196730017662048340e-01
3.435027897357940674e-01
4.758819639682769775e-01
4.224158525466918945e-01
3.812529444694519043e-01
4.728424847126007080e-01
6.594058871269226074e-01
4.709221422672271729e-01
5.037894845008850098e-01
6.576606631278991699e-01
6.665781736373901367e-01
1.911857128143310547e+00
2.764492750167846680e+00
2.779047012329101562e+00
2.744871854782104492e+00
2.661047935485839844e+00
2.485607147216796875e+00
1.890105009078979492e+00
1.897458195686340332e+00
2.488762855529785156e+00
1.524335026741027832e+00
1.554701209068298340e+00
2.275981664657592773e+00
1.580721378326416016e+00
1.855949401855468750e+00
2.198442697525024414e+00
1.412585496902465820e+00
1.415010213851928711e+00
1.393095254898071289e+00
1.510616421699523926e+00
1.384770154953002930e+00
1.380504608154296875e+00
1.446038603782653809e+00
1.400606870651245117e+00
1.431717038154602051e+00
1.345417618751525879e+00
1.532809019088745117e+00
1.389932513236999512e+00
1.466129541397094727e+00
1.486166000366210938e+00
1.451390385627746582e+00
1.443288683891296387e+00
1.470319390296936035e+00
1.528814911842346191e+00
1.835795760154724121e+00
1.631357073783874512e+00
2.283955335617065430e+00
1.446964025497436523e+00
1.580929636955261230e+00
1.733326196670532227e+00
2.436023950576782227e+00
1.225962162017822266e+00
1.517295360565185547e+00
1.467915534973144531e+00
1.339397311210632324e+00
1.452619194984436035e+00
1.516589045524597168e+00
1.340534806251525879e+00
1.444036960601806641e+00
1.911038875579833984e+00
1.434937953948974609e+00
1.459657192230224609e+00
1.560887932777404785e+00
1.644429326057434082e+00
1.746393561363220215e+00
1.646288871765136719e+00
1.568644285202026367e+00
9.017067551612854004e-01
1.136753439903259277e+00
1.240949034690856934e+00
5.886557102203369141e-01
4.897631108760833740e-01
9.734899997711181641e-01
8.984419703483581543e-01
8.581915497779846191e-01
6.828417778015136719e-01
9.747895002365112305e-01
1.130101561546325684e+00
1.026957750320434570e+00
1.129440784454345703e+00
1.152611613273620605e+00
1.052350401878356934e+00
1.429990530014038086e+00
1.594043850898742676e+00
1.428510665893554688e+00
1.698310732841491699e+00
2.522437572479248047e+00
1.629761338233947754e+00
1.789691686630249023e+00
2.010816335678100586e+00
1.630563020706176758e+00
1.233744382858276367e+00
2.529013156890869141e+00
2.520779371261596680e+00
2.682300567626953125e+00
2.549260377883911133e+00
2.576488971710205078e+00
2.554147481918334961e+00
1.330850124359130859e+00
1.450080275535583496e+00
1.829258203506469727e+00
1.895835041999816895e+00
1.722601532936096191e+00
1.826670765876770020e+00
1.850039839744567871e+00
1.586452484130859375e+00
8.451365232467651367e-01
8.835963010787963867e-01
7.815071940422058105e-01
3.873167932033538818e-01
3.695881664752960205e-01
3.909442126750946045e-01
3.002539873123168945e-01
3.501820266246795654e-01
3.453332185745239258e-01
3.142773807048797607e-01
2.973367571830749512e-01
3.523205220699310303e-01
3.761758208274841309e-01
2.778453826904296875e-01
3.143445253372192383e-01
3.633304834365844727e-01
3.192045688629150391e-01
3.019062578678131104e-01
7.392467260360717773e-01
1.093777656555175781e+00
3.625948131084442139e-01
1.150187253952026367e+00
1.543018579483032227e+00
1.448319196701049805e+00
1.289743661880493164e+00
3.351746201515197754e-01
4.800282418727874756e-01
4.028082787990570068e-01
3.553704321384429932e-01
3.898374140262603760e-01
3.961638510227203369e-01
3.082710802555084229e-01
3.199909627437591553e-01
4.504876136779785156e-01
3.611527979373931885e-01
3.087677359580993652e-01
3.916259109973907471e-01
4.860452413558959961e-01
3.153126537799835205e-01
5.633444190025329590e-01
1.231023907661437988e+00
4.581752419471740723e-01
3.991375565528869629e-01
4.144579768180847168e-01
5.696642994880676270e-01
4.059499800205230713e-01
4.416556358337402344e-01
5.711704492568969727e-01
6.536840796470642090e-01
1.488388180732727051e+00
2.042008161544799805e+00
2.303809165954589844e+00
2.792814493179321289e+00
2.520346879959106445e+00
2.820100307464599609e+00
2.259560346603393555e+00
2.146329164505004883e+00
1.961068391799926758e+00
2.134001493453979492e+00
1.478110909461975098e+00
1.462470054626464844e+00
2.826695203781127930e+00
2.112468481063842773e+00
1.327566385269165039e+00
1.436211705207824707e+00
1.555001854896545410e+00
1.444359540939331055e+00
1.459888815879821777e+00
8.327848315238952637e-01
2.418677806854248047e+00
1.169718623161315918e+00
5.294513702392578125e-01
1.547226548194885254e+00
7.541401386260986328e-01
5.592660903930664062e-01
1.407513141632080078e+00
2.585209369659423828e+00
3.075420618057250977e+00
3.031433582305908203e+00
2.031548976898193359e+00
1.832643389701843262e+00
2.091820001602172852e+00
1.964334011077880859e+00
1.888535499572753906e+00
2.238095521926879883e+00
2.061842918395996094e+00
1.727933883666992188e+00
1.925008058547973633e+00
1.962092399597167969e+00
9.689701199531555176e-01
8.232426643371582031e-01
7.979639768600463867e-01
6.273394227027893066e-01
5.983626246452331543e-01
1.395241498947143555e+00
5.339509844779968262e-01
3.559134006500244141e-01
5.044087171554565430e-01
6.947639584541320801e-01
1.404186367988586426e+00
2.145063638687133789e+00
2.253769397735595703e+00
2.185988664627075195e+00
2.087585210800170898e+00
1.618065237998962402e+00
1.558019995689392090e+00
2.776295661926269531e+00
1.570692062377929688e+00
1.424864888191223145e+00
1.422876000404357910e+00
1.488286137580871582e+00
1.475175023078918457e+00
1.428879022598266602e+00
1.514067292213439941e+00
1.568118333816528320e+00
2.086567401885986328e+00
1.467078924179077148e+00
1.351840496063232422e+00
1.241808295249938965e+00
1.116291999816894531e+00
2.424443244934082031e+00
3.485889673233032227e+00
2.926895141601562500e+00
2.113395214080810547e+00
2.073515892028808594e+00
2.001700639724731445e+00
1.592380881309509277e+00
1.587728142738342285e+00
3.109690666198730469e+00
1.398334622383117676e+00
1.028246521949768066e+00
1.238694548606872559e+00
1.183858275413513184e+00
8.848398923873901367e-01
1.335193514823913574e+00
1.661002159118652344e+00
2.655488491058349609e+00
4.807285666465759277e-01
5.566229820251464844e-01
5.438960790634155273e-01
5.479179024696350098e-01
4.050580561161041260e-01
5.410791635513305664e-01
1.616970777511596680e+00
1.169794559478759766e+00
1.768414258956909180e+00
8.971465826034545898e-01
7.289266586303710938e-01
7.473350763320922852e-01
4.942947626113891602e-01
4.531770646572113037e-01
4.192719757556915283e-01
3.704987168312072754e-01
3.830652832984924316e-01
3.786484599113464355e-01
5.240206718444824219e-01
1.233234524726867676e+00
5.618700385093688965e-01
4.514696896076202393e-01
4.120354950428009033e-01
4.528464972972869873e-01
3.870638012886047363e-01
3.816026747226715088e-01
4.429630637168884277e-01
3.841931819915771484e-01
3.445915281772613525e-01
3.400220274925231934e-01
4.455363154411315918e-01
4.506767392158508301e-01
4.121983051300048828e-01
5.461981892585754395e-01
4.517489969730377197e-01
4.385383129119873047e-01
5.215612053871154785e-01
4.591381251811981201e-01
4.577476382255554199e-01
4.571879208087921143e-01
5.261906981468200684e-01
4.651515781879425049e-01
1.160652279853820801e+00
6.571908593177795410e-01
3.965659737586975098e-01
4.485357403755187988e-01
4.867570698261260986e-01
4.405718445777893066e-01
4.608205556869506836e-01
4.153183698654174805e-01
4.001251161098480225e-01
4.123068749904632568e-01
4.020271003246307373e-01
5.054061412811279297e-01
4.002207815647125244e-01
4.735661149024963379e-01
4.163254201412200928e-01
3.971092402935028076e-01
4.191050529479980469e-01
1.557291746139526367e+00
1.422562718391418457e+00
1.337780117988586426e+00
6.723638176918029785e-01
1.084096431732177734e+00
6.181192994117736816e-01
5.994798541069030762e-01
7.153062224388122559e-01
1.326594471931457520e+00
5.551866888999938965e-01
5.593516230583190918e-01
5.722298622131347656e-01
4.758495986461639404e-01
1.386262059211730957e+00
2.604601144790649414e+00
2.392508983612060547e+00
1.518526911735534668e+00
1.834716677665710449e+00
1.876860022544860840e+00
1.613196134567260742e+00
1.784038901329040527e+00
2.090950250625610352e+00
1.787604928016662598e+00
1.821931838989257812e+00
2.148858785629272461e+00
2.062745094299316406e+00
1.930498003959655762e+00
2.131143569946289062e+00
2.309512376785278320e+00
2.358901023864746094e+00
2.038408994674682617e+00
2.140625476837158203e+00
1.531754851341247559e+00
1.021703243255615234e+00
1.035584092140197754e+00
2.538406848907470703e+00
1.464071512222290039e+00
9.353276491165161133e-01
7.665246725082397461e-01
7.312279939651489258e-01
8.739982247352600098e-01
1.286125540733337402e+00
1.466387391090393066e+00
2.706400156021118164e+00
1.259716987609863281e+00
8.991946578025817871e-01
1.071609139442443848e+00
1.343631505966186523e+00
2.370258808135986328e+00
1.507024645805358887e+00
1.768483042716979980e+00
2.113161563873291016e+00
1.896763086318969727e+00
1.893619418144226074e+00
1.106300354003906250e+00
9.790393710136413574e-01
9.261530041694641113e-01
1.500590682029724121e+00
1.027637720108032227e+00
1.139971375465393066e+00
1.130132317543029785e+00
1.200890660285949707e+00
1.205640792846679688e+00
1.666287541389465332e+00
1.604222536087036133e+00
1.644830107688903809e+00
1.617774486541748047e+00
1.687204241752624512e+00
1.825927138328552246e+00
2.612649202346801758e+00
2.294659614562988281e+00
2.108249664306640625e+00
1.366892933845520020e+00
1.098390340805053711e+00
2.187767267227172852e+00
2.698765993118286133e+00
2.399833679199218750e+00
2.619354009628295898e+00
2.529235839843750000e+00
2.377900123596191406e+00
1.787689924240112305e+00
1.714595198631286621e+00
1.532599925994873047e+00
1.468462109565734863e+00
2.088193893432617188e+00
2.170613288879394531e+00
1.623716592788696289e+00
1.801730632781982422e+00
1.667379021644592285e+00
1.300402522087097168e+00
1.350693106651306152e+00
1.716159939765930176e+00
1.447018265724182129e+00
1.019859671592712402e+00
6.873126029968261719e-01
7.097973823547363281e-01
6.280710101127624512e-01
3.372174501419067383e-01
3.876969814300537109e-01
3.823159039020538330e-01
3.466014862060546875e-01
2.990613877773284912e-01
3.875374495983123779e-01
3.464529216289520264e-01
3.278120756149291992e-01
3.743478655815124512e-01
4.051136970520019531e-01
3.489088416099548340e-01
3.299815654754638672e-01
3.528015613555908203e-01
3.612536489963531494e-01
4.438818395137786865e-01
1.064222693443298340e+00
3.713755309581756592e-01
3.434630632400512695e-01
3.330503404140472412e-01
3.963828682899475098e-01
5.002629756927490234e-01
4.149307906627655029e-01
4.298905134201049805e-01
4.406154155731201172e-01
1.593201041221618652e+00
1.341758966445922852e+00
1.343495607376098633e+00
8.326867222785949707e-01
4.037056565284729004e-01
3.695253729820251465e-01
3.915475010871887207e-01
5.063452124595642090e-01
3.900939524173736572e-01
3.692888319492340088e-01
4.311269819736480713e-01
4.511224031448364258e-01
4.135104119777679443e-01
4.063932001590728760e-01
4.960637986660003662e-01
5.063673853874206543e-01
4.081205725669860840e-01
4.453907608985900879e-01
5.278756022453308105e-01
1.439454317092895508e+00
2.010015249252319336e+00
2.561602115631103516e+00
2.716859102249145508e+00
2.442175149917602539e+00
2.534857511520385742e+00
2.507840156555175781e+00
2.181883573532104492e+00
2.311746597290039062e+00
1.832532644271850586e+00
1.733652949333190918e+00
1.894656062126159668e+00
1.628724098205566406e+00
1.642993927001953125e+00
1.796042561531066895e+00
1.980000853538513184e+00
1.248894572257995605e+00
1.342618823051452637e+00
1.456131815910339355e+00
1.393181324005126953e+00
1.251340270042419434e+00
1.375027894973754883e+00
1.415003061294555664e+00
1.332481265068054199e+00
1.198251366615295410e+00
1.259832143783569336e+00
1.348339438438415527e+00
1.293871045112609863e+00
1.246765375137329102e+00
1.270655751228332520e+00
1.387368321418762207e+00
1.304398536682128906e+00
1.274793267250061035e+00
1.335771560668945312e+00
1.521056532859802246e+00
1.737230658531188965e+00
1.535553336143493652e+00
1.430070519447326660e+00
1.543972730636596680e+00
1.620204567909240723e+00
1.523372650146484375e+00
1.472420811653137207e+00
2.044774532318115234e+00
3.374849796295166016e+00
1.566460251808166504e+00
1.500609040260314941e+00
1.617905974388122559e+00
1.575986862182617188e+00
1.507098078727722168e+00
7.490515112876892090e-01
8.539539575576782227e-01
1.750518441200256348e+00
1.199143290519714355e+00
4.860767424106597900e-01
5.300113558769226074e-01
4.394474923610687256e-01
5.179162621498107910e-01
6.739563345909118652e-01
4.750692546367645264e-01
4.013051092624664307e-01
5.191850662231445312e-01
5.244066119194030762e-01
4.234957993030548096e-01
5.513405799865722656e-01
6.705251932144165039e-01
5.965873003005981445e-01
7.998393774032592773e-01
1.274317145347595215e+00
1.171086430549621582e+00
1.189484953880310059e+00
1.309546709060668945e+00
1.800615549087524414e+00
1.986444950103759766e+00
2.098095655441284180e+00
2.402749538421630859e+00
2.381608247756958008e+00
1.944796323776245117e+00
1.307965993881225586e+00
1.871578693389892578e+00
2.739564418792724609e+00
3.177186727523803711e+00
2.472826957702636719e+00
2.807476758956909180e+00
2.487197160720825195e+00
2.618232727050781250e+00
2.423084497451782227e+00
2.718188047409057617e+00
2.753184556961059570e+00
2.654816865921020508e+00
2.860219955444335938e+00
2.475550413131713867e+00
2.288349151611328125e+00
2.558367013931274414e+00
2.521484136581420898e+00
2.505156755447387695e+00
1.963807463645935059e+00
9.595266580581665039e-01
9.849461913108825684e-01
8.499149084091186523e-01
4.616132378578186035e-01
4.002679288387298584e-01
3.109062612056732178e-01
4.576637744903564453e-01
1.266157507896423340e+00
3.411442041397094727e-01
3.008624911308288574e-01
4.454981982707977295e-01
4.439786076545715332e-01
3.144434988498687744e-01
2.949737608432769775e-01
4.631690084934234619e-01
3.527922630310058594e-01
3.008309602737426758e-01
2.972202599048614502e-01
3.849266767501831055e-01
3.020600080490112305e-01
2.757891118526458740e-01
3.157207965850830078e-01
2.719991505146026611e-01
2.715978622436523438e-01
2.793523669242858887e-01
3.756133615970611572e-01
2.784604728221893311e-01
3.016984760761260986e-01
3.021115362644195557e-01
3.145539462566375732e-01
2.603028416633605957e-01
2.741719186305999756e-01
3.625608384609222412e-01
2.891675531864166260e-01
2.591571211814880371e-01
3.310236632823944092e-01
4.522867798805236816e-01
2.659752964973449707e-01
3.256486058235168457e-01
4.733895957469940186e-01
4.875560700893402100e-01
3.838768899440765381e-01
4.694680571556091309e-01
6.140215396881103516e-01
5.118498802185058594e-01
1.441483378410339355e+00
1.527212262153625488e+00
1.617630839347839355e+00
1.699625253677368164e+00
2.571053743362426758e+00
2.277683734893798828e+00
2.002275228500366211e+00
2.059655904769897461e+00
2.500908851623535156e+00
2.149288415908813477e+00
1.814671635627746582e+00
1.928377509117126465e+00
2.131483554840087891e+00
1.669208407402038574e+00
1.714711308479309082e+00
1.825220823287963867e+00
2.617025613784790039e+00
1.489699482917785645e+00
1.726969003677368164e+00
2.375281095504760742e+00
1.723993182182312012e+00
1.894115328788757324e+00
1.932603001594543457e+00
9.416834115982055664e-01
1.014480233192443848e+00
1.192260980606079102e+00
1.764604568481445312e+00
1.002598404884338379e+00
1.215951323509216309e+00
1.008579969406127930e+00
9.354441165924072266e-01
2.096540927886962891e+00
1.409630179405212402e+00
2.011193752288818359e+00
1.500060319900512695e+00
2.153565406799316406e+00
2.895576238632202148e+00
1.438225269317626953e+00
5.395368337631225586e-01
4.699455499649047852e-01
5.643196702003479004e-01
6.024658679962158203e-01
7.094265222549438477e-01
1.681174159049987793e+00
1.436200976371765137e+00
2.367556393146514893e-01
4.233773946762084961e-01
5.219569802284240723e-01
5.098402500152587891e-01
7.280430197715759277e-01
1.013986349105834961e+00
5.313231945037841797e-01
4.703662693500518799e-01
5.134421586990356445e-01
4.824712574481964111e-01
5.275992751121520996e-01
5.198025703430175781e-01
5.634776353836059570e-01
5.733898282051086426e-01
5.575820207595825195e-01
5.283067226409912109e-01
5.887746810913085938e-01
1.501024842262268066e+00
5.130644440650939941e-01
7.409661412239074707e-01
9.006328582763671875e-01
7.558540701866149902e-01
2.447205543518066406e+00
2.568198919296264648e+00
2.708784103393554688e+00
2.942923545837402344e+00
2.955730199813842773e+00
2.573670864105224609e+00
2.891977548599243164e+00
2.817878246307373047e+00
2.969806671142578125e+00
2.875875473022460938e+00
2.519556045532226562e+00
2.886260509490966797e+00
2.144585609436035156e+00
2.255824327468872070e+00
2.403699398040771484e+00
2.457673311233520508e+00
2.659308433532714844e+00
2.587463617324829102e+00
2.657446146011352539e+00
3.816390752792358398e+00
3.951543569564819336e+00
4.131784915924072266e+00
3.588729619979858398e+00
3.115232706069946289e+00
2.402665138244628906e+00
2.478685617446899414e+00
2.585539817810058594e+00
2.495569467544555664e+00
2.281437873840332031e+00
2.348198413848876953e+00
2.190288543701171875e+00
2.128884792327880859e+00
2.318948268890380859e+00
2.213581085205078125e+00
2.165115594863891602e+00
2.072613954544067383e+00
1.736535072326660156e+00
6.209781765937805176e-01
7.122420668601989746e-01
8.859933018684387207e-01
8.579974770545959473e-01
6.679974794387817383e-01
1.153189420700073242e+00
1.037598252296447754e+00
7.630573511123657227e-01
5.906760692596435547e-01
5.811489820480346680e-01
4.850880801677703857e-01
4.287031292915344238e-01
3.055399656295776367e-01
3.236992359161376953e-01
4.493166506290435791e-01
3.478883802890777588e-01
2.928264737129211426e-01
3.265876770019531250e-01
4.506073892116546631e-01
2.978227436542510986e-01
2.875024080276489258e-01
3.220464289188385010e-01
4.042930603027343750e-01
2.705011963844299316e-01
2.831524610519409180e-01
3.578030467033386230e-01
3.803363442420959473e-01
2.620598077774047852e-01
3.086290359497070312e-01
3.597929775714874268e-01
3.768429756164550781e-01
3.294169008731842041e-01
3.393630981445312500e-01
4.586189985275268555e-01
4.120552539825439453e-01
3.429504930973052979e-01
3.689327836036682129e-01
5.071258544921875000e-01
5.095307826995849609e-01
4.366897940635681152e-01
5.102384686470031738e-01
6.272138953208923340e-01
5.298951268196105957e-01
4.802403748035430908e-01
1.840451836585998535e+00
2.542340517044067383e+00
2.802292108535766602e+00
2.467698574066162109e+00
2.453463554382324219e+00
2.679998874664306641e+00
2.677984476089477539e+00
2.885520935058593750e+00
2.107362031936645508e+00
2.433168411254882812e+00
1.623972892761230469e+00
3.055641174316406250e+00
2.140959501266479492e+00
1.785634160041809082e+00
1.358249783515930176e+00
1.485006093978881836e+00
1.453235626220703125e+00
1.442714691162109375e+00
1.771231174468994141e+00
4.734118461608886719e+00
4.317279815673828125e+00
3.094327211380004883e+00
2.797175884246826172e+00
1.896419644355773926e+00
1.842548966407775879e+00
1.815842270851135254e+00
3.065540075302124023e+00
5.097449302673339844e+00
3.501948595046997070e+00
2.738919734954833984e+00
2.714023828506469727e+00
1.654708623886108398e+00
1.520757198333740234e+00
1.618873000144958496e+00
2.129221916198730469e+00
1.545405507087707520e+00
1.462659358978271484e+00
1.458640813827514648e+00
1.571737527847290039e+00
1.567253232002258301e+00
1.590932250022888184e+00
2.705280065536499023e+00
2.599494218826293945e+00
2.960108757019042969e+00
2.629616975784301758e+00
2.102009296417236328e+00
1.446770787239074707e+00
1.504019141197204590e+00
1.477467775344848633e+00
2.143324613571166992e+00
1.728975176811218262e+00
1.457127332687377930e+00
1.701517105102539062e+00
1.482996344566345215e+00
1.623246312141418457e+00
1.633500218391418457e+00
1.578464388847351074e+00
1.604078888893127441e+00
1.573665261268615723e+00
1.590995907783508301e+00
1.637159705162048340e+00
1.691529273986816406e+00
1.589900374412536621e+00
9.556350111961364746e-01
6.986418962478637695e-01
1.651322126388549805e+00
1.657008528709411621e+00
1.558962345123291016e+00
2.105858564376831055e+00
2.078835964202880859e+00
2.040890693664550781e+00
1.496267318725585938e+00
1.686858296394348145e+00
1.770109057426452637e+00
1.521464109420776367e+00
1.158300518989562988e+00
1.175858139991760254e+00
1.260029554367065430e+00
4.573392271995544434e-01
4.258280992507934570e-01
4.857500195503234863e-01
6.878407597541809082e-01
4.928209185600280762e-01
4.551456272602081299e-01
4.370962679386138916e-01
5.679103136062622070e-01
4.550231099128723145e-01
3.778664469718933105e-01
4.018132984638214111e-01
4.287376701831817627e-01
5.787081718444824219e-01
1.001626729965209961e+00
3.316442370414733887e-01
3.538615107536315918e-01
5.725212097167968750e-01
4.414481222629547119e-01
4.083535373210906982e-01
3.877474069595336914e-01
1.357963562011718750e+00
1.476170778274536133e+00
1.346267342567443848e+00
1.244786977767944336e+00
1.394974470138549805e+00
3.656721115112304688e-01
8.521038293838500977e-01
6.527491211891174316e-01
5.318793654441833496e-01
1.030850768089294434e+00
7.195116877555847168e-01
4.400494098663330078e-01
4.883114695549011230e-01
5.064877271652221680e-01
4.364614784717559814e-01
3.612772226333618164e-01
3.765102326869964600e-01
4.242517650127410889e-01
3.989226520061492920e-01
3.875374495983123779e-01
3.843521773815155029e-01
4.296158850193023682e-01
3.796998858451843262e-01
4.000393450260162354e-01
4.263631403446197510e-01
4.506243765354156494e-01
4.040370583534240723e-01
5.523536205291748047e-01
4.130765199661254883e-01
4.608041048049926758e-01
3.691819310188293457e-01
3.708248734474182129e-01
4.207745790481567383e-01
5.208559632301330566e-01
4.460675120353698730e-01
4.452199935913085938e-01
3.974510431289672852e-01
5.277078151702880859e-01
4.399792253971099854e-01
4.237693548202514648e-01
3.658549487590789795e-01
4.030305743217468262e-01
1.219051003456115723e+00
1.428773522377014160e+00
1.366287708282470703e+00
1.291913986206054688e+00
1.292722225189208984e+00
2.608255445957183838e-01
4.823262691497802734e-01
1.245318412780761719e+00
4.545922279357910156e-01
4.199147224426269531e-01
1.515625596046447754e+00
7.983767986297607422e-01
8.828535079956054688e-01
8.714439272880554199e-01
8.253439068794250488e-01
8.665362000465393066e-01
1.062223196029663086e+00
1.162985682487487793e+00
1.130562067031860352e+00
1.412616491317749023e+00
9.772281646728515625e-01
1.112260818481445312e+00
1.142741322517395020e+00
1.130657434463500977e+00
1.156043052673339844e+00
1.141337156295776367e+00
1.556293487548828125e+00
1.810011625289916992e+00
1.754063844680786133e+00
1.777015447616577148e+00
2.154176950454711914e+00
2.984738588333129883e+00
1.803041338920593262e+00
1.962720870971679688e+00
3.071244478225708008e+00
2.695657730102539062e+00
2.844059705734252930e+00
2.422759771347045898e+00
2.004799842834472656e+00
1.904218554496765137e+00
5.577213168144226074e-01
9.269012808799743652e-01
8.704105615615844727e-01
6.346734762191772461e-01
5.462206602096557617e-01
1.954594731330871582e+00
1.505500674247741699e+00
2.937623023986816406e+00
2.386008739471435547e+00
1.617511868476867676e+00
1.641935944557189941e+00
1.008895277976989746e+00
1.112564802169799805e+00
1.943074941635131836e+00
3.138468265533447266e+00
2.657311439514160156e+00
3.052475690841674805e+00
3.550798416137695312e+00
1.376954436302185059e+00
1.774396181106567383e+00
1.913910865783691406e+00
1.914825558662414551e+00
2.410613536834716797e+00
2.843755006790161133e+00
3.984751224517822266e+00
3.390967845916748047e+00
2.492274045944213867e+00
2.443689107894897461e+00
2.417914390563964844e+00
2.216023683547973633e+00
2.318899631500244141e+00
2.618951797485351562e+00
1.972319841384887695e+00
1.216297507286071777e+00
1.129135966300964355e+00
1.635130286216735840e+00
1.496694087982177734e+00
1.837878584861755371e+00
2.108236789703369141e+00
1.850704550743103027e+00
6.609545350074768066e-01
6.273435354232788086e-01
1.639631032943725586e+00
2.996561765670776367e+00
2.083528995513916016e+00
2.159327507019042969e+00
2.272282361984252930e+00
1.522248864173889160e+00
1.352563619613647461e+00
1.211545109748840332e+00
1.386927008628845215e+00
9.047026634216308594e-01
9.011939167976379395e-01
7.580783963203430176e-01
5.643177032470703125e-01
6.374278664588928223e-01
5.899415016174316406e-01
5.785924792289733887e-01
5.151528120040893555e-01
5.830221772193908691e-01
5.450464487075805664e-01
3.930879235267639160e-01
3.230742812156677246e-01
3.451918065547943115e-01
3.403926193714141846e-01
2.683002054691314697e-01
2.651549279689788818e-01
3.360547423362731934e-01
3.397416174411773682e-01
1.013850331306457520e+00
1.304872512817382812e+00
1.382080674171447754e+00
7.318392395973205566e-01
3.141713142395019531e-01
3.315778970718383789e-01
3.137851059436798096e-01
4.015967547893524170e-01
2.830431163311004639e-01
2.878392636775970459e-01
3.272205591201782227e-01
3.853008151054382324e-01
4.450856745243072510e-01
3.395478427410125732e-01
3.737736344337463379e-01
4.360366165637969971e-01
4.662345349788665771e-01
3.599061965942382812e-01
3.800011277198791504e-01
4.227491617202758789e-01
4.435970485210418701e-01
3.913531601428985596e-01
4.091991484165191650e-01
4.364080131053924561e-01
4.421920180320739746e-01
3.656501770019531250e-01
3.425999283790588379e-01
4.367012977600097656e-01
4.593371450901031494e-01
4.012922346591949463e-01
3.785947263240814209e-01
3.838437199592590332e-01
4.095486104488372803e-01
4.137669801712036133e-01
3.539511263370513916e-01
3.897941112518310547e-01
4.336604475975036621e-01
4.504955410957336426e-01
4.631490111351013184e-01
1.766052365303039551e+00
1.911873817443847656e+00
2.235993862152099609e+00
2.720835685729980469e+00
2.311135530471801758e+00
2.447552442550659180e+00
2.505311965942382812e+00
2.427236795425415039e+00
2.092708826065063477e+00
2.294411897659301758e+00
2.037085294723510742e+00
1.813026189804077148e+00
2.545558691024780273e+00
2.956989526748657227e+00
1.270571827888488770e+00
1.659565329551696777e+00
1.699264883995056152e+00
1.429107069969177246e+00
1.386954069137573242e+00
1.650604844093322754e+00
2.808808088302612305e+00
2.234223842620849609e+00
1.175890445709228516e+00
1.315730094909667969e+00
1.475962996482849121e+00
1.352945446968078613e+00
1.291878581047058105e+00
1.568829059600830078e+00
1.483674764633178711e+00
1.390919804573059082e+00
1.324341654777526855e+00
1.324265480041503906e+00
1.430466294288635254e+00
1.411821603775024414e+00
1.740908861160278320e+00
1.862621665000915527e+00
1.029587388038635254e+00
7.307864427566528320e-01
1.143988490104675293e+00
6.723125576972961426e-01
9.149141907691955566e-01
9.477812647819519043e-01
1.137251138687133789e+00
1.260730385780334473e+00
1.251434922218322754e+00
8.786795139312744141e-01
1.060382604598999023e+00
1.505754709243774414e+00
1.612550139427185059e+00
1.591557741165161133e+00
1.837039113044738770e+00
2.348024845123291016e+00
1.735079288482666016e+00
1.699656844139099121e+00
1.893934369087219238e+00
7.771015763282775879e-01
1.076195597648620605e+00
1.266747951507568359e+00
1.192806124687194824e+00
1.527405977249145508e+00
1.806664586067199707e+00
2.683387279510498047e+00
2.657749891281127930e+00
2.896404743194580078e+00
2.887039899826049805e+00
1.993557214736938477e+00
1.734989643096923828e+00
2.003215789794921875e+00
2.435034275054931641e+00
2.558324813842773438e+00
2.330752372741699219e+00
2.465961456298828125e+00
2.340714931488037109e+00
2.977796077728271484e+00
2.502804994583129883e+00
2.799405574798583984e+00
2.472159862518310547e+00
2.696447610855102539e+00
1.824215888977050781e+00
2.365689039230346680e+00
3.528651714324951172e+00
1.647232532501220703e+00
1.915505409240722656e+00
1.045664072036743164e+00
1.043440580368041992e+00
9.597541093826293945e-01
1.137709975242614746e+00
2.064233541488647461e+00
2.194006204605102539e+00
6.352852582931518555e-01
6.446755528450012207e-01
3.708144724369049072e-01
3.567590117454528809e-01
4.562894403934478760e-01
3.930824697017669678e-01
3.214039206504821777e-01
2.769466042518615723e-01
3.851733505725860596e-01
3.004483282566070557e-01
6.995414495468139648e-01
9.076176881790161133e-01
7.759207487106323242e-01
7.154838442802429199e-01
6.964817047119140625e-01
6.918727755546569824e-01
6.787689328193664551e-01
8.584492206573486328e-01
8.210633397102355957e-01
8.287959098815917969e-01
1.042341232299804688e+00
1.493707299232482910e+00
1.422311663627624512e+00
7.818711400032043457e-01
2.873955070972442627e-01
3.314203023910522461e-01
4.017494320869445801e-01
3.201244473457336426e-01
2.737799584865570068e-01
3.399313092231750488e-01
3.786939680576324463e-01
3.397715091705322266e-01
2.970300614833831787e-01
3.329415321350097656e-01
3.705395460128784180e-01
3.410663306713104248e-01
3.507738113403320312e-01
3.446038663387298584e-01
4.354960918426513672e-01
3.958064317703247070e-01
4.423855543136596680e-01
4.074745178222656250e-01
4.596222043037414551e-01
4.592354297637939453e-01
5.393326282501220703e-01
4.743467271327972412e-01
5.380276441574096680e-01
5.083069205284118652e-01
5.695124268531799316e-01
5.035403370857238770e-01
4.629204273223876953e-01
4.176413416862487793e-01
4.042903184890747070e-01
4.372346997261047363e-01
5.177646875381469727e-01
1.415761232376098633e+00
1.902370572090148926e+00
2.307238340377807617e+00
2.099884748458862305e+00
2.433944225311279297e+00
1.732663989067077637e+00
2.095973253250122070e+00
1.848633646965026855e+00
1.590801000595092773e+00
1.619555830955505371e+00
1.704288482666015625e+00
1.657684683799743652e+00
1.676135659217834473e+00
8.757927417755126953e-01
7.631056308746337891e-01
1.161800742149353027e+00
1.073487281799316406e+00
9.491049051284790039e-01
7.023238539695739746e-01
4.499906599521636963e-01
4.367432296276092529e-01
4.579230546951293945e-01
3.912347555160522461e-01
5.249545574188232422e-01
5.695228576660156250e-01
7.786346077919006348e-01
5.890526175498962402e-01
1.502933979034423828e+00
1.559584259986877441e+00
1.597863197326660156e+00
9.293637871742248535e-01
9.321382045745849609e-01
1.258094668388366699e+00
1.721008181571960449e+00
9.556358456611633301e-01
5.903751254081726074e-01
1.453055858612060547e+00
1.810557961463928223e+00
1.848615050315856934e+00
1.837748169898986816e+00
2.298546314239501953e+00
2.260166168212890625e+00
2.212784528732299805e+00
2.353791475296020508e+00
1.917226433753967285e+00
1.639815688133239746e+00
1.500177145004272461e+00
2.363156557083129883e+00
2.360983610153198242e+00
2.451384782791137695e+00
3.097727537155151367e+00
2.898258209228515625e+00
1.098928213119506836e+00
1.108638405799865723e+00
1.463753342628479004e+00
2.515035867691040039e+00
2.316977024078369141e+00
2.862221002578735352e+00
3.458836555480957031e+00
3.927018642425537109e+00
2.660112619400024414e+00
2.922976493835449219e+00
3.719769001007080078e+00
3.178509712219238281e+00
2.797326326370239258e+00
1.971787571907043457e+00
2.272373437881469727e+00
1.594842553138732910e+00
1.802289247512817383e+00
1.823343992233276367e+00
1.812719464302062988e+00
1.851930499076843262e+00
1.806132912635803223e+00
2.522335052490234375e+00
2.524678707122802734e+00
2.893228530883789062e+00
2.296504020690917969e+00
1.887934446334838867e+00
1.999826312065124512e+00
1.936665654182434082e+00
1.864020228385925293e+00
1.925301671028137207e+00
1.877353072166442871e+00
1.792275071144104004e+00
1.685415267944335938e+00
1.818468928337097168e+00
1.916717171669006348e+00
1.705010533332824707e+00
1.780840992927551270e+00
1.819716572761535645e+00
1.737274289131164551e+00
1.628453254699707031e+00
1.764177560806274414e+00
1.765832304954528809e+00
1.636420726776123047e+00
1.680902242660522461e+00
1.871874451637268066e+00
1.669510722160339355e+00
1.655056953430175781e+00
1.805492281913757324e+00
1.784690499305725098e+00
1.780636310577392578e+00
1.926431775093078613e+00
1.975906133651733398e+00
1.775166630744934082e+00
2.725753545761108398e+00
1.779624819755554199e+00
1.690468549728393555e+00
1.627199530601501465e+00
1.776797771453857422e+00
1.795629978179931641e+00
1.592241406440734863e+00
1.580787420272827148e+00
1.718050360679626465e+00
1.581573486328125000e+00
1.524022221565246582e+00
1.648037910461425781e+00
1.669828891754150391e+00
8.407400250434875488e-01
5.790324211120605469e-01
6.707378625869750977e-01
5.404152870178222656e-01
5.146706700325012207e-01
1.267152547836303711e+00
1.349168300628662109e+00
3.274590373039245605e-01
3.827196359634399414e-01
4.230027198791503906e-01
3.157942295074462891e-01
3.391062617301940918e-01
5.595544576644897461e-01
4.067673385143280029e-01
3.499457538127899170e-01
4.373078942298889160e-01
4.936130642890930176e-01
4.231320917606353760e-01
3.855771124362945557e-01
4.289224147796630859e-01
4.313742220401763916e-01
3.728512823581695557e-01
3.809275925159454346e-01
3.575270175933837891e-01
3.776326477527618408e-01
3.234284222126007080e-01
3.161911368370056152e-01
3.506986796855926514e-01
3.732903897762298584e-01
3.423219919204711914e-01
3.020520806312561035e-01
3.410710096359252930e-01
4.010222554206848145e-01
4.057773053646087646e-01
3.004453182220458984e-01
3.372119665145874023e-01
4.299653470516204834e-01
1.439358353614807129e+00
1.013319969177246094e+00
4.143571257591247559e-01
5.799679160118103027e-01
1.402000188827514648e+00
1.144157409667968750e+00
1.449274897575378418e+00
1.681089162826538086e+00
1.768756031990051270e+00
1.488608002662658691e+00
1.398835420608520508e+00
1.438195347785949707e+00
1.171972274780273438e+00
4.202716052532196045e-01
5.960174202919006348e-01
5.747351050376892090e-01
5.523426532745361328e-01
6.179682612419128418e-01
6.517798900604248047e-01
2.290019512176513672e+00
1.960282802581787109e+00
1.690159320831298828e+00
1.797596693038940430e+00
1.585565686225891113e+00
1.432229280471801758e+00
6.702765822410583496e-01
1.061406970024108887e+00
1.047379136085510254e+00
1.080279946327209473e+00
1.155369639396667480e+00
1.908136487007141113e+00
1.708583116531372070e+00
1.658796429634094238e+00
1.942647576332092285e+00
1.781004190444946289e+00
1.796914696693420410e+00
1.389481544494628906e+00
8.589579463005065918e-01
2.003217458724975586e+00
3.851135969161987305e+00
3.429197788238525391e+00
3.041433811187744141e+00
3.491171598434448242e+00
3.456649780273437500e+00
3.386713981628417969e+00
3.601450920104980469e+00
2.513993501663208008e+00
2.273607730865478516e+00
2.418246984481811523e+00
2.418662786483764648e+00
2.253983974456787109e+00
2.277503728866577148e+00
2.256281614303588867e+00
2.188369512557983398e+00
2.263090610504150391e+00
2.533985853195190430e+00
2.659482240676879883e+00
2.641490697860717773e+00
2.571949243545532227e+00
2.631279230117797852e+00
2.426743507385253906e+00
1.905574560165405273e+00
1.999101877212524414e+00
1.908614516258239746e+00
2.093168735504150391e+00
1.290847420692443848e+00
1.055208683013916016e+00
1.156651020050048828e+00
1.985223293304443359e+00
1.896565437316894531e+00
2.728697299957275391e+00
3.110909223556518555e+00
2.056329011917114258e+00
2.946384668350219727e+00
2.835643768310546875e+00
2.933421134948730469e+00
2.413718223571777344e+00
1.821434617042541504e+00
3.172703981399536133e+00
2.727366209030151367e+00
1.309923291206359863e+00
1.408729314804077148e+00
1.125581979751586914e+00
9.393930435180664062e-01
7.910734415054321289e-01
9.368655681610107422e-01
6.243755817413330078e-01
4.358809292316436768e-01
4.843630790710449219e-01
4.557015001773834229e-01
3.977062106132507324e-01
3.485958278179168701e-01
3.014816641807556152e-01
2.956565320491790771e-01
3.689185380935668945e-01
2.487246692180633545e-01
2.275788486003875732e-01
3.101012408733367920e-01
3.122189044952392578e-01
2.414986342191696167e-01
2.442645579576492310e-01
3.040546178817749023e-01
3.670560419559478760e-01
3.783729970455169678e-01
3.801741003990173340e-01
4.447008371353149414e-01
3.673652112483978271e-01
3.766492009162902832e-01
4.151958525180816650e-01
4.015509784221649170e-01
2.932305037975311279e-01
3.336911797523498535e-01
3.633776307106018066e-01
3.915014564990997314e-01
3.269497454166412354e-01
1.409451246261596680e+00
1.354515433311462402e+00
1.336528539657592773e+00
3.072930872440338135e-01
3.099222481250762939e-01
3.769342601299285889e-01
3.726879358291625977e-01
4.199160933494567871e-01
3.574672639369964600e-01
5.002818703651428223e-01
4.593398571014404297e-01
5.104774832725524902e-01
5.442520976066589355e-01
5.650120377540588379e-01
5.099084973335266113e-01
5.156439542770385742e-01
5.586619973182678223e-01
6.327287554740905762e-01
2.041910886764526367e+00
2.050811290740966797e+00
1.938629627227783203e+00
1.878307580947875977e+00
2.102149963378906250e+00
2.230779409408569336e+00
3.680588006973266602e+00
2.865370512008666992e+00
1.422062754631042480e+00
2.241952419281005859e+00
1.524786472320556641e+00
1.279903292655944824e+00
1.615003824234008789e+00
1.928275823593139648e+00
1.266586184501647949e+00
1.326097846031188965e+00
1.477105736732482910e+00
1.371316790580749512e+00
1.334942698478698730e+00
1.421543598175048828e+00
1.213404655456542969e+00
1.333256363868713379e+00
1.352176547050476074e+00
1.262323737144470215e+00
1.214648723602294922e+00
1.190618634223937988e+00
1.397907376289367676e+00
1.317045927047729492e+00
1.161834716796875000e+00
1.173556566238403320e+00
1.441692829132080078e+00
2.519626379013061523e+00
4.208030700683593750e+00
3.676851511001586914e+00
3.004034280776977539e+00
2.355927705764770508e+00
1.917351722717285156e+00
1.615255236625671387e+00
2.967781066894531250e+00
3.277842998504638672e+00
2.984385013580322266e+00
3.060103893280029297e+00
2.556253671646118164e+00
7.551781535148620605e-01
6.230015754699707031e-01
6.054061055183410645e-01
5.880765318870544434e-01
5.520461201667785645e-01
5.674753189086914062e-01
5.316427946090698242e-01
4.741219580173492432e-01
3.436222970485687256e-01
3.397915065288543701e-01
4.468862414360046387e-01
4.086624681949615479e-01
3.778100013732910156e-01
3.962896764278411865e-01
5.553963780403137207e-01
5.050843358039855957e-01
6.975249052047729492e-01
6.588724851608276367e-01
6.888236999511718750e-01
1.270305752754211426e+00
8.564853072166442871e-01
9.327585101127624512e-01
9.542601108551025391e-01
1.034710884094238281e+00
1.225005865097045898e+00
1.170520067214965820e+00
1.161644577980041504e+00
1.213666081428527832e+00
1.686840534210205078e+00
1.779024839401245117e+00
1.606311678886413574e+00
1.552763342857360840e+00
1.585481286048889160e+00
1.627146124839782715e+00
2.323601484298706055e+00
1.098645567893981934e+00
2.305246114730834961e+00
2.518705129623413086e+00
2.991543054580688477e+00
2.427386999130249023e+00
3.447219133377075195e+00
3.069826602935791016e+00
1.585344791412353516e+00
1.469343781471252441e+00
1.480157256126403809e+00
1.210024237632751465e+00
1.422464013099670410e+00
1.708237409591674805e+00
2.390671730041503906e+00
1.759226799011230469e+00
9.479432702064514160e-01
1.163767695426940918e+00
1.025836706161499023e+00
6.416953206062316895e-01
6.581299304962158203e-01
1.029201745986938477e+00
6.983644962310791016e-01
3.367194235324859619e-01
3.248687982559204102e-01
3.540207743644714355e-01
4.785560667514801025e-01
4.253224134445190430e-01
2.933719456195831299e-01
3.170646727085113525e-01
3.015499114990234375e-01
3.904212415218353271e-01
2.688599228858947754e-01
2.476946115493774414e-01
2.855286300182342529e-01
3.690914809703826904e-01
2.871491014957427979e-01
2.586467564105987549e-01
3.339422643184661865e-01
4.402692317962646484e-01
9.282794594764709473e-01
1.467562437057495117e+00
1.331232190132141113e+00
1.263045430183410645e+00
6.544581055641174316e-01
2.920211851596832275e-01
3.254170119762420654e-01
2.989410459995269775e-01
2.891047894954681396e-01
3.322445154190063477e-01
3.272008299827575684e-01
2.677169144153594971e-01
3.177704811096191406e-01
3.872666358947753906e-01
3.990015983581542969e-01
3.217309415340423584e-01
3.561590015888214111e-01
3.814675509929656982e-01
4.619152843952178955e-01
4.296205341815948486e-01
3.922280967235565186e-01
4.780152738094329834e-01
5.068624019622802734e-01
5.336590409278869629e-01
4.209782183170318604e-01
4.840857088565826416e-01
1.933254241943359375e+00
2.230832815170288086e+00
2.708503723144531250e+00
2.591838121414184570e+00
2.582839488983154297e+00
2.633471727371215820e+00
2.158345222473144531e+00
2.197780370712280273e+00
1.898239374160766602e+00
2.426489591598510742e+00
1.750870943069458008e+00
1.452128887176513672e+00
1.508004546165466309e+00
1.420689821243286133e+00
1.541921138763427734e+00
1.477378487586975098e+00
1.476166367530822754e+00
1.449286937713623047e+00
1.810931563377380371e+00
1.811306238174438477e+00
1.400799036026000977e+00
1.290221691131591797e+00
1.532802104949951172e+00
1.581568837165832520e+00
1.657121181488037109e+00
1.401363968849182129e+00
1.400542497634887695e+00
1.345734119415283203e+00
1.454008936882019043e+00
9.104677438735961914e-01
3.555088341236114502e-01
5.451500415802001953e-01
3.602345585823059082e-01
3.926625251770019531e-01
3.632639050483703613e-01
3.753381669521331787e-01
3.711847662925720215e-01
5.069646835327148438e-01
4.328236281871795654e-01
4.391251504421234131e-01
3.924427032470703125e-01
4.334384500980377197e-01
4.670894443988800049e-01
3.559367060661315918e-01
3.179626464843750000e-01
3.346891701221466064e-01
3.760524690151214600e-01
3.248882591724395752e-01
2.805320918560028076e-01
3.257692158222198486e-01
3.770085275173187256e-01
3.479823768138885498e-01
2.416491061449050903e-01
2.958462238311767578e-01
3.389692306518554688e-01
3.735907971858978271e-01
2.640193402767181396e-01
2.811334729194641113e-01
3.444980382919311523e-01
3.773223757743835449e-01
4.045729041099548340e-01
1.539633274078369141e+00
7.966351509094238281e-01
1.077789187431335449e+00
1.311300873756408691e+00
1.283850789070129395e+00
1.035958290100097656e+00
2.186596870422363281e+00
2.283306837081909180e+00
2.231585979461669922e+00
2.468787670135498047e+00
1.938933849334716797e+00
1.995911955833435059e+00
2.435604572296142578e+00
1.962968468666076660e+00
1.900126814842224121e+00
2.071755647659301758e+00
2.005494832992553711e+00
1.983732700347900391e+00
2.704844236373901367e+00
2.190536022186279297e+00
1.698711395263671875e+00
1.774139881134033203e+00
1.860899806022644043e+00
2.650602817535400391e+00
2.654468774795532227e+00
2.828528881072998047e+00
2.506558418273925781e+00
2.485074520111083984e+00
2.497817277908325195e+00
2.584331989288330078e+00
2.218914031982421875e+00
1.492397665977478027e+00
1.009603738784790039e+00
9.459705948829650879e-01
7.561613321304321289e-01
6.693021655082702637e-01
7.171185612678527832e-01
5.811434984207153320e-01
8.194132447242736816e-01
6.111238002777099609e-01
3.721805810928344727e-01
3.524885475635528564e-01
5.066683888435363770e-01
4.702423810958862305e-01
3.774281740188598633e-01
3.546490073204040527e-01
3.841120600700378418e-01
4.444429278373718262e-01
3.740296363830566406e-01
3.067720234394073486e-01
3.122792243957519531e-01
3.469361662864685059e-01
3.347034454345703125e-01
2.493740171194076538e-01
2.961699366569519043e-01
3.485157787799835205e-01
4.036174118518829346e-01
2.371275871992111206e-01
2.892223596572875977e-01
3.369219899177551270e-01
4.318078458309173584e-01
2.783357501029968262e-01
2.981752157211303711e-01
3.443327844142913818e-01
4.340524077415466309e-01
3.968200683593750000e-01
3.510733842849731445e-01
4.034858345985412598e-01
4.779650866985321045e-01
5.363512635231018066e-01
4.417205750942230225e-01
4.228700399398803711e-01
1.317439556121826172e+00
1.609691262245178223e+00
1.404156208038330078e+00
1.265128850936889648e+00
3.858914971351623535e-01
4.262905120849609375e-01
5.523791313171386719e-01
4.499298036098480225e-01
4.666988551616668701e-01
5.110245943069458008e-01
5.882735848426818848e-01
6.963219046592712402e-01
2.119631528854370117e+00
2.518392562866210938e+00
2.382772684097290039e+00
2.290563106536865234e+00
2.292319536209106445e+00
2.749522209167480469e+00
2.966751575469970703e+00
2.323192834854125977e+00
1.617275595664978027e+00
1.541560411453247070e+00
1.529363036155700684e+00
1.358342409133911133e+00
1.525984764099121094e+00
1.534502625465393066e+00
1.308829665184020996e+00
1.297164797782897949e+00
1.359250783920288086e+00
1.307065486907958984e+00
1.349314689636230469e+00
1.271751880645751953e+00
1.357675790786743164e+00
1.330706477165222168e+00
1.633987903594970703e+00
1.363340616226196289e+00
1.356774806976318359e+00
1.375887393951416016e+00
1.390558481216430664e+00
1.327011942863464355e+00
1.341671705245971680e+00
1.417832612991333008e+00
1.421745419502258301e+00
1.383365869522094727e+00
1.424474239349365234e+00
1.523539066314697266e+00
1.405790686607360840e+00
1.391333937644958496e+00
1.826503276824951172e+00
1.329029321670532227e+00
1.358409285545349121e+00
9.172640442848205566e-01
3.426840603351593018e-01
3.776622414588928223e-01
3.821785748004913330e-01
2.810550630092620850e-01
2.893300950527191162e-01
3.592327237129211426e-01
2.951741218566894531e-01
2.379594743251800537e-01
2.832673192024230957e-01
3.712768554687500000e-01
3.520845472812652588e-01
2.467119693756103516e-01
2.961633503437042236e-01
4.207986891269683838e-01
1.230774521827697754e+00
8.709911108016967773e-01
8.685702681541442871e-01
9.005377292633056641e-01
1.066362619400024414e+00
8.639470338821411133e-01
8.548017740249633789e-01
8.932722210884094238e-01
9.348720908164978027e-01
1.213214635848999023e+00
1.189947605133056641e+00
1.170468807220458984e+00
1.249535679817199707e+00
1.259481310844421387e+00
1.504620552062988281e+00
1.653804659843444824e+00
1.919067025184631348e+00
1.864285469055175781e+00
1.860682249069213867e+00
1.766667723655700684e+00
1.286114335060119629e+00
1.251733422279357910e+00
2.693961620330810547e+00
2.430307865142822266e+00
2.830373764038085938e+00
4.070818424224853516e+00
2.999492406845092773e+00
2.434118270874023438e+00
2.471865415573120117e+00
1.702340006828308105e+00
1.064937591552734375e+00
1.256765246391296387e+00
1.953409790992736816e+00
2.508190631866455078e+00
1.349539518356323242e+00
1.436839938163757324e+00
1.462155103683471680e+00
1.178678631782531738e+00
1.293207406997680664e+00
1.275501728057861328e+00
1.029693007469177246e+00
7.843539714813232422e-01
9.839547872543334961e-01
8.422549366950988770e-01
7.361738085746765137e-01
6.423470973968505859e-01
6.520885229110717773e-01
6.032237410545349121e-01
5.878084897994995117e-01
4.004285633563995361e-01
4.381816983222961426e-01
5.204499959945678711e-01
4.994499981403350830e-01
3.746238648891448975e-01
4.922450482845306396e-01
4.020728766918182373e-01
4.623631834983825684e-01
4.024771749973297119e-01
4.020583331584930420e-01
3.475452065467834473e-01
4.238148629665374756e-01
4.445761442184448242e-01
3.755012750625610352e-01
3.451035320758819580e-01
3.967852592468261719e-01
4.786643087863922119e-01
5.009512305259704590e-01
1.546887755393981934e+00
1.274868130683898926e+00
1.447771549224853516e+00
1.332426428794860840e+00
3.550132811069488525e-01
4.076737761497497559e-01
5.919665098190307617e-01
5.805662274360656738e-01
5.314273238182067871e-01
5.499684214591979980e-01
5.863631367683410645e-01
6.148465871810913086e-01
5.253424048423767090e-01
4.802455902099609375e-01
4.504037201404571533e-01
4.660966694355010986e-01
5.504478216171264648e-01
4.925375282764434814e-01
4.668123424053192139e-01
4.681167602539062500e-01
5.981203317642211914e-01
6.298055052757263184e-01
5.695552229881286621e-01
1.997439742088317871e+00
2.710472106933593750e+00
2.652297496795654297e+00
2.481942892074584961e+00
2.530592203140258789e+00
2.666911602020263672e+00
2.568596601486206055e+00
2.051635503768920898e+00
1.971941232681274414e+00
1.396888494491577148e+00
1.507233500480651855e+00
1.532770395278930664e+00
1.406949043273925781e+00
1.358216285705566406e+00
1.288122057914733887e+00
1.379893660545349121e+00
1.280970335006713867e+00
1.328401088714599609e+00
1.250493407249450684e+00
1.331680655479431152e+00
1.319712400436401367e+00
1.236634969711303711e+00
1.203428864479064941e+00
1.253122568130493164e+00
1.327727913856506348e+00
1.271383523941040039e+00
1.198921561241149902e+00
1.224605083465576172e+00
1.349000096321105957e+00
1.341385841369628906e+00
1.284766077995300293e+00
1.288799405097961426e+00
1.370638966560363770e+00
1.383200645446777344e+00
1.355394482612609863e+00
1.315878033638000488e+00
2.399302482604980469e+00
1.388642311096191406e+00
1.245023250579833984e+00
8.584689497947692871e-01
8.709000945091247559e-01
1.352746129035949707e+00
4.161491692066192627e-01
4.195734858512878418e-01
3.588306307792663574e-01
9.934002161026000977e-01
3.840903937816619873e-01
3.169166743755340576e-01
3.192618489265441895e-01
3.689610064029693604e-01
3.007303774356842041e-01
3.008978366851806641e-01
3.503823876380920410e-01
3.234248459339141846e-01
3.567365109920501709e-01
3.813179135322570801e-01
4.531614184379577637e-01
3.662384152412414551e-01
4.742398262023925781e-01
6.158629655838012695e-01
6.634408831596374512e-01
5.805761218070983887e-01
6.083356738090515137e-01
6.854832768440246582e-01
6.095967888832092285e-01
6.125811934471130371e-01
6.305809020996093750e-01
7.330266237258911133e-01
1.005831122398376465e+00
2.920351505279541016e+00
3.277275800704956055e+00
2.848751783370971680e+00
2.951365232467651367e+00
3.128461599349975586e+00
2.234805583953857422e+00
2.345898866653442383e+00
2.768419742584228516e+00
2.773113250732421875e+00
2.383792400360107422e+00
3.312474489212036133e+00
2.960663080215454102e+00
1.468606233596801758e+00
1.710472702980041504e+00
1.944432020187377930e+00
1.838024497032165527e+00
2.637211799621582031e+00
1.369734406471252441e+00
2.723513126373291016e+00
2.625109672546386719e+00
9.942929148674011230e-01
1.331640839576721191e+00
1.575223803520202637e+00
9.078038334846496582e-01
7.977532148361206055e-01
1.242938399314880371e+00
9.228353500366210938e-01
7.254626154899597168e-01
9.912008643150329590e-01
6.523549556732177734e-01
3.413993716239929199e-01
3.534311652183532715e-01
5.008180141448974609e-01
4.373427033424377441e-01
3.273310363292694092e-01
3.709575533866882324e-01
3.694373965263366699e-01
3.410315215587615967e-01
3.175443708896636963e-01
3.228048384189605713e-01
3.113083541393280029e-01
2.699730098247528076e-01
2.935643494129180908e-01
2.830976545810699463e-01
2.521506249904632568e-01
2.644587159156799316e-01
2.972320616245269775e-01
2.439830601215362549e-01
1.424623608589172363e+00
1.254698634147644043e+00
1.205703020095825195e+00
6.816102862358093262e-01
2.136357575654983521e-01
3.094826042652130127e-01
2.795730233192443848e-01
2.561348974704742432e-01
3.735222816467285156e-01
3.326304256916046143e-01
2.925282716751098633e-01
3.774331212043762207e-01
4.822144508361816406e-01
3.417244553565979004e-01
3.507957160472869873e-01
3.634069561958312988e-01
4.241106212139129639e-01
3.579302132129669189e-01
3.949748277664184570e-01
4.929516911506652832e-01
4.237548410892486572e-01
4.301396608352661133e-01
5.100321173667907715e-01
4.916678071022033691e-01
4.528067409992218018e-01
4.760138094425201416e-01
1.697045207023620605e+00
1.844552874565124512e+00
2.176310300827026367e+00
2.577838420867919922e+00
2.633296012878417969e+00
1.849203228950500488e+00
1.712489247322082520e+00
2.068493366241455078e+00
1.982689499855041504e+00
1.639345169067382812e+00
1.642671346664428711e+00
1.569341897964477539e+00
1.455140113830566406e+00
1.354261040687561035e+00
1.449684381484985352e+00
1.341511726379394531e+00
1.402344107627868652e+00
1.373537302017211914e+00
1.392996549606323242e+00
1.296942830085754395e+00
1.369233131408691406e+00
1.360033273696899414e+00
1.279275894165039062e+00
1.287427544593811035e+00
1.318793416023254395e+00
1.347320914268493652e+00
1.239273667335510254e+00
1.349507689476013184e+00
1.392945051193237305e+00
1.292095661163330078e+00
1.379189491271972656e+00
1.440776467323303223e+00
1.398112058639526367e+00
1.354488253593444824e+00
1.375005364418029785e+00
1.476945638656616211e+00
1.312454342842102051e+00
1.304114341735839844e+00
2.246095418930053711e+00
1.483721971511840820e+00
1.456644654273986816e+00
1.447749257087707520e+00
1.660673737525939941e+00
1.334287881851196289e+00
1.296767950057983398e+00
2.133796215057373047e+00
1.737895965576171875e+00
1.261092185974121094e+00
1.272951245307922363e+00
1.443222880363464355e+00
1.297438144683837891e+00
1.735800981521606445e+00
1.686408877372741699e+00
1.663244247436523438e+00
1.701631426811218262e+00
1.718094587326049805e+00
1.796684980392456055e+00
1.817005753517150879e+00
1.609805822372436523e+00
1.689449906349182129e+00
1.109364151954650879e+00
1.540504813194274902e+00
9.502897858619689941e-01
1.427257776260375977e+00
9.596571326255798340e-01
6.528861522674560547e-01
6.775281429290771484e-01
7.112981081008911133e-01
6.423966884613037109e-01
9.891138672828674316e-01
1.253766655921936035e+00
1.203102350234985352e+00
1.199646830558776855e+00
1.297659635543823242e+00
1.296640515327453613e+00
1.209185719490051270e+00
9.835680127143859863e-01
1.491863131523132324e+00
1.701300024986267090e+00
1.451426029205322266e+00
1.612157344818115234e+00
1.779902219772338867e+00
2.733781576156616211e+00
1.627823114395141602e+00
1.278167963027954102e+00
1.086753606796264648e+00
1.609575390815734863e+00
1.115210413932800293e+00
2.213050603866577148e+00
2.011072635650634766e+00
1.907825350761413574e+00
1.915071487426757812e+00
1.823629975318908691e+00
9.897875785827636719e-01
4.303224980831146240e-01
4.507392346858978271e-01
3.936961591243743896e-01
4.190507531166076660e-01
4.329045116901397705e-01
3.166077733039855957e-01
3.181026875972747803e-01
3.806008696556091309e-01
3.334069550037384033e-01
3.335601687431335449e-01
3.808365762233734131e-01
4.099986851215362549e-01
3.323631882667541504e-01
3.458002805709838867e-01
3.644353747367858887e-01
3.192870616912841797e-01
3.294747471809387207e-01
3.436625897884368896e-01
3.086465895175933838e-01
2.651858925819396973e-01
3.126330673694610596e-01
3.355174958705902100e-01
2.662135064601898193e-01
2.934470474720001221e-01
3.671782910823822021e-01
3.046751916408538818e-01
7.899589538574218750e-01
3.335963487625122070e-01
4.069175422191619873e-01
3.355128467082977295e-01
3.098238408565521240e-01
4.419708251953125000e-01
3.891590237617492676e-01
3.220771253108978271e-01
4.035365581512451172e-01
4.794652462005615234e-01
3.586245179176330566e-01
3.312662541866302490e-01
4.081024825572967529e-01
3.820840120315551758e-01
3.579200804233551025e-01
3.919624984264373779e-01
4.753740429878234863e-01
1.347513079643249512e+00
1.410099983215332031e+00
1.409595727920532227e+00
1.326535582542419434e+00
5.823553204536437988e-01
3.757983744144439697e-01
4.612725377082824707e-01
4.519501924514770508e-01
1.517201900482177734e+00
2.092782020568847656e+00
2.403387308120727539e+00
2.817686557769775391e+00
2.171278953552246094e+00
2.337758064270019531e+00
2.422164916992187500e+00
2.596900224685668945e+00
2.296893119812011719e+00
2.398469686508178711e+00
2.164780139923095703e+00
1.324898600578308105e+00
1.584893703460693359e+00
1.452278256416320801e+00
2.786193609237670898e+00
1.535952091217041016e+00
1.342321872711181641e+00
1.503662228584289551e+00
1.489238739013671875e+00
1.581181526184082031e+00
7.068694829940795898e-01
2.248757362365722656e+00
1.861297011375427246e+00
4.487868249416351318e-01
9.024484753608703613e-01
1.777461647987365723e+00
1.865654349327087402e+00
2.460444450378417969e+00
3.030855178833007812e+00
3.012981891632080078e+00
2.555857896804809570e+00
1.517887353897094727e+00
2.547046661376953125e+00
1.709081053733825684e+00
4.834454059600830078e-01
1.196175098419189453e+00
7.196479439735412598e-01
6.475168466567993164e-01
2.282440900802612305e+00
5.472471714019775391e-01
8.490613102912902832e-01
1.758153080940246582e+00
1.507138133049011230e+00
1.425017833709716797e+00
8.743550777435302734e-01
1.305480718612670898e+00
2.246507883071899414e+00
3.121468126773834229e-01
5.203809142112731934e-01
5.571509003639221191e-01
4.288563430309295654e-01
1.635618805885314941e+00
1.612787723541259766e+00
1.531080007553100586e+00
1.507210135459899902e+00
1.476354122161865234e+00
1.557429909706115723e+00
1.648023843765258789e+00
1.607966423034667969e+00
1.417403936386108398e+00
1.606487870216369629e+00
1.505697727203369141e+00
1.396482825279235840e+00
1.733670949935913086e+00
2.042831897735595703e+00
2.112937927246093750e+00
1.988787055015563965e+00
2.177436590194702148e+00
3.000521421432495117e+00
4.654421806335449219e+00
4.664830684661865234e+00
4.656635761260986328e+00
4.814637184143066406e+00
4.267294406890869141e+00
3.819957733154296875e+00
3.581521749496459961e+00
3.243203878402709961e+00
2.653404951095581055e+00
2.896149396896362305e+00
2.960591316223144531e+00
2.236117124557495117e+00
2.511302232742309570e+00
2.191408872604370117e+00
1.564603328704833984e+00
1.797529458999633789e+00
1.777650594711303711e+00
1.620864391326904297e+00
1.560010790824890137e+00
2.369121551513671875e+00
1.634901165962219238e+00
1.808150291442871094e+00
1.856347322463989258e+00
1.844887852668762207e+00
1.374397158622741699e+00
1.634806871414184570e+00
1.152648329734802246e+00
7.463001012802124023e-01
8.392661809921264648e-01
8.985387682914733887e-01
8.267634510993957520e-01
8.249648213386535645e-01
8.546099066734313965e-01
7.559869885444641113e-01
5.751089453697204590e-01
6.657605767250061035e-01
7.009804844856262207e-01
5.478239059448242188e-01
5.350542068481445312e-01
5.118405818939208984e-01
3.312953114509582520e-01
3.258678913116455078e-01
3.797664940357208252e-01
3.087022304534912109e-01
2.411017417907714844e-01
3.102001845836639404e-01
9.832813143730163574e-01
1.380860090255737305e+00
1.223922848701477051e+00
1.186959981918334961e+00
2.023662179708480835e-01
2.249932736158370972e-01
3.360572159290313721e-01
3.338145315647125244e-01
2.841828167438507080e-01
3.294999599456787109e-01
3.985109627246856689e-01
3.604628741741180420e-01
3.244406580924987793e-01
4.764112532138824463e-01
4.263886511325836182e-01
3.570786118507385254e-01
4.381981492042541504e-01
3.803344368934631348e-01
4.047069549560546875e-01
3.969850540161132812e-01
3.792728483676910400e-01
3.350134491920471191e-01
3.611508607864379883e-01
4.260199666023254395e-01
4.005000889301300049e-01
4.055325388908386230e-01
4.491127431392669678e-01
4.053110480308532715e-01
3.704153895378112793e-01
3.698411583900451660e-01
1.418679594993591309e+00
1.754042744636535645e+00
1.474982023239135742e+00
2.063903808593750000e+00
2.675214767456054688e+00
2.357011318206787109e+00
1.515128016471862793e+00
1.587668299674987793e+00
1.524827241897583008e+00
1.442971467971801758e+00
1.505432605743408203e+00
1.489877581596374512e+00
1.314791202545166016e+00
1.393978118896484375e+00
1.466816067695617676e+00
1.294937849044799805e+00
1.290010929107666016e+00
1.458984851837158203e+00
4.166356921195983887e-01
3.441466689109802246e-01
4.229021072387695312e-01
3.995336294174194336e-01
3.037259876728057861e-01
3.238708078861236572e-01
4.457742273807525635e-01
3.101913928985595703e-01
2.846547961235046387e-01
3.490861654281616211e-01
4.634080231189727783e-01
3.001734018325805664e-01
3.215294778347015381e-01
4.544022679328918457e-01
4.066823720932006836e-01
3.438177406787872314e-01
3.817548155784606934e-01
4.219326376914978027e-01
3.267869353294372559e-01
3.299527764320373535e-01
3.775792121887207031e-01
3.060401976108551025e-01
2.493896335363388062e-01
3.288714587688446045e-01
3.166129589080810547e-01
2.932549118995666504e-01
2.804945409297943115e-01
3.399447500705718994e-01
2.985652685165405273e-01
2.934711575508117676e-01
3.087707459926605225e-01
2.972619235515594482e-01
2.872129678726196289e-01
3.074317872524261475e-01
3.110356330871582031e-01
2.954246699810028076e-01
3.760862052440643311e-01
4.319147169589996338e-01
3.794186711311340332e-01
3.738903999328613281e-01
4.664516150951385498e-01
4.626961946487426758e-01
3.451122939586639404e-01
4.042223393917083740e-01
4.464558959007263184e-01
3.769816756248474121e-01
1.576566576957702637e+00
1.320429444313049316e+00
1.307620286941528320e+00
8.391463756561279297e-01
2.890261113643646240e-01
5.171553492546081543e-01
4.165087938308715820e-01
3.959574699401855469e-01
4.375633299350738525e-01
5.047400593757629395e-01
3.732410669326782227e-01
4.155645072460174561e-01
5.014361143112182617e-01
4.469232261180877686e-01
4.278257489204406738e-01
4.802954792976379395e-01
4.897751510143280029e-01
4.109243154525756836e-01
3.880535960197448730e-01
1.431056499481201172e+00
1.797228217124938965e+00
1.351890683174133301e+00
1.287568449974060059e+00
1.464789390563964844e+00
7.588664293289184570e-01
1.055113911628723145e+00
1.355738759040832520e+00
1.870673656463623047e+00
1.794466733932495117e+00
1.764195680618286133e+00
1.360771775245666504e+00
9.308297038078308105e-01
5.142436027526855469e-01
3.890962600708007812e-01
3.729971051216125488e-01
4.205237627029418945e-01
3.664935827255249023e-01
2.938439249992370605e-01
3.773379921913146973e-01
4.951962530612945557e-01
3.550450503826141357e-01
3.311406970024108887e-01
4.253136217594146729e-01
4.461804330348968506e-01
3.033767938613891602e-01
3.470488190650939941e-01
4.067303538322448730e-01
3.213195204734802246e-01
3.332065939903259277e-01
4.002322852611541748e-01
3.383283913135528564e-01
3.187007904052734375e-01
3.534613251686096191e-01
3.507812023162841797e-01
3.108596503734588623e-01
3.361783623695373535e-01
3.522215783596038818e-01
2.868396341800689697e-01
3.036407530307769775e-01
3.674107193946838379e-01
3.019120097160339355e-01
2.937605977058410645e-01
4.132133126258850098e-01
4.795929789543151855e-01
3.368709981441497803e-01
3.734723925590515137e-01
4.914509952068328857e-01
4.356485009193420410e-01
3.295862972736358643e-01
3.246848881244659424e-01
3.911330699920654297e-01
3.293601572513580322e-01
3.040299713611602783e-01
4.130505025386810303e-01
3.719185292720794678e-01
3.568025827407836914e-01
4.070351421833038330e-01
8.265165090560913086e-01
1.210979938507080078e+00
1.965551495552062988e+00
2.749192714691162109e+00
1.928831934928894043e+00
2.039632081985473633e+00
2.154858827590942383e+00
1.981398463249206543e+00
2.008144140243530273e+00
2.202391862869262695e+00
2.099813938140869141e+00
1.706620573997497559e+00
2.328793525695800781e+00
2.667399883270263672e+00
2.694668769836425781e+00
2.592045783996582031e+00
1.310057282447814941e+00
1.639297723770141602e+00
1.433189272880554199e+00
1.441010117530822754e+00
1.585056781768798828e+00
1.553132295608520508e+00
2.713788032531738281e+00
2.526605606079101562e+00
3.168441534042358398e+00
2.991364955902099609e+00
2.694562435150146484e+00
1.657527685165405273e+00
2.602005481719970703e+00
2.916114807128906250e+00
2.385587215423583984e+00
2.923763513565063477e+00
1.903712272644042969e+00
2.077892780303955078e+00
1.932959079742431641e+00
1.976359248161315918e+00
1.909932136535644531e+00
1.752764344215393066e+00
2.044009685516357422e+00
1.850793004035949707e+00
1.849295854568481445e+00
1.850965142250061035e+00
1.702735424041748047e+00
1.636307835578918457e+00
2.393521785736083984e+00
2.530752658843994141e+00
1.380276799201965332e+00
1.485467076301574707e+00
1.464199781417846680e+00
1.604840874671936035e+00
1.812847733497619629e+00
1.851590871810913086e+00
2.708079576492309570e+00
2.693235635757446289e+00
3.821602165699005127e-01
6.123753190040588379e-01
7.435911893844604492e-01
7.912847995758056641e-01
9.276235699653625488e-01
9.413744807243347168e-01
8.540830612182617188e-01
8.166065216064453125e-01
7.283357381820678711e-01
7.012469172477722168e-01
6.982419490814208984e-01
7.178446054458618164e-01
6.294612288475036621e-01
7.628556489944458008e-01
7.622827887535095215e-01
1.007940769195556641e+00
1.076321721076965332e+00
3.325093269348144531e+00
3.465469121932983398e+00
4.204524040222167969e+00
3.275470495223999023e+00
3.248002290725708008e+00
3.233593940734863281e+00
1.873090624809265137e+00
1.466426610946655273e+00
1.840120196342468262e+00
3.311483383178710938e+00
3.111963033676147461e+00
1.482744455337524414e+00
1.627791643142700195e+00
1.813020944595336914e+00
1.776217341423034668e+00
1.784069418907165527e+00
1.987900376319885254e+00
2.029458522796630859e+00
2.119520664215087891e+00
2.612540721893310547e+00
2.678710222244262695e+00
2.695851087570190430e+00
2.016206502914428711e+00
1.785653352737426758e+00
1.918261647224426270e+00
1.385152697563171387e+00
3.099995255470275879e-01
4.621688425540924072e-01
3.692548573017120361e-01
3.093787133693695068e-01
3.061130940914154053e-01
3.711299598217010498e-01
3.423726856708526611e-01
2.927113473415374756e-01
4.429666399955749512e-01
4.872660636901855469e-01
3.467856645584106445e-01
3.907937407493591309e-01
4.141814112663269043e-01
4.103563725948333740e-01
3.156464993953704834e-01
3.436932861804962158e-01
3.349087238311767578e-01
2.792978286743164062e-01
2.885354757308959961e-01
3.345685899257659912e-01
2.551816105842590332e-01
2.420775294303894043e-01
3.472275137901306152e-01
2.749454379081726074e-01
2.224370390176773071e-01
2.989114522933959961e-01
3.713133335113525391e-01
2.371692508459091187e-01
2.534627318382263184e-01
3.701719939708709717e-01
2.938617467880249023e-01
2.506003379821777344e-01
3.731760978698730469e-01
5.188772082328796387e-01
3.239182233810424805e-01
3.606415987014770508e-01
4.605968892574310303e-01
4.352063834667205811e-01
4.060250818729400635e-01
4.536792039871215820e-01
4.402303099632263184e-01
4.529350399971008301e-01
4.475268125534057617e-01
5.116961598396301270e-01
5.159196853637695312e-01
4.652516245841979980e-01
4.992164671421051025e-01
4.890901744365692139e-01
5.252124667167663574e-01
1.755478501319885254e+00
1.981144666671752930e+00
2.625191926956176758e+00
2.102735519409179688e+00
2.247781038284301758e+00
2.129150629043579102e+00
2.545032739639282227e+00
2.533186674118041992e+00
1.628188014030456543e+00
2.311549901962280273e+00
2.138435840606689453e+00
1.427822351455688477e+00
1.380939364433288574e+00
1.333929896354675293e+00
1.395710706710815430e+00
1.274347305297851562e+00
1.262748003005981445e+00
1.353155970573425293e+00
1.389552831649780273e+00
1.909011483192443848e+00
1.492844939231872559e+00
1.550262451171875000e+00
1.550389409065246582e+00
1.553291201591491699e+00
1.589840531349182129e+00
1.604053139686584473e+00
1.370189785957336426e+00
1.362717509269714355e+00
1.799762606620788574e+00
2.363179683685302734e+00
1.705468177795410156e+00
1.476854085922241211e+00
1.524864792823791504e+00
1.874152779579162598e+00
9.562226533889770508e-01
6.165887713432312012e-01
5.833519101142883301e-01
5.815165638923645020e-01
4.388195276260375977e-01
2.235008716583251953e+00
8.281786441802978516e-01
4.233521819114685059e-01
5.348239541053771973e-01
6.554856896400451660e-01
1.586683273315429688e+00
1.594388365745544434e+00
1.784300208091735840e+00
2.874256134033203125e+00
3.995196521282196045e-01
4.489778876304626465e-01
4.150662124156951904e-01
4.147033095359802246e-01
5.289947390556335449e-01
7.450477480888366699e-01
5.937618613243103027e-01
4.533500075340270996e-01
7.373066544532775879e-01
6.659847497940063477e-01
5.362103581428527832e-01
5.837271809577941895e-01
6.581277251243591309e-01
1.320561051368713379e+00
1.131096601486206055e+00
1.337681770324707031e+00
7.957287430763244629e-01
7.009643316268920898e-01
8.170469999313354492e-01
1.334170222282409668e+00
1.407008767127990723e+00
1.855656862258911133e+00
1.821695566177368164e+00
1.890053749084472656e+00
1.959764719009399414e+00
3.228667020797729492e+00
2.852131843566894531e+00
2.418120861053466797e+00
2.577868938446044922e+00
2.240525722503662109e+00
1.476564645767211914e+00
1.503595113754272461e+00
2.927952051162719727e+00
2.526447057723999023e+00
2.957795143127441406e+00
2.514046907424926758e+00
2.674562454223632812e+00
2.404174327850341797e+00
2.109270334243774414e+00
1.166139721870422363e+00
1.341119408607482910e+00
1.142600178718566895e+00
1.141378045082092285e+00
1.226932764053344727e+00
9.039924740791320801e-01
7.825152873992919922e-01
7.935288548469543457e-01
8.591892719268798828e-01
6.368604898452758789e-01
6.870201230049133301e-01
7.044467329978942871e-01
6.480587720870971680e-01
5.996558070182800293e-01
6.729506850242614746e-01
5.318924784660339355e-01
3.315852880477905273e-01
4.576711654663085938e-01
4.533494710922241211e-01
3.657033741474151611e-01
3.248208463191986084e-01
2.921946942806243896e-01
3.852876722812652588e-01
2.714835703372955322e-01
2.827857136726379395e-01
3.276130855083465576e-01
3.059837222099304199e-01
2.088075280189514160e-01
2.500373423099517822e-01
3.300382792949676514e-01
2.528879344463348389e-01
1.949951797723770142e-01
2.780177891254425049e-01
1.331638455390930176e+00
1.323500752449035645e+00
1.193842530250549316e+00
1.153072357177734375e+00
2.568185031414031982e-01
2.430851161479949951e-01
3.137305676937103271e-01
4.169234931468963623e-01
3.066432178020477295e-01
3.512005805969238281e-01
4.045838713645935059e-01
3.541969954967498779e-01
3.499668538570404053e-01
3.513617515563964844e-01
4.025086760520935059e-01
3.044846951961517334e-01
3.581832051277160645e-01
4.803264439105987549e-01
4.385048747062683105e-01
4.428813755512237549e-01
4.288478493690490723e-01
5.331111550331115723e-01
4.060618281364440918e-01
4.382842183113098145e-01
2.021355152130126953e+00
1.734519362449645996e+00
1.888706803321838379e+00
1.883194923400878906e+00
2.763405799865722656e+00
1.958768367767333984e+00
3.762954473495483398e+00
3.005771398544311523e+00
1.551540017127990723e+00
1.856723904609680176e+00
1.777219653129577637e+00
1.594539403915405273e+00
1.355091094970703125e+00
1.967526435852050781e+00
1.397390604019165039e+00
1.264668345451354980e+00
1.371965646743774414e+00
1.365048170089721680e+00
1.377549290657043457e+00
1.354149222373962402e+00
1.303535103797912598e+00
1.330814242362976074e+00
1.649551391601562500e+00
1.267920732498168945e+00
1.295730233192443848e+00
1.411379218101501465e+00
1.369004249572753906e+00
1.231287837028503418e+00
1.280417203903198242e+00
1.464419960975646973e+00
1.377519965171813965e+00
1.327628850936889648e+00
1.394873619079589844e+00
1.456199765205383301e+00
2.213443994522094727e+00
1.403220176696777344e+00
1.399755358695983887e+00
1.712646603584289551e+00
1.358696222305297852e+00
2.202255725860595703e+00
2.805637836456298828e+00
1.242361187934875488e+00
1.523889541625976562e+00
1.691877365112304688e+00
1.642996430397033691e+00
1.414079070091247559e+00
1.715134263038635254e+00
2.800965547561645508e+00
2.397315979003906250e+00
1.243464350700378418e+00
1.535663723945617676e+00
1.567954182624816895e+00
1.352725863456726074e+00
1.503357768058776855e+00
1.865723371505737305e+00
1.537460446357727051e+00
3.591625690460205078e-01
6.212887167930603027e-01
1.187023520469665527e+00
8.958005309104919434e-01
7.827030420303344727e-01
2.409997224807739258e+00
2.329068899154663086e+00
2.358296871185302734e+00
2.104564905166625977e+00
2.413040876388549805e+00
8.806426525115966797e-01
9.917915463447570801e-01
2.069658041000366211e+00
2.487359046936035156e+00
2.388037919998168945e+00
2.351921796798706055e+00
2.233136892318725586e+00
1.949560046195983887e+00
1.353040814399719238e+00
1.657958269119262695e+00
1.647843837738037109e+00
1.932170748710632324e+00
1.645055174827575684e+00
2.193128108978271484e+00
2.682435274124145508e+00
2.656705617904663086e+00
2.543395757675170898e+00
1.891058325767517090e+00
1.946090579032897949e+00
2.007446050643920898e+00
2.194417238235473633e+00
1.977629661560058594e+00
2.072201013565063477e+00
1.377158641815185547e+00
7.848459482192993164e-01
7.512840032577514648e-01
5.965535640716552734e-01
6.874847412109375000e-01
3.382069468498229980e-01
3.526977002620697021e-01
3.534909188747406006e-01
4.027778506278991699e-01
3.341900408267974854e-01
3.594213128089904785e-01
4.455472528934478760e-01
3.758863806724548340e-01
3.091013133525848389e-01
3.496346473693847656e-01
3.948026895523071289e-01
2.955417037010192871e-01
2.780800163745880127e-01
3.286683559417724609e-01
2.694837450981140137e-01
2.888920903205871582e-01
2.872650325298309326e-01
3.525499403476715088e-01
2.735319137573242188e-01
2.955005764961242676e-01
3.084341585636138916e-01
3.045962452888488770e-01
2.420547753572463989e-01
3.132950067520141602e-01
3.013849258422851562e-01
2.605314552783966064e-01
2.592040002346038818e-01
3.659681379795074463e-01
3.019144833087921143e-01
3.223109245300292969e-01
3.463408052921295166e-01
5.325695276260375977e-01
3.388014733791351318e-01
3.756665587425231934e-01
4.126401543617248535e-01
4.471965134143829346e-01
3.164049386978149414e-01
3.709778189659118652e-01
4.568420052528381348e-01
1.468848586082458496e+00
1.363247632980346680e+00
1.380457401275634766e+00
1.314398169517517090e+00
3.479166030883789062e-01
4.115799665451049805e-01
4.819562435150146484e-01
4.664409160614013672e-01
4.319994151592254639e-01
1.674249529838562012e+00
9.587210416793823242e-01
2.263538122177124023e+00
1.801860570907592773e+00
1.922653794288635254e+00
2.768312215805053711e+00
2.035171508789062500e+00
2.270629644393920898e+00
3.424115657806396484e+00
1.996273756027221680e+00
2.090154170989990234e+00
1.886715173721313477e+00
2.002223014831542969e+00
1.822855830192565918e+00
9.117187261581420898e-01
1.406648039817810059e+00
2.133341312408447266e+00
1.489889979362487793e+00
7.134163379669189453e-01
1.038910031318664551e+00
8.526506423950195312e-01
7.214120030403137207e-01
9.492364525794982910e-01
1.025934219360351562e+00
8.020116090774536133e-01
6.301121711730957031e-01
5.172117948532104492e-01
4.412181675434112549e-01
3.922083675861358643e-01
5.597372651100158691e-01
1.713530302047729492e+00
1.392145752906799316e+00
1.307858824729919434e+00
7.681586146354675293e-01
4.751191437244415283e-01
8.583587408065795898e-01
4.881577193737030029e-01
5.158117413520812988e-01
5.105816721916198730e-01
5.950153470039367676e-01
5.099775195121765137e-01
5.231309533119201660e-01
3.464923799037933350e-01
3.432361185550689697e-01
4.108311235904693604e-01
3.494386672973632812e-01
2.973436117172241211e-01
3.586439788341522217e-01
3.515297472476959229e-01
3.261408805847167969e-01
2.986376285552978516e-01
3.386553823947906494e-01
2.855357527732849121e-01
3.071423470973968506e-01
4.111252129077911377e-01
3.687431216239929199e-01
3.592606782913208008e-01
3.943074047565460205e-01
4.450900554656982422e-01
3.590140044689178467e-01
7.857836484909057617e-01
7.220616340637207031e-01
8.925598859786987305e-01
6.548059582710266113e-01
1.319374442100524902e+00
1.576513409614562988e+00
1.875805258750915527e+00
1.634973287582397461e+00
1.844345450401306152e+00
1.822337031364440918e+00
1.797978997230529785e+00
1.865112423896789551e+00
1.964037418365478516e+00
2.547134399414062500e+00
2.745732069015502930e+00
2.821332693099975586e+00
2.906476497650146484e+00
2.880528211593627930e+00
2.522218942642211914e+00
1.905236005783081055e+00
1.420280814170837402e+00
1.413497209548950195e+00
2.349519729614257812e+00
1.743683457374572754e+00
1.624077916145324707e+00
1.528626799583435059e+00
1.621752381324768066e+00
1.607719421386718750e+00
1.454937219619750977e+00
1.510823369026184082e+00
1.547388553619384766e+00
1.167888522148132324e+00
9.977460503578186035e-01
1.251035571098327637e+00
1.204315781593322754e+00
9.803780913352966309e-01
1.035881280899047852e+00
1.131277441978454590e+00
1.800903081893920898e+00
1.527570486068725586e+00
1.561761736869812012e+00
1.584177136421203613e+00
4.915200769901275635e-01
5.137609243392944336e-01
6.361374258995056152e-01
4.782148003578186035e-01
3.557930886745452881e-01
3.531093895435333252e-01
4.618267714977264404e-01
2.972701489925384521e-01
2.692737877368927002e-01
3.363773524761199951e-01
3.234234750270843506e-01
2.133114933967590332e-01
2.442993670701980591e-01
3.498331010341644287e-01
2.561318874359130859e-01
2.122729420661926270e-01
2.697098851203918457e-01
3.492525517940521240e-01
2.150558531284332275e-01
2.012966871261596680e-01
3.002402782440185547e-01
3.173552453517913818e-01
2.352453619241714478e-01
2.799600660800933838e-01
3.681420087814331055e-01
3.631731569766998291e-01
2.927050590515136719e-01
3.725686967372894287e-01
4.389993250370025635e-01
3.911933600902557373e-01
3.451468348503112793e-01
3.974033296108245850e-01
4.132357835769653320e-01
3.863089382648468018e-01
4.012480974197387695e-01
