1.661494135856628418e+00
1.256904244422912598e+00
1.426743030548095703e+00
1.416735887527465820e+00
1.330895304679870605e+00
1.321323871612548828e+00
1.769597768783569336e+00
1.795906782150268555e+00
1.323504328727722168e+00
1.446791648864746094e+00
1.459315180778503418e+00
1.299611210823059082e+00
1.364635705947875977e+00
1.441929936408996582e+00
1.156229138374328613e+00
1.241412758827209473e+00
1.224203824996948242e+00
1.253505706787109375e+00
1.032972812652587891e+00
1.120135903358459473e+00
1.246363282203674316e+00
1.092051029205322266e+00
1.066470861434936523e+00
1.083980202674865723e+00
3.860565125942230225e-01
3.441088199615478516e-01
3.173527717590332031e-01
3.652395904064178467e-01
3.107006847858428955e-01
2.748456597328186035e-01
3.745219111442565918e-01
1.132152676582336426e+00
5.002380013465881348e-01
3.562294542789459229e-01
3.812227845191955566e-01
3.249570727348327637e-01
3.210119605064392090e-01
4.806907176971435547e-01
4.415651559829711914e-01
3.576903939247131348e-01
4.592337906360626221e-01
4.840286970138549805e-01
3.692943155765533447e-01
4.054327607154846191e-01
4.934546351432800293e-01
4.110054373741149902e-01
3.947514295578002930e-01
4.458978474140167236e-01
4.034112989902496338e-01
3.566088080406188965e-01
4.175278842449188232e-01
4.394491314888000488e-01
3.441025316715240479e-01
4.185815155506134033e-01
5.235385298728942871e-01
3.720901310443878174e-01
1.287171244621276855e+00
1.729508042335510254e+00
1.880939364433288574e+00
1.771543622016906738e+00
1.417695045471191406e+00
6.013618111610412598e-01
4.510333240032196045e-01
4.847608208656311035e-01
6.092437505722045898e-01
4.731513857841491699e-01
4.964998662471771240e-01
6.062061786651611328e-01
5.351603031158447266e-01
4.517676532268524170e-01
5.527220368385314941e-01
6.025519371032714844e-01
4.684473276138305664e-01
5.097297430038452148e-01
5.982143282890319824e-01
4.849798083305358887e-01
6.567429900169372559e-01
1.834990978240966797e+00
1.652728796005249023e+00
2.133978605270385742e+00
1.897307753562927246e+00
1.911997675895690918e+00
1.703837394714355469e+00
1.834839105606079102e+00
1.616126060485839844e+00
1.487993240356445312e+00
1.450679659843444824e+00
1.421019792556762695e+00
1.461525440216064453e+00
1.428058385848999023e+00
1.411520719528198242e+00
1.449941515922546387e+00
1.379176616668701172e+00
1.388379693031311035e+00
1.438720464706420898e+00
1.524478316307067871e+00
1.514979720115661621e+00
1.595349431037902832e+00
2.160691261291503906e+00
1.308762192726135254e+00
1.370662808418273926e+00
1.526791691780090332e+00
1.457447409629821777e+00
1.412038207054138184e+00
1.460941672325134277e+00
1.417759180068969727e+00
1.374684929847717285e+00
1.340698957443237305e+00
1.433188676834106445e+00
1.365625500679016113e+00
7.299556732177734375e-01
3.983144462108612061e-01
3.933436572551727295e-01
3.776291012763977051e-01
3.884800672531127930e-01
3.872899413108825684e-01
3.688574135303497314e-01
3.509514033794403076e-01
4.373972415924072266e-01
3.841844201087951660e-01
3.142409324645996094e-01
3.657011687755584717e-01
5.223686695098876953e-01
1.135856866836547852e+00
3.390988707542419434e-01
4.929601848125457764e-01
4.230923354625701904e-01
3.596937656402587891e-01
7.956114411354064941e-01
1.413041353225708008e+00
1.458231329917907715e+00
1.420435428619384766e+00
1.578378319740295410e+00
1.355365753173828125e+00
1.391139268875122070e+00
1.443300127983093262e+00
1.344456076622009277e+00
1.301003813743591309e+00
1.444720506668090820e+00
1.397132992744445801e+00
1.288012146949768066e+00
1.391660332679748535e+00
1.451675176620483398e+00
1.880584955215454102e+00
1.464144468307495117e+00
1.369042873382568359e+00
1.480917096138000488e+00
1.975797295570373535e+00
1.156909465789794922e+00
1.407452583312988281e+00
1.341990232467651367e+00
1.277343392372131348e+00
1.343625783920288086e+00
1.829022288322448730e+00
1.833911299705505371e+00
8.087053298950195312e-01
6.573972702026367188e-01
4.695938825607299805e-01
4.844072163105010986e-01
5.926778316497802734e-01
4.738059341907501221e-01
4.303819835186004639e-01
5.401327013969421387e-01
4.172770678997039795e-01
3.837666809558868408e-01
4.096700251102447510e-01
4.014098346233367920e-01
3.028124272823333740e-01
3.517745435237884521e-01
1.180765032768249512e+00
1.439756631851196289e+00
1.311605453491210938e+00
1.658144950866699219e+00
1.842320442199707031e+00
9.139329195022583008e-01
3.274902701377868652e-01
4.515187740325927734e-01
3.098578453063964844e-01
3.701566457748413086e-01
4.456028938293457031e-01
3.873039186000823975e-01
3.722559511661529541e-01
4.482391774654388428e-01
4.775336682796478271e-01
3.759973943233489990e-01
3.827925324440002441e-01
4.796878099441528320e-01
4.249392151832580566e-01
3.718658983707427979e-01
4.789666533470153809e-01
4.291419684886932373e-01
9.967784881591796875e-01
6.221312880516052246e-01
5.062087178230285645e-01
3.977459669113159180e-01
4.210429191589355469e-01
1.395855426788330078e+00
7.005739808082580566e-01
4.655018746852874756e-01
1.544529438018798828e+00
1.659797787666320801e+00
1.936281681060791016e+00
1.366202950477600098e+00
1.522714257240295410e+00
1.438168764114379883e+00
1.346144437789916992e+00
1.497124195098876953e+00
5.918292403221130371e-01
8.058585524559020996e-01
5.595369338989257812e-01
6.389995217323303223e-01
6.041803359985351562e-01
5.546491742134094238e-01
5.668991804122924805e-01
4.718773961067199707e-01
4.411249756813049316e-01
4.759071767330169678e-01
4.717940688133239746e-01
4.044265449047088623e-01
4.041620492935180664e-01
4.143157303333282471e-01
3.314570188522338867e-01
3.449908792972564697e-01
4.399071633815765381e-01
3.580977022647857666e-01
3.492698073387145996e-01
3.413478434085845947e-01
4.758635759353637695e-01
1.142712831497192383e+00
3.343937098979949951e-01
3.870498239994049072e-01
3.312818706035614014e-01
3.665654063224792480e-01
3.635374307632446289e-01
3.490557372570037842e-01
3.277572393417358398e-01
4.776636064052581787e-01
4.614816606044769287e-01
3.797722756862640381e-01
4.239442348480224609e-01
4.672780334949493408e-01
4.358781874179840088e-01
4.064639210700988770e-01
4.971788227558135986e-01
4.923031628131866455e-01
4.002983570098876953e-01
3.944321274757385254e-01
4.274362325668334961e-01
3.532848060131072998e-01
3.435672223567962646e-01
4.330344200134277344e-01
3.647379875183105469e-01
3.494172990322113037e-01
1.126928091049194336e+00
1.697116494178771973e+00
1.666041970252990723e+00
1.235358834266662598e+00
1.014446496963500977e+00
2.925296425819396973e-01
3.592601418495178223e-01
7.710426449775695801e-01
1.362767219543457031e+00
1.188764572143554688e+00
1.191885471343994141e+00
1.434941530227661133e+00
1.134161829948425293e+00
1.158739686012268066e+00
1.344915986061096191e+00
1.242039680480957031e+00
1.119985222816467285e+00
1.371542692184448242e+00
1.372087597846984863e+00
1.275866389274597168e+00
1.675708889961242676e+00
1.276768445968627930e+00
1.216795206069946289e+00
1.114805340766906738e+00
1.321882128715515137e+00
1.364574074745178223e+00
1.898474812507629395e+00
1.263608455657958984e+00
1.362507581710815430e+00
1.500715732574462891e+00
2.363643407821655273e+00
2.350637435913085938e+00
2.266739845275878906e+00
2.131546974182128906e+00
2.287542819976806641e+00
1.136779427528381348e+00
6.010416150093078613e-01
7.933243513107299805e-01
7.335252165794372559e-01
5.845845341682434082e-01
5.762673020362854004e-01
5.686196684837341309e-01
4.581012129783630371e-01
1.243328452110290527e+00
1.120821714401245117e+00
1.054936885833740234e+00
1.232076168060302734e+00
1.337988495826721191e+00
1.111707448959350586e+00
1.302152872085571289e+00
1.814719796180725098e+00
6.434541940689086914e-01
4.898198246955871582e-01
5.823276042938232422e-01
6.183276176452636719e-01
4.895597100257873535e-01
4.515212178230285645e-01
4.264239966869354248e-01
3.909850716590881348e-01
3.801502287387847900e-01
4.049736559391021729e-01
3.573864102363586426e-01
3.713223636150360107e-01
3.877835869789123535e-01
3.255872130393981934e-01
3.760941326618194580e-01
4.220058023929595947e-01
3.570435047149658203e-01
3.939968347549438477e-01
5.555852651596069336e-01
4.275946617126464844e-01
4.157007336616516113e-01
4.589999914169311523e-01
5.123676657676696777e-01
4.022554159164428711e-01
9.780027270317077637e-01
9.211575984954833984e-01
4.434348046779632568e-01
4.198486804962158203e-01
4.432538747787475586e-01
4.133451581001281738e-01
1.218956232070922852e+00
2.237633466720581055e+00
2.132743597030639648e+00
1.863005399703979492e+00
1.506178259849548340e+00
1.891949415206909180e+00
2.853928327560424805e+00
1.259123563766479492e+00
1.576902866363525391e+00
2.085127592086791992e+00
1.586170434951782227e+00
1.444376587867736816e+00
1.560707569122314453e+00
3.250892400741577148e+00
1.940507769584655762e+00
1.260739445686340332e+00
1.375184893608093262e+00
1.585219860076904297e+00
7.200459241867065430e-01
4.371672570705413818e-01
7.218360304832458496e-01
4.968633353710174561e-01
3.508883714675903320e-01
4.716992080211639404e-01
4.883460104465484619e-01
4.100121259689331055e-01
3.884584307670593262e-01
4.548235535621643066e-01
4.263900220394134521e-01
3.904316425323486328e-01
4.214088320732116699e-01
3.373079001903533936e-01
3.424955010414123535e-01
3.757158815860748291e-01
9.431945085525512695e-01
6.361768841743469238e-01
4.230822026729583740e-01
3.706793487071990967e-01
3.249935209751129150e-01
3.817369937896728516e-01
3.624860048294067383e-01
2.989646196365356445e-01
3.551300466060638428e-01
4.548029899597167969e-01
2.774356007575988770e-01
3.453096449375152588e-01
4.348160624504089355e-01
3.841397464275360107e-01
3.609918951988220215e-01
4.741907715797424316e-01
4.100532233715057373e-01
4.070436358451843262e-01
4.609044194221496582e-01
4.126686751842498779e-01
4.226167798042297363e-01
4.272227287292480469e-01
3.901090323925018311e-01
3.571942746639251709e-01
1.080900430679321289e+00
1.388484716415405273e+00
5.874129533767700195e-01
6.261262893676757812e-01
9.495050907135009766e-01
7.368957996368408203e-01
7.449803352355957031e-01
1.327736854553222656e+00
1.450797796249389648e+00
1.426762461662292480e+00
1.870214462280273438e+00
2.082697153091430664e+00
1.395879268646240234e+00
1.515411734580993652e+00
1.338741421699523926e+00
3.744319975376129150e-01
1.301766991615295410e+00
1.765473484992980957e+00
1.708765864372253418e+00
1.668003201484680176e+00
1.511970162391662598e+00
1.610136151313781738e+00
1.733009576797485352e+00
2.713513374328613281e+00
2.478849649429321289e+00
2.600150346755981445e+00
3.412347793579101562e+00
3.210218906402587891e+00
2.124275684356689453e+00
9.679773449897766113e-01
1.143947720527648926e+00
9.778336286544799805e-01
9.186561703681945801e-01
1.291993975639343262e+00
7.137775421142578125e-01
3.085783421993255615e-01
3.699642121791839600e-01
3.538398444652557373e-01
3.679769933223724365e-01
3.488800525665283203e-01
3.259358704090118408e-01
4.508011639118194580e-01
1.277653455734252930e+00
3.553857803344726562e-01
3.943200111389160156e-01
4.878674447536468506e-01
4.019218385219573975e-01
4.458238184452056885e-01
4.496842324733734131e-01
4.902951121330261230e-01
1.376891136169433594e+00
1.582653164863586426e+00
1.539773344993591309e+00
1.197371244430541992e+00
2.979235947132110596e-01
3.577095568180084229e-01
3.983793854713439941e-01
3.269840180873870850e-01
3.743053674697875977e-01
4.166973531246185303e-01
3.610826134681701660e-01
3.512107133865356445e-01
4.145977795124053955e-01
4.122062623500823975e-01
4.561304450035095215e-01
1.177139282226562500e+00
4.269894659519195557e-01
4.530271291732788086e-01
3.713988363742828369e-01
3.731349706649780273e-01
4.651214182376861572e-01
4.087498784065246582e-01
4.344399869441986084e-01
5.138604044914245605e-01
5.778433680534362793e-01
4.689459204673767090e-01
4.647141098976135254e-01
6.351495385169982910e-01
5.962967276573181152e-01
4.986372888088226318e-01
6.683554053306579590e-01
1.866487622261047363e+00
2.324891328811645508e+00
2.514725685119628906e+00
2.325372219085693359e+00
1.958060145378112793e+00
2.001590728759765625e+00
1.954317092895507812e+00
2.233392238616943359e+00
1.907783150672912598e+00
4.338491916656494141e+00
4.451803207397460938e+00
4.640588283538818359e+00
3.182159423828125000e+00
2.505011081695556641e+00
1.768257260322570801e+00
1.797052264213562012e+00
1.887200117111206055e+00
2.778737306594848633e+00
2.519166231155395508e+00
3.731465578079223633e+00
4.715810775756835938e+00
3.275502443313598633e+00
3.076757192611694336e+00
3.112035512924194336e+00
1.500964045524597168e+00
1.609326481819152832e+00
4.614117622375488281e+00
3.947199821472167969e+00
2.762982130050659180e+00
2.988383054733276367e+00
1.759585618972778320e+00
3.416293561458587646e-01
4.732728302478790283e-01
9.447878599166870117e-01
2.119596719741821289e+00
2.716554880142211914e+00
2.688687324523925781e+00
2.343778371810913086e+00
5.795221924781799316e-01
6.307110786437988281e-01
1.402462840080261230e+00
4.596141815185546875e+00
2.969049692153930664e+00
1.558071494102478027e+00
1.799753785133361816e+00
1.206660151481628418e+00
4.040441811084747314e-01
7.634819149971008301e-01
1.026941299438476562e+00
3.824965059757232666e-01
4.640381932258605957e-01
6.659444570541381836e-01
1.565493583679199219e+00
8.482031226158142090e-01
4.691739678382873535e-01
5.073094964027404785e-01
4.226669371128082275e-01
4.826774001121520996e-01
5.731113553047180176e-01
4.407401382923126221e-01
3.971574604511260986e-01
5.413888692855834961e-01
5.639775991439819336e-01
4.438736140727996826e-01
6.920454502105712891e-01
1.134025812149047852e+00
8.882310390472412109e-01
8.854199051856994629e-01
1.088135004043579102e+00
1.240749239921569824e+00
1.239457607269287109e+00
1.698113918304443359e+00
3.058497190475463867e+00
2.528124570846557617e+00
2.747225284576416016e+00
4.761962890625000000e+00
4.106629848480224609e+00
4.092217922210693359e+00
3.164595603942871094e+00
2.762819290161132812e+00
2.055069208145141602e+00
4.568332672119140625e+00
4.447513580322265625e+00
5.203481674194335938e+00
4.365755081176757812e+00
3.676687002182006836e+00
3.251980781555175781e+00
3.609007358551025391e+00
3.088716268539428711e+00
1.768643975257873535e+00
2.253690004348754883e+00
3.386066913604736328e+00
2.430206537246704102e+00
1.167267680168151855e+00
2.650899648666381836e+00
1.791165709495544434e+00
1.586337566375732422e+00
1.686632513999938965e+00
1.398267507553100586e+00
3.495195209980010986e-01
3.764756917953491211e-01
5.325925350189208984e-01
3.668342828750610352e-01
3.263261914253234863e-01
3.903184533119201660e-01
4.144146740436553955e-01
3.280307948589324951e-01
3.132566511631011963e-01
1.169113636016845703e+00
5.992112159729003906e-01
3.034570813179016113e-01
3.839182555675506592e-01
4.029146134853363037e-01
3.103402554988861084e-01
3.180744647979736328e-01
4.600092172622680664e-01
2.893402278423309326e-01
3.001435399055480957e-01
4.415487349033355713e-01
4.104503989219665527e-01
3.534133732318878174e-01
4.380745291709899902e-01
4.661520421504974365e-01
3.730001151561737061e-01
3.579373359680175781e-01
5.082057714462280273e-01
4.105150699615478516e-01
3.526283502578735352e-01
5.026382803916931152e-01
1.251528143882751465e+00
3.508225977420806885e-01
3.539654016494750977e-01
4.901799857616424561e-01
3.409841060638427734e-01
3.746781647205352783e-01
4.776742756366729736e-01
4.538617432117462158e-01
3.925767540931701660e-01
4.684914648532867432e-01
6.206750273704528809e-01
4.953801929950714111e-01
5.002141594886779785e-01
6.752207875251770020e-01
6.484394669532775879e-01
1.892946243286132812e+00
2.677600145339965820e+00
2.910359144210815430e+00
2.693539857864379883e+00
2.644179582595825195e+00
2.437689781188964844e+00
1.900485634803771973e+00
1.848531126976013184e+00
2.535862684249877930e+00
1.443994402885437012e+00
1.515647411346435547e+00
2.284054040908813477e+00
1.624019265174865723e+00
1.790752410888671875e+00
2.187723398208618164e+00
1.402332067489624023e+00
1.441997647285461426e+00
1.384485602378845215e+00
1.521899342536926270e+00
1.387530803680419922e+00
1.405581474304199219e+00
1.475406050682067871e+00
1.399547815322875977e+00
1.420060992240905762e+00
1.366229295730590820e+00
1.508003711700439453e+00
1.432366371154785156e+00
1.458950638771057129e+00
1.497317433357238770e+00
1.441689252853393555e+00
1.392741918563842773e+00
1.442839145660400391e+00
1.517446398735046387e+00
1.823163628578186035e+00
1.651938319206237793e+00
2.290935516357421875e+00
1.442444086074829102e+00
1.537904739379882812e+00
1.683498978614807129e+00
2.393485784530639648e+00
1.218143224716186523e+00
1.532406330108642578e+00
1.429172873497009277e+00
1.328902363777160645e+00
1.427119851112365723e+00
1.481323242187500000e+00
1.332875967025756836e+00
1.404787421226501465e+00
1.929762005805969238e+00
1.514845967292785645e+00
1.430422186851501465e+00
1.537310481071472168e+00
1.545436143875122070e+00
1.738941073417663574e+00
1.599913954734802246e+00
1.574653625488281250e+00
8.993399143218994141e-01
1.144849777221679688e+00
1.212900280952453613e+00
5.884345173835754395e-01
4.879946112632751465e-01
9.312660694122314453e-01
9.223816990852355957e-01
8.612461090087890625e-01
7.111114263534545898e-01
9.151194691658020020e-01
1.102623343467712402e+00
1.015209078788757324e+00
1.105435013771057129e+00
1.165963768959045410e+00
1.078798651695251465e+00
1.416307806968688965e+00
1.590611577033996582e+00
1.444709062576293945e+00
1.713853716850280762e+00
2.462059259414672852e+00
1.624626636505126953e+00
1.810418963432312012e+00
1.978338956832885742e+00
1.596199631690979004e+00
1.245981454849243164e+00
2.518508672714233398e+00
2.490909814834594727e+00
2.745862483978271484e+00
2.532712221145629883e+00
2.589964389801025391e+00
2.581386327743530273e+00
1.361876845359802246e+00
1.472462773323059082e+00
1.873118519783020020e+00
1.894013643264770508e+00
1.729337811470031738e+00
1.795533776283264160e+00
1.795724868774414062e+00
1.545123100280761719e+00
8.513240218162536621e-01
8.581389188766479492e-01
7.158755064010620117e-01
4.032556116580963135e-01
3.459282815456390381e-01
3.765963017940521240e-01
3.059160411357879639e-01
3.441716134548187256e-01
3.411208987236022949e-01
3.257429003715515137e-01
3.130474984645843506e-01
3.550341129302978516e-01
3.627598285675048828e-01
2.888608276844024658e-01
3.139216005802154541e-01
3.560559451580047607e-01
3.269056379795074463e-01
3.044290542602539062e-01
7.500626444816589355e-01
1.064596533775329590e+00
3.715844154357910156e-01
1.146230578422546387e+00
1.585935711860656738e+00
1.401382923126220703e+00
1.256068229675292969e+00
3.283876776695251465e-01
4.654922783374786377e-01
4.028820097446441650e-01
3.652650713920593262e-01
3.796741366386413574e-01
3.954942524433135986e-01
3.181662857532501221e-01
3.081721365451812744e-01
4.334324002265930176e-01
3.551028966903686523e-01
3.209067285060882568e-01
3.854318261146545410e-01
4.834728240966796875e-01
3.372610509395599365e-01
5.837792158126831055e-01
1.172226071357727051e+00
4.645923972129821777e-01
3.868711292743682861e-01
4.268392622470855713e-01
5.857211947441101074e-01
3.997885286808013916e-01
4.427509307861328125e-01
5.548027157783508301e-01
6.662670969963073730e-01
1.532347440719604492e+00
2.023071527481079102e+00
2.201107740402221680e+00
2.736046552658081055e+00
2.500748157501220703e+00
2.766894102096557617e+00
2.271462678909301758e+00
2.107014656066894531e+00
1.940976738929748535e+00
2.072024106979370117e+00
1.513514399528503418e+00
1.442025542259216309e+00
2.741180419921875000e+00
2.087180614471435547e+00
1.355379104614257812e+00
1.434078097343444824e+00
1.515067458152770996e+00
1.447297096252441406e+00
1.445698738098144531e+00
8.135549426078796387e-01
2.423310041427612305e+00
1.108456373214721680e+00
5.744813084602355957e-01
1.597424864768981934e+00
7.060921192169189453e-01
5.700893998146057129e-01
1.355228424072265625e+00
2.535232543945312500e+00
2.971088886260986328e+00
3.080972433090209961e+00
1.998209476470947266e+00
1.860488414764404297e+00
2.064257860183715820e+00
1.943881869316101074e+00
1.871125340461730957e+00
2.174045085906982422e+00
2.115081787109375000e+00
1.717339158058166504e+00
1.898794651031494141e+00
1.950825333595275879e+00
9.460908770561218262e-01
8.263443708419799805e-01
7.599748373031616211e-01
5.890457630157470703e-01
6.267862915992736816e-01
1.338793516159057617e+00
5.207731723785400391e-01
3.558339178562164307e-01
5.023896694183349609e-01
7.262027263641357422e-01
1.402053833007812500e+00
2.075131416320800781e+00
2.257121801376342773e+00
2.212636232376098633e+00
2.108826160430908203e+00
1.569029450416564941e+00
1.559639692306518555e+00
2.781489133834838867e+00
1.539908409118652344e+00
1.440411925315856934e+00
1.452390551567077637e+00
1.494093179702758789e+00
1.440486788749694824e+00
1.392614722251892090e+00
1.525198459625244141e+00
1.547371864318847656e+00
2.051587343215942383e+00
1.441674232482910156e+00
1.359455823898315430e+00
1.307236313819885254e+00
1.141509056091308594e+00
2.396493911743164062e+00
3.455573797225952148e+00
2.978672027587890625e+00
2.020516157150268555e+00
2.082604408264160156e+00
1.968693494796752930e+00
1.604637503623962402e+00
1.595352649688720703e+00
3.187125921249389648e+00
1.364459991455078125e+00
1.049391865730285645e+00
1.248066782951354980e+00
1.169809579849243164e+00
8.874081969261169434e-01
1.266698360443115234e+00
1.723484396934509277e+00
2.627619743347167969e+00
5.116308927536010742e-01
5.078669786453247070e-01
5.078546404838562012e-01
5.065666437149047852e-01
3.834087252616882324e-01
5.100274085998535156e-01
1.628413796424865723e+00
1.198899388313293457e+00
1.749421477317810059e+00
8.190196752548217773e-01
7.378603816032409668e-01
7.139266729354858398e-01
4.881187975406646729e-01
4.710087776184082031e-01
4.378873109817504883e-01
3.813000917434692383e-01
3.730212152004241943e-01
3.889718055725097656e-01
5.413615107536315918e-01
1.259253501892089844e+00
5.518819093704223633e-01
4.848816990852355957e-01
4.198072850704193115e-01
4.443933069705963135e-01
3.721545338630676270e-01
3.712127208709716797e-01
4.387340247631072998e-01
3.642503619194030762e-01
3.384818732738494873e-01
3.548603355884552002e-01
4.297296106815338135e-01
4.629209637641906738e-01
4.339776039123535156e-01
5.505920052528381348e-01
4.617469906806945801e-01
4.300349652767181396e-01
4.978629648685455322e-01
4.505772292613983154e-01
4.358220100402832031e-01
4.829509258270263672e-01
5.150779485702514648e-01
4.685081839561462402e-01
1.152335643768310547e+00
6.630927324295043945e-01
4.422093033790588379e-01
4.390856921672821045e-01
4.938257634639739990e-01
4.311439692974090576e-01
4.520976543426513672e-01
4.194224476814270020e-01
4.109010100364685059e-01
4.005258679389953613e-01
4.219452440738677979e-01
4.919441044330596924e-01
4.018494784832000732e-01
4.890115261077880859e-01
4.377173781394958496e-01
3.930890262126922607e-01
4.218558967113494873e-01
1.575659871101379395e+00
1.397493958473205566e+00
1.316998600959777832e+00
6.441704034805297852e-01
1.051290750503540039e+00
6.133447885513305664e-01
5.938101410865783691e-01
7.819734215736389160e-01
1.301176548004150391e+00
5.480412244796752930e-01
5.443050265312194824e-01
5.667895674705505371e-01
5.209031105041503906e-01
1.408886313438415527e+00
2.614130020141601562e+00
2.412847995758056641e+00
1.497862577438354492e+00
1.826276898384094238e+00
1.857568979263305664e+00
1.672284603118896484e+00
1.729071855545043945e+00
2.087452650070190430e+00
1.767952442169189453e+00
1.830486774444580078e+00
2.140568017959594727e+00
2.013354301452636719e+00
1.903548955917358398e+00
2.163070678710937500e+00
2.276566505432128906e+00
2.327788114547729492e+00
1.985278844833374023e+00
2.096219539642333984e+00
1.503902077674865723e+00
9.728634357452392578e-01
9.889842271804809570e-01
2.504617929458618164e+00
1.447465658187866211e+00
9.226316809654235840e-01
7.354978919029235840e-01
7.500363588333129883e-01
8.647679686546325684e-01
1.282754659652709961e+00
1.528136491775512695e+00
2.464470148086547852e+00
1.235068202018737793e+00
9.063823223114013672e-01
1.122680425643920898e+00
1.323603510856628418e+00
2.276865005493164062e+00
1.520346879959106445e+00
1.863203048706054688e+00
2.112647533416748047e+00
1.898996472358703613e+00
1.870124578475952148e+00
1.086366057395935059e+00
9.958029389381408691e-01
8.960244655609130859e-01
1.480908870697021484e+00
1.074799299240112305e+00
1.147727489471435547e+00
1.138259887695312500e+00
1.205627083778381348e+00
1.183356404304504395e+00
1.664525151252746582e+00
1.576175689697265625e+00
1.671208143234252930e+00
1.593931794166564941e+00
1.628162980079650879e+00
1.830215692520141602e+00
2.590740442276000977e+00
2.286889076232910156e+00
2.054449081420898438e+00
1.329157233238220215e+00
1.022978901863098145e+00
2.230102777481079102e+00
2.626483201980590820e+00
2.464092016220092773e+00
2.522576332092285156e+00
2.525783061981201172e+00
2.390659570693969727e+00
1.814632654190063477e+00
1.677657723426818848e+00
1.519022464752197266e+00
1.469424962997436523e+00
2.055721998214721680e+00
2.098581075668334961e+00
1.640327453613281250e+00
1.813906550407409668e+00
1.702071547508239746e+00
1.275385856628417969e+00
1.333579540252685547e+00
1.692741870880126953e+00
1.480151534080505371e+00
9.683734178543090820e-01
7.177624106407165527e-01
7.018145918846130371e-01
6.571856737136840820e-01
3.467856645584106445e-01
3.754648268222808838e-01
3.595605492591857910e-01
3.453252911567687988e-01
3.423705101013183594e-01
4.001602232456207275e-01
3.410298824310302734e-01
3.055339455604553223e-01
3.548153638839721680e-01
3.981954753398895264e-01
3.236830532550811768e-01
3.243345916271209717e-01
3.416797816753387451e-01
3.485366106033325195e-01
4.391887485980987549e-01
1.018889904022216797e+00
3.737034499645233154e-01
3.386737406253814697e-01
3.315795361995697021e-01
4.043640494346618652e-01
4.574250280857086182e-01
4.005275070667266846e-01
4.224917888641357422e-01
4.062029719352722168e-01
1.605407714843750000e+00
1.272303342819213867e+00
1.296892881393432617e+00
7.780384421348571777e-01
3.912687599658966064e-01
3.894857466220855713e-01
4.003342688083648682e-01
4.661459922790527344e-01
3.808346688747406006e-01
3.534243106842041016e-01
4.231290817260742188e-01
4.489438831806182861e-01
3.951195478439331055e-01
4.110482037067413330e-01
4.831658303737640381e-01
4.918029308319091797e-01
4.332865774631500244e-01
4.468245506286621094e-01
5.624437332153320312e-01
1.426500082015991211e+00
2.038941621780395508e+00
2.478438377380371094e+00
2.629236936569213867e+00
2.373732089996337891e+00
2.532313585281372070e+00
2.433077812194824219e+00
2.172694444656372070e+00
2.337441205978393555e+00
1.897114753723144531e+00
1.762657403945922852e+00
1.861894845962524414e+00
1.659116864204406738e+00
1.650333762168884277e+00
1.775577306747436523e+00
2.011717081069946289e+00
1.269557118415832520e+00
1.389640212059020996e+00
1.498996257781982422e+00
1.391120910644531250e+00
1.261681437492370605e+00
1.382746934890747070e+00
1.432850122451782227e+00
1.351098299026489258e+00
1.235025525093078613e+00
1.308300852775573730e+00
1.329489707946777344e+00
1.304618120193481445e+00
1.254008650779724121e+00
1.275855898857116699e+00
1.363351583480834961e+00
1.291527748107910156e+00
1.269461750984191895e+00
1.329831838607788086e+00
1.501217842102050781e+00
1.727344512939453125e+00
1.526004552841186523e+00
1.413831114768981934e+00
1.529105663299560547e+00
1.590166449546813965e+00
1.525630712509155273e+00
1.497599482536315918e+00
2.042157888412475586e+00
3.280028343200683594e+00
1.554475665092468262e+00
1.500117063522338867e+00
1.596570253372192383e+00
1.524601101875305176e+00
1.484180450439453125e+00
7.408877611160278320e-01
8.375634551048278809e-01
1.725015759468078613e+00
1.184420108795166016e+00
5.138165354728698730e-01
4.810327887535095215e-01
4.410013556480407715e-01
4.892055690288543701e-01
6.449812054634094238e-01
4.873647391796112061e-01
3.772935867309570312e-01
5.212133526802062988e-01
5.359447598457336426e-01
4.325563907623291016e-01
5.566418766975402832e-01
6.038720011711120605e-01
6.045281887054443359e-01
8.091759681701660156e-01
1.271089076995849609e+00
1.162596225738525391e+00
1.176863551139831543e+00
1.304528713226318359e+00
1.808534026145935059e+00
2.011148214340209961e+00
2.084229230880737305e+00
2.379075288772583008e+00
2.380584239959716797e+00
1.927325010299682617e+00
1.288077116012573242e+00
1.853602290153503418e+00
2.588034629821777344e+00
3.302106857299804688e+00
2.459821939468383789e+00
2.632129430770874023e+00
2.477127552032470703e+00
2.643887758255004883e+00
2.419105529785156250e+00
2.707835197448730469e+00
2.666074991226196289e+00
2.604102373123168945e+00
2.854794263839721680e+00
2.476411104202270508e+00
2.272994279861450195e+00
2.430212974548339844e+00
2.519305706024169922e+00
2.530151128768920898e+00
1.926466822624206543e+00
9.314195513725280762e-01
9.907573461532592773e-01
8.408254981040954590e-01
4.488457441329956055e-01
3.756002187728881836e-01
3.269727826118469238e-01
4.298803806304931641e-01
1.221892356872558594e+00
3.358409404754638672e-01
3.136521577835083008e-01
4.326279461383819580e-01
4.423128962516784668e-01
3.352225720882415771e-01
2.930660545825958252e-01
4.622170925140380859e-01
3.599804639816284180e-01
3.314137160778045654e-01
3.186122477054595947e-01
3.876923322677612305e-01
2.863898277282714844e-01
2.778988480567932129e-01
3.130444884300231934e-01
2.837738394737243652e-01
2.605947554111480713e-01
2.779341936111450195e-01
3.766204118728637695e-01
2.601940333843231201e-01
2.963398694992065430e-01
3.052222728729248047e-01
3.083623647689819336e-01
2.589181065559387207e-01
2.697534561157226562e-01
3.610574007034301758e-01
3.032967448234558105e-01
2.856503129005432129e-01
3.359385132789611816e-01
4.466578960418701172e-01
2.795604169368743896e-01
3.203916847705841064e-01
4.653445482254028320e-01
4.687329232692718506e-01
4.232842028141021729e-01
4.939554333686828613e-01
6.112827658653259277e-01
5.254166722297668457e-01
1.424018740653991699e+00
1.563372254371643066e+00
1.587978124618530273e+00
1.654003024101257324e+00
2.500658035278320312e+00
2.236414909362792969e+00
2.000844478607177734e+00
2.014852046966552734e+00
2.472315073013305664e+00
2.106439828872680664e+00
1.759422779083251953e+00
1.924033641815185547e+00
2.090306282043457031e+00
1.641818046569824219e+00
1.705883264541625977e+00
1.846104860305786133e+00
2.573668956756591797e+00
1.449453592300415039e+00
1.689760446548461914e+00
2.396831512451171875e+00
1.756801247596740723e+00
1.899006843566894531e+00
1.895267367362976074e+00
9.666759371757507324e-01
9.969067573547363281e-01
1.239322781562805176e+00
1.795143485069274902e+00
9.634922742843627930e-01
1.245859742164611816e+00
1.006493091583251953e+00
8.953863382339477539e-01
2.104396104812622070e+00
1.419790744781494141e+00
2.014111995697021484e+00
1.501795887947082520e+00
2.182705640792846680e+00
2.780867338180541992e+00
1.415751695632934570e+00
5.589251518249511719e-01
4.486552476882934570e-01
5.485411882400512695e-01
5.737675428390502930e-01
6.462028622627258301e-01
1.669003367424011230e+00
1.346981644630432129e+00
2.978964745998382568e-01
4.140545129776000977e-01
4.934373795986175537e-01
5.015210509300231934e-01
7.181022763252258301e-01
1.023134350776672363e+00
5.047792792320251465e-01
4.294116795063018799e-01
5.053987503051757812e-01
4.899621009826660156e-01
5.000017285346984863e-01
5.105945467948913574e-01
5.653225779533386230e-01
6.055637001991271973e-01
5.547599196434020996e-01
5.414524674415588379e-01
5.725343823432922363e-01
1.454835772514343262e+00
5.403231978416442871e-01
7.273262143135070801e-01
8.575813770294189453e-01
7.753087282180786133e-01
2.378921508789062500e+00
2.513095617294311523e+00
2.734918594360351562e+00
3.017672777175903320e+00
2.811225175857543945e+00
2.640928983688354492e+00
2.827512264251708984e+00
2.784838199615478516e+00
2.878672599792480469e+00
2.815668344497680664e+00
2.362829923629760742e+00
2.870359897613525391e+00
2.059866189956665039e+00
2.143637895584106445e+00
2.425665140151977539e+00
2.404356241226196289e+00
2.638044357299804688e+00
2.487933158874511719e+00
2.639549493789672852e+00
3.758372545242309570e+00
3.887403249740600586e+00
4.216735839843750000e+00
3.710680007934570312e+00
2.987843036651611328e+00
2.412273406982421875e+00
2.477005958557128906e+00
2.575122356414794922e+00
2.491827011108398438e+00
2.410224199295043945e+00
2.465348243713378906e+00
2.196054458618164062e+00
2.101072311401367188e+00
2.269416809082031250e+00
2.182171106338500977e+00
2.149857044219970703e+00
2.062433719635009766e+00
1.766606569290161133e+00
5.741457939147949219e-01
7.155836224555969238e-01
8.538454174995422363e-01
8.625814914703369141e-01
6.692130565643310547e-01
1.110219597816467285e+00
1.054966449737548828e+00
7.852601408958435059e-01
6.374692320823669434e-01
5.545392632484436035e-01
5.330853462219238281e-01
4.320698678493499756e-01
3.223597109317779541e-01
3.277325928211212158e-01
4.432826638221740723e-01
3.591746389865875244e-01
3.058327138423919678e-01
3.403432667255401611e-01
4.579502046108245850e-01
2.946818470954895020e-01
2.753946781158447266e-01
3.098038434982299805e-01
3.946154713630676270e-01
2.752773761749267578e-01
2.926447689533233643e-01
3.567425608634948730e-01
3.810062408447265625e-01
2.648331224918365479e-01
2.996712625026702881e-01
3.499745130538940430e-01
3.877907097339630127e-01
3.327351510524749756e-01
3.613528907299041748e-01
4.276100099086761475e-01
4.071483314037322998e-01
3.289690315723419189e-01
3.699318766593933105e-01
4.689349532127380371e-01
5.096521973609924316e-01
4.294552505016326904e-01
4.968203008174896240e-01
6.085582375526428223e-01
5.286967754364013672e-01
5.106343030929565430e-01
1.830837011337280273e+00
2.454523563385009766e+00
2.861804962158203125e+00
2.402244329452514648e+00
2.408537149429321289e+00
2.677833795547485352e+00
2.734971523284912109e+00
3.016389131546020508e+00
2.033749580383300781e+00
2.412386655807495117e+00
1.573126316070556641e+00
3.112493276596069336e+00
2.034438371658325195e+00
1.774430751800537109e+00
1.406710028648376465e+00
1.507451415061950684e+00
1.416478514671325684e+00
1.436483383178710938e+00
1.804746747016906738e+00
4.502413272857666016e+00
4.017047882080078125e+00
3.017219543457031250e+00
2.684442758560180664e+00
1.822233676910400391e+00
1.676215171813964844e+00
1.879932880401611328e+00
3.100092887878417969e+00
4.885241508483886719e+00
3.562260150909423828e+00
2.738966703414916992e+00
2.667968273162841797e+00
1.492832660675048828e+00
1.548441052436828613e+00
1.654003620147705078e+00
2.198014020919799805e+00
1.485270023345947266e+00
1.563020110130310059e+00
1.473450660705566406e+00
1.577256202697753906e+00
1.591886401176452637e+00
1.614734172821044922e+00
2.892424345016479492e+00
2.797785520553588867e+00
2.955200910568237305e+00
2.560890674591064453e+00
2.073797464370727539e+00
1.401234865188598633e+00
1.428035855293273926e+00
1.472242474555969238e+00
2.162533044815063477e+00
1.705492377281188965e+00
1.500985980033874512e+00
1.662217497825622559e+00
1.485050201416015625e+00
1.610620975494384766e+00
1.609046101570129395e+00
1.575162410736083984e+00
1.583535790443420410e+00
1.572380542755126953e+00
1.564147472381591797e+00
1.692166209220886230e+00
1.681092143058776855e+00
1.595081567764282227e+00
9.655992984771728516e-01
7.284700274467468262e-01
1.634672284126281738e+00
1.624221444129943848e+00
1.570638060569763184e+00
2.084133148193359375e+00
2.036118268966674805e+00
2.041395425796508789e+00
1.505208730697631836e+00
1.654183626174926758e+00
1.734613299369812012e+00
1.541629433631896973e+00
1.111826181411743164e+00
1.259098649024963379e+00
1.286709070205688477e+00
4.798190891742706299e-01
4.208280146121978760e-01
5.032492876052856445e-01
6.558384895324707031e-01
4.572038352489471436e-01
4.265317320823669434e-01
4.263212084770202637e-01
5.281362533569335938e-01
4.583100974559783936e-01
3.930339515209197998e-01
3.799937367439270020e-01
3.930906653404235840e-01
5.579600334167480469e-01
1.019069194793701172e+00
3.446655273437500000e-01
3.467815518379211426e-01
5.551763176918029785e-01
4.049585759639739990e-01
4.131938517093658447e-01
3.682872951030731201e-01
1.337916851043701172e+00
1.462059736251831055e+00
1.344791293144226074e+00
1.201390862464904785e+00
1.395919322967529297e+00
3.841271400451660156e-01
8.205469250679016113e-01
6.284964084625244141e-01
5.096765756607055664e-01
9.605147838592529297e-01
7.256352901458740234e-01
4.513792395591735840e-01
4.915323853492736816e-01
5.267654657363891602e-01
4.555436074733734131e-01
3.643295764923095703e-01
3.772856593132019043e-01
4.188005030155181885e-01
4.044717848300933838e-01
3.880966007709503174e-01
4.248676598072052002e-01
4.683982729911804199e-01
3.855776488780975342e-01
4.066634476184844971e-01
4.467697441577911377e-01
4.664815068244934082e-01
4.216113984584808350e-01
5.576286315917968750e-01
4.138535857200622559e-01
5.002816319465637207e-01
3.756073415279388428e-01
3.674455285072326660e-01
4.113242328166961670e-01
5.121037364006042480e-01
4.253174662590026855e-01
4.667720496654510498e-01
4.133476018905639648e-01
5.310907363891601562e-01
4.339145421981811523e-01
4.150675833225250244e-01
3.613559007644653320e-01
4.169667959213256836e-01
1.182827591896057129e+00
1.416000485420227051e+00
1.324794173240661621e+00
1.250246405601501465e+00
1.270409584045410156e+00
2.526390552520751953e-01
4.596295952796936035e-01
1.187185287475585938e+00
4.365568459033966064e-01
4.142721295356750488e-01
1.476680874824523926e+00
7.984973788261413574e-01
8.850679397583007812e-01
8.537991046905517578e-01
8.254143595695495605e-01
8.779115080833435059e-01
1.051173210144042969e+00
1.194747924804687500e+00
1.158213973045349121e+00
1.419013977050781250e+00
1.002107977867126465e+00
1.113322138786315918e+00
1.159937977790832520e+00
1.180661439895629883e+00
1.151594996452331543e+00
1.173622608184814453e+00
1.579903721809387207e+00
1.846403598785400391e+00
1.799953937530517578e+00
1.759479761123657227e+00
2.111004352569580078e+00
2.920235872268676758e+00
1.771893620491027832e+00
1.977869749069213867e+00
2.944209814071655273e+00
2.616361379623413086e+00
2.909150362014770508e+00
2.390298843383789062e+00
1.979593276977539062e+00
1.815637826919555664e+00
5.947563052177429199e-01
1.059233903884887695e+00
8.417772054672241211e-01
6.200717091560363770e-01
5.133193731307983398e-01
1.943744897842407227e+00
1.594007134437561035e+00
2.810584783554077148e+00
2.363666296005249023e+00
1.592939496040344238e+00
1.592205524444580078e+00
9.579228758811950684e-01
1.132125496864318848e+00
1.899275183677673340e+00
3.128640890121459961e+00
2.585453271865844727e+00
2.988926172256469727e+00
3.692598819732666016e+00
1.418814420700073242e+00
1.744418859481811523e+00
1.911311626434326172e+00
1.906502366065979004e+00
2.393638372421264648e+00
2.832978487014770508e+00
3.964220762252807617e+00
3.182257413864135742e+00
2.496065616607666016e+00
2.480180501937866211e+00
2.344795227050781250e+00
2.254639148712158203e+00
2.307030439376831055e+00
2.690357208251953125e+00
2.055881500244140625e+00
1.213675379753112793e+00
1.218938350677490234e+00
1.695764899253845215e+00
1.535658478736877441e+00
1.826704978942871094e+00
2.117290735244750977e+00
1.846403121948242188e+00
6.526567339897155762e-01
6.282447576522827148e-01
1.661716461181640625e+00
2.911694049835205078e+00
2.152051925659179688e+00
2.172355890274047852e+00
2.254601478576660156e+00
1.499112248420715332e+00
1.335861206054687500e+00
1.217254281044006348e+00
1.432215332984924316e+00
9.446401000022888184e-01
8.158214688301086426e-01
7.263619303703308105e-01
5.785096883773803711e-01
6.422569155693054199e-01
5.827475190162658691e-01
5.685903429985046387e-01
5.140983462333679199e-01
5.891872048377990723e-01
5.318406820297241211e-01
4.089853465557098389e-01
3.268011808395385742e-01
3.623837530612945557e-01
3.767377138137817383e-01
2.892196178436279297e-01
2.621464133262634277e-01
3.418000936508178711e-01
3.420188426971435547e-01
1.036258697509765625e+00
1.321277260780334473e+00
1.321811676025390625e+00
6.616002917289733887e-01
2.967987060546875000e-01
3.153323829174041748e-01
3.180393874645233154e-01
3.912350237369537354e-01
2.871238887310028076e-01
2.959635257720947266e-01
3.349843919277191162e-01
3.995596766471862793e-01
4.546305835247039795e-01
3.519329428672790527e-01
3.817972838878631592e-01
4.284545183181762695e-01
4.435035884380340576e-01
3.584389388561248779e-01
3.738065063953399658e-01
4.181714653968811035e-01
4.412326812744140625e-01
4.066072702407836914e-01
4.039282500743865967e-01
4.274724125862121582e-01
4.463084340095520020e-01
3.452723920345306396e-01
3.446584045886993408e-01
4.319054186344146729e-01
4.943682253360748291e-01
4.137519001960754395e-01
3.399326801300048828e-01
4.321984350681304932e-01
4.552407264709472656e-01
4.248268306255340576e-01
3.554515540599822998e-01
4.249444305896759033e-01
4.481550455093383789e-01
4.588207304477691650e-01
4.677108228206634521e-01
1.772566795349121094e+00
1.917372465133666992e+00
2.314494848251342773e+00
2.640557289123535156e+00
2.196543693542480469e+00
2.431553363800048828e+00
2.445977687835693359e+00
2.405064821243286133e+00
2.119623899459838867e+00
2.267669916152954102e+00
1.985219359397888184e+00
1.858999848365783691e+00
2.560936212539672852e+00
2.860668659210205078e+00
1.308383703231811523e+00
1.671809554100036621e+00
1.724497199058532715e+00
1.488608241081237793e+00
1.421157121658325195e+00
1.654069900512695312e+00
2.728759288787841797e+00
2.115422487258911133e+00
1.109198093414306641e+00
1.295648813247680664e+00
1.479883432388305664e+00
1.374473094940185547e+00
1.269774198532104492e+00
1.569182038307189941e+00
1.471554398536682129e+00
1.363230109214782715e+00
1.323314547538757324e+00
1.336946845054626465e+00
1.418903827667236328e+00
1.435199499130249023e+00
1.728260874748229980e+00
1.817910075187683105e+00
9.790799617767333984e-01
7.480636835098266602e-01
1.094341397285461426e+00
6.753909587860107422e-01
8.620779514312744141e-01
9.211186766624450684e-01
1.160401225090026855e+00
1.253293275833129883e+00
1.251384496688842773e+00
9.276736974716186523e-01
1.079039096832275391e+00
1.515646100044250488e+00
1.587936162948608398e+00
1.591032028198242188e+00
1.814418315887451172e+00
2.313476324081420898e+00
1.701995372772216797e+00
1.678864836692810059e+00
1.938214898109436035e+00
7.344678640365600586e-01
1.089329600334167480e+00
1.279075503349304199e+00
1.194401383399963379e+00
1.534439563751220703e+00
1.805690526962280273e+00
2.775143861770629883e+00
2.605463981628417969e+00
2.898648500442504883e+00
2.884418010711669922e+00
1.970095515251159668e+00
1.710678815841674805e+00
1.927627086639404297e+00
2.380436897277832031e+00
2.555928230285644531e+00
2.392394542694091797e+00
2.438681602478027344e+00
2.374906778335571289e+00
2.976329565048217773e+00
2.544852018356323242e+00
2.805909633636474609e+00
2.478987932205200195e+00
2.646497011184692383e+00
1.821718931198120117e+00
2.319648504257202148e+00
3.448738336563110352e+00
1.595273971557617188e+00
1.844692707061767578e+00
9.679279923439025879e-01
1.007393717765808105e+00
9.221966862678527832e-01
1.045482397079467773e+00
2.040792465209960938e+00
2.217523336410522461e+00
6.639810800552368164e-01
6.345087289810180664e-01
3.699559867382049561e-01
3.574256002902984619e-01
4.392885267734527588e-01
4.330467581748962402e-01
3.492308855056762695e-01
2.501343488693237305e-01
3.724648058414459229e-01
3.021427989006042480e-01
7.209715247154235840e-01
9.263073205947875977e-01
7.706487774848937988e-01
6.993888020515441895e-01
6.947305202484130859e-01
7.264699339866638184e-01
6.913629174232482910e-01
8.504106998443603516e-01
8.175696730613708496e-01
8.131178021430969238e-01
9.941013455390930176e-01
1.494821190834045410e+00
1.442297458648681641e+00
7.804650664329528809e-01
2.847734987735748291e-01
3.217547833919525146e-01
3.878559470176696777e-01
3.224378228187561035e-01
2.609223127365112305e-01
3.137741386890411377e-01
3.873886168003082275e-01
3.477447330951690674e-01
2.926206290721893311e-01
3.328146338462829590e-01
3.646557629108428955e-01
3.640634417533874512e-01
3.298467099666595459e-01
3.437747061252593994e-01
4.045553803443908691e-01
4.041762948036193848e-01
4.500093162059783936e-01
4.181248545646667480e-01
4.529470801353454590e-01
4.711485505104064941e-01
5.582741498947143555e-01
4.934321641921997070e-01
5.568683147430419922e-01
5.223878622055053711e-01
6.095074415206909180e-01
5.007818341255187988e-01
4.626345336437225342e-01
4.207350909709930420e-01
4.098882079124450684e-01
4.306530654430389404e-01
5.103045701980590820e-01
1.408401489257812500e+00
1.914829730987548828e+00
2.214094400405883789e+00
2.094125270843505859e+00
2.369364976882934570e+00
1.701375722885131836e+00
2.139297246932983398e+00
1.827283978462219238e+00
1.622816681861877441e+00
1.613047838211059570e+00
1.665522336959838867e+00
1.667840361595153809e+00
1.689016342163085938e+00
8.234252333641052246e-01
7.806785702705383301e-01
1.134429335594177246e+00
1.060349225997924805e+00
1.056594848632812500e+00
7.198340296745300293e-01
4.544425606727600098e-01
4.239305257797241211e-01
4.243027567863464355e-01
3.955548107624053955e-01
5.162913799285888672e-01
5.716276764869689941e-01
7.900905609130859375e-01
5.884161591529846191e-01
1.495848774909973145e+00
1.562266826629638672e+00
1.610051751136779785e+00
9.095489978790283203e-01
8.822710514068603516e-01
1.219933629035949707e+00
1.711959719657897949e+00
9.426038265228271484e-01
5.875669717788696289e-01
1.399409413337707520e+00
1.800996065139770508e+00
1.860836744308471680e+00
1.812236785888671875e+00
2.235207796096801758e+00
2.231194734573364258e+00
2.204593896865844727e+00
2.354167461395263672e+00
1.898125648498535156e+00
1.633807301521301270e+00
1.453793764114379883e+00
2.391591072082519531e+00
2.310220718383789062e+00
2.495531797409057617e+00
3.048153877258300781e+00
2.907474994659423828e+00
1.088272929191589355e+00
1.107590198516845703e+00
1.481167078018188477e+00
2.416738271713256836e+00
2.289164304733276367e+00
2.798454761505126953e+00
3.662595987319946289e+00
3.993020057678222656e+00
2.704797744750976562e+00
2.885442018508911133e+00
3.586437463760375977e+00
3.197877407073974609e+00
2.609245777130126953e+00
2.056060075759887695e+00
2.300502538681030273e+00
1.580223560333251953e+00
1.826079010963439941e+00
1.884331941604614258e+00
1.837673544883728027e+00
1.878231644630432129e+00
1.838984012603759766e+00
2.513513088226318359e+00
2.406088352203369141e+00
2.842211961746215820e+00
2.334070444107055664e+00
1.878764748573303223e+00
1.946659922599792480e+00
1.957370519638061523e+00
1.829630732536315918e+00
1.858405232429504395e+00
1.844720363616943359e+00
1.793587923049926758e+00
1.686203837394714355e+00
1.855962753295898438e+00
1.904296994209289551e+00
1.673792362213134766e+00
1.752455711364746094e+00
1.844609618186950684e+00
1.706603765487670898e+00
1.582887530326843262e+00
1.783416748046875000e+00
1.741895318031311035e+00
1.565494418144226074e+00
1.655147194862365723e+00
1.832494497299194336e+00
1.645660877227783203e+00
1.630095720291137695e+00
1.847626328468322754e+00
1.814278483390808105e+00
1.769149899482727051e+00
1.878683090209960938e+00
1.949733853340148926e+00
1.748488187789916992e+00
2.646826028823852539e+00
1.798413991928100586e+00
1.675046920776367188e+00
1.615600585937500000e+00
1.744161009788513184e+00
1.753417491912841797e+00
1.588902354240417480e+00
1.641719341278076172e+00
1.657876372337341309e+00
1.569233059883117676e+00
1.543837904930114746e+00
1.633590936660766602e+00
1.637440443038940430e+00
8.061875104904174805e-01
5.452849268913269043e-01
6.550199985504150391e-01
5.083384513854980469e-01
5.043324828147888184e-01
1.232918500900268555e+00
1.351806282997131348e+00
3.207737803459167480e-01
3.584718406200408936e-01
4.178096652030944824e-01
3.035993576049804688e-01
3.262976706027984619e-01
5.868414640426635742e-01
4.162237346172332764e-01
3.395560681819915771e-01
4.478587210178375244e-01
4.897661209106445312e-01
4.193443357944488525e-01
3.883767426013946533e-01
4.306601881980895996e-01
4.144198894500732422e-01
3.672226965427398682e-01
3.681077361106872559e-01
3.458973169326782227e-01
3.889559209346771240e-01
3.309384286403656006e-01
3.487084805965423584e-01
3.335399031639099121e-01
3.768396973609924316e-01
3.480133712291717529e-01
3.050498664379119873e-01
3.481498658657073975e-01
3.949863314628601074e-01
3.900427222251892090e-01
3.045762479305267334e-01
3.409320414066314697e-01
4.157114326953887939e-01
1.431911110877990723e+00
1.009999036788940430e+00
4.370009005069732666e-01
5.566561222076416016e-01
1.362759470939636230e+00
1.159106969833374023e+00
1.462472796440124512e+00
1.658707380294799805e+00
1.751365661621093750e+00
1.492001295089721680e+00
1.380424499511718750e+00
1.448743700981140137e+00
1.121149897575378418e+00
4.488079249858856201e-01
5.832935571670532227e-01
5.944816470146179199e-01
5.910976529121398926e-01
5.846067070960998535e-01
6.524566411972045898e-01
2.346381187438964844e+00
1.919306516647338867e+00
1.716177463531494141e+00
1.779186844825744629e+00
1.567993044853210449e+00
1.399882197380065918e+00
6.694830656051635742e-01
1.100507855415344238e+00
1.034950137138366699e+00
1.068282365798950195e+00
1.169992446899414062e+00
1.918139696121215820e+00
1.682243108749389648e+00
1.692318081855773926e+00
1.963800072669982910e+00
1.754791021347045898e+00
1.785203337669372559e+00
1.395738720893859863e+00
8.677526116371154785e-01
2.047957420349121094e+00
3.706829071044921875e+00
3.675218343734741211e+00
3.090936422348022461e+00
3.433365106582641602e+00
3.668576478958129883e+00
3.648998975753784180e+00
3.784723520278930664e+00
2.368931293487548828e+00
2.261087894439697266e+00
2.357783079147338867e+00
2.400877952575683594e+00
2.316331863403320312e+00
2.426651477813720703e+00
2.278208494186401367e+00
2.128505468368530273e+00
2.248880863189697266e+00
2.602319717407226562e+00
2.710287809371948242e+00
2.673634529113769531e+00
2.517445802688598633e+00
2.576596021652221680e+00
2.431666374206542969e+00
1.877818226814270020e+00
2.039690017700195312e+00
1.914306163787841797e+00
2.088329315185546875e+00
1.299735903739929199e+00
1.100355625152587891e+00
1.167993187904357910e+00
1.988267064094543457e+00
1.906989932060241699e+00
2.747519493103027344e+00
3.170328855514526367e+00
2.076061725616455078e+00
2.855175495147705078e+00
2.817792415618896484e+00
2.878964424133300781e+00
2.489413738250732422e+00
1.770914077758789062e+00
3.200059652328491211e+00
2.828582048416137695e+00
1.311494350433349609e+00
1.400832772254943848e+00
1.180964350700378418e+00
9.203857183456420898e-01
7.866013050079345703e-01
9.345130324363708496e-01
6.530577540397644043e-01
4.431911110877990723e-01
4.784869849681854248e-01
4.541511833667755127e-01
3.943907320499420166e-01
3.241402506828308105e-01
2.983756065368652344e-01
2.961507439613342285e-01
3.739674091339111328e-01
2.578200697898864746e-01
2.202439755201339722e-01
2.963637113571166992e-01
3.117554187774658203e-01
2.759384810924530029e-01
2.768010795116424561e-01
3.264533579349517822e-01
3.486777842044830322e-01
3.826160132884979248e-01
4.117948412895202637e-01
4.396906197071075439e-01
3.913224637508392334e-01
3.973715305328369141e-01
4.177035689353942871e-01
3.765908181667327881e-01
2.781529128551483154e-01
3.335407078266143799e-01
3.951877951622009277e-01
4.202263653278350830e-01
3.094527125358581543e-01
1.431819558143615723e+00
1.322987079620361328e+00
1.303222417831420898e+00
3.424519002437591553e-01
3.410636186599731445e-01
3.797039985656738281e-01
3.947774767875671387e-01
4.158473908901214600e-01
3.763342499732971191e-01
5.023414492607116699e-01
4.442918896675109863e-01
5.049039721488952637e-01
5.266193747520446777e-01
5.507186651229858398e-01
5.050289630889892578e-01
5.248385667800903320e-01
5.433961153030395508e-01
6.178893446922302246e-01
2.132737636566162109e+00
2.032375574111938477e+00
1.979183793067932129e+00
1.909344196319580078e+00
2.200170516967773438e+00
2.276860713958740234e+00
3.967189311981201172e+00
2.791593790054321289e+00
1.423327207565307617e+00
2.286000490188598633e+00
1.597976088523864746e+00
1.267060399055480957e+00
1.582914710044860840e+00
1.937041759490966797e+00
1.198688030242919922e+00
1.377278208732604980e+00
1.508125424385070801e+00
1.373771905899047852e+00
1.361728549003601074e+00
1.421978116035461426e+00
1.212404966354370117e+00
1.354805469512939453e+00
1.371234536170959473e+00
1.285906314849853516e+00
1.231194138526916504e+00
1.192241311073303223e+00
1.403333425521850586e+00
1.313569545745849609e+00
1.148971557617187500e+00
1.182078838348388672e+00
1.434197902679443359e+00
2.553447484970092773e+00
4.147826671600341797e+00
3.340544939041137695e+00
2.987738609313964844e+00
2.210063934326171875e+00
1.851026296615600586e+00
1.598996043205261230e+00
2.893180370330810547e+00
3.441396236419677734e+00
2.979608774185180664e+00
2.865677356719970703e+00
2.493759155273437500e+00
7.387964129447937012e-01
6.258168220520019531e-01
6.469187736511230469e-01
5.411635637283325195e-01
5.405430197715759277e-01
5.973232388496398926e-01
5.616135001182556152e-01
4.436370730400085449e-01
3.446106910705566406e-01
3.808003962039947510e-01
4.429375827312469482e-01
4.299908280372619629e-01
3.722452521324157715e-01
3.881240189075469971e-01
5.637429356575012207e-01
5.028910040855407715e-01
6.871064901351928711e-01
6.719754338264465332e-01
7.044832110404968262e-01
1.264437794685363770e+00
8.848839998245239258e-01
9.161964058876037598e-01
9.420397281646728516e-01
1.053440570831298828e+00
1.180848121643066406e+00
1.208393335342407227e+00
1.192399978637695312e+00
1.206951260566711426e+00
1.667589783668518066e+00
1.777812242507934570e+00
1.618355751037597656e+00
1.544770359992980957e+00
1.570649027824401855e+00
1.586378693580627441e+00
2.365337848663330078e+00
1.062329292297363281e+00
2.354869604110717773e+00
2.479753494262695312e+00
2.937636137008666992e+00
2.439591169357299805e+00
3.637106180191040039e+00
3.144193649291992188e+00
1.534622192382812500e+00
1.461364269256591797e+00
1.396019935607910156e+00
1.291928529739379883e+00
1.440617561340332031e+00
1.830506801605224609e+00
2.471826314926147461e+00
1.607551097869873047e+00
8.866609930992126465e-01
1.175347208976745605e+00
1.075198411941528320e+00
6.526213884353637695e-01
6.576052904129028320e-01
9.764916300773620605e-01
6.516883373260498047e-01
3.463062644004821777e-01
3.539440035820007324e-01
3.137883841991424561e-01
4.774245917797088623e-01
4.334724247455596924e-01
2.972536981105804443e-01
3.014060258865356445e-01
3.200285136699676514e-01
3.330152630805969238e-01
3.005864620208740234e-01
2.681321799755096436e-01
2.908686101436614990e-01
3.759159743785858154e-01
2.958560883998870850e-01
2.734899818897247314e-01
3.243491053581237793e-01
4.096587896347045898e-01
9.627563357353210449e-01
1.481943845748901367e+00
1.307054877281188965e+00
1.225582480430603027e+00
6.006705164909362793e-01
2.702978253364562988e-01
3.449453711509704590e-01
3.101908564567565918e-01
2.960021793842315674e-01
3.152572810649871826e-01
3.088050186634063721e-01
2.867349386215209961e-01
3.193369507789611816e-01
3.806027770042419434e-01
4.100389778614044189e-01
3.200767636299133301e-01
3.693543374538421631e-01
4.060355126857757568e-01
4.466294050216674805e-01
4.345723986625671387e-01
3.988870382308959961e-01
4.930536448955535889e-01
5.391574501991271973e-01
5.501326322555541992e-01
4.294618368148803711e-01
4.874466955661773682e-01
1.858043789863586426e+00
2.097552776336669922e+00
2.794983148574829102e+00
2.503648042678833008e+00
2.554285287857055664e+00
2.605090856552124023e+00
2.160266876220703125e+00
2.199757337570190430e+00
1.933579683303833008e+00
2.398381948471069336e+00
1.722013831138610840e+00
1.463145375251770020e+00
1.473813772201538086e+00
1.428547620773315430e+00
1.552153706550598145e+00
1.528157830238342285e+00
1.483527541160583496e+00
1.430766463279724121e+00
1.753839612007141113e+00
1.816536307334899902e+00
1.398758172988891602e+00
1.292830586433410645e+00
1.526916980743408203e+00
1.565273165702819824e+00
1.638963818550109863e+00
1.409751892089843750e+00
1.439102649688720703e+00
1.354374527931213379e+00
1.455698132514953613e+00
9.749887585639953613e-01
3.274708092212677002e-01
5.198011994361877441e-01
3.590674400329589844e-01
3.770162165164947510e-01
3.421759009361267090e-01
3.602965176105499268e-01
3.648377656936645508e-01
4.728997647762298584e-01
4.577972590923309326e-01
4.360807538032531738e-01
3.964297473430633545e-01
4.285556674003601074e-01
4.673893153667449951e-01
3.501433730125427246e-01
3.090591132640838623e-01
3.288637697696685791e-01
3.895608484745025635e-01
3.268878161907196045e-01
2.667049467563629150e-01
3.107587993144989014e-01
3.634478151798248291e-01
3.545286655426025391e-01
2.516018748283386230e-01
3.258777558803558350e-01
3.341818153858184814e-01
3.553619086742401123e-01
2.772125005722045898e-01
3.075389564037322998e-01
3.421725928783416748e-01
3.861050307750701904e-01
4.091078639030456543e-01
1.515080094337463379e+00
7.614961266517639160e-01
1.086276412010192871e+00
1.289519429206848145e+00
1.232923746109008789e+00
1.028654932975769043e+00
2.199713945388793945e+00
2.263412475585937500e+00
2.243426322937011719e+00
2.448759794235229492e+00
1.887970328330993652e+00
1.964102625846862793e+00
2.400169372558593750e+00
1.943949580192565918e+00
1.923767447471618652e+00
2.026332616806030273e+00
2.008807420730590820e+00
2.012342691421508789e+00
2.670038223266601562e+00
2.149739503860473633e+00
1.711838245391845703e+00
1.777185916900634766e+00
1.855814218521118164e+00
2.659849166870117188e+00
2.598317146301269531e+00
2.801379203796386719e+00
2.488081693649291992e+00
2.423627614974975586e+00
2.461555004119873047e+00
2.532837629318237305e+00
2.253984451293945312e+00
1.510755419731140137e+00
9.658541679382324219e-01
9.289121031761169434e-01
7.645799517631530762e-01
6.355656385421752930e-01
6.872608065605163574e-01
5.289215445518493652e-01
8.784704208374023438e-01
6.089395284652709961e-01
3.614688217639923096e-01
3.407714068889617920e-01
5.120949745178222656e-01
4.543690979480743408e-01
3.739060163497924805e-01
3.387299478054046631e-01
3.852465450763702393e-01
4.461963176727294922e-01
3.828739523887634277e-01
3.047670125961303711e-01
3.112039268016815186e-01
3.578775823116302490e-01
3.324950337409973145e-01
2.536132037639617920e-01
2.987946867942810059e-01
3.443248271942138672e-01
3.905347287654876709e-01
2.456706762313842773e-01
3.015156686305999756e-01
3.406532704830169678e-01
4.073248505592346191e-01
2.811855375766754150e-01
3.094379007816314697e-01
3.345951735973358154e-01
4.080643653869628906e-01
3.813836872577667236e-01
3.448968529701232910e-01
4.059373736381530762e-01
4.486031830310821533e-01
5.139790773391723633e-01
4.530356228351593018e-01
4.268663823604583740e-01
1.285482764244079590e+00
1.626327395439147949e+00
1.434527397155761719e+00
1.255526304244995117e+00
3.706650733947753906e-01
4.825181365013122559e-01
5.502485632896423340e-01
4.712162613868713379e-01
4.647212326526641846e-01
5.114096999168395996e-01
5.663627982139587402e-01
6.771709918975830078e-01
2.113079309463500977e+00
2.482929944992065430e+00
2.426053047180175781e+00
2.270634174346923828e+00
2.301407814025878906e+00
2.744063377380371094e+00
2.871551036834716797e+00
2.278098344802856445e+00
1.616701602935791016e+00
1.504555225372314453e+00
1.499525904655456543e+00
1.378640770912170410e+00
1.531735897064208984e+00
1.499068140983581543e+00
1.350630164146423340e+00
1.306697368621826172e+00
1.396357059478759766e+00
1.297906279563903809e+00
1.335534214973449707e+00
1.284785747528076172e+00
1.387038230895996094e+00
1.349939346313476562e+00
1.653767347335815430e+00
1.368929743766784668e+00
1.348206520080566406e+00
1.405282735824584961e+00
1.410351157188415527e+00
1.317924737930297852e+00
1.341899514198303223e+00
1.438411831855773926e+00
1.416346430778503418e+00
1.387909889221191406e+00
1.421270370483398438e+00
1.507355690002441406e+00
1.424105048179626465e+00
1.392211079597473145e+00
1.767546176910400391e+00
1.346593141555786133e+00
1.351479530334472656e+00
9.175770282745361328e-01
3.190631270408630371e-01
3.712245225906372070e-01
3.564514517784118652e-01
2.872085571289062500e-01
2.951014935970306396e-01
3.642344772815704346e-01
3.175123035907745361e-01
2.585368454456329346e-01
2.912356257438659668e-01
3.763071000576019287e-01
3.382327258586883545e-01
2.504635453224182129e-01
2.983018755912780762e-01
4.023987650871276855e-01
1.216137051582336426e+00
9.060059785842895508e-01
8.772777915000915527e-01
9.161449074745178223e-01
1.043501138687133789e+00
8.866579532623291016e-01
8.672000169754028320e-01
8.888036012649536133e-01
9.073238372802734375e-01
1.213123917579650879e+00
1.183799862861633301e+00
1.171909213066101074e+00
1.235907196998596191e+00
1.250090479850769043e+00
1.502905726432800293e+00
1.648376941680908203e+00
1.927368640899658203e+00
1.842901229858398438e+00
1.835123181343078613e+00
1.765428543090820312e+00
1.258553743362426758e+00
1.262001872062683105e+00
2.679874658584594727e+00
2.399264097213745117e+00
2.901769638061523438e+00
3.909611463546752930e+00
2.961234331130981445e+00
2.433056116104125977e+00
2.465195655822753906e+00
1.690221309661865234e+00
1.073563933372497559e+00
1.327550292015075684e+00
1.966853737831115723e+00
2.599964141845703125e+00
1.297539830207824707e+00
1.425520181655883789e+00
1.491617798805236816e+00
1.160351276397705078e+00
1.309365749359130859e+00
1.286866664886474609e+00
1.108812928199768066e+00
7.898136973381042480e-01
9.819566011428833008e-01
8.249070048332214355e-01
7.330905199050903320e-01
6.692761182785034180e-01
6.393144726753234863e-01
5.863672494888305664e-01
5.859966874122619629e-01
4.019758403301239014e-01
4.346280395984649658e-01
5.097223520278930664e-01
5.416591763496398926e-01
3.906676471233367920e-01
4.833418130874633789e-01
3.979457616806030273e-01
4.522064626216888428e-01
3.980589807033538818e-01
3.903477787971496582e-01
3.331808149814605713e-01
4.106200635433197021e-01
4.403709173202514648e-01
3.700401484966278076e-01
3.418908417224884033e-01
3.796231448650360107e-01
4.571731388568878174e-01
4.967229962348937988e-01
1.496197700500488281e+00
1.230786561965942383e+00
1.394882082939147949e+00
1.289209723472595215e+00
3.617714345455169678e-01
4.122613668441772461e-01
5.790940523147583008e-01
5.856077671051025391e-01
5.311058163642883301e-01
5.451133251190185547e-01
5.680819153785705566e-01
6.059458255767822266e-01
5.086991786956787109e-01
4.832746386528015137e-01
4.620701670646667480e-01
4.804188311100006104e-01
5.353899598121643066e-01
4.965130388736724854e-01
4.820743799209594727e-01
4.626389145851135254e-01
6.115549206733703613e-01
5.908147692680358887e-01
5.781564116477966309e-01
2.024865865707397461e+00
2.608577251434326172e+00
2.638189792633056641e+00
2.396300077438354492e+00
2.432555437088012695e+00
2.544696331024169922e+00
2.610530614852905273e+00
2.082089900970458984e+00
1.893401503562927246e+00
1.395789980888366699e+00
1.506378531455993652e+00
1.540449738502502441e+00
1.360298395156860352e+00
1.361986041069030762e+00
1.301957964897155762e+00
1.412337779998779297e+00
1.275302290916442871e+00
1.335563778877258301e+00
1.274701952934265137e+00
1.353123903274536133e+00
1.324302673339843750e+00
1.245314598083496094e+00
1.200748443603515625e+00
1.260377287864685059e+00
1.343318223953247070e+00
1.251826286315917969e+00
1.207098722457885742e+00
1.221345543861389160e+00
1.354606151580810547e+00
1.339696645736694336e+00
1.284579634666442871e+00
1.309443354606628418e+00
1.360251784324645996e+00
1.374050378799438477e+00
1.360659122467041016e+00
1.304267287254333496e+00
2.349651813507080078e+00
1.384811997413635254e+00
1.244879245758056641e+00
8.818941712379455566e-01
8.631699681282043457e-01
1.352318286895751953e+00
4.482007920742034912e-01
3.984002172946929932e-01
3.362836241722106934e-01
9.492071270942687988e-01
3.722156584262847900e-01
3.255540430545806885e-01
3.162360787391662598e-01
3.491050899028778076e-01
2.829888463020324707e-01
2.866732478141784668e-01
3.616324663162231445e-01
3.194372653961181641e-01
3.622450828552246094e-01
3.763465881347656250e-01
4.707516729831695557e-01
3.641662299633026123e-01
4.695859253406524658e-01
6.313467025756835938e-01
6.610795259475708008e-01
6.179534792900085449e-01
6.409360766410827637e-01
6.909468770027160645e-01
6.332081556320190430e-01
6.379429101943969727e-01
6.361456513404846191e-01
7.026593089103698730e-01
9.654194712638854980e-01
2.937990903854370117e+00
3.574757099151611328e+00
2.855441331863403320e+00
2.857842922210693359e+00
3.135237455368041992e+00
2.266638517379760742e+00
2.279529094696044922e+00
2.790005683898925781e+00
2.844523906707763672e+00
2.391288995742797852e+00
3.404893159866333008e+00
2.767575979232788086e+00
1.437983751296997070e+00
1.688760042190551758e+00
1.941751360893249512e+00
1.819168686866760254e+00
2.687559127807617188e+00
1.308694243431091309e+00
2.727229833602905273e+00
2.511694669723510742e+00
9.959685206413269043e-01
1.329832434654235840e+00
1.553296685218811035e+00
9.115652441978454590e-01
7.740678787231445312e-01
1.244333505630493164e+00
8.816329240798950195e-01
7.373691797256469727e-01
9.650751948356628418e-01
6.464383006095886230e-01
3.399195075035095215e-01
3.463290333747863770e-01
4.939705133438110352e-01
4.176876842975616455e-01
3.177195191383361816e-01
3.637621998786926270e-01
3.872030675411224365e-01
3.488293588161468506e-01
3.145534098148345947e-01
3.253802657127380371e-01
2.983473539352416992e-01
2.630443871021270752e-01
3.078645765781402588e-01
2.765763103961944580e-01
2.431423962116241455e-01
2.539418637752532959e-01
2.974091172218322754e-01
2.353467792272567749e-01
1.336072802543640137e+00
1.222359657287597656e+00
1.114585518836975098e+00
6.087492704391479492e-01
1.807294785976409912e-01
3.185311257839202881e-01
2.758409082889556885e-01
2.689506411552429199e-01
3.696832656860351562e-01
3.383544087409973145e-01
3.085775077342987061e-01
3.745243847370147705e-01
4.941045343875885010e-01
3.500800430774688721e-01
3.670453429222106934e-01
4.008309245109558105e-01
4.114681184291839600e-01
3.618923127651214600e-01
4.160175919532775879e-01
4.948936700820922852e-01
4.315378367900848389e-01
4.672530889511108398e-01
4.937534034252166748e-01
4.770866036415100098e-01
4.286883175373077393e-01
4.600042998790740967e-01
1.698853135108947754e+00
1.856069087982177734e+00
2.107264041900634766e+00
2.517338037490844727e+00
2.641285419464111328e+00
1.854249715805053711e+00
1.731191277503967285e+00
2.100649118423461914e+00
1.950949192047119141e+00
1.594021439552307129e+00
1.598301172256469727e+00
1.567418217658996582e+00
1.452833771705627441e+00
1.344392180442810059e+00
1.483602404594421387e+00
1.325872540473937988e+00
1.400927066802978516e+00
1.367081165313720703e+00
1.390536904335021973e+00
1.312366604804992676e+00
1.384253740310668945e+00
1.364062786102294922e+00
1.293270707130432129e+00
1.314441561698913574e+00
1.339380264282226562e+00
1.332240581512451172e+00
1.266311049461364746e+00
1.366404175758361816e+00
1.384791970252990723e+00
1.259175181388854980e+00
1.389277100563049316e+00
1.424765348434448242e+00
1.372617721557617188e+00
1.355647802352905273e+00
1.369126796722412109e+00
1.476347565650939941e+00
1.310474753379821777e+00
1.315942525863647461e+00
2.191060304641723633e+00
1.511597633361816406e+00
1.434056758880615234e+00
1.456223845481872559e+00
1.544219493865966797e+00
1.311428904533386230e+00
1.322326779365539551e+00
2.129017114639282227e+00
1.785804152488708496e+00
1.249264597892761230e+00
1.268541574478149414e+00
1.457681298255920410e+00
1.261185050010681152e+00
1.740183234214782715e+00
1.641676306724548340e+00
1.653175234794616699e+00
1.700147747993469238e+00
1.685917615890502930e+00
1.811907052993774414e+00
1.806917071342468262e+00
1.593791127204895020e+00
1.665608882904052734e+00
1.059648275375366211e+00
1.536687731742858887e+00
1.032006382942199707e+00
1.424394249916076660e+00
9.797462821006774902e-01
5.998268127441406250e-01
6.849274039268493652e-01
7.067447900772094727e-01
6.531049013137817383e-01
9.847318530082702637e-01
1.240579247474670410e+00
1.212051153182983398e+00
1.221439480781555176e+00
1.294865727424621582e+00
1.284994363784790039e+00
1.166567921638488770e+00
9.595597982406616211e-01
1.478726148605346680e+00
1.682374358177185059e+00
1.448473215103149414e+00
1.592734813690185547e+00
1.746767163276672363e+00
2.783838033676147461e+00
1.622672557830810547e+00
1.255627512931823730e+00
1.082732558250427246e+00
1.603348374366760254e+00
1.039331674575805664e+00
2.182632923126220703e+00
1.997296690940856934e+00
1.875303149223327637e+00
1.912516832351684570e+00
1.814544081687927246e+00
9.236625432968139648e-01
4.285447001457214355e-01
4.419859051704406738e-01
3.877674341201782227e-01
4.145339131355285645e-01
4.229947626590728760e-01
3.165740370750427246e-01
3.122912645339965820e-01
3.809413015842437744e-01
3.428211212158203125e-01
3.416962325572967529e-01
3.944718539714813232e-01
4.018037021160125732e-01
3.286223113536834717e-01
3.521516919136047363e-01
3.532631695270538330e-01
3.067380487918853760e-01
3.246829509735107422e-01
3.462977707386016846e-01
2.942655086517333984e-01
2.591782212257385254e-01
3.232505321502685547e-01
3.392625153064727783e-01
2.561609447002410889e-01
2.894808351993560791e-01
3.678297996520996094e-01
2.965892851352691650e-01
8.039182424545288086e-01
3.238447606563568115e-01
3.826497495174407959e-01
3.174169063568115234e-01
3.331682085990905762e-01
4.531318247318267822e-01
3.960270881652832031e-01
3.235671222209930420e-01
4.170188903808593750e-01
4.759326577186584473e-01
3.547950983047485352e-01
3.350425064563751221e-01
3.996021449565887451e-01
3.856130242347717285e-01
3.602967858314514160e-01
3.929259479045867920e-01
4.729397892951965332e-01
1.371328115463256836e+00
1.442685365676879883e+00
1.379858016967773438e+00
1.286293268203735352e+00
5.558875799179077148e-01
3.657176196575164795e-01
4.815930724143981934e-01
4.507959783077239990e-01
1.521045804023742676e+00
1.948839545249938965e+00
2.437332630157470703e+00
2.775022268295288086e+00
2.153369665145874023e+00
2.333217859268188477e+00
2.313681125640869141e+00
2.525380611419677734e+00
2.370735406875610352e+00
2.358541011810302734e+00
2.125342369079589844e+00
1.323030591011047363e+00
1.593428015708923340e+00
1.449067950248718262e+00
2.687340497970581055e+00
1.552184939384460449e+00
1.365019917488098145e+00
1.509100914001464844e+00
1.489635586738586426e+00
1.594339013099670410e+00
7.170903086662292480e-01
2.241693973541259766e+00
1.851853728294372559e+00
4.953552484512329102e-01
7.924826145172119141e-01
1.811463832855224609e+00
1.835721969604492188e+00
2.499450683593750000e+00
3.008758544921875000e+00
2.986130714416503906e+00
2.597419261932373047e+00
1.521484136581420898e+00
2.532216310501098633e+00
1.744344949722290039e+00
5.680073499679565430e-01
1.120955228805541992e+00
6.764056682586669922e-01
5.921167135238647461e-01
2.107956647872924805e+00
5.590786337852478027e-01
8.237423896789550781e-01
1.750930070877075195e+00
1.515772223472595215e+00
1.410210490226745605e+00
8.189730644226074219e-01
1.281011104583740234e+00
2.329615116119384766e+00
4.122871160507202148e-01
5.460129380226135254e-01
5.249210596084594727e-01
4.216801822185516357e-01
1.657984018325805664e+00
1.538008928298950195e+00
1.570762276649475098e+00
1.426625132560729980e+00
1.490899443626403809e+00
1.548917174339294434e+00
1.648051857948303223e+00
1.586983919143676758e+00
1.417844891548156738e+00
1.559541463851928711e+00
1.500849723815917969e+00
1.425850272178649902e+00
1.718657851219177246e+00
2.086209058761596680e+00
2.119580745697021484e+00
1.984432458877563477e+00
2.175281286239624023e+00
2.897655487060546875e+00
4.675308704376220703e+00
5.106753826141357422e+00
5.002747535705566406e+00
4.973790645599365234e+00
4.248176574707031250e+00
3.810137033462524414e+00
3.428295135498046875e+00
3.013980388641357422e+00
2.600104570388793945e+00
3.083328008651733398e+00
3.058758974075317383e+00
2.275813102722167969e+00
2.670785427093505859e+00
2.131085872650146484e+00
1.508925437927246094e+00
1.656758069992065430e+00
1.731434941291809082e+00
1.635907888412475586e+00
1.600089907646179199e+00
2.376504659652709961e+00
1.598274230957031250e+00
1.801289796829223633e+00
1.857045531272888184e+00
1.807261943817138672e+00
1.407251358032226562e+00
1.638072252273559570e+00
1.151545643806457520e+00
8.046272993087768555e-01
8.505356907844543457e-01
8.612441420555114746e-01
8.374785184860229492e-01
8.458365797996520996e-01
8.708877563476562500e-01
7.338410019874572754e-01
6.083693504333496094e-01
6.479973793029785156e-01
7.230048179626464844e-01
5.394384264945983887e-01
5.237588882446289062e-01
5.079292058944702148e-01
3.275969028472900391e-01
3.182430267333984375e-01
3.785396516323089600e-01
3.378544747829437256e-01
2.645445168018341064e-01
3.130527138710021973e-01
9.352201819419860840e-01
1.372987151145935059e+00
1.201801776885986328e+00
1.160123229026794434e+00
1.915991008281707764e-01
2.382977157831192017e-01
3.185922205448150635e-01
3.212772905826568604e-01
2.750323116779327393e-01
3.287001550197601318e-01
3.954240679740905762e-01
3.516339063644409180e-01
3.174100518226623535e-01
4.317990541458129883e-01
4.149735569953918457e-01
3.768884837627410889e-01
4.351786971092224121e-01
4.006881117820739746e-01
4.035272300243377686e-01
3.771444857120513916e-01
3.974745869636535645e-01
3.438972234725952148e-01
3.701659440994262695e-01
4.330154955387115479e-01
3.981455862522125244e-01
3.987170755863189697e-01
4.037640392780303955e-01
4.006037116050720215e-01
3.369041681289672852e-01
3.986858427524566650e-01
1.399936437606811523e+00
1.746416211128234863e+00
1.458979606628417969e+00
2.110421657562255859e+00
2.547257184982299805e+00
2.346028327941894531e+00
1.573226690292358398e+00
1.625558495521545410e+00
1.480236768722534180e+00
1.458009004592895508e+00
1.543249130249023438e+00
1.587434768676757812e+00
1.342455148696899414e+00
1.421614289283752441e+00
1.470561981201171875e+00
1.299088954925537109e+00
1.344627380371093750e+00
1.465968012809753418e+00
3.996939659118652344e-01
3.371157646179199219e-01
3.987713456153869629e-01
3.865378201007843018e-01
2.825036942958831787e-01
3.127380609512329102e-01
4.449245035648345947e-01
3.181364238262176514e-01
2.464052587747573853e-01
3.403490185737609863e-01
4.410671293735504150e-01
2.953939437866210938e-01
3.140093088150024414e-01
4.305031299591064453e-01
4.155647754669189453e-01
3.632433414459228516e-01
3.933170735836029053e-01
4.148581624031066895e-01
3.348166346549987793e-01
3.457972705364227295e-01
3.724162876605987549e-01
3.082096874713897705e-01
2.725245952606201172e-01
3.406932950019836426e-01
3.340979516506195068e-01
2.973482608795166016e-01
2.757134437561035156e-01
3.342229425907135010e-01
2.878181636333465576e-01
2.791870832443237305e-01
3.071450889110565186e-01
3.015946149826049805e-01
2.911547720432281494e-01
3.014353513717651367e-01
3.407015204429626465e-01
3.058453202247619629e-01
3.951721787452697754e-01
4.150497615337371826e-01
4.161225855350494385e-01
3.877010941505432129e-01
4.683905839920043945e-01
4.778571128845214844e-01
3.604458868503570557e-01
4.007991254329681396e-01
4.380345046520233154e-01
4.049530923366546631e-01
1.573949456214904785e+00
1.345488309860229492e+00
1.283481836318969727e+00
8.647282123565673828e-01
2.927568554878234863e-01
5.018727183341979980e-01
4.246944487094879150e-01
3.935086727142333984e-01
4.346285760402679443e-01
5.192118883132934570e-01
3.748820722103118896e-01
4.051427543163299561e-01
4.666958451271057129e-01
4.227817952632904053e-01
4.027630388736724854e-01
4.808644950389862061e-01
4.825726747512817383e-01
4.245272576808929443e-01
3.931084871292114258e-01
1.402034997940063477e+00
1.839120507240295410e+00
1.410744428634643555e+00
1.291312575340270996e+00
1.468176126480102539e+00
7.227638959884643555e-01
1.076175093650817871e+00
1.398479938507080078e+00
1.906843066215515137e+00
1.804457902908325195e+00
1.743593931198120117e+00
1.355351448059082031e+00
9.947408437728881836e-01
4.757561385631561279e-01
3.788691163063049316e-01
3.779174387454986572e-01
4.372684061527252197e-01
3.717932701110839844e-01
2.951280772686004639e-01
3.868020474910736084e-01
4.923483729362487793e-01
3.473886847496032715e-01
3.301358819007873535e-01
4.300418198108673096e-01
4.520825743675231934e-01
3.246454000473022461e-01
3.540043234825134277e-01
4.078645706176757812e-01
3.234725594520568848e-01
3.260945677757263184e-01
3.875316977500915527e-01
3.272819519042968750e-01
3.249995410442352295e-01
3.573400974273681641e-01
3.541857600212097168e-01
3.155823647975921631e-01
3.600435256958007812e-01
3.704499304294586182e-01
2.790404558181762695e-01
3.308320641517639160e-01
3.817852437496185303e-01
3.127394318580627441e-01
2.926672399044036865e-01
4.357052445411682129e-01
4.857991039752960205e-01
3.416723906993865967e-01
3.750350177288055420e-01
4.852898120880126953e-01
4.263513684272766113e-01
3.310710787773132324e-01
3.373029828071594238e-01
3.983621299266815186e-01
3.260298669338226318e-01
3.280831575393676758e-01
4.229503571987152100e-01
3.585014343261718750e-01
3.686011135578155518e-01
4.203604161739349365e-01
8.445878028869628906e-01
1.267196893692016602e+00
1.999077796936035156e+00
2.754141569137573242e+00
1.877223134040832520e+00
1.997485876083374023e+00
2.137689590454101562e+00
1.973396182060241699e+00
1.989179849624633789e+00
2.169233083724975586e+00
2.107473850250244141e+00
1.683351039886474609e+00
2.335687398910522461e+00
2.716004133224487305e+00
2.617332458496093750e+00
2.500232458114624023e+00
1.290491700172424316e+00
1.673651814460754395e+00
1.478251218795776367e+00
1.446074604988098145e+00
1.590032219886779785e+00
1.526748418807983398e+00
2.676244497299194336e+00
2.549015998840332031e+00
3.166861057281494141e+00
2.951768875122070312e+00
2.645797014236450195e+00
1.627230763435363770e+00
2.504953384399414062e+00
2.884084939956665039e+00
2.448090314865112305e+00
3.065253973007202148e+00
1.862926483154296875e+00
2.091775178909301758e+00
1.962585449218750000e+00
2.030857086181640625e+00
1.961904883384704590e+00
1.722584247589111328e+00
2.064596176147460938e+00
1.828934550285339355e+00
1.853295564651489258e+00
1.867688655853271484e+00
1.735982775688171387e+00
1.616605639457702637e+00
2.451484680175781250e+00
2.506981134414672852e+00
1.355825066566467285e+00
1.537923932075500488e+00
1.456164956092834473e+00
1.587955355644226074e+00
1.835017323493957520e+00
1.796606302261352539e+00
2.748706579208374023e+00
2.594017744064331055e+00
4.241237640380859375e-01
5.831471681594848633e-01
7.222751379013061523e-01
7.696186900138854980e-01
9.074162244796752930e-01
9.851756095886230469e-01
8.053802847862243652e-01
8.522115349769592285e-01
7.726387381553649902e-01
7.091096639633178711e-01
7.182990908622741699e-01
7.531648874282836914e-01
6.447016000747680664e-01
7.538630366325378418e-01
7.775793671607971191e-01
1.002931714057922363e+00
1.090886116027832031e+00
3.287814617156982422e+00
3.472259283065795898e+00
4.351323604583740234e+00
3.218105077743530273e+00
3.235269069671630859e+00
3.220273494720458984e+00
1.727914333343505859e+00
1.460596561431884766e+00
1.803531169891357422e+00
3.349415779113769531e+00
2.964724540710449219e+00
1.342318892478942871e+00
1.511577129364013672e+00
1.739791870117187500e+00
1.698444247245788574e+00
1.743113636970520020e+00
2.068518400192260742e+00
2.065816640853881836e+00
2.062582969665527344e+00
2.675388574600219727e+00
2.667722225189208984e+00
2.685953378677368164e+00
1.995876073837280273e+00
1.788277626037597656e+00
1.941937685012817383e+00
1.383226871490478516e+00
3.463597297668457031e-01
4.602120518684387207e-01
3.444465100765228271e-01
3.307701349258422852e-01
3.298971354961395264e-01
3.665588200092315674e-01
3.526192903518676758e-01
3.394497036933898926e-01
4.231419563293457031e-01
4.735902249813079834e-01
3.460637032985687256e-01
3.884373307228088379e-01
4.058208763599395752e-01
3.949578404426574707e-01
3.330777585506439209e-01
3.378229439258575439e-01
3.348870873451232910e-01
2.830625772476196289e-01
2.948432862758636475e-01
3.104254901409149170e-01
2.571646869182586670e-01
2.448089122772216797e-01
3.219203352928161621e-01
2.716960012912750244e-01
2.161574512720108032e-01
2.934662401676177979e-01
3.804591596126556396e-01
2.253123223781585693e-01
2.694670259952545166e-01
3.684813380241394043e-01
3.075016736984252930e-01
2.454911470413208008e-01
3.641864955425262451e-01
4.891485571861267090e-01
3.252021074295043945e-01
3.496916592121124268e-01
4.488907158374786377e-01
4.493972361087799072e-01
3.800989985466003418e-01
4.293529987335205078e-01
4.136598110198974609e-01
4.294536113739013672e-01
4.450347125530242920e-01
4.932663440704345703e-01
4.920510053634643555e-01
5.044920444488525391e-01
4.606004357337951660e-01
4.906092286109924316e-01
5.171802639961242676e-01
1.798553228378295898e+00
1.862176060676574707e+00
2.615668296813964844e+00
2.107041358947753906e+00
2.231480598449707031e+00
2.149911165237426758e+00
2.520651578903198242e+00
2.520609855651855469e+00
1.596723198890686035e+00
2.270921230316162109e+00
2.083136796951293945e+00
1.466700434684753418e+00
1.369087815284729004e+00
1.385384321212768555e+00
1.418856859207153320e+00
1.287374377250671387e+00
1.270222067832946777e+00
1.375435113906860352e+00
1.398203611373901367e+00
1.954203367233276367e+00
1.510962843894958496e+00
1.548894166946411133e+00
1.565204620361328125e+00
1.543565750122070312e+00
1.581736087799072266e+00
1.579004645347595215e+00
1.395319819450378418e+00
1.391119003295898438e+00
1.828575491905212402e+00
2.329948425292968750e+00
1.744737148284912109e+00
1.476790785789489746e+00
1.494607210159301758e+00
1.829398036003112793e+00
1.011703133583068848e+00
5.890586376190185547e-01
5.332413315773010254e-01
5.476471185684204102e-01
4.276037216186523438e-01
2.193995952606201172e+00
8.241699337959289551e-01
4.255392253398895264e-01
5.165888071060180664e-01
6.506500840187072754e-01
1.578311681747436523e+00
1.481076598167419434e+00
1.750712156295776367e+00
2.706685781478881836e+00
3.381299376487731934e-01
4.141786694526672363e-01
3.968828320503234863e-01
3.743429183959960938e-01
4.820310771465301514e-01
6.986443400382995605e-01
6.389132142066955566e-01
4.097519814968109131e-01
7.027541995048522949e-01
6.529297232627868652e-01
5.299943685531616211e-01
5.795331597328186035e-01
6.446292400360107422e-01
1.312342405319213867e+00
1.142627596855163574e+00
1.331477284431457520e+00
8.031488656997680664e-01
7.107134461402893066e-01
7.863208651542663574e-01
1.323742151260375977e+00
1.372305274009704590e+00
1.820298314094543457e+00
1.841546654701232910e+00
1.948664903640747070e+00
1.946403026580810547e+00
3.107655286788940430e+00
2.814515113830566406e+00
2.422898530960083008e+00
2.554142236709594727e+00
2.172622442245483398e+00
1.475736021995544434e+00
1.506218552589416504e+00
2.849820852279663086e+00
2.587553739547729492e+00
2.870987653732299805e+00
2.518637180328369141e+00
2.668923854827880859e+00
2.426321268081665039e+00
2.035251140594482422e+00
1.196225523948669434e+00
1.339443325996398926e+00
1.155728936195373535e+00
1.150284767150878906e+00
1.235483765602111816e+00
8.977408409118652344e-01
7.452275753021240234e-01
8.047739863395690918e-01
8.365325927734375000e-01
6.384006142616271973e-01
6.736850142478942871e-01
6.987696290016174316e-01
6.492749452590942383e-01
5.666903257369995117e-01
7.286462783813476562e-01
5.555367469787597656e-01
3.430055975914001465e-01
4.573978781700134277e-01
4.460009038448333740e-01
3.696037828922271729e-01
3.211262822151184082e-01
3.149711191654205322e-01
3.849631249904632568e-01
2.650132179260253906e-01
2.480103820562362671e-01
3.166899979114532471e-01
2.970892488956451416e-01
2.101171612739562988e-01
2.600457370281219482e-01
3.221546709537506104e-01
2.633127272129058838e-01
1.962730288505554199e-01
2.655150890350341797e-01
1.229508757591247559e+00
1.313573479652404785e+00
1.198307275772094727e+00
1.109833955764770508e+00
2.628930807113647461e-01
2.290540337562561035e-01
3.391904234886169434e-01
4.014577865600585938e-01
3.088354468345642090e-01
3.931718170642852783e-01
4.212550520896911621e-01
3.807105123996734619e-01
3.584235906600952148e-01
3.778971433639526367e-01
3.954917788505554199e-01
3.211081922054290771e-01
3.563530743122100830e-01
4.486528038978576660e-01
4.130965471267700195e-01
4.037418365478515625e-01
4.129312634468078613e-01
5.187637805938720703e-01
4.318464696407318115e-01
4.577484726905822754e-01
2.026601552963256836e+00
1.713136076927185059e+00
1.877431511878967285e+00
1.867694973945617676e+00
2.806757688522338867e+00
1.930007815361022949e+00
4.054556846618652344e+00
3.110618591308593750e+00
1.530003309249877930e+00
1.871554613113403320e+00
1.819543361663818359e+00
1.582800388336181641e+00
1.323636174201965332e+00
1.942401170730590820e+00
1.423378705978393555e+00
1.267582297325134277e+00
1.428548693656921387e+00
1.385273575782775879e+00
1.384674429893493652e+00
1.388521432876586914e+00
1.304959654808044434e+00
1.324292302131652832e+00
1.655619740486145020e+00
1.291127562522888184e+00
1.313032388687133789e+00
1.412137985229492188e+00
1.387222409248352051e+00
1.279237747192382812e+00
1.289007663726806641e+00
1.461776494979858398e+00
1.380360960960388184e+00
1.333821892738342285e+00
1.410983443260192871e+00
1.508145689964294434e+00
2.203244686126708984e+00
1.398213744163513184e+00
1.405959248542785645e+00
1.708139538764953613e+00
1.351543426513671875e+00
2.247108221054077148e+00
2.797309160232543945e+00
1.252600669860839844e+00
1.523344993591308594e+00
1.643819451332092285e+00
1.631649851799011230e+00
1.390921711921691895e+00
1.629164338111877441e+00
2.806866407394409180e+00
2.548292636871337891e+00
1.231626152992248535e+00
1.491677284240722656e+00
1.586537122726440430e+00
1.364959955215454102e+00
1.491927623748779297e+00
1.871164560317993164e+00
1.595935940742492676e+00
3.786207735538482666e-01
6.194421052932739258e-01
1.138214945793151855e+00
9.008491039276123047e-01
7.780869603157043457e-01
2.345780611038208008e+00
2.268292903900146484e+00
2.392560720443725586e+00
2.061641216278076172e+00
2.382912397384643555e+00
8.312258124351501465e-01
9.535740613937377930e-01
2.015191316604614258e+00
2.436418533325195312e+00
2.276849031448364258e+00
2.329279184341430664e+00
2.200203418731689453e+00
1.948025465011596680e+00
1.400843739509582520e+00
1.694303631782531738e+00
1.613752603530883789e+00
1.888156175613403320e+00
1.650378346443176270e+00
2.166567087173461914e+00
2.642001390457153320e+00
2.664054632186889648e+00
2.556790113449096680e+00
1.892665266990661621e+00
1.934659361839294434e+00
1.994681835174560547e+00
2.178007364273071289e+00
1.979853391647338867e+00
2.034397602081298828e+00
1.320517182350158691e+00
7.442830204963684082e-01
7.332938909530639648e-01
5.766623020172119141e-01
6.618406772613525391e-01
3.692318201065063477e-01
3.659563660621643066e-01
3.519008755683898926e-01
4.024823606014251709e-01
3.202516138553619385e-01
3.587884306907653809e-01
4.383075237274169922e-01
3.813324272632598877e-01
3.088294267654418945e-01
3.436083197593688965e-01
3.833325207233428955e-01
3.040814995765686035e-01
3.030640482902526855e-01
3.389525115489959717e-01
2.732739746570587158e-01
3.106905519962310791e-01
2.957105338573455811e-01
3.117118179798126221e-01
2.728288471698760986e-01
3.004642128944396973e-01
3.127983510494232178e-01
3.013799786567687988e-01
2.465436756610870361e-01
3.130979537963867188e-01
3.165145814418792725e-01
2.353223860263824463e-01
2.594435513019561768e-01
3.871021866798400879e-01
3.100620210170745850e-01
2.960353493690490723e-01
3.385558724403381348e-01
5.169355273246765137e-01
3.422260582447052002e-01
3.646291792392730713e-01
4.190579056739807129e-01
4.378766417503356934e-01
3.381365239620208740e-01
3.695859611034393311e-01
4.248062670230865479e-01
1.501949429512023926e+00
1.384393811225891113e+00
1.371633648872375488e+00
1.264485836029052734e+00
3.198122382164001465e-01
4.209741055965423584e-01
4.939241707324981689e-01
4.616170823574066162e-01
4.002035260200500488e-01
1.534338474273681641e+00
1.013968229293823242e+00
2.167483806610107422e+00
1.823939323425292969e+00
1.954878091812133789e+00
2.724083185195922852e+00
1.955502271652221680e+00
2.322323560714721680e+00
3.308528900146484375e+00
1.950582981109619141e+00
2.110044479370117188e+00
1.897008657455444336e+00
2.013499498367309570e+00
1.787140130996704102e+00
9.863068461418151855e-01
1.436280727386474609e+00
2.202900648117065430e+00
1.443365097045898438e+00
7.012274265289306641e-01
1.116891503334045410e+00
7.795892953872680664e-01
7.414173483848571777e-01
9.832805395126342773e-01
1.057697296142578125e+00
8.009848594665527344e-01
6.818561553955078125e-01
5.343344211578369141e-01
4.493813514709472656e-01
3.790467381477355957e-01
5.651934742927551270e-01
1.656440377235412598e+00
1.364307045936584473e+00
1.328571796417236328e+00
7.475998997688293457e-01
4.441120922565460205e-01
7.972697019577026367e-01
5.118833184242248535e-01
5.135906934738159180e-01
4.803185164928436279e-01
5.705137252807617188e-01
5.024847984313964844e-01
5.192185044288635254e-01
3.596882820129394531e-01
3.585518598556518555e-01
4.254213571548461914e-01
3.550258874893188477e-01
2.888380885124206543e-01
3.581892549991607666e-01
3.393126726150512695e-01
3.244809508323669434e-01
3.072254061698913574e-01
3.565819263458251953e-01
2.954504191875457764e-01
3.197431862354278564e-01
3.863851428031921387e-01
3.861014544963836670e-01
3.946182131767272949e-01
4.015887975692749023e-01
4.901035130023956299e-01
3.464953899383544922e-01
7.965438961982727051e-01
7.546631097793579102e-01
9.047511816024780273e-01
6.931505799293518066e-01
1.289602518081665039e+00
1.558954715728759766e+00
1.879981398582458496e+00
1.656859755516052246e+00
1.809258103370666504e+00
1.848416924476623535e+00
1.757434725761413574e+00
1.878753423690795898e+00
2.029145717620849609e+00
2.533384561538696289e+00
2.633978605270385742e+00
2.820500373840332031e+00
2.968891382217407227e+00
2.787742376327514648e+00
2.508237123489379883e+00
1.932975292205810547e+00
1.435558199882507324e+00
1.460180521011352539e+00
2.265389680862426758e+00
1.660935521125793457e+00
1.630770206451416016e+00
1.547781348228454590e+00
1.612381815910339355e+00
1.573364496231079102e+00
1.454501152038574219e+00
1.484720230102539062e+00
1.508350133895874023e+00
1.155520319938659668e+00
1.018686056137084961e+00
1.225393414497375488e+00
1.174413681030273438e+00
9.803676605224609375e-01
1.031075239181518555e+00
1.122491240501403809e+00
1.812527894973754883e+00
1.517546653747558594e+00
1.572605013847351074e+00
1.583861708641052246e+00
5.548498630523681641e-01
5.010882616043090820e-01
6.027396917343139648e-01
4.735581576824188232e-01
3.409194350242614746e-01
3.547060191631317139e-01
4.394041895866394043e-01
3.005267083644866943e-01
2.650310397148132324e-01
3.198094964027404785e-01
3.256916403770446777e-01
2.084002047777175903e-01
2.371086776256561279e-01
3.417411744594573975e-01
2.536477446556091309e-01
1.999393552541732788e-01
2.520810067653656006e-01
3.396821618080139160e-01
1.975196152925491333e-01
2.086992561817169189e-01
2.980069220066070557e-01
3.147548735141754150e-01
2.452348619699478149e-01
2.753102481365203857e-01
3.678191304206848145e-01
3.796670138835906982e-01
2.957681119441986084e-01
3.921063840389251709e-01
4.328061044216156006e-01
4.021191895008087158e-01
3.765549063682556152e-01
4.172910451889038086e-01
3.963746428489685059e-01
3.848726749420166016e-01
3.873343467712402344e-01
