1.716540455818176270e+00
1.273799657821655273e+00
1.423494100570678711e+00
1.426913976669311523e+00
1.337806940078735352e+00
1.332178711891174316e+00
1.700329422950744629e+00
1.774459719657897949e+00
1.279017090797424316e+00
1.428937435150146484e+00
1.493428230285644531e+00
1.330940008163452148e+00
1.357498764991760254e+00
1.443294644355773926e+00
1.173037648200988770e+00
1.238471746444702148e+00
1.211864471435546875e+00
1.209629774093627930e+00
1.043357253074645996e+00
1.041789412498474121e+00
1.184952735900878906e+00
1.040991783142089844e+00
1.068239569664001465e+00
1.086207628250122070e+00
4.129005670547485352e-01
3.624048829078674316e-01
3.280039429664611816e-01
3.877383768558502197e-01
3.191283643245697021e-01
2.945036888122558594e-01
3.726610541343688965e-01
9.821822047233581543e-01
4.885537624359130859e-01
3.503308594226837158e-01
3.937041163444519043e-01
3.280318975448608398e-01
3.468108773231506348e-01
4.750788509845733643e-01
4.534533321857452393e-01
3.673104047775268555e-01
4.708199203014373779e-01
4.964727461338043213e-01
3.738898336887359619e-01
4.204305708408355713e-01
5.078963041305541992e-01
4.267844259738922119e-01
3.970190584659576416e-01
4.576942026615142822e-01
4.162749648094177246e-01
3.740367591381072998e-01
4.258407056331634521e-01
4.672980308532714844e-01
3.614537417888641357e-01
4.251946806907653809e-01
5.151295065879821777e-01
3.731020987033843994e-01
1.278983592987060547e+00
1.657348155975341797e+00
1.856870651245117188e+00
1.708349227905273438e+00
1.420354604721069336e+00
5.844987630844116211e-01
4.546804726123809814e-01
4.825225174427032471e-01
6.232306957244873047e-01
4.455299973487854004e-01
4.942517280578613281e-01
6.107962131500244141e-01
5.631958246231079102e-01
4.632824957370758057e-01
5.558223128318786621e-01
6.076345443725585938e-01
5.020805001258850098e-01
5.140821337699890137e-01
5.998224616050720215e-01
5.071096420288085938e-01
6.333194375038146973e-01
1.772362947463989258e+00
1.604192852973937988e+00
2.067773103713989258e+00
1.870057463645935059e+00
1.909417629241943359e+00
1.725065112113952637e+00
1.834948778152465820e+00
1.617317199707031250e+00
1.485497236251831055e+00
1.450311064720153809e+00
1.440375208854675293e+00
1.440786123275756836e+00
1.414947986602783203e+00
1.406966805458068848e+00
1.462130069732666016e+00
1.373897433280944824e+00
1.403212785720825195e+00
1.480079412460327148e+00
1.498508095741271973e+00
1.512043952941894531e+00
1.595293164253234863e+00
2.143704414367675781e+00
1.356299519538879395e+00
1.380434989929199219e+00
1.530799031257629395e+00
1.466451048851013184e+00
1.428756833076477051e+00
1.501849055290222168e+00
1.436515450477600098e+00
1.392771601676940918e+00
1.363086462020874023e+00
1.442604780197143555e+00
1.372829794883728027e+00
7.034816145896911621e-01
4.099403023719787598e-01
3.936196863651275635e-01
3.909217417240142822e-01
3.842334747314453125e-01
3.869374692440032959e-01
3.692011237144470215e-01
3.318917453289031982e-01
4.186533391475677490e-01
3.672144711017608643e-01
3.044345378875732422e-01
3.549713194370269775e-01
5.022515654563903809e-01
9.782642722129821777e-01
3.427769839763641357e-01
4.864385724067687988e-01
4.324955344200134277e-01
3.863739073276519775e-01
7.514811158180236816e-01
1.432696938514709473e+00
1.436446309089660645e+00
1.394962191581726074e+00
1.564680576324462891e+00
1.349227786064147949e+00
1.375044226646423340e+00
1.416918516159057617e+00
1.349325895309448242e+00
1.296875953674316406e+00
1.401555061340332031e+00
1.384747862815856934e+00
1.284782409667968750e+00
1.393251538276672363e+00
1.417725443840026855e+00
1.847967624664306641e+00
1.436272859573364258e+00
1.398687124252319336e+00
1.480599880218505859e+00
1.940830111503601074e+00
1.212224960327148438e+00
1.408817768096923828e+00
1.307028532028198242e+00
1.287314295768737793e+00
1.360619902610778809e+00
1.817183971405029297e+00
1.809759140014648438e+00
7.567654252052307129e-01
6.414316296577453613e-01
5.012505650520324707e-01
5.038341879844665527e-01
5.791299939155578613e-01
4.738785624504089355e-01
4.412891566753387451e-01
5.648069977760314941e-01
4.078996479511260986e-01
3.756487369537353516e-01
3.797785639762878418e-01
4.235188364982604980e-01
3.135280013084411621e-01
3.570018410682678223e-01
1.151981472969055176e+00
1.452497005462646484e+00
1.301629304885864258e+00
1.613468647003173828e+00
1.824409723281860352e+00
9.478908777236938477e-01
3.081984519958496094e-01
4.632167220115661621e-01
3.076595664024353027e-01
3.715835809707641602e-01
4.814985096454620361e-01
3.750912249088287354e-01
3.873519003391265869e-01
4.946919381618499756e-01
4.975598156452178955e-01
3.753261268138885498e-01
3.996092677116394043e-01
4.911991059780120850e-01
4.315320849418640137e-01
3.878255188465118408e-01
4.920934736728668213e-01
4.311239719390869141e-01
9.370265007019042969e-01
6.190715432167053223e-01
5.282163023948669434e-01
3.942517638206481934e-01
4.224583506584167480e-01
1.391457796096801758e+00
6.480464339256286621e-01
4.816306233406066895e-01
1.494891643524169922e+00
1.649160623550415039e+00
1.898558378219604492e+00
1.334988474845886230e+00
1.501981735229492188e+00
1.433690309524536133e+00
1.363306283950805664e+00
1.476742506027221680e+00
5.890898704528808594e-01
7.528049945831298828e-01
5.873789787292480469e-01
6.596519947052001953e-01
6.069366931915283203e-01
5.501611232757568359e-01
5.981405973434448242e-01
4.741003215312957764e-01
4.337421357631683350e-01
4.847657382488250732e-01
4.798089563846588135e-01
4.084300100803375244e-01
4.256529510021209717e-01
4.268663823604583740e-01
3.415202498435974121e-01
3.426517248153686523e-01
4.178990125656127930e-01
3.449604511260986328e-01
3.638164699077606201e-01
3.493120372295379639e-01
4.587469995021820068e-01
1.011491179466247559e+00
3.450920283794403076e-01
3.718135654926300049e-01
3.343210816383361816e-01
3.667942583560943604e-01
3.569571673870086670e-01
3.466003835201263428e-01
3.334456086158752441e-01
4.888081252574920654e-01
4.803423583507537842e-01
3.735960125923156738e-01
4.206835627555847168e-01
4.803283810615539551e-01
4.491023123264312744e-01
4.042626321315765381e-01
5.146413445472717285e-01
4.954799711704254150e-01
4.022633731365203857e-01
4.113938510417938232e-01
4.327649772167205811e-01
3.546673655509948730e-01
3.647774457931518555e-01
4.206035435199737549e-01
3.649188876152038574e-01
3.427229821681976318e-01
1.052372694015502930e+00
1.689808249473571777e+00
1.610676646232604980e+00
1.185047030448913574e+00
9.832931160926818848e-01
3.531858623027801514e-01
3.828147351741790771e-01
6.443428397178649902e-01
1.312692761421203613e+00
1.158271431922912598e+00
1.166647315025329590e+00
1.466925740242004395e+00
1.093101978302001953e+00
1.118867993354797363e+00
1.327913641929626465e+00
1.247497797012329102e+00
1.074563622474670410e+00
1.344564914703369141e+00
1.376900792121887207e+00
1.267932057380676270e+00
1.638686418533325195e+00
1.258107781410217285e+00
1.207801818847656250e+00
1.055428266525268555e+00
1.269541501998901367e+00
1.357224345207214355e+00
1.865003347396850586e+00
1.236503720283508301e+00
1.366381645202636719e+00
1.456136703491210938e+00
2.355192899703979492e+00
2.364892244338989258e+00
2.211973428726196289e+00
2.119701147079467773e+00
2.279426336288452148e+00
1.157572031021118164e+00
5.934326648712158203e-01
8.355795741081237793e-01
7.732548713684082031e-01
5.756933689117431641e-01
6.332613229751586914e-01
5.711786746978759766e-01
4.828042984008789062e-01
1.134087562561035156e+00
1.109471917152404785e+00
9.761577844619750977e-01
1.278839468955993652e+00
1.355391979217529297e+00
1.125030755996704102e+00
1.276370644569396973e+00
1.717539191246032715e+00
5.988466739654541016e-01
5.096053481101989746e-01
5.711093544960021973e-01
6.111298203468322754e-01
5.123649239540100098e-01
4.442450106143951416e-01
4.222335815429687500e-01
3.942701220512390137e-01
3.916409611701965332e-01
3.843666911125183105e-01
3.612824380397796631e-01
3.549258410930633545e-01
3.924912214279174805e-01
3.255471885204315186e-01
3.828352987766265869e-01
4.137880802154541016e-01
3.664431571960449219e-01
4.008054435253143311e-01
5.472197532653808594e-01
4.525195062160491943e-01
4.356583654880523682e-01
4.656408429145812988e-01
5.413137674331665039e-01
4.129230380058288574e-01
9.421175718307495117e-01
9.056379199028015137e-01
4.688359797000885010e-01
4.202198088169097900e-01
4.752773046493530273e-01
4.223714768886566162e-01
1.208877325057983398e+00
2.156335115432739258e+00
2.113286256790161133e+00
1.805915474891662598e+00
1.491959333419799805e+00
1.913402438163757324e+00
2.715415477752685547e+00
1.289188623428344727e+00
1.616948246955871582e+00
2.034508228302001953e+00
1.566989302635192871e+00
1.433983564376831055e+00
1.495451927185058594e+00
3.112558126449584961e+00
1.755908250808715820e+00
1.277756214141845703e+00
1.373315215110778809e+00
1.557009100914001465e+00
7.234677672386169434e-01
4.462541639804840088e-01
7.635049819946289062e-01
4.890060424804687500e-01
3.338545560836791992e-01
4.687263667583465576e-01
4.739553332328796387e-01
4.241681694984436035e-01
4.083823263645172119e-01
4.638953804969787598e-01
4.122605323791503906e-01
3.822185993194580078e-01
4.099425077438354492e-01
3.222366273403167725e-01
3.543063700199127197e-01
3.828109204769134521e-01
8.207640051841735840e-01
6.103064417839050293e-01
4.394178986549377441e-01
3.752512931823730469e-01
3.311031460762023926e-01
3.802505731582641602e-01
3.599653840065002441e-01
2.990356087684631348e-01
3.436321616172790527e-01
4.573249816894531250e-01
2.868410050868988037e-01
3.544234037399291992e-01
4.392394423484802246e-01
3.857561051845550537e-01
3.434543013572692871e-01
4.749944210052490234e-01
4.068013429641723633e-01
4.020564258098602295e-01
4.280534982681274414e-01
4.230314791202545166e-01
4.244192540645599365e-01
4.278970062732696533e-01
3.876958787441253662e-01
3.779618442058563232e-01
1.051983714103698730e+00
1.402517914772033691e+00
5.391064882278442383e-01
6.296034455299377441e-01
9.144745469093322754e-01
7.171018123626708984e-01
7.231346964836120605e-01
1.268245339393615723e+00
1.459813714027404785e+00
1.448918581008911133e+00
1.820307254791259766e+00
2.023533105850219727e+00
1.372736930847167969e+00
1.481606721878051758e+00
1.313530921936035156e+00
3.968614339828491211e-01
1.312796592712402344e+00
1.767783045768737793e+00
1.694027066230773926e+00
1.626765727996826172e+00
1.477785468101501465e+00
1.629325151443481445e+00
1.695203304290771484e+00
2.703184843063354492e+00
2.450201749801635742e+00
2.588174104690551758e+00
3.308561325073242188e+00
3.348196029663085938e+00
2.012631654739379883e+00
9.896952509880065918e-01
1.079349398612976074e+00
1.000750184059143066e+00
9.369541406631469727e-01
1.378799915313720703e+00
7.774907946586608887e-01
3.006755411624908447e-01
3.842000365257263184e-01
3.693798482418060303e-01
3.648698329925537109e-01
3.634549379348754883e-01
3.478080630302429199e-01
4.409898519515991211e-01
1.184316039085388184e+00
3.669165074825286865e-01
3.989152610301971436e-01
4.748713672161102295e-01
4.115747511386871338e-01
4.502255618572235107e-01
4.486771821975708008e-01
4.934294223785400391e-01
1.289363503456115723e+00
1.568796396255493164e+00
1.550367236137390137e+00
1.204053997993469238e+00
3.337057232856750488e-01
3.991408348083496094e-01
4.050438106060028076e-01
3.353938758373260498e-01
3.771313130855560303e-01
4.208110272884368896e-01
3.633069396018981934e-01
3.433068096637725830e-01
3.948325812816619873e-01
4.121698141098022461e-01
4.522256553173065186e-01
1.149887681007385254e+00
4.222884178161621094e-01
4.575450718402862549e-01
3.758318424224853516e-01
3.919476866722106934e-01
4.783411622047424316e-01
4.283377528190612793e-01
4.516599178314208984e-01
5.309416651725769043e-01
5.767494440078735352e-01
4.782986640930175781e-01
4.862011969089508057e-01
6.245715618133544922e-01
6.041296124458312988e-01
5.437749028205871582e-01
6.745245456695556641e-01
1.806267738342285156e+00
2.319022417068481445e+00
2.504284381866455078e+00
2.263797283172607422e+00
1.976534843444824219e+00
1.986652374267578125e+00
1.977911114692687988e+00
2.248782634735107422e+00
1.899331331253051758e+00
4.224028587341308594e+00
4.552456855773925781e+00
4.649279117584228516e+00
3.236128330230712891e+00
2.511416673660278320e+00
1.701435923576354980e+00
1.750176072120666504e+00
1.949947357177734375e+00
2.751275300979614258e+00
2.597003221511840820e+00
3.714831590652465820e+00
4.984754085540771484e+00
3.194759368896484375e+00
3.106482028961181641e+00
3.001757144927978516e+00
1.571220874786376953e+00
1.566738247871398926e+00
4.893858432769775391e+00
4.103121280670166016e+00
2.811217308044433594e+00
2.976599693298339844e+00
1.791216492652893066e+00
4.267945885658264160e-01
5.159531235694885254e-01
8.102005720138549805e-01
2.493719816207885742e+00
2.762556791305541992e+00
2.761294841766357422e+00
2.260348558425903320e+00
5.893648266792297363e-01
6.591254472732543945e-01
1.423261404037475586e+00
5.453602313995361328e+00
3.020016193389892578e+00
1.514792799949645996e+00
1.723409891128540039e+00
1.003127336502075195e+00
4.866131544113159180e-01
7.427582144737243652e-01
1.234668850898742676e+00
3.029755055904388428e-01
4.591957032680511475e-01
6.416583061218261719e-01
1.555583000183105469e+00
8.786504864692687988e-01
5.087451934814453125e-01
4.896422326564788818e-01
4.302671253681182861e-01
4.840884506702423096e-01
5.408012270927429199e-01
4.651427865028381348e-01
4.212572574615478516e-01
5.320512056350708008e-01
5.382364988327026367e-01
4.448968172073364258e-01
6.102253198623657227e-01
1.170738220214843750e+00
8.928298354148864746e-01
9.029276371002197266e-01
1.110944390296936035e+00
1.299893498420715332e+00
1.240748047828674316e+00
1.727560758590698242e+00
2.946450710296630859e+00
2.490820884704589844e+00
2.629019021987915039e+00
4.632916927337646484e+00
4.269070625305175781e+00
4.027056694030761719e+00
3.204919338226318359e+00
2.767951965332031250e+00
2.241508483886718750e+00
4.606327533721923828e+00
4.622584819793701172e+00
5.065665245056152344e+00
4.344466686248779297e+00
3.768340349197387695e+00
3.314679861068725586e+00
3.774678707122802734e+00
3.140986680984497070e+00
1.840639114379882812e+00
2.265753746032714844e+00
3.250048875808715820e+00
2.393067598342895508e+00
1.327994585037231445e+00
2.387021303176879883e+00
1.818546772003173828e+00
1.479067683219909668e+00
1.649265050888061523e+00
1.295163631439208984e+00
3.513735234737396240e-01
3.724667429924011230e-01
4.866737425327301025e-01
2.896592915058135986e-01
3.299478292465209961e-01
3.730650842189788818e-01
4.336346983909606934e-01
5.329318642616271973e-01
3.512633442878723145e-01
1.119349241256713867e+00
5.894267559051513672e-01
3.044290542602539062e-01
4.375765025615692139e-01
3.951050341129302979e-01
3.383769094944000244e-01
3.497196137905120850e-01
3.758874833583831787e-01
2.807757556438446045e-01
3.186772167682647705e-01
4.400373399257659912e-01
4.085007309913635254e-01
3.470370173454284668e-01
4.262946248054504395e-01
4.796724617481231689e-01
3.881615698337554932e-01
3.872194886207580566e-01
4.991588890552520752e-01
4.079580307006835938e-01
3.785519897937774658e-01
4.930363595485687256e-01
1.224380016326904297e+00
3.451777994632720947e-01
3.709882497787475586e-01
4.983886778354644775e-01
3.627250194549560547e-01
3.898097276687622070e-01
4.785459041595458984e-01
4.551349282264709473e-01
3.817896246910095215e-01
4.657732248306274414e-01
6.158453822135925293e-01
5.115081071853637695e-01
5.420091748237609863e-01
6.915830373764038086e-01
7.535045146942138672e-01
1.905021667480468750e+00
2.610874176025390625e+00
2.930223464965820312e+00
2.729372262954711914e+00
2.695379257202148438e+00
2.399533748626708984e+00
1.897265195846557617e+00
1.819758534431457520e+00
2.508815526962280273e+00
1.490034341812133789e+00
1.525604844093322754e+00
2.210973024368286133e+00
1.542038440704345703e+00
1.791906595230102539e+00
2.195707798004150391e+00
1.422939300537109375e+00
1.462162971496582031e+00
1.403494834899902344e+00
1.515830278396606445e+00
1.385939121246337891e+00
1.410946130752563477e+00
1.464888095855712891e+00
1.410580277442932129e+00
1.402696967124938965e+00
1.370596766471862793e+00
1.524390697479248047e+00
1.446516394615173340e+00
1.512188076972961426e+00
1.511054158210754395e+00
1.460058808326721191e+00
1.426434397697448730e+00
1.470415592193603516e+00
1.516603827476501465e+00
1.814045548439025879e+00
1.612678170204162598e+00
2.274033546447753906e+00
1.450083017349243164e+00
1.596269249916076660e+00
1.661371111869812012e+00
2.444711685180664062e+00
1.213137626647949219e+00
1.524790883064270020e+00
1.420992970466613770e+00
1.340703368186950684e+00
1.396557927131652832e+00
1.494151830673217773e+00
1.319704413414001465e+00
1.374760031700134277e+00
1.885681867599487305e+00
1.444762706756591797e+00
1.453278660774230957e+00
1.530462741851806641e+00
1.606953382492065430e+00
1.733529329299926758e+00
1.617533445358276367e+00
1.572804570198059082e+00
9.107418656349182129e-01
1.161898374557495117e+00
1.206417322158813477e+00
5.539337992668151855e-01
4.969652891159057617e-01
8.851564526557922363e-01
9.138402938842773438e-01
8.511419892311096191e-01
7.106133699417114258e-01
8.995249867439270020e-01
1.131113886833190918e+00
1.054781198501586914e+00
1.149681568145751953e+00
1.079456806182861328e+00
1.073607563972473145e+00
1.414384484291076660e+00
1.592697501182556152e+00
1.431315541267395020e+00
1.657161712646484375e+00
2.493135452270507812e+00
1.622836232185363770e+00
1.747395634651184082e+00
1.986024975776672363e+00
1.640597224235534668e+00
1.197447419166564941e+00
2.461968898773193359e+00
2.537429809570312500e+00
2.683654069900512695e+00
2.553870439529418945e+00
2.604279279708862305e+00
2.574809312820434570e+00
1.364378333091735840e+00
1.446521878242492676e+00
1.831895589828491211e+00
1.895467162132263184e+00
1.719489455223083496e+00
1.774065852165222168e+00
1.816619277000427246e+00
1.545913338661193848e+00
8.265264034271240234e-01
8.292618989944458008e-01
7.459201812744140625e-01
3.944315612316131592e-01
3.403821885585784912e-01
3.769175410270690918e-01
3.028420209884643555e-01
3.441781699657440186e-01
3.350282311439514160e-01
2.989766895771026611e-01
2.937910258769989014e-01
3.467845618724822998e-01
3.754401504993438721e-01
2.931480109691619873e-01
3.217945098876953125e-01
3.532132804393768311e-01
3.384569287300109863e-01
3.034929931163787842e-01
6.545249819755554199e-01
1.138345599174499512e+00
3.898653686046600342e-01
1.137900829315185547e+00
1.555645465850830078e+00
1.427148699760437012e+00
1.271952748298645020e+00
3.207940757274627686e-01
4.717337489128112793e-01
3.963634073734283447e-01
3.457783758640289307e-01
3.950230777263641357e-01
3.969022929668426514e-01
3.106979429721832275e-01
3.171334862709045410e-01
4.368301331996917725e-01
3.431864976882934570e-01
3.247569799423217773e-01
3.772330284118652344e-01
4.766803979873657227e-01
3.566115200519561768e-01
5.536978244781494141e-01
1.113089680671691895e+00
4.838960170745849609e-01
4.009679853916168213e-01
4.361542165279388428e-01
6.096647381782531738e-01
4.251741170883178711e-01
4.599272608757019043e-01
5.536443591117858887e-01
6.309783458709716797e-01
1.530483245849609375e+00
1.998430132865905762e+00
2.200668096542358398e+00
2.766726016998291016e+00
2.369380235671997070e+00
2.731649398803710938e+00
2.258650064468383789e+00
2.083467960357666016e+00
1.927834868431091309e+00
2.075731754302978516e+00
1.535798072814941406e+00
1.398516416549682617e+00
2.723084449768066406e+00
2.034737586975097656e+00
1.352554559707641602e+00
1.455807566642761230e+00
1.519186019897460938e+00
1.448364138603210449e+00
1.460168719291687012e+00
8.692829012870788574e-01
2.294030189514160156e+00
1.123094320297241211e+00
5.577813386917114258e-01
1.552760601043701172e+00
6.720135211944580078e-01
5.708289146423339844e-01
1.303699016571044922e+00
2.484282732009887695e+00
2.922921895980834961e+00
3.037410497665405273e+00
1.935039520263671875e+00
1.868257164955139160e+00
1.994410753250122070e+00
1.930131435394287109e+00
1.888387799263000488e+00
2.217928647994995117e+00
2.057234764099121094e+00
1.711145401000976562e+00
1.889513492584228516e+00
1.936745762825012207e+00
9.695729017257690430e-01
8.120559453964233398e-01
7.387659549713134766e-01
5.961021184921264648e-01
6.270233988761901855e-01
1.342689990997314453e+00
5.423890948295593262e-01
4.016672074794769287e-01
5.149151682853698730e-01
6.682882905006408691e-01
1.368065714836120605e+00
2.040968179702758789e+00
2.289901494979858398e+00
2.185044527053833008e+00
2.085210084915161133e+00
1.575345158576965332e+00
1.560385465621948242e+00
2.722846984863281250e+00
1.524476170539855957e+00
1.438794851303100586e+00
1.424606084823608398e+00
1.508958339691162109e+00
1.500123620033264160e+00
1.401908874511718750e+00
1.551303267478942871e+00
1.552210450172424316e+00
2.013886451721191406e+00
1.427906751632690430e+00
1.375301718711853027e+00
1.280875205993652344e+00
1.133277058601379395e+00
2.355946063995361328e+00
3.506239414215087891e+00
2.929008722305297852e+00
2.072705745697021484e+00
2.099401473999023438e+00
1.980151653289794922e+00
1.605257987976074219e+00
1.642401576042175293e+00
3.070402622222900391e+00
1.396931290626525879e+00
9.681094884872436523e-01
1.241671562194824219e+00
1.182118773460388184e+00
8.777758479118347168e-01
1.309607267379760742e+00
1.740630626678466797e+00
2.588431596755981445e+00
5.067722201347351074e-01
5.327010750770568848e-01
5.548216104507446289e-01
5.487467646598815918e-01
3.800896704196929932e-01
5.411013364791870117e-01
1.616720795631408691e+00
1.185941934585571289e+00
1.732165694236755371e+00
8.353298306465148926e-01
7.781253457069396973e-01
7.169949412345886230e-01
5.153435468673706055e-01
4.758139848709106445e-01
4.607040584087371826e-01
3.870112001895904541e-01
4.001366496086120605e-01
3.629221022129058838e-01
5.296857357025146484e-01
1.254116415977478027e+00
5.680942535400390625e-01
4.751876592636108398e-01
4.087361991405487061e-01
4.530720710754394531e-01
4.089069366455078125e-01
3.894756138324737549e-01
4.363943040370941162e-01
3.563843071460723877e-01
3.550722002983093262e-01
3.563875854015350342e-01
4.273501634597778320e-01
4.791941642761230469e-01
4.461738467216491699e-01
5.515880584716796875e-01
4.646579325199127197e-01
4.475188553333282471e-01
5.209875106811523438e-01
4.600623846054077148e-01
4.593357741832733154e-01
4.631185829639434814e-01
5.319023728370666504e-01
4.526077508926391602e-01
1.146618485450744629e+00
6.534576416015625000e-01
4.386731684207916260e-01
4.605006873607635498e-01
4.963170588016510010e-01
4.364546239376068115e-01
4.652422964572906494e-01
4.323875606060028076e-01
4.175533652305603027e-01
4.174039959907531738e-01
4.472921788692474365e-01
4.832691550254821777e-01
3.883252143859863281e-01
4.704655110836029053e-01
4.204410016536712646e-01
4.009194672107696533e-01
4.249364733695983887e-01
1.577040791511535645e+00
1.407441258430480957e+00
1.359103322029113770e+00
6.509592533111572266e-01
1.092060327529907227e+00
6.309564113616943359e-01
6.029619574546813965e-01
7.729169130325317383e-01
1.302622079849243164e+00
5.750341415405273438e-01
5.698879361152648926e-01
5.712625384330749512e-01
4.982804059982299805e-01
1.319097638130187988e+00
2.428813934326171875e+00
2.385932445526123047e+00
1.480554461479187012e+00
1.758406162261962891e+00
1.829389810562133789e+00
1.663441300392150879e+00
1.780219435691833496e+00
2.139427423477172852e+00
1.793350100517272949e+00
1.772856593132019043e+00
2.113418817520141602e+00
2.001317024230957031e+00
1.894192814826965332e+00
2.182947158813476562e+00
2.267239809036254883e+00
2.281608819961547852e+00
2.002282857894897461e+00
2.090692043304443359e+00
1.530347943305969238e+00
9.826607704162597656e-01
1.009020805358886719e+00
2.390551090240478516e+00
1.442669749259948730e+00
9.394758343696594238e-01
7.839915752410888672e-01
7.192825675010681152e-01
8.415864109992980957e-01
1.279412388801574707e+00
1.575271725654602051e+00
2.508175849914550781e+00
1.248033046722412109e+00
8.599838614463806152e-01
1.130132555961608887e+00
1.335724115371704102e+00
2.256780862808227539e+00
1.536878228187561035e+00
1.867440104484558105e+00
2.030401229858398438e+00
1.919639587402343750e+00
1.833721160888671875e+00
1.018917679786682129e+00
1.005438089370727539e+00
8.861489892005920410e-01
1.497711896896362305e+00
1.061725735664367676e+00
1.168484687805175781e+00
1.132468938827514648e+00
1.204220652580261230e+00
1.184520959854125977e+00
1.614845395088195801e+00
1.578842401504516602e+00
1.648882389068603516e+00
1.619749069213867188e+00
1.660267829895019531e+00
1.787451744079589844e+00
2.606102943420410156e+00
2.221036911010742188e+00
2.080286502838134766e+00
1.316661953926086426e+00
1.012800574302673340e+00
2.127958059310913086e+00
2.659388303756713867e+00
2.477851867675781250e+00
2.565693616867065430e+00
2.549147844314575195e+00
2.296474695205688477e+00
1.730289936065673828e+00
1.654126644134521484e+00
1.534840583801269531e+00
1.485999345779418945e+00
2.051080942153930664e+00
2.065994262695312500e+00
1.612151861190795898e+00
1.781170487403869629e+00
1.684021711349487305e+00
1.307062506675720215e+00
1.335952162742614746e+00
1.661268591880798340e+00
1.479351639747619629e+00
9.314463734626770020e-01
6.886342763900756836e-01
7.149696350097656250e-01
6.358282566070556641e-01
3.595410883426666260e-01
4.021202921867370605e-01
3.590057790279388428e-01
3.660775125026702881e-01
3.288703560829162598e-01
3.971686959266662598e-01
3.563119471073150635e-01
3.449039757251739502e-01
3.440874516963958740e-01
3.946955204010009766e-01
3.254463374614715576e-01
3.352642357349395752e-01
3.421512246131896973e-01
3.188449442386627197e-01
4.355235099792480469e-01
9.476710557937622070e-01
3.922069966793060303e-01
3.515763580799102783e-01
3.333444595336914062e-01
3.934426307678222656e-01
4.560167193412780762e-01
4.036434590816497803e-01
4.369331896305084229e-01
4.289226830005645752e-01
1.586661815643310547e+00
1.267001152038574219e+00
1.295147538185119629e+00
7.744107842445373535e-01
4.059083163738250732e-01
4.088981747627258301e-01
3.954443633556365967e-01
4.909113049507141113e-01
3.850889503955841064e-01
3.548548519611358643e-01
4.233938455581665039e-01
4.571934044361114502e-01
3.766818046569824219e-01
3.994209766387939453e-01
5.085706114768981934e-01
5.000541210174560547e-01
4.264453947544097900e-01
4.609310030937194824e-01
5.424751639366149902e-01
1.386894583702087402e+00
2.005177021026611328e+00
2.491923332214355469e+00
2.631176710128784180e+00
2.371923446655273438e+00
2.535342693328857422e+00
2.379172086715698242e+00
2.148272275924682617e+00
2.208261013031005859e+00
1.845752954483032227e+00
1.725179433822631836e+00
1.831791162490844727e+00
1.646592855453491211e+00
1.631414651870727539e+00
1.778538346290588379e+00
2.018732786178588867e+00
1.273795485496520996e+00
1.347530007362365723e+00
1.487290620803833008e+00
1.405918717384338379e+00
1.228863477706909180e+00
1.355546355247497559e+00
1.397011041641235352e+00
1.347858190536499023e+00
1.216387391090393066e+00
1.294637918472290039e+00
1.331195235252380371e+00
1.311015248298645020e+00
1.252337813377380371e+00
1.262784481048583984e+00
1.348803758621215820e+00
1.273185968399047852e+00
1.254169583320617676e+00
1.320080518722534180e+00
1.506504893302917480e+00
1.685714483261108398e+00
1.536045312881469727e+00
1.432853221893310547e+00
1.542910575866699219e+00
1.607349634170532227e+00
1.539963841438293457e+00
1.512625813484191895e+00
2.036812067031860352e+00
3.270729064941406250e+00
1.565596580505371094e+00
1.450361132621765137e+00
1.575605511665344238e+00
1.514443039894104004e+00
1.450255393981933594e+00
7.585613131523132324e-01
8.322741985321044922e-01
1.620170354843139648e+00
1.187316536903381348e+00
4.631531238555908203e-01
4.747732281684875488e-01
4.747005999088287354e-01
5.320572257041931152e-01
6.214534640312194824e-01
4.955567121505737305e-01
4.116292893886566162e-01
5.290887355804443359e-01
5.219830274581909180e-01
4.425494670867919922e-01
5.599395632743835449e-01
6.061812639236450195e-01
5.924585461616516113e-01
7.429879307746887207e-01
1.294098734855651855e+00
1.193180322647094727e+00
1.191243290901184082e+00
1.365817546844482422e+00
1.770982027053833008e+00
1.999157071113586426e+00
2.033370733261108398e+00
2.343951702117919922e+00
2.345174789428710938e+00
1.908899545669555664e+00
1.285629391670227051e+00
1.796905398368835449e+00
2.665893793106079102e+00
3.270497560501098633e+00
2.535124540328979492e+00
2.646538257598876953e+00
2.526576995849609375e+00
2.633095026016235352e+00
2.424602270126342773e+00
2.694987773895263672e+00
2.686783552169799805e+00
2.620247840881347656e+00
2.832051992416381836e+00
2.473964452743530273e+00
2.327599525451660156e+00
2.513283967971801758e+00
2.530881404876708984e+00
2.549998760223388672e+00
1.972095370292663574e+00
9.040845632553100586e-01
9.888436198234558105e-01
8.021319508552551270e-01
4.335220456123352051e-01
3.745284974575042725e-01
3.347089290618896484e-01
4.257020354270935059e-01
1.208842873573303223e+00
3.366056680679321289e-01
3.078401982784271240e-01
4.418943524360656738e-01
4.682206511497497559e-01
3.347229063510894775e-01
3.144689798355102539e-01
4.477778673171997070e-01
3.805739879608154297e-01
3.241967260837554932e-01
3.043221533298492432e-01
3.715235590934753418e-01
2.866036295890808105e-01
2.729563117027282715e-01
3.042519688606262207e-01
2.937773168087005615e-01
2.654685080051422119e-01
2.727978825569152832e-01
3.492372035980224609e-01
2.736610174179077148e-01
3.063677549362182617e-01
2.888136804103851318e-01
3.161083459854125977e-01
2.612323164939880371e-01
2.946113944053649902e-01
3.473653793334960938e-01
3.052253127098083496e-01
2.861516475677490234e-01
3.249965310096740723e-01
4.239826202392578125e-01
2.987124621868133545e-01
3.496143519878387451e-01
4.861348569393157959e-01
4.718072116374969482e-01
4.255498945713043213e-01
5.035770535469055176e-01
6.134289503097534180e-01
5.317962765693664551e-01
1.396774172782897949e+00
1.570499897003173828e+00
1.589709520339965820e+00
1.682743072509765625e+00
2.512989997863769531e+00
2.304579496383666992e+00
2.016059637069702148e+00
1.974162817001342773e+00
2.463454008102416992e+00
2.096958160400390625e+00
1.764553308486938477e+00
1.906769275665283203e+00
2.095486164093017578e+00
1.656997084617614746e+00
1.691126346588134766e+00
1.791786313056945801e+00
2.619327068328857422e+00
1.491029381752014160e+00
1.689338445663452148e+00
2.408991575241088867e+00
1.715995788574218750e+00
1.908976554870605469e+00
1.846243262290954590e+00
9.705919623374938965e-01
1.066155433654785156e+00
1.229538321495056152e+00
1.809140801429748535e+00
9.894773364067077637e-01
1.201631546020507812e+00
9.556654095649719238e-01
9.044941067695617676e-01
2.036349534988403320e+00
1.434833288192749023e+00
1.981780886650085449e+00
1.496277213096618652e+00
2.146387815475463867e+00
2.772937536239624023e+00
1.422441005706787109e+00
5.269231200218200684e-01
4.878271520137786865e-01
5.809321999549865723e-01
5.787221193313598633e-01
6.797414422035217285e-01
1.632638454437255859e+00
1.351464152336120605e+00
3.388735651969909668e-01
3.684794306755065918e-01
4.813044369220733643e-01
5.283755660057067871e-01
6.735476851463317871e-01
1.031928181648254395e+00
5.242221355438232422e-01
4.549630880355834961e-01
5.077781677246093750e-01
5.143817663192749023e-01
5.387956500053405762e-01
5.181736350059509277e-01
5.649361014366149902e-01
5.978971719741821289e-01
5.671510696411132812e-01
5.240889191627502441e-01
5.731847882270812988e-01
1.442996144294738770e+00
5.456415414810180664e-01
7.186921238899230957e-01
8.480540513992309570e-01
7.580358982086181641e-01
2.336766958236694336e+00
2.518398523330688477e+00
2.759593725204467773e+00
2.937660932540893555e+00
2.825061559677124023e+00
2.619551658630371094e+00
2.913067102432250977e+00
2.766647815704345703e+00
2.859743595123291016e+00
2.851297378540039062e+00
2.474458694458007812e+00
2.864968299865722656e+00
2.019547462463378906e+00
2.154460668563842773e+00
2.492601633071899414e+00
2.404362916946411133e+00
2.655212879180908203e+00
2.532195568084716797e+00
2.662030935287475586e+00
3.857872962951660156e+00
4.026146411895751953e+00
4.021859169006347656e+00
3.587048530578613281e+00
3.055871009826660156e+00
2.444911241531372070e+00
2.617012977600097656e+00
2.587779283523559570e+00
2.485736370086669922e+00
2.278298139572143555e+00
2.354784250259399414e+00
2.158844470977783203e+00
2.102624893188476562e+00
2.189915418624877930e+00
2.135694503784179688e+00
2.049557209014892578e+00
2.083302021026611328e+00
1.759927392005920410e+00
5.447696447372436523e-01
7.317685484886169434e-01
8.141179680824279785e-01
8.822710514068603516e-01
7.285204529762268066e-01
1.123681426048278809e+00
1.066905379295349121e+00
7.712824940681457520e-01
6.313220858573913574e-01
5.475059151649475098e-01
5.125806331634521484e-01
4.678023755550384521e-01
3.443215191364288330e-01
3.377248048782348633e-01
4.428180754184722900e-01
3.573803901672363281e-01
3.134915530681610107e-01
3.346469700336456299e-01
4.471427798271179199e-01
2.811940312385559082e-01
2.767270803451538086e-01
3.094803988933563232e-01
4.092451930046081543e-01
2.631904780864715576e-01
2.974450290203094482e-01
3.472979664802551270e-01
3.758030533790588379e-01
2.519077658653259277e-01
3.150673210620880127e-01
3.327606320381164551e-01
3.755330741405487061e-01
3.301405310630798340e-01
3.449552357196807861e-01
4.135408401489257812e-01
4.010880291461944580e-01
3.231488466262817383e-01
3.680707514286041260e-01
4.757547676563262939e-01
5.112742781639099121e-01
4.304329454898834229e-01
4.816152751445770264e-01
5.607692599296569824e-01
5.179288387298583984e-01
4.813326597213745117e-01
1.786709785461425781e+00
2.492750167846679688e+00
2.786808967590332031e+00
2.444857597351074219e+00
2.425276041030883789e+00
2.614084482192993164e+00
2.744721651077270508e+00
3.015061140060424805e+00
2.000801801681518555e+00
2.450564384460449219e+00
1.623946547508239746e+00
2.959854602813720703e+00
2.084238052368164062e+00
1.816252827644348145e+00
1.383101940155029297e+00
1.505024313926696777e+00
1.435489416122436523e+00
1.455525755882263184e+00
1.869602441787719727e+00
4.437357902526855469e+00
4.084220886230468750e+00
3.220824956893920898e+00
2.809071063995361328e+00
1.789304614067077637e+00
1.567413926124572754e+00
1.688087105751037598e+00
2.921591281890869141e+00
4.758388042449951172e+00
3.388251781463623047e+00
2.726064443588256836e+00
2.680897474288940430e+00
1.544870138168334961e+00
1.471782207489013672e+00
1.693467974662780762e+00
2.179782629013061523e+00
1.539118170738220215e+00
1.558230996131896973e+00
1.544237494468688965e+00
1.585436582565307617e+00
1.570860981941223145e+00
1.621991991996765137e+00
2.886939525604248047e+00
2.772147893905639648e+00
2.965913295745849609e+00
2.581243038177490234e+00
2.066737174987792969e+00
1.403079509735107422e+00
1.402997374534606934e+00
1.467438817024230957e+00
2.163625001907348633e+00
1.708827614784240723e+00
1.493214488029479980e+00
1.609995007514953613e+00
1.494557499885559082e+00
1.601544499397277832e+00
1.594337463378906250e+00
1.573638677597045898e+00
1.582276582717895508e+00
1.574218869209289551e+00
1.625949621200561523e+00
1.683809041976928711e+00
1.678830862045288086e+00
1.616905570030212402e+00
9.887016415596008301e-01
6.675221920013427734e-01
1.646823883056640625e+00
1.648539185523986816e+00
1.566068649291992188e+00
2.070732831954956055e+00
2.039468526840209961e+00
2.029968738555908203e+00
1.480966448783874512e+00
1.720207571983337402e+00
1.728580117225646973e+00
1.535110831260681152e+00
1.155255556106567383e+00
1.196662783622741699e+00
1.301258206367492676e+00
4.934266805648803711e-01
4.228722453117370605e-01
5.316811800003051758e-01
6.808721423149108887e-01
5.004951357841491699e-01
4.427320063114166260e-01
4.222807288169860840e-01
5.361026525497436523e-01
4.537710249423980713e-01
3.880102634429931641e-01
3.887519836425781250e-01
4.030245244503021240e-01
5.419116020202636719e-01
9.248592853546142578e-01
3.796280920505523682e-01
3.924649059772491455e-01
5.346208810806274414e-01
4.210371673107147217e-01
4.010666608810424805e-01
3.495976328849792480e-01
1.279922962188720703e+00
1.457057356834411621e+00
1.378574967384338379e+00
1.213936924934387207e+00
1.390558719635009766e+00
3.952862024307250977e-01
8.201163411140441895e-01
6.630455851554870605e-01
5.298378467559814453e-01
9.576284885406494141e-01
7.098343968391418457e-01
4.479398727416992188e-01
4.939534962177276611e-01
5.236648917198181152e-01
4.816185534000396729e-01
3.961890935897827148e-01
4.157854318618774414e-01
4.185886383056640625e-01
4.038695693016052246e-01
3.926507532596588135e-01
4.309430420398712158e-01
4.587607085704803467e-01
3.845846056938171387e-01
4.318374395370483398e-01
4.467261731624603271e-01
4.760910868644714355e-01
4.253103435039520264e-01
5.628935098648071289e-01
4.062311947345733643e-01
4.874636828899383545e-01
3.826316595077514648e-01
3.946749567985534668e-01
3.958787918090820312e-01
5.196931958198547363e-01
4.472239315509796143e-01
4.738684296607971191e-01
4.088370501995086670e-01
5.392410755157470703e-01
4.441027641296386719e-01
4.359987974166870117e-01
3.809867799282073975e-01
4.124896824359893799e-01
1.196715354919433594e+00
1.481128454208374023e+00
1.308322787284851074e+00
1.228647470474243164e+00
1.281784057617187500e+00
2.857564091682434082e-01
4.771732389926910400e-01
1.137187361717224121e+00
4.438366293907165527e-01
4.128122925758361816e-01
1.448546051979064941e+00
7.816258668899536133e-01
8.849412798881530762e-01
8.180756568908691406e-01
7.977592349052429199e-01
8.908785581588745117e-01
1.100645661354064941e+00
1.212431907653808594e+00
1.149670600891113281e+00
1.433900237083435059e+00
9.924978613853454590e-01
1.122304081916809082e+00
1.169998168945312500e+00
1.169007301330566406e+00
1.130922317504882812e+00
1.142118334770202637e+00
1.576073765754699707e+00
1.778965353965759277e+00
1.778528451919555664e+00
1.750819683074951172e+00
2.123869419097900391e+00
2.859920501708984375e+00
1.764009833335876465e+00
1.923410058021545410e+00
2.931265592575073242e+00
2.658338069915771484e+00
2.857221841812133789e+00
2.388357400894165039e+00
1.998064756393432617e+00
1.778088569641113281e+00
6.194489598274230957e-01
9.797986745834350586e-01
7.925025820732116699e-01
6.355538368225097656e-01
5.236443281173706055e-01
1.859146714210510254e+00
1.563302159309387207e+00
2.744206428527832031e+00
2.343743562698364258e+00
1.622811794281005859e+00
1.598446726799011230e+00
9.716033935546875000e-01
1.132668018341064453e+00
1.910853624343872070e+00
3.165200471878051758e+00
2.550663232803344727e+00
2.988574743270874023e+00
3.510163307189941406e+00
1.408167600631713867e+00
1.687725067138671875e+00
1.886048555374145508e+00
1.905377388000488281e+00
2.437649011611938477e+00
2.814160108566284180e+00
3.846331596374511719e+00
3.168447017669677734e+00
2.492101907730102539e+00
2.426264286041259766e+00
2.336980342864990234e+00
2.267040491104125977e+00
2.286059141159057617e+00
2.675564050674438477e+00
2.043865680694580078e+00
1.133599400520324707e+00
1.123304247856140137e+00
1.637396812438964844e+00
1.525475740432739258e+00
1.796548485755920410e+00
2.073053359985351562e+00
1.888023734092712402e+00
6.580353975296020508e-01
6.542155146598815918e-01
1.633462190628051758e+00
2.881700992584228516e+00
2.186400890350341797e+00
2.137867927551269531e+00
2.211168289184570312e+00
1.506812691688537598e+00
1.359884500503540039e+00
1.298289775848388672e+00
1.385761260986328125e+00
9.473517537117004395e-01
7.990820407867431641e-01
7.152760624885559082e-01
5.581102371215820312e-01
6.373848319053649902e-01
5.897129178047180176e-01
5.708554983139038086e-01
5.305310487747192383e-01
5.759509801864624023e-01
5.484828352928161621e-01
4.159959554672241211e-01
3.360350131988525391e-01
3.879209160804748535e-01
3.979712724685668945e-01
2.777141034603118896e-01
2.848143279552459717e-01
3.316982388496398926e-01
3.295695781707763672e-01
1.022958636283874512e+00
1.338624835014343262e+00
1.334974169731140137e+00
6.784663796424865723e-01
3.031196892261505127e-01
3.276607692241668701e-01
3.116674125194549561e-01
3.932162225246429443e-01
2.939974367618560791e-01
2.532179653644561768e-01
3.251653909683227539e-01
3.764795362949371338e-01
4.037407636642456055e-01
3.521102964878082275e-01
3.760990798473358154e-01
4.304557144641876221e-01
4.567403197288513184e-01
3.754727542400360107e-01
4.033685326576232910e-01
4.061854183673858643e-01
4.280644655227661133e-01
4.161677956581115723e-01
4.278865754604339600e-01
4.032641053199768066e-01
4.546346962451934814e-01
3.283523023128509521e-01
3.429425358772277832e-01
3.898182213306427002e-01
4.619490206241607666e-01
4.026846587657928467e-01
3.681433796882629395e-01
4.076000452041625977e-01
4.560383558273315430e-01
4.085495173931121826e-01
3.592700064182281494e-01
4.329727590084075928e-01
4.411364793777465820e-01
4.560567140579223633e-01
4.627948701381683350e-01
1.733263731002807617e+00
1.926225543022155762e+00
2.387086868286132812e+00
2.620580196380615234e+00
2.241946697235107422e+00
2.440478086471557617e+00
2.509425401687622070e+00
2.439716815948486328e+00
2.080031633377075195e+00
2.284450531005859375e+00
2.026416540145874023e+00
1.837381958961486816e+00
2.574740886688232422e+00
2.861871242523193359e+00
1.296407461166381836e+00
1.668805122375488281e+00
1.694314599037170410e+00
1.453113436698913574e+00
1.399318099021911621e+00
1.642909169197082520e+00
2.663392782211303711e+00
2.063567876815795898e+00
1.148646831512451172e+00
1.325011849403381348e+00
1.483427286148071289e+00
1.367494821548461914e+00
1.281323909759521484e+00
1.570358276367187500e+00
1.506370663642883301e+00
1.337425708770751953e+00
1.338847160339355469e+00
1.341335415840148926e+00
1.404631733894348145e+00
1.438608646392822266e+00
1.705151915550231934e+00
1.812251806259155273e+00
1.016732573509216309e+00
7.080601453781127930e-01
1.136532545089721680e+00
7.090170383453369141e-01
8.495624065399169922e-01
1.014632940292358398e+00
1.192226767539978027e+00
1.216326475143432617e+00
1.233237504959106445e+00
8.801106214523315430e-01
1.044989824295043945e+00
1.484406113624572754e+00
1.569387674331665039e+00
1.542329311370849609e+00
1.818283319473266602e+00
2.369034528732299805e+00
1.688907265663146973e+00
1.700061082839965820e+00
1.876769781112670898e+00
7.557216882705688477e-01
1.131270051002502441e+00
1.242957830429077148e+00
1.212881088256835938e+00
1.532588124275207520e+00
1.846699357032775879e+00
2.663203716278076172e+00
2.569547891616821289e+00
2.870886087417602539e+00
2.858800649642944336e+00
1.990543246269226074e+00
1.698300004005432129e+00
1.911196827888488770e+00
2.385952234268188477e+00
2.545647621154785156e+00
2.322037220001220703e+00
2.440851211547851562e+00
2.331867694854736328e+00
2.967930316925048828e+00
2.531685113906860352e+00
2.836004257202148438e+00
2.450870752334594727e+00
2.672607183456420898e+00
1.822128653526306152e+00
2.353837728500366211e+00
3.456019878387451172e+00
1.661761403083801270e+00
1.855533838272094727e+00
9.973875284194946289e-01
1.041189193725585938e+00
9.169701933860778809e-01
1.173128962516784668e+00
2.004214286804199219e+00
2.111857414245605469e+00
6.587049961090087891e-01
6.317905187606811523e-01
3.740052282810211182e-01
3.918224275112152100e-01
4.548509716987609863e-01
4.472622871398925781e-01
3.607624769210815430e-01
2.837966084480285645e-01
3.834235072135925293e-01
3.117869198322296143e-01
5.947206616401672363e-01
8.827175498008728027e-01
7.549788951873779297e-01
7.202128171920776367e-01
6.628260612487792969e-01
7.011032700538635254e-01
6.980684995651245117e-01
8.425021767616271973e-01
8.192830681800842285e-01
7.970750927925109863e-01
1.075877904891967773e+00
1.460351228713989258e+00
1.467451214790344238e+00
7.950799465179443359e-01
2.726860344409942627e-01
3.337936997413635254e-01
3.847126066684722900e-01
3.176397383213043213e-01
2.729012072086334229e-01
3.285948932170867920e-01
3.740288019180297852e-01
3.634957671165466309e-01
3.042928278446197510e-01
3.382620513439178467e-01
3.631435632705688477e-01
3.749714493751525879e-01
3.152693510055541992e-01
3.557072877883911133e-01
4.207625091075897217e-01
3.994807302951812744e-01
4.134471118450164795e-01
4.280137717723846436e-01
4.729096293449401855e-01
4.959026277065277100e-01
5.677154660224914551e-01
4.951162338256835938e-01
5.578956007957458496e-01
5.047088265419006348e-01
6.162414550781250000e-01
4.792108833789825439e-01
4.352526962757110596e-01
4.211097955703735352e-01
3.988440036773681641e-01
4.338378012180328369e-01
4.964280724525451660e-01
1.346354961395263672e+00
1.861764669418334961e+00
2.180731534957885742e+00
2.089694261550903320e+00
2.434181690216064453e+00
1.696576476097106934e+00
2.103269577026367188e+00
1.802504897117614746e+00
1.632375359535217285e+00
1.621324062347412109e+00
1.655453801155090332e+00
1.693222641944885254e+00
1.649342536926269531e+00
8.230716586112976074e-01
7.721245288848876953e-01
1.162143707275390625e+00
1.041735172271728516e+00
9.868851900100708008e-01
6.802849769592285156e-01
4.625501036643981934e-01
4.695645570755004883e-01
4.653766155242919922e-01
4.264467656612396240e-01
5.389661192893981934e-01
5.795531868934631348e-01
7.089427709579467773e-01
5.723153352737426758e-01
1.490194439888000488e+00
1.540282249450683594e+00
1.580653667449951172e+00
9.595474600791931152e-01
8.621835112571716309e-01
1.215631365776062012e+00
1.711554288864135742e+00
9.845731854438781738e-01
5.694817304611206055e-01
1.324241280555725098e+00
1.765825390815734863e+00
1.829702854156494141e+00
1.798593282699584961e+00
2.249576091766357422e+00
2.184992551803588867e+00
2.182174444198608398e+00
2.341841697692871094e+00
1.927352428436279297e+00
1.666467666625976562e+00
1.464629292488098145e+00
2.426214456558227539e+00
2.288225412368774414e+00
2.484920740127563477e+00
3.003066778182983398e+00
2.878119707107543945e+00
1.119799971580505371e+00
1.077753067016601562e+00
1.481824636459350586e+00
2.398533821105957031e+00
2.315389156341552734e+00
2.860457897186279297e+00
3.477017164230346680e+00
3.839682817459106445e+00
2.710251092910766602e+00
2.841918468475341797e+00
3.528569459915161133e+00
3.163196325302124023e+00
2.670977354049682617e+00
2.113293647766113281e+00
2.235737800598144531e+00
1.551056504249572754e+00
1.816882491111755371e+00
1.892870664596557617e+00
1.816996693611145020e+00
1.883484721183776855e+00
1.727881431579589844e+00
2.498630046844482422e+00
2.429345846176147461e+00
2.785104513168334961e+00
2.321149349212646484e+00
1.907348990440368652e+00
1.951263308525085449e+00
1.918656110763549805e+00
1.862789154052734375e+00
1.858616590499877930e+00
1.902790784835815430e+00
1.816182136535644531e+00
1.696484923362731934e+00
1.858052492141723633e+00
1.873525857925415039e+00
1.645881772041320801e+00
1.715874314308166504e+00
1.793157100677490234e+00
1.712632060050964355e+00
1.557964324951171875e+00
1.754264473915100098e+00
1.772340416908264160e+00
1.580776929855346680e+00
1.675118207931518555e+00
1.844144225120544434e+00
1.667368888854980469e+00
1.624255537986755371e+00
1.786495089530944824e+00
1.764023542404174805e+00
1.784043550491333008e+00
1.887862563133239746e+00
1.971639275550842285e+00
1.775605797767639160e+00
2.690325260162353516e+00
1.824902057647705078e+00
1.636794328689575195e+00
1.621881008148193359e+00
1.719889879226684570e+00
1.759132266044616699e+00
1.563895583152770996e+00
1.612048506736755371e+00
1.614386558532714844e+00
1.569181561470031738e+00
1.545460820198059082e+00
1.604541301727294922e+00
1.616076946258544922e+00
8.443049192428588867e-01
5.753737688064575195e-01
6.506204605102539062e-01
5.356232523918151855e-01
5.152075886726379395e-01
1.235273003578186035e+00
1.367207050323486328e+00
3.218537271022796631e-01
3.522509038448333740e-01
4.160269200801849365e-01
2.935119867324829102e-01
2.999239861965179443e-01
5.648379921913146973e-01
4.082713127136230469e-01
3.498720228672027588e-01
4.457462728023529053e-01
4.940195679664611816e-01
4.160948991775512695e-01
3.941832184791564941e-01
4.225970506668090820e-01
4.033644199371337891e-01
3.543313145637512207e-01
3.635755479335784912e-01
3.262063860893249512e-01
3.700297176837921143e-01
3.283698558807373047e-01
3.391673862934112549e-01
3.433405458927154541e-01
3.822196722030639648e-01
3.695344328880310059e-01
3.074570000171661377e-01
3.538165688514709473e-01
3.990482091903686523e-01
3.885779380798339844e-01
3.114432096481323242e-01
3.580162823200225830e-01
4.192300140857696533e-01
1.336266517639160156e+00
1.012469768524169922e+00
4.692350924015045166e-01
5.605072379112243652e-01
1.346917152404785156e+00
1.093296527862548828e+00
1.476443290710449219e+00
1.627063393592834473e+00
1.702461361885070801e+00
1.488541364669799805e+00
1.402237534523010254e+00
1.441962599754333496e+00
1.150887608528137207e+00
4.758775830268859863e-01
5.741243958473205566e-01
5.759381055831909180e-01
5.968583822250366211e-01
5.764139294624328613e-01
6.335063576698303223e-01
2.301939010620117188e+00
1.911884546279907227e+00
1.707351803779602051e+00
1.720047473907470703e+00
1.576603531837463379e+00
1.451434016227722168e+00
6.537715196609497070e-01
1.160710096359252930e+00
1.094632506370544434e+00
1.117314338684082031e+00
1.121777772903442383e+00
1.901899099349975586e+00
1.659477591514587402e+00
1.664852142333984375e+00
1.916061520576477051e+00
1.743756651878356934e+00
1.717521429061889648e+00
1.384531617164611816e+00
8.728941679000854492e-01
2.034851312637329102e+00
3.524641513824462891e+00
3.529061317443847656e+00
3.066605806350708008e+00
3.437115430831909180e+00
3.518324613571166992e+00
3.532881975173950195e+00
3.641758203506469727e+00
2.241709470748901367e+00
2.252137899398803711e+00
2.372062683105468750e+00
2.358796834945678711e+00
2.294378519058227539e+00
2.392863035202026367e+00
2.295685529708862305e+00
2.303885221481323242e+00
2.248408555984497070e+00
2.590815305709838867e+00
2.665954828262329102e+00
2.639648437500000000e+00
2.530849695205688477e+00
2.598093032836914062e+00
2.428298711776733398e+00
1.942016959190368652e+00
2.009008884429931641e+00
1.892614364624023438e+00
2.087935686111450195e+00
1.340072154998779297e+00
1.130647897720336914e+00
1.190072059631347656e+00
1.948692083358764648e+00
1.898298263549804688e+00
2.819515466690063477e+00
3.103051662445068359e+00
2.092107295989990234e+00
2.820791244506835938e+00
2.752362012863159180e+00
2.857096910476684570e+00
2.426944732666015625e+00
1.807349920272827148e+00
3.156991243362426758e+00
2.750530481338500977e+00
1.313297748565673828e+00
1.372290372848510742e+00
1.128218293190002441e+00
9.027782082557678223e-01
7.269375324249267578e-01
1.015720248222351074e+00
6.415875554084777832e-01
4.234253764152526855e-01
4.865377843379974365e-01
4.465337395668029785e-01
4.025338888168334961e-01
3.398389220237731934e-01
3.103865683078765869e-01
2.879757583141326904e-01
3.774802684783935547e-01
2.826535999774932861e-01
2.542589902877807617e-01
3.022762835025787354e-01
3.219732344150543213e-01
2.607161700725555420e-01
2.705141007900238037e-01
3.295303881168365479e-01
3.450569510459899902e-01
3.877734541893005371e-01
4.136395156383514404e-01
4.389859139919281006e-01
3.835062980651855469e-01
3.886601626873016357e-01
3.899714350700378418e-01
3.762934207916259766e-01
2.819902896881103516e-01
3.524504601955413818e-01
3.838415145874023438e-01
3.769528865814208984e-01
3.032679557800292969e-01
1.442885398864746094e+00
1.333126544952392578e+00
1.305873155593872070e+00
3.310932815074920654e-01
3.148910999298095703e-01
4.039224684238433838e-01
3.663620054721832275e-01
3.833903670310974121e-01
3.654994368553161621e-01
5.020991563796997070e-01
4.489181339740753174e-01
5.075166821479797363e-01
5.321621894836425781e-01
5.587979555130004883e-01
5.234508514404296875e-01
5.464016199111938477e-01
5.433974862098693848e-01
6.478646993637084961e-01
2.155501842498779297e+00
1.951240301132202148e+00
1.956468462944030762e+00
1.921462655067443848e+00
2.131157875061035156e+00
2.191217660903930664e+00
3.878566026687622070e+00
2.836140394210815430e+00
1.434883952140808105e+00
2.277452945709228516e+00
1.619467496871948242e+00
1.282353401184082031e+00
1.543129920959472656e+00
1.983894467353820801e+00
1.103670597076416016e+00
1.303327083587646484e+00
1.513957142829895020e+00
1.402463436126708984e+00
1.340258002281188965e+00
1.404355525970458984e+00
1.227642655372619629e+00
1.331478834152221680e+00
1.374501585960388184e+00
1.303667545318603516e+00
1.225282669067382812e+00
1.192889809608459473e+00
1.391870021820068359e+00
1.317766070365905762e+00
1.157534122467041016e+00
1.174724698066711426e+00
1.427209734916687012e+00
2.507176876068115234e+00
4.136491298675537109e+00
3.207568407058715820e+00
2.975662469863891602e+00
2.283146381378173828e+00
1.790322661399841309e+00
1.496784329414367676e+00
2.942368745803833008e+00
3.245099067687988281e+00
2.959035634994506836e+00
3.048601865768432617e+00
2.476554393768310547e+00
6.339046359062194824e-01
5.957019329071044922e-01
6.654853820800781250e-01
5.883654356002807617e-01
4.994768500328063965e-01
5.920122861862182617e-01
5.225929021835327148e-01
4.495038688182830811e-01
3.662192225456237793e-01
3.696004748344421387e-01
4.436291158199310303e-01
4.250954389572143555e-01
3.859553635120391846e-01
3.977706134319305420e-01
5.285643935203552246e-01
5.132384896278381348e-01
6.393578052520751953e-01
6.317663788795471191e-01
6.678881049156188965e-01
1.299971103668212891e+00
8.899055123329162598e-01
9.276142120361328125e-01
9.092578887939453125e-01
1.120269179344177246e+00
1.174235701560974121e+00
1.211476922035217285e+00
1.247775912284851074e+00
1.231589078903198242e+00
1.684722065925598145e+00
1.762278914451599121e+00
1.623828768730163574e+00
1.527260422706604004e+00
1.573818445205688477e+00
1.615341782569885254e+00
2.356482267379760742e+00
1.100129842758178711e+00
2.302439451217651367e+00
2.506132125854492188e+00
2.953902244567871094e+00
2.488317966461181641e+00
3.551319599151611328e+00
3.042358636856079102e+00
1.547370195388793945e+00
1.462184429168701172e+00
1.435217857360839844e+00
1.256235480308532715e+00
1.529609799385070801e+00
1.862505197525024414e+00
2.306617498397827148e+00
1.669726371765136719e+00
8.492134809494018555e-01
1.158874750137329102e+00
1.122888445854187012e+00
6.228691339492797852e-01
6.196501255035400391e-01
9.793080091476440430e-01
7.336834073066711426e-01
3.593146800994873047e-01
3.688006699085235596e-01
3.229772448539733887e-01
4.823536872863769531e-01
4.102875888347625732e-01
3.370867073535919189e-01
2.614027857780456543e-01
3.004258573055267334e-01
3.203574120998382568e-01
3.057551383972167969e-01
2.613633275032043457e-01
2.824239134788513184e-01
3.772760629653930664e-01
2.782513201236724854e-01
2.763109803199768066e-01
3.217676579952239990e-01
4.085722863674163818e-01
8.502081632614135742e-01
1.466722130775451660e+00
1.283103942871093750e+00
1.216935276985168457e+00
5.918872952461242676e-01
2.977605164051055908e-01
3.474750220775604248e-01
3.101445436477661133e-01
3.029275238513946533e-01
3.331728875637054443e-01
3.124677836894989014e-01
2.866211831569671631e-01
3.191574215888977051e-01
4.065680801868438721e-01
3.910217881202697754e-01
3.066566288471221924e-01
3.823786675930023193e-01
4.146671295166015625e-01
4.607004821300506592e-01
4.306911528110504150e-01
4.163309037685394287e-01
5.115689635276794434e-01
5.173496603965759277e-01
5.480930805206298828e-01
4.296509623527526855e-01
5.125740766525268555e-01
1.771257519721984863e+00
2.237317085266113281e+00
2.721690416336059570e+00
2.458935737609863281e+00
2.540456056594848633e+00
2.630307674407958984e+00
2.101468801498413086e+00
2.156119108200073242e+00
1.906713604927062988e+00
2.286207675933837891e+00
1.729765653610229492e+00
1.448628306388854980e+00
1.455380201339721680e+00
1.425608277320861816e+00
1.547329902648925781e+00
1.554427146911621094e+00
1.495799183845520020e+00
1.435883045196533203e+00
1.759371995925903320e+00
1.787400245666503906e+00
1.421443819999694824e+00
1.298311710357666016e+00
1.519663333892822266e+00
1.583405017852783203e+00
1.644062876701354980e+00
1.431693792343139648e+00
1.432347774505615234e+00
1.363500356674194336e+00
1.469292521476745605e+00
9.326614737510681152e-01
3.320499062538146973e-01
5.348505377769470215e-01
3.535268306732177734e-01
4.153611361980438232e-01
3.609743416309356689e-01
3.836093544960021973e-01
3.454195559024810791e-01
4.955852031707763672e-01
4.622368216514587402e-01
4.338323175907135010e-01
3.615647554397583008e-01
4.222733378410339355e-01
4.638696014881134033e-01
3.775276839733123779e-01
3.064115941524505615e-01
3.353341221809387207e-01
3.927113413810729980e-01
3.229887783527374268e-01
2.810819447040557861e-01
3.001221418380737305e-01
3.595145046710968018e-01
3.325747847557067871e-01
2.371158003807067871e-01
3.068553507328033447e-01
3.138730823993682861e-01
3.779993951320648193e-01
2.826892435550689697e-01
3.089278042316436768e-01
3.324144482612609863e-01
3.828251659870147705e-01
3.912715017795562744e-01
1.510031223297119141e+00
7.610852122306823730e-01
1.082364439964294434e+00
1.312659859657287598e+00
1.265635848045349121e+00
1.019828438758850098e+00
2.145768165588378906e+00
2.261436223983764648e+00
2.259681701660156250e+00
2.435886859893798828e+00
1.888907194137573242e+00
1.945133447647094727e+00
2.410839796066284180e+00
1.928241014480590820e+00
1.929702281951904297e+00
2.008250951766967773e+00
1.984349727630615234e+00
2.020793199539184570e+00
2.732433557510375977e+00
2.144349336624145508e+00
1.707442522048950195e+00
1.753999948501586914e+00
1.820126175880432129e+00
2.653839111328125000e+00
2.580737829208374023e+00
2.728637695312500000e+00
2.501732826232910156e+00
2.465510129928588867e+00
2.490965604782104492e+00
2.557632923126220703e+00
2.123789310455322266e+00
1.504642724990844727e+00
9.385222196578979492e-01
9.671440720558166504e-01
7.826274037361145020e-01
6.607374548912048340e-01
6.918927431106567383e-01
5.516585111618041992e-01
7.936072349548339844e-01
5.551428794860839844e-01
3.805018961429595947e-01
3.714147508144378662e-01
5.068687200546264648e-01
4.687636196613311768e-01
3.859616518020629883e-01
3.633814752101898193e-01
3.833440244197845459e-01
4.287135303020477295e-01
3.830976188182830811e-01
3.035787940025329590e-01
3.131190538406372070e-01
3.478522002696990967e-01
3.354695439338684082e-01
2.512685656547546387e-01
2.937507331371307373e-01
3.549129366874694824e-01
3.950074315071105957e-01
2.452619969844818115e-01
3.139062523841857910e-01
3.377705812454223633e-01
3.994431793689727783e-01
2.892267405986785889e-01
3.014668822288513184e-01
3.221461772918701172e-01
4.325144588947296143e-01
3.840764164924621582e-01
3.711143434047698975e-01
4.128558933734893799e-01
4.629478156566619873e-01
5.235714316368103027e-01
4.601040482521057129e-01
4.195271432399749756e-01
1.231624960899353027e+00
1.635335087776184082e+00
1.417567253112792969e+00
1.261434555053710938e+00
3.762498199939727783e-01
4.807419776916503906e-01
5.466890931129455566e-01
4.725535809993743896e-01
4.723367691040039062e-01
5.288283824920654297e-01
5.834544301033020020e-01
7.077816724777221680e-01
2.214574098587036133e+00
2.427334308624267578e+00
2.399265527725219727e+00
2.253798007965087891e+00
2.349696636199951172e+00
2.749697685241699219e+00
2.911437034606933594e+00
2.234191656112670898e+00
1.671356201171875000e+00
1.553580403327941895e+00
1.539876103401184082e+00
1.416152119636535645e+00
1.501208305358886719e+00
1.499482512474060059e+00
1.368192672729492188e+00
1.335401177406311035e+00
1.360426902770996094e+00
1.269585371017456055e+00
1.326015233993530273e+00
1.271747708320617676e+00
1.353559374809265137e+00
1.341630101203918457e+00
1.604247927665710449e+00
1.404627919197082520e+00
1.360891461372375488e+00
1.389362335205078125e+00
1.428287029266357422e+00
1.337241291999816895e+00
1.327751994132995605e+00
1.427263259887695312e+00
1.426967978477478027e+00
1.383916616439819336e+00
1.444866895675659180e+00
1.513238191604614258e+00
1.427767038345336914e+00
1.420585870742797852e+00
1.794024825096130371e+00
1.336769819259643555e+00
1.371382117271423340e+00
9.585346579551696777e-01
3.242320716381072998e-01
3.904374241828918457e-01
3.422474265098571777e-01
2.989487349987030029e-01
3.085646331310272217e-01
3.422128856182098389e-01
2.979022264480590820e-01
2.482337653636932373e-01
2.803410589694976807e-01
3.500822484493255615e-01
3.460831642150878906e-01
2.420632690191268921e-01
2.952908873558044434e-01
4.153775870800018311e-01
1.114254355430603027e+00
8.557463288307189941e-01
8.859741091728210449e-01
8.835557103157043457e-01
1.109407186508178711e+00
8.772237896919250488e-01
8.849676251411437988e-01
8.882622718811035156e-01
9.151518344879150391e-01
1.237979650497436523e+00
1.190497159957885742e+00
1.191329360008239746e+00
1.254633665084838867e+00
1.254369378089904785e+00
1.475525856018066406e+00
1.638923287391662598e+00
1.915973544120788574e+00
1.847783207893371582e+00
1.872563004493713379e+00
1.733385920524597168e+00
1.261324048042297363e+00
1.292348623275756836e+00
2.606600046157836914e+00
2.397676944732666016e+00
2.882756710052490234e+00
4.063932895660400391e+00
3.003441572189331055e+00
2.446200609207153320e+00
2.446099996566772461e+00
1.702416658401489258e+00
1.099358558654785156e+00
1.462114810943603516e+00
1.995790600776672363e+00
2.404438972473144531e+00
1.284988641738891602e+00
1.582114338874816895e+00
1.493782639503479004e+00
1.203013896942138672e+00
1.339826226234436035e+00
1.262364864349365234e+00
1.108682751655578613e+00
8.296628594398498535e-01
9.434236884117126465e-01
8.182724714279174805e-01
7.198047041893005371e-01
6.277028918266296387e-01
6.530569195747375488e-01
5.797324776649475098e-01
5.661084055900573730e-01
4.029343426227569580e-01
4.481827020645141602e-01
5.181615352630615234e-01
5.196647047996520996e-01
3.816997110843658447e-01
4.864519834518432617e-01
4.110032618045806885e-01
4.709492921829223633e-01
4.044981002807617188e-01
4.043947458267211914e-01
3.496086001396179199e-01
4.217248558998107910e-01
4.252936244010925293e-01
3.863750100135803223e-01
3.270728290081024170e-01
3.891845047473907471e-01
4.632468521595001221e-01
4.970461428165435791e-01
1.497578620910644531e+00
1.243951201438903809e+00
1.426669001579284668e+00
1.304603815078735352e+00
4.118767976760864258e-01
4.353656172752380371e-01
5.809395909309387207e-01
5.700677633285522461e-01
5.504582524299621582e-01
5.624154806137084961e-01
5.891718268394470215e-01
6.006749272346496582e-01
5.199599266052246094e-01
5.033800005912780762e-01
5.038127899169921875e-01
5.239118337631225586e-01
5.681498646736145020e-01
5.397829413414001465e-01
4.995105564594268799e-01
4.833234250545501709e-01
6.249122619628906250e-01
6.199653744697570801e-01
5.959190130233764648e-01
2.003447771072387695e+00
2.600827932357788086e+00
2.725520610809326172e+00
2.433216094970703125e+00
2.486706256866455078e+00
2.539972305297851562e+00
2.491422414779663086e+00
2.018159389495849609e+00
1.862511038780212402e+00
1.391367077827453613e+00
1.535338640213012695e+00
1.532262444496154785e+00
1.406668066978454590e+00
1.387243032455444336e+00
1.303849577903747559e+00
1.393539071083068848e+00
1.292644143104553223e+00
1.340420722961425781e+00
1.292433142662048340e+00
1.357772231101989746e+00
1.323944807052612305e+00
1.248804092407226562e+00
1.173409938812255859e+00
1.279111146926879883e+00
1.338353276252746582e+00
1.267582774162292480e+00
1.209535479545593262e+00
1.227113366127014160e+00
1.334413886070251465e+00
1.347599387168884277e+00
1.280668497085571289e+00
1.292034506797790527e+00
1.353867530822753906e+00
1.393675208091735840e+00
1.347374320030212402e+00
1.320263862609863281e+00
2.360178709030151367e+00
1.383009076118469238e+00
1.259120821952819824e+00
8.910619020462036133e-01
8.459785580635070801e-01
1.352193593978881836e+00
4.899801909923553467e-01
4.302490353584289551e-01
3.412839770317077637e-01
8.602513670921325684e-01
3.639713525772094727e-01
3.397156000137329102e-01
3.184483349323272705e-01
3.386340141296386719e-01
2.857807874679565430e-01
2.905909419059753418e-01
3.491366207599639893e-01
3.152016401290893555e-01
3.553073704242706299e-01
3.762059807777404785e-01
4.683590531349182129e-01
3.542285263538360596e-01
4.679753184318542480e-01
5.685829520225524902e-01
6.065263152122497559e-01
5.869083404541015625e-01
6.184123158454895020e-01
6.479367613792419434e-01
6.289499998092651367e-01
6.581302285194396973e-01
6.270400881767272949e-01
6.780540943145751953e-01
9.366074204444885254e-01
2.845875263214111328e+00
3.445448160171508789e+00
2.930600643157958984e+00
2.859327077865600586e+00
3.084504127502441406e+00
2.258266448974609375e+00
2.313510656356811523e+00
2.822933435440063477e+00
2.826338529586791992e+00
2.434219837188720703e+00
3.394746065139770508e+00
2.818678379058837891e+00
1.420420408248901367e+00
1.678771615028381348e+00
1.876933217048645020e+00
1.809065461158752441e+00
2.736592769622802734e+00
1.389373064041137695e+00
2.719431161880493164e+00
2.393825292587280273e+00
9.804855585098266602e-01
1.331256270408630371e+00
1.525285005569458008e+00
9.241405725479125977e-01
7.735769748687744141e-01
1.324844837188720703e+00
9.663478136062622070e-01
7.102776169776916504e-01
1.012064576148986816e+00
6.525438427925109863e-01
3.748034238815307617e-01
3.597189784049987793e-01
5.025842785835266113e-01
4.244814813137054443e-01
3.305872976779937744e-01
3.807151615619659424e-01
3.791835010051727295e-01
3.615392744541168213e-01
3.109775185585021973e-01
3.168371915817260742e-01
2.993475496768951416e-01
2.779972255229949951e-01
3.040272295475006104e-01
2.817446887493133545e-01
2.454905956983566284e-01
2.489538192749023438e-01
2.818050086498260498e-01
2.330671101808547974e-01
1.335488915443420410e+00
1.225159883499145508e+00
1.092740178108215332e+00
5.959297418594360352e-01
1.896993368864059448e-01
3.241090178489685059e-01
2.632976472377777100e-01
2.768095731735229492e-01
3.790461719036102295e-01
3.357293903827667236e-01
3.079670965671539307e-01
3.839865028858184814e-01
5.046257972717285156e-01
3.554430603981018066e-01
3.646850883960723877e-01
4.075885415077209473e-01
4.123559296131134033e-01
3.658840060234069824e-01
4.181459844112396240e-01
4.919523298740386963e-01
4.424439370632171631e-01
4.437130093574523926e-01
5.062130689620971680e-01
5.194561481475830078e-01
4.377946853637695312e-01
4.796217381954193115e-01
1.683084249496459961e+00
1.854314923286437988e+00
2.103583335876464844e+00
2.453839063644409180e+00
2.655949115753173828e+00
1.817551493644714355e+00
1.710583448410034180e+00
2.047922372817993164e+00
1.951946616172790527e+00
1.625665664672851562e+00
1.610263109207153320e+00
1.600224494934082031e+00
1.463090300559997559e+00
1.370954990386962891e+00
1.455310821533203125e+00
1.372442603111267090e+00
1.392955780029296875e+00
1.382350683212280273e+00
1.389003038406372070e+00
1.316527128219604492e+00
1.385157942771911621e+00
1.365334391593933105e+00
1.303569674491882324e+00
1.292866945266723633e+00
1.334945082664489746e+00
1.327002644538879395e+00
1.275852084159851074e+00
1.332737565040588379e+00
1.374467611312866211e+00
1.286217689514160156e+00
1.369183778762817383e+00
1.450843095779418945e+00
1.395241737365722656e+00
1.340165853500366211e+00
1.390306591987609863e+00
1.478011131286621094e+00
1.331769466400146484e+00
1.310602545738220215e+00
2.164979457855224609e+00
1.483468890190124512e+00
1.488005280494689941e+00
1.441415190696716309e+00
1.595399022102355957e+00
1.306473970413208008e+00
1.333132743835449219e+00
2.067827939987182617e+00
1.720339179039001465e+00
1.238921761512756348e+00
1.268369436264038086e+00
1.420212626457214355e+00
1.268789649009704590e+00
1.695998191833496094e+00
1.609384298324584961e+00
1.671851992607116699e+00
1.686124324798583984e+00
1.686101555824279785e+00
1.762811183929443359e+00
1.775694251060485840e+00
1.594101667404174805e+00
1.657011508941650391e+00
1.085780024528503418e+00
1.520640134811401367e+00
9.868698120117187500e-01
1.415321588516235352e+00
9.738973379135131836e-01
6.103141307830810547e-01
6.554265022277832031e-01
6.828817725181579590e-01
6.473990082740783691e-01
9.608327150344848633e-01
1.312519550323486328e+00
1.204612612724304199e+00
1.277040243148803711e+00
1.273754954338073730e+00
1.237744569778442383e+00
1.196364521980285645e+00
9.481768012046813965e-01
1.517912030220031738e+00
1.690493702888488770e+00
1.450295686721801758e+00
1.581483602523803711e+00
1.797458529472351074e+00
2.730123043060302734e+00
1.610139489173889160e+00
1.264278292655944824e+00
1.074476122856140137e+00
1.617376208305358887e+00
1.029018402099609375e+00
2.119632005691528320e+00
2.029818534851074219e+00
1.940898299217224121e+00
1.884639739990234375e+00
1.811004638671875000e+00
9.754684567451477051e-01
4.235328137874603271e-01
4.666272997856140137e-01
3.881283998489379883e-01
4.282023608684539795e-01
4.535070657730102539e-01
3.383157849311828613e-01
3.340869843959808350e-01
3.830693960189819336e-01
3.248444199562072754e-01
3.425141274929046631e-01
3.992227911949157715e-01
3.989391028881072998e-01
3.443270027637481689e-01
3.533341586589813232e-01
3.425648510456085205e-01
2.939039468765258789e-01
3.274968564510345459e-01
3.477855920791625977e-01
3.039134740829467773e-01
2.581402063369750977e-01
3.191560506820678711e-01
3.413270115852355957e-01
2.616168558597564697e-01
2.911953330039978027e-01
3.668529391288757324e-01
3.054111301898956299e-01
6.476317048072814941e-01
3.290129005908966064e-01
4.185787737369537354e-01
3.378418684005737305e-01
3.338202834129333496e-01
4.386386275291442871e-01
3.913852274417877197e-01
3.256941139698028564e-01
4.243981540203094482e-01
4.820856153964996338e-01
3.612226843833923340e-01
3.535819351673126221e-01
4.159175455570220947e-01
3.847792148590087891e-01
3.627960085868835449e-01
3.897754549980163574e-01
4.782054722309112549e-01
1.332327723503112793e+00
1.438373208045959473e+00
1.406422734260559082e+00
1.284622073173522949e+00
4.861164987087249756e-01
3.729104995727539062e-01
4.846434891223907471e-01
4.456371665000915527e-01
1.519337415695190430e+00
2.038477420806884766e+00
2.414399147033691406e+00
2.727689743041992188e+00
2.156217098236083984e+00
2.321288347244262695e+00
2.450575828552246094e+00
2.492298364639282227e+00
2.347963809967041016e+00
2.323140859603881836e+00
2.161923408508300781e+00
1.349850893020629883e+00
1.588096737861633301e+00
1.481993675231933594e+00
2.663950443267822266e+00
1.521026611328125000e+00
1.381477117538452148e+00
1.515400290489196777e+00
1.490097165107727051e+00
1.571529150009155273e+00
7.367541193962097168e-01
2.219588756561279297e+00
1.835800170898437500e+00
5.334129333496093750e-01
8.173342347145080566e-01
1.725204944610595703e+00
1.840858101844787598e+00
2.472423791885375977e+00
3.004001379013061523e+00
3.033633470535278320e+00
2.514160871505737305e+00
1.516752362251281738e+00
2.515557050704956055e+00
1.686251997947692871e+00
5.367091894149780273e-01
1.063565135002136230e+00
7.034174799919128418e-01
5.993041396141052246e-01
1.932122826576232910e+00
5.861164927482604980e-01
8.116431236267089844e-01
1.686427474021911621e+00
1.519267201423645020e+00
1.538124918937683105e+00
7.826142311096191406e-01
1.303113341331481934e+00
2.219741106033325195e+00
4.180478453636169434e-01
5.244690775871276855e-01
5.251132249832153320e-01
4.604971110820770264e-01
1.593762636184692383e+00
1.561063289642333984e+00
1.565134525299072266e+00
1.415881276130676270e+00
1.500851988792419434e+00
1.556497335433959961e+00
1.644863486289978027e+00
1.586417675018310547e+00
1.405696630477905273e+00
1.570582389831542969e+00
1.497000813484191895e+00
1.443146347999572754e+00
1.712879538536071777e+00
2.056747674942016602e+00
2.121258497238159180e+00
1.997083783149719238e+00
2.132860660552978516e+00
2.955849409103393555e+00
4.599733352661132812e+00
4.889603137969970703e+00
4.964274406433105469e+00
4.872400760650634766e+00
4.280601024627685547e+00
3.639570474624633789e+00
3.581353664398193359e+00
3.080433368682861328e+00
2.568083047866821289e+00
3.146524429321289062e+00
3.108865261077880859e+00
2.389494657516479492e+00
2.723600864410400391e+00
2.193209648132324219e+00
1.634820580482482910e+00
1.688593983650207520e+00
1.704821348190307617e+00
1.596039295196533203e+00
1.560641169548034668e+00
2.435379266738891602e+00
1.619868040084838867e+00
1.790139794349670410e+00
1.836274623870849609e+00
1.840326547622680664e+00
1.424702286720275879e+00
1.618823647499084473e+00
1.122595191001892090e+00
7.755957245826721191e-01
8.677992224693298340e-01
8.730267882347106934e-01
8.387624025344848633e-01
8.530914187431335449e-01
8.321163058280944824e-01
7.383679747581481934e-01
6.023162007331848145e-01
6.371101737022399902e-01
7.249525189399719238e-01
5.476649403572082520e-01
5.313645601272583008e-01
5.198960304260253906e-01
3.560578525066375732e-01
3.246977627277374268e-01
3.764016926288604736e-01
3.355347812175750732e-01
2.533645927906036377e-01
3.136688768863677979e-01
9.389909505844116211e-01
1.385094046592712402e+00
1.179492712020874023e+00
1.118709564208984375e+00
2.146238833665847778e-01
2.475145310163497925e-01
3.374964892864227295e-01
3.182827830314636230e-01
2.561483383178710938e-01
3.408185541629791260e-01
3.976941406726837158e-01
3.503821194171905518e-01
3.069976270198822021e-01
4.821895062923431396e-01
4.311012029647827148e-01
3.901800215244293213e-01
4.376389980316162109e-01
3.800534904003143311e-01
3.988034129142761230e-01
3.703679740428924561e-01
3.835101425647735596e-01
3.490297198295593262e-01
3.858591616153717041e-01
4.556390047073364258e-01
4.044180512428283691e-01
3.945705294609069824e-01
3.959221243858337402e-01
4.075942933559417725e-01
3.550346493721008301e-01
3.522588610649108887e-01
1.415488839149475098e+00
1.750215291976928711e+00
1.453747987747192383e+00
2.093496322631835938e+00
2.581267833709716797e+00
2.363739967346191406e+00
1.544705390930175781e+00
1.616956830024719238e+00
1.495030641555786133e+00
1.488407611846923828e+00
1.548643350601196289e+00
1.537357449531555176e+00
1.384283542633056641e+00
1.430220246315002441e+00
1.431347250938415527e+00
1.280686020851135254e+00
1.312314271926879883e+00
1.462883949279785156e+00
4.407264292240142822e-01
3.336248695850372314e-01
4.253358244895935059e-01
4.113266766071319580e-01
2.928229272365570068e-01
2.964783012866973877e-01
4.308331310749053955e-01
3.080501556396484375e-01
2.844771742820739746e-01
3.420637845993041992e-01
4.412927031517028809e-01
2.885346710681915283e-01
3.154387474060058594e-01
4.262211620807647705e-01
4.011598527431488037e-01
3.503080904483795166e-01
3.760681152343750000e-01
4.207142591476440430e-01
3.352560102939605713e-01
3.535619080066680908e-01
3.744081556797027588e-01
3.196083009243011475e-01
2.766401767730712891e-01
3.226787745952606201e-01
3.567573428153991699e-01
2.915620803833007812e-01
2.788145840167999268e-01
3.331377804279327393e-01
2.744690477848052979e-01
2.903582155704498291e-01
2.985323667526245117e-01
2.916462123394012451e-01
2.870298624038696289e-01
3.125193119049072266e-01
3.306870758533477783e-01
3.030231893062591553e-01
3.867784738540649414e-01
4.155118763446807861e-01
4.159929156303405762e-01
4.259322583675384521e-01
4.631287157535552979e-01
4.774925410747528076e-01
3.686669170856475830e-01
4.103856980800628662e-01
4.484886229038238525e-01
4.020654559135437012e-01
1.481463909149169922e+00
1.317146062850952148e+00
1.314468145370483398e+00
7.955316305160522461e-01
2.599399387836456299e-01
5.350155830383300781e-01
4.050742387771606445e-01
3.893966674804687500e-01
4.398685097694396973e-01
5.258217453956604004e-01
4.014229774475097656e-01
4.157412946224212646e-01
4.508803784847259521e-01
4.266934394836425781e-01
4.201715588569641113e-01
4.982209503650665283e-01
4.921677708625793457e-01
4.461464285850524902e-01
4.022493958473205566e-01
1.352843165397644043e+00
1.744707584381103516e+00
1.346045255661010742e+00
1.246980547904968262e+00
1.418111681938171387e+00
7.632333040237426758e-01
1.080036759376525879e+00
1.385916352272033691e+00
1.860504031181335449e+00
1.774976491928100586e+00
1.723781824111938477e+00
1.353587031364440918e+00
9.600024819374084473e-01
4.922488927841186523e-01
4.196910560131072998e-01
3.792892992496490479e-01
4.042193293571472168e-01
4.044967293739318848e-01
3.016817569732666016e-01
3.703410923480987549e-01
4.792985916137695312e-01
3.330029249191284180e-01
3.490601480007171631e-01
4.154850244522094727e-01
4.349029362201690674e-01
3.239456415176391602e-01
3.499671220779418945e-01
3.881404697895050049e-01
3.205693066120147705e-01
3.068718016147613525e-01
3.741864264011383057e-01
3.332260549068450928e-01
3.042303323745727539e-01
3.571569919586181641e-01
3.426503539085388184e-01
3.122770190238952637e-01
3.524164557456970215e-01
3.659758269786834717e-01
3.008098602294921875e-01
3.208968639373779297e-01
3.691079318523406982e-01
3.193788826465606689e-01
3.083056211471557617e-01
4.162977337837219238e-01
4.731078147888183594e-01
3.465261161327362061e-01
3.647741675376892090e-01
4.754447638988494873e-01
4.226310253143310547e-01
3.439676761627197266e-01
3.472513556480407715e-01
4.070874750614166260e-01
3.190836906433105469e-01
3.294550180435180664e-01
3.941147029399871826e-01
3.748023211956024170e-01
3.656485378742218018e-01
4.082636535167694092e-01
6.732615232467651367e-01
1.256876230239868164e+00
1.928091406822204590e+00
2.665248870849609375e+00
1.901731610298156738e+00
1.950477242469787598e+00
2.107465267181396484e+00
1.942073345184326172e+00
1.987019181251525879e+00
2.167366266250610352e+00
2.114260435104370117e+00
1.681405425071716309e+00
2.321448802947998047e+00
2.612654685974121094e+00
2.601204395294189453e+00
2.570222854614257812e+00
1.351286053657531738e+00
1.675469875335693359e+00
1.425815463066101074e+00
1.495236754417419434e+00
1.546136260032653809e+00
1.625214219093322754e+00
2.540149211883544922e+00
2.416286706924438477e+00
3.080012321472167969e+00
2.924478530883789062e+00
2.689998149871826172e+00
1.675003290176391602e+00
2.577203035354614258e+00
2.929328918457031250e+00
2.359135866165161133e+00
2.992041826248168945e+00
1.863364577293395996e+00
2.019632101058959961e+00
1.883420228958129883e+00
1.992130279541015625e+00
1.843114137649536133e+00
1.726695775985717773e+00
2.137602806091308594e+00
1.837842941284179688e+00
1.872283101081848145e+00
1.864856481552124023e+00
1.705197691917419434e+00
1.626271724700927734e+00
2.445869445800781250e+00
2.500480175018310547e+00
1.333033561706542969e+00
1.526473760604858398e+00
1.448454022407531738e+00
1.609400749206542969e+00
1.798584461212158203e+00
1.846693634986877441e+00
2.681481361389160156e+00
2.594283580780029297e+00
4.173012077808380127e-01
5.892436504364013672e-01
6.959902644157409668e-01
7.559135556221008301e-01
9.310020804405212402e-01
9.990567564964294434e-01
8.635005354881286621e-01
8.035156130790710449e-01
7.399827241897583008e-01
6.943832039833068848e-01
6.761159896850585938e-01
7.639805078506469727e-01
6.381440758705139160e-01
7.404645681381225586e-01
7.473816871643066406e-01
9.826964139938354492e-01
1.133747339248657227e+00
3.166350603103637695e+00
3.662782907485961914e+00
4.523882389068603516e+00
3.267102003097534180e+00
3.200854539871215820e+00
3.191548109054565430e+00
1.679740548133850098e+00
1.511124253273010254e+00
1.900944232940673828e+00
3.286807298660278320e+00
2.889400005340576172e+00
1.456463694572448730e+00
1.593024730682373047e+00
1.689533233642578125e+00
1.697072625160217285e+00
1.708405733108520508e+00
2.050360202789306641e+00
2.063620805740356445e+00
2.025570154190063477e+00
2.692381143569946289e+00
2.651084184646606445e+00
2.708281993865966797e+00
2.007068634033203125e+00
1.767132282257080078e+00
1.882720828056335449e+00
1.364730000495910645e+00
3.376902937889099121e-01
4.593374133110046387e-01
3.339833915233612061e-01
3.210412859916687012e-01
3.051578700542449951e-01
3.269741535186767578e-01
3.415542542934417725e-01
3.342621326446533203e-01
4.458929002285003662e-01
4.724688827991485596e-01
3.786188662052154541e-01
4.195271432399749756e-01
4.211654365062713623e-01
4.066047966480255127e-01
3.411028087139129639e-01
3.741891682147979736e-01
3.508494496345520020e-01
2.888789176940917969e-01
3.099491000175476074e-01
3.253372311592102051e-01
2.367586493492126465e-01
2.356899529695510864e-01
3.349054455757141113e-01
2.755947709083557129e-01
2.205715328454971313e-01
2.920839488506317139e-01
3.850100040435791016e-01
2.408427149057388306e-01
2.600619196891784668e-01
3.623333275318145752e-01
3.023831844329833984e-01
2.842280268669128418e-01
3.562502861022949219e-01
4.715045988559722900e-01
3.212723731994628906e-01
3.478025794029235840e-01
4.308076500892639160e-01
4.259520173072814941e-01
3.682930469512939453e-01
4.562707841396331787e-01
4.384188055992126465e-01
3.936802744865417480e-01
4.332917928695678711e-01
4.938183724880218506e-01
5.079905986785888672e-01
4.934286177158355713e-01
5.076211094856262207e-01
4.946129918098449707e-01
5.283613204956054688e-01
1.823510408401489258e+00
1.766196489334106445e+00
2.558011054992675781e+00
2.120191097259521484e+00
2.198891878128051758e+00
2.133469343185424805e+00
2.536226987838745117e+00
2.479632377624511719e+00
1.624575614929199219e+00
2.250299453735351562e+00
2.125571727752685547e+00
1.453782200813293457e+00
1.387303829193115234e+00
1.378399014472961426e+00
1.445065617561340332e+00
1.318448305130004883e+00
1.222756862640380859e+00
1.358381032943725586e+00
1.391234159469604492e+00
1.894148468971252441e+00
1.515964269638061523e+00
1.534167170524597168e+00
1.559178113937377930e+00
1.557557344436645508e+00
1.601113438606262207e+00
1.588087201118469238e+00
1.408330678939819336e+00
1.374310016632080078e+00
1.778796792030334473e+00
2.384866237640380859e+00
1.772380709648132324e+00
1.438615560531616211e+00
1.533697962760925293e+00
1.835394501686096191e+00
9.677827358245849609e-01
6.144839525222778320e-01
5.747030377388000488e-01
5.899135470390319824e-01
4.387965202331542969e-01
2.203335762023925781e+00
8.255489468574523926e-01
4.190743267536163330e-01
5.001102685928344727e-01
6.261106133460998535e-01
1.579587936401367188e+00
1.502514362335205078e+00
1.701191425323486328e+00
2.638943433761596680e+00
4.121226668357849121e-01
4.475882053375244141e-01
4.010356664657592773e-01
4.057071208953857422e-01
4.493202269077301025e-01
6.919281482696533203e-01
6.982995271682739258e-01
4.068021476268768311e-01
7.027739286422729492e-01
6.178542375564575195e-01
5.426905751228332520e-01
5.693537592887878418e-01
6.424109935760498047e-01
1.300352096557617188e+00
1.160566806793212891e+00
1.355633735656738281e+00
7.932420969009399414e-01
7.157762646675109863e-01
8.442418575286865234e-01
1.356581091880798340e+00
1.406163930892944336e+00
1.832431793212890625e+00
1.826470732688903809e+00
1.887021660804748535e+00
1.912921190261840820e+00
3.156037569046020508e+00
2.767340898513793945e+00
2.454183340072631836e+00
2.556615352630615234e+00
2.208484411239624023e+00
1.449421286582946777e+00
1.587338566780090332e+00
2.717381000518798828e+00
2.466988563537597656e+00
2.861526250839233398e+00
2.543510198593139648e+00
2.600641250610351562e+00
2.403275251388549805e+00
2.110174894332885742e+00
1.267272591590881348e+00
1.373254418373107910e+00
1.110018134117126465e+00
1.105359911918640137e+00
1.228648304939270020e+00
9.017813205718994141e-01
7.313656210899353027e-01
7.848133444786071777e-01
8.161106705665588379e-01
6.569765210151672363e-01
6.835840344429016113e-01
6.745185256004333496e-01
6.732999086380004883e-01
5.742384195327758789e-01
6.648393273353576660e-01
5.434558391571044922e-01
3.555395305156707764e-01
4.587524831295013428e-01
4.403473436832427979e-01
3.780163824558258057e-01
3.340930342674255371e-01
3.184650540351867676e-01
3.830896615982055664e-01
2.690328657627105713e-01
2.712062001228332520e-01
3.250650465488433838e-01
3.130077719688415527e-01
2.129140496253967285e-01
2.754124999046325684e-01
3.139991760253906250e-01
2.697753906250000000e-01
1.937951743602752686e-01
2.640974521636962891e-01
1.129970073699951172e+00
1.317250132560729980e+00
1.177999138832092285e+00
1.037509918212890625e+00
2.772752642631530762e-01
2.326430827379226685e-01
3.363228142261505127e-01
3.986603617668151855e-01
3.147044181823730469e-01
3.938529491424560547e-01
4.126020669937133789e-01
3.744854629039764404e-01
3.566751182079315186e-01
3.962376117706298828e-01
4.023083150386810303e-01
3.442296981811523438e-01
3.667073845863342285e-01
4.571821689605712891e-01
4.210725128650665283e-01
4.021060466766357422e-01
4.342029094696044922e-01
5.280699133872985840e-01
4.274617433547973633e-01
4.540453851222991943e-01
2.042701005935668945e+00
1.697025775909423828e+00
1.842039704322814941e+00
1.790549278259277344e+00
2.805786371231079102e+00
1.898529887199401855e+00
3.875524520874023438e+00
3.174958467483520508e+00
1.482273340225219727e+00
1.799601674079895020e+00
1.861341714859008789e+00
1.636362671852111816e+00
1.403011560440063477e+00
2.057073116302490234e+00
1.308091998100280762e+00
1.211745262145996094e+00
1.378293752670288086e+00
1.382901906967163086e+00
1.411947727203369141e+00
1.379793882369995117e+00
1.301917672157287598e+00
1.302136659622192383e+00
1.651681184768676758e+00
1.281664609909057617e+00
1.283216595649719238e+00
1.402318954467773438e+00
1.370664477348327637e+00
1.241266131401062012e+00
1.280061364173889160e+00
1.470627427101135254e+00
1.369646787643432617e+00
1.313278794288635254e+00
1.415222406387329102e+00
1.471937060356140137e+00
2.225273370742797852e+00
1.415611624717712402e+00
1.422849416732788086e+00
1.698473811149597168e+00
1.374318242073059082e+00
2.175354003906250000e+00
2.786778688430786133e+00
1.276904106140136719e+00
1.501677751541137695e+00
1.639812469482421875e+00
1.673906683921813965e+00
1.444778323173522949e+00
1.653465032577514648e+00
2.752219915390014648e+00
2.236381053924560547e+00
1.248894572257995605e+00
1.521089673042297363e+00
1.535977840423583984e+00
1.358344078063964844e+00
1.473913311958312988e+00
1.843377828598022461e+00
1.602361321449279785e+00
3.962299227714538574e-01
6.203134655952453613e-01
1.146318316459655762e+00
8.809970617294311523e-01
8.349738121032714844e-01
2.319735527038574219e+00
2.309408187866210938e+00
2.447452783584594727e+00
2.090264081954956055e+00
2.385867357254028320e+00
8.349455595016479492e-01
9.069913625717163086e-01
1.985248208045959473e+00
2.459948778152465820e+00
2.446388006210327148e+00
2.358772277832031250e+00
2.211894750595092773e+00
1.903233766555786133e+00
1.401223897933959961e+00
1.683177471160888672e+00
1.579025745391845703e+00
1.887922048568725586e+00
1.663217902183532715e+00
2.192602396011352539e+00
2.588366031646728516e+00
2.635401248931884766e+00
2.590371608734130859e+00
1.897880554199218750e+00
1.923655152320861816e+00
2.003167152404785156e+00
2.173769235610961914e+00
1.987186670303344727e+00
2.063696146011352539e+00
1.351399540901184082e+00
7.215136885643005371e-01
7.661736011505126953e-01
5.503571033477783203e-01
6.520795226097106934e-01
3.784987926483154297e-01
3.581204414367675781e-01
3.499838411808013916e-01
3.955309689044952393e-01
3.462328314781188965e-01
3.853172659873962402e-01
4.274573624134063721e-01
4.001147150993347168e-01
3.360158205032348633e-01
3.629396259784698486e-01
3.715008199214935303e-01
3.125585317611694336e-01
2.958377301692962646e-01
3.365097343921661377e-01
2.908455729484558105e-01
2.926549017429351807e-01
2.868774533271789551e-01
3.266150951385498047e-01
2.611481547355651855e-01
2.986105084419250488e-01
3.047935962677001953e-01
2.977906763553619385e-01
2.651952207088470459e-01
3.309968113899230957e-01
3.176597654819488525e-01
2.486098259687423706e-01
2.558917999267578125e-01
3.767719864845275879e-01
3.005355000495910645e-01
3.268168270587921143e-01
3.485971987247467041e-01
5.176646113395690918e-01
3.274373710155487061e-01
3.665187954902648926e-01
4.153879880905151367e-01
4.281491637229919434e-01
3.627477586269378662e-01
3.990972638130187988e-01
4.436655938625335693e-01
1.462156414985656738e+00
1.392216205596923828e+00
1.362144708633422852e+00
1.280039787292480469e+00
3.265753388404846191e-01
3.808993399143218994e-01
5.079686641693115234e-01
4.592628479003906250e-01
4.053052961826324463e-01
1.504849433898925781e+00
9.815986752510070801e-01
2.134808063507080078e+00
1.753572940826416016e+00
1.957499027252197266e+00
2.739717006683349609e+00
1.986704468727111816e+00
2.339218616485595703e+00
3.360464096069335938e+00
2.026027441024780273e+00
2.118414402008056641e+00
2.005721330642700195e+00
1.981292366981506348e+00
1.714928388595581055e+00
9.761405587196350098e-01
1.504099965095520020e+00
2.049333572387695312e+00
1.471017479896545410e+00
7.228921651840209961e-01
1.072640538215637207e+00
8.435725569725036621e-01
7.143532037734985352e-01
9.423673152923583984e-01
1.061302781105041504e+00
8.415318727493286133e-01
6.617556810379028320e-01
5.686361193656921387e-01
4.334502220153808594e-01
3.802637159824371338e-01
5.762500166893005371e-01
1.650020956993103027e+00
1.320400953292846680e+00
1.314549446105957031e+00
7.376005053520202637e-01
4.613744914531707764e-01
7.737482786178588867e-01
5.077767968177795410e-01
5.368309020996093750e-01
5.161883234977722168e-01
5.636261701583862305e-01
5.096988081932067871e-01
5.419916510581970215e-01
3.561924397945404053e-01
3.654067814350128174e-01
4.507570564746856689e-01
3.726007640361785889e-01
3.119744062423706055e-01
3.577249348163604736e-01
3.455966413021087646e-01
3.307695686817169189e-01
3.013207912445068359e-01
3.472661674022674561e-01
2.882348001003265381e-01
3.112052977085113525e-01
3.795126974582672119e-01
3.772875666618347168e-01
3.688678145408630371e-01
4.007684290409088135e-01
4.473659098148345947e-01
3.570602238178253174e-01
6.915479302406311035e-01
6.926229596138000488e-01
8.510006070137023926e-01
6.322709918022155762e-01
1.309499740600585938e+00
1.598012804985046387e+00
1.843997001647949219e+00
1.618973016738891602e+00
1.796161532402038574e+00
1.780517578125000000e+00
1.716886639595031738e+00
1.824713110923767090e+00
1.945821166038513184e+00
2.500275611877441406e+00
2.703539609909057617e+00
2.705584287643432617e+00
2.879422187805175781e+00
2.761836290359497070e+00
2.423741102218627930e+00
1.974071621894836426e+00
1.509913921356201172e+00
1.475060701370239258e+00
2.318561077117919922e+00
1.766885876655578613e+00
1.703269124031066895e+00
1.614036560058593750e+00
1.611424446105957031e+00
1.592455148696899414e+00
1.471636056900024414e+00
1.494088292121887207e+00
1.542095184326171875e+00
1.171058177947998047e+00
1.076172828674316406e+00
1.277265906333923340e+00
1.160595059394836426e+00
9.776003956794738770e-01
9.537116289138793945e-01
1.107945442199707031e+00
1.785739183425903320e+00
1.516456007957458496e+00
1.553984403610229492e+00
1.559714198112487793e+00
5.271659493446350098e-01
5.174946784973144531e-01
5.919319987297058105e-01
4.871122837066650391e-01
3.556933104991912842e-01
3.707925379276275635e-01
4.281576573848724365e-01
3.042081296443939209e-01
2.621102333068847656e-01
2.986521720886230469e-01
3.246478736400604248e-01
2.065500468015670776e-01
2.464957088232040405e-01
3.303663730621337891e-01
2.680946290493011475e-01
2.159464061260223389e-01
2.576446533203125000e-01
3.410208523273468018e-01
2.118615210056304932e-01
2.095366269350051880e-01
3.070096671581268311e-01
3.286754786968231201e-01
2.556670308113098145e-01
2.899528443813323975e-01
3.751865923404693604e-01
3.650997877120971680e-01
3.114541769027709961e-01
3.927020132541656494e-01
4.386610984802246094e-01
4.159296154975891113e-01
3.837710618972778320e-01
4.133243262767791748e-01
4.099707305431365967e-01
3.871298730373382568e-01
4.203491806983947754e-01
