1.800176501274108887e+00
1.316914200782775879e+00
1.368174552917480469e+00
1.355375528335571289e+00
1.403304815292358398e+00
1.398463249206542969e+00
1.567229986190795898e+00
1.656831979751586914e+00
1.211054205894470215e+00
1.322564959526062012e+00
1.439331769943237305e+00
1.258275032043457031e+00
1.336907386779785156e+00
1.393158555030822754e+00
1.080354452133178711e+00
1.259611010551452637e+00
1.209349632263183594e+00
1.266701579093933105e+00
7.905417084693908691e-01
1.145223617553710938e+00
1.313296318054199219e+00
1.088581562042236328e+00
9.735717177391052246e-01
9.809339642524719238e-01
4.339460730552673340e-01
4.117252230644226074e-01
3.940905928611755371e-01
4.715851843357086182e-01
4.155609607696533203e-01
3.005064427852630615e-01
3.828934133052825928e-01
1.008590698242187500e+00
4.431250691413879395e-01
4.850110709667205811e-01
3.889339864253997803e-01
3.611075580120086670e-01
3.272967636585235596e-01
4.238217175006866455e-01
4.283191263675689697e-01
4.227086007595062256e-01
4.430820345878601074e-01
5.188336372375488281e-01
3.826568722724914551e-01
4.673210680484771729e-01
4.917694926261901855e-01
3.950200676918029785e-01
3.201326727867126465e-01
4.181689918041229248e-01
3.852311968803405762e-01
4.080336689949035645e-01
3.230847120285034180e-01
4.407645165920257568e-01
3.452844321727752686e-01
3.147576153278350830e-01
4.307029545307159424e-01
3.949244022369384766e-01
1.500609636306762695e+00
1.619561314582824707e+00
1.913112759590148926e+00
1.570226430892944336e+00
1.232029080390930176e+00
6.990993618965148926e-01
5.581730008125305176e-01
4.742434024810791016e-01
7.745044827461242676e-01
5.176731348037719727e-01
6.339498162269592285e-01
7.394775152206420898e-01
6.002218127250671387e-01
4.753392338752746582e-01
4.250214397907257080e-01
6.621673703193664551e-01
5.872180461883544922e-01
5.284323096275329590e-01
6.250027418136596680e-01
5.528193116188049316e-01
7.419896721839904785e-01
1.923600792884826660e+00
1.716468095779418945e+00
2.112255573272705078e+00
1.757964253425598145e+00
1.718885302543640137e+00
1.741151332855224609e+00
1.804524421691894531e+00
1.518603563308715820e+00
1.450611710548400879e+00
1.485565543174743652e+00
1.167750835418701172e+00
1.401251316070556641e+00
1.371285796165466309e+00
1.397453665733337402e+00
1.470578074455261230e+00
1.520114660263061523e+00
1.543218970298767090e+00
1.431316852569580078e+00
1.635026931762695312e+00
1.639928102493286133e+00
1.573956012725830078e+00
2.009952068328857422e+00
1.511241316795349121e+00
1.451833963394165039e+00
1.567888021469116211e+00
1.430333375930786133e+00
1.401802778244018555e+00
1.516780614852905273e+00
1.459900021553039551e+00
1.383735418319702148e+00
1.343547105789184570e+00
1.499706983566284180e+00
1.386339306831359863e+00
5.643613338470458984e-01
3.810514807701110840e-01
3.784242570400238037e-01
4.143442213535308838e-01
3.654394149780273438e-01
3.594344556331634521e-01
3.252037465572357178e-01
3.163015842437744141e-01
4.820220172405242920e-01
3.674090802669525146e-01
3.227152228355407715e-01
3.303757011890411377e-01
4.790554642677307129e-01
1.034760475158691406e+00
3.488178253173828125e-01
5.781281590461730957e-01
4.800279736518859863e-01
4.099002778530120850e-01
7.039492130279541016e-01
1.433058977127075195e+00
1.446150779724121094e+00
1.405744075775146484e+00
1.512416362762451172e+00
1.252170562744140625e+00
1.326523780822753906e+00
1.357412695884704590e+00
1.287693381309509277e+00
1.219848394393920898e+00
1.406751632690429688e+00
1.281798124313354492e+00
1.190233707427978516e+00
1.242784619331359863e+00
1.351564288139343262e+00
1.669849157333374023e+00
1.416911602020263672e+00
1.246125340461730957e+00
1.442099571228027344e+00
2.086809396743774414e+00
1.210665583610534668e+00
1.404135346412658691e+00
1.354166507720947266e+00
1.306797146797180176e+00
1.301308870315551758e+00
1.842027425765991211e+00
1.718368649482727051e+00
8.806949853897094727e-01
8.275186419486999512e-01
4.419286251068115234e-01
5.658450126647949219e-01
6.695022583007812500e-01
3.863393664360046387e-01
4.376329481601715088e-01
6.341682672500610352e-01
4.148000478744506836e-01
4.561913013458251953e-01
3.381663858890533447e-01
3.783718943595886230e-01
3.515075445175170898e-01
3.713201880455017090e-01
1.177810549736022949e+00
1.402106761932373047e+00
1.435570836067199707e+00
1.506027221679687500e+00
1.730875968933105469e+00
8.588748574256896973e-01
4.696363508701324463e-01
4.891260862350463867e-01
3.372796773910522461e-01
3.842247128486633301e-01
4.798369109630584717e-01
3.411979079246520996e-01
4.345463514328002930e-01
2.903826236724853516e-01
4.146103858947753906e-01
4.326134026050567627e-01
4.250211715698242188e-01
4.334938228130340576e-01
5.395546555519104004e-01
5.384215116500854492e-01
3.015614449977874756e-01
4.324387907981872559e-01
1.060407042503356934e+00
5.028471350669860840e-01
5.248202085494995117e-01
4.288336038589477539e-01
2.895616888999938965e-01
1.532779932022094727e+00
6.411035060882568359e-01
5.301007032394409180e-01
1.551486849784851074e+00
1.723594069480895996e+00
1.883037686347961426e+00
1.176468849182128906e+00
1.391819596290588379e+00
1.424628376960754395e+00
1.202769637107849121e+00
1.413858413696289062e+00
5.885836482048034668e-01
8.179221749305725098e-01
2.361348122358322144e-01
5.946543216705322266e-01
5.777997970581054688e-01
5.373259186744689941e-01
5.975836515426635742e-01
4.707593321800231934e-01
3.965174555778503418e-01
4.158566892147064209e-01
4.257472455501556396e-01
3.915113210678100586e-01
4.207981526851654053e-01
5.205023288726806641e-01
3.579085767269134521e-01
3.733358979225158691e-01
4.868110716342926025e-01
3.343767225742340088e-01
2.979556620121002197e-01
4.045712649822235107e-01
5.531795024871826172e-01
1.097407221794128418e+00
3.931435942649841309e-01
3.611549735069274902e-01
3.505282104015350342e-01
3.809045553207397461e-01
2.159189879894256592e-01
3.956989943981170654e-01
2.178946882486343384e-01
3.545462191104888916e-01
4.440602958202362061e-01
4.025988578796386719e-01
4.793336689472198486e-01
4.062783420085906982e-01
4.275195598602294922e-01
4.076463878154754639e-01
5.023378729820251465e-01
4.963811933994293213e-01
4.089584946632385254e-01
4.405699074268341064e-01
3.385887742042541504e-01
3.763213753700256348e-01
3.637548089027404785e-01
4.746759235858917236e-01
3.206808567047119141e-01
3.034806549549102783e-01
1.083839416503906250e+00
1.645540595054626465e+00
1.591399312019348145e+00
1.156826376914978027e+00
8.928945064544677734e-01
3.951201140880584717e-01
4.151300787925720215e-01
7.144098877906799316e-01
1.332691192626953125e+00
1.230695605278015137e+00
1.269156932830810547e+00
1.554935812950134277e+00
1.144917964935302734e+00
1.015050411224365234e+00
1.236303567886352539e+00
1.167874455451965332e+00
1.047333955764770508e+00
1.368435502052307129e+00
1.294954538345336914e+00
1.194437861442565918e+00
1.563406825065612793e+00
1.235954403877258301e+00
1.304747700691223145e+00
9.907743334770202637e-01
1.278811216354370117e+00
1.404310584068298340e+00
1.775044202804565430e+00
1.224967479705810547e+00
1.516704082489013672e+00
1.335470080375671387e+00
2.252940177917480469e+00
2.315232276916503906e+00
2.154657125473022461e+00
1.976853966712951660e+00
2.294517278671264648e+00
1.226206898689270020e+00
6.552903056144714355e-01
7.162603735923767090e-01
6.983368396759033203e-01
7.833074331283569336e-01
6.737104654312133789e-01
6.386166214942932129e-01
4.653776884078979492e-01
1.234289526939392090e+00
9.436879158020019531e-01
9.319956898689270020e-01
1.283642768859863281e+00
1.405718803405761719e+00
1.207304835319519043e+00
1.343720078468322754e+00
1.621962070465087891e+00
5.521417260169982910e-01
4.016915857791900635e-01
5.524054169654846191e-01
6.792746782302856445e-01
5.332298278808593750e-01
5.466515421867370605e-01
3.586209416389465332e-01
3.420651555061340332e-01
2.476447224617004395e-01
4.327477216720581055e-01
4.548408389091491699e-01
3.919896185398101807e-01
4.697188735008239746e-01
2.697918415069580078e-01
4.444659352302551270e-01
5.022879838943481445e-01
3.523896038532257080e-01
3.921513557434082031e-01
5.005704760551452637e-01
4.624352455139160156e-01
5.595086812973022461e-01
3.496776819229125977e-01
4.762371778488159180e-01
4.794446825981140137e-01
9.383046030998229980e-01
8.775957822799682617e-01
4.807016849517822266e-01
3.970382511615753174e-01
5.807997584342956543e-01
4.106913208961486816e-01
1.305884957313537598e+00
2.177212953567504883e+00
2.229813098907470703e+00
2.116577863693237305e+00
1.365561008453369141e+00
1.968288660049438477e+00
2.519063234329223633e+00
1.173743486404418945e+00
1.417302727699279785e+00
2.135400772094726562e+00
1.815785527229309082e+00
1.447937846183776855e+00
1.527569055557250977e+00
3.328992605209350586e+00
1.122857451438903809e+00
1.219445466995239258e+00
1.469224333763122559e+00
1.560857415199279785e+00
7.283297181129455566e-01
5.036593079566955566e-01
8.618869185447692871e-01
4.617705643177032471e-01
2.317574620246887207e-01
5.502299070358276367e-01
3.458726406097412109e-01
3.445068299770355225e-01
3.893925547599792480e-01
3.932669162750244141e-01
4.119861721992492676e-01
4.113617837429046631e-01
3.116520643234252930e-01
2.620439231395721436e-01
2.994618415832519531e-01
4.711748659610748291e-01
7.298377752304077148e-01
5.783216953277587891e-01
4.303405880928039551e-01
3.634721934795379639e-01
3.159570693969726562e-01
4.465014040470123291e-01
4.622568190097808838e-01
3.165501952171325684e-01
4.193410277366638184e-01
3.973597586154937744e-01
3.632652759552001953e-01
4.208378791809082031e-01
4.704460501670837402e-01
3.773163557052612305e-01
3.234804868698120117e-01
4.243666231632232666e-01
4.123454988002777100e-01
3.831022679805755615e-01
4.637679159641265869e-01
4.029724597930908203e-01
4.525989890098571777e-01
4.969244599342346191e-01
4.135169982910156250e-01
3.975782096385955811e-01
1.201228976249694824e+00
1.272784709930419922e+00
6.087520122528076172e-01
5.192025899887084961e-01
9.942093491554260254e-01
8.442257046699523926e-01
8.141478300094604492e-01
1.402643203735351562e+00
1.614866495132446289e+00
1.681929469108581543e+00
2.055142641067504883e+00
2.041247844696044922e+00
1.281457662582397461e+00
1.525908350944519043e+00
1.304790735244750977e+00
7.776763439178466797e-01
1.280156254768371582e+00
1.564888358116149902e+00
1.478600382804870605e+00
1.438332915306091309e+00
1.631897330284118652e+00
1.352276921272277832e+00
1.637005686759948730e+00
2.475546121597290039e+00
2.302345991134643555e+00
2.709078550338745117e+00
3.224032163619995117e+00
3.049323081970214844e+00
1.957195878028869629e+00
6.243371963500976562e-01
1.103283643722534180e+00
8.853154778480529785e-01
9.428030848503112793e-01
1.368381500244140625e+00
6.088509559631347656e-01
3.692005872726440430e-01
3.604127168655395508e-01
3.701492249965667725e-01
3.459315896034240723e-01
3.803243041038513184e-01
3.373750746250152588e-01
3.932828307151794434e-01
1.026515841484069824e+00
4.689467251300811768e-01
3.296490609645843506e-01
3.060410022735595703e-01
3.652371168136596680e-01
6.022030115127563477e-01
4.993077218532562256e-01
4.598724544048309326e-01
1.413348078727722168e+00
1.583706259727478027e+00
1.610154509544372559e+00
1.077448487281799316e+00
4.475958645343780518e-01
3.430505394935607910e-01
2.915960550308227539e-01
2.890115976333618164e-01
3.682765960693359375e-01
4.423501789569854736e-01
2.663856148719787598e-01
2.281952947378158569e-01
3.469024300575256348e-01
4.707725048065185547e-01
5.321449637413024902e-01
8.909876346588134766e-01
3.450163602828979492e-01
4.775690138339996338e-01
2.624619007110595703e-01
4.662912786006927490e-01
4.346869587898254395e-01
3.697046339511871338e-01
4.842194616794586182e-01
5.618174076080322266e-01
4.481692910194396973e-01
4.576601982116699219e-01
2.421263158321380615e-01
4.973778128623962402e-01
4.595684707164764404e-01
6.696113348007202148e-01
8.882891535758972168e-01
2.206281423568725586e+00
2.303741455078125000e+00
2.473058462142944336e+00
2.207503318786621094e+00
2.130941152572631836e+00
1.994056105613708496e+00
1.878250479698181152e+00
2.198999881744384766e+00
1.881083846092224121e+00
3.247105836868286133e+00
3.576914787292480469e+00
4.475965499877929688e+00
3.174265623092651367e+00
2.622976779937744141e+00
1.915526986122131348e+00
1.862256646156311035e+00
2.086268424987792969e+00
3.350917339324951172e+00
2.954823255538940430e+00
3.698666572570800781e+00
4.641894817352294922e+00
3.458051681518554688e+00
3.201434612274169922e+00
2.980323076248168945e+00
1.250905036926269531e+00
1.926994442939758301e+00
6.147641181945800781e+00
4.671367645263671875e+00
3.223183870315551758e+00
2.819594383239746094e+00
2.119064092636108398e+00
6.095688343048095703e-01
6.247604489326477051e-01
1.110199689865112305e+00
3.133528232574462891e+00
3.094049453735351562e+00
2.989004611968994141e+00
2.301328659057617188e+00
9.565017223358154297e-01
8.792948722839355469e-01
1.952621459960937500e+00
6.869625091552734375e+00
2.787752866744995117e+00
1.689704895019531250e+00
1.008980989456176758e+00
9.644289016723632812e-01
2.415652424097061157e-01
1.585396051406860352e+00
9.134033322334289551e-01
7.399320006370544434e-01
5.182945132255554199e-01
5.011302232742309570e-01
2.076766729354858398e+00
2.100419521331787109e+00
8.893748521804809570e-01
8.920050859451293945e-01
1.197957277297973633e+00
7.118838429450988770e-01
9.210799932479858398e-01
9.033280611038208008e-01
9.501730203628540039e-01
7.414910793304443359e-01
5.701220035552978516e-01
8.473682403564453125e-01
1.151790738105773926e+00
1.501110911369323730e+00
1.764147877693176270e+00
6.154498457908630371e-01
1.560654044151306152e+00
1.234314441680908203e+00
1.038857460021972656e+00
1.853114604949951172e+00
2.740151882171630859e+00
2.233498573303222656e+00
2.487626552581787109e+00
3.961612939834594727e+00
3.759555578231811523e+00
3.071307659149169922e+00
2.813492536544799805e+00
2.335520982742309570e+00
3.735821962356567383e+00
4.877819061279296875e+00
3.983235359191894531e+00
4.665425300598144531e+00
5.080889225006103516e+00
3.531890392303466797e+00
3.133630514144897461e+00
3.978262662887573242e+00
2.534151792526245117e+00
2.062163591384887695e+00
2.207375288009643555e+00
3.128343582153320312e+00
2.635492563247680664e+00
1.461831331253051758e+00
3.248751640319824219e+00
1.456637978553771973e+00
1.448616504669189453e+00
1.865883469581604004e+00
1.353390812873840332e+00
3.340957760810852051e-01
7.435728609561920166e-02
1.110707283020019531e+00
4.494071006774902344e-01
2.507168054580688477e-01
2.388609945774078369e-01
5.351337194442749023e-01
3.242158889770507812e-01
5.579800605773925781e-01
1.133096456527709961e+00
4.500421881675720215e-01
2.491747438907623291e-01
3.729633986949920654e-01
2.926803827285766602e-01
2.480164021253585815e-01
3.872926831245422363e-01
6.326174736022949219e-01
3.767648637294769287e-01
3.749256730079650879e-01
5.405666232109069824e-01
5.817917585372924805e-01
3.467648327350616455e-01
2.679301798343658447e-01
5.418419837951660156e-01
3.238768279552459717e-01
3.060171604156494141e-01
9.807930588722229004e-01
5.752819180488586426e-01
5.059392452239990234e-01
4.821259081363677979e-01
1.763964295387268066e+00
8.357045650482177734e-01
2.602518498897552490e-01
6.610093116760253906e-01
2.286382317543029785e-01
3.558884561061859131e-01
4.886201024055480957e-01
6.064844131469726562e-01
2.202642709016799927e-01
3.219266235828399658e-01
6.475020647048950195e-01
5.688365101814270020e-01
3.854238986968994141e-01
6.041304469108581543e-01
8.922619223594665527e-01
2.164034128189086914e+00
2.865061759948730469e+00
2.695033788681030273e+00
2.797447204589843750e+00
3.031845331192016602e+00
2.212968587875366211e+00
2.037479639053344727e+00
2.086560726165771484e+00
2.445999860763549805e+00
1.216842412948608398e+00
1.652919054031372070e+00
1.986762642860412598e+00
1.282380223274230957e+00
1.754978299140930176e+00
2.028429269790649414e+00
1.521717309951782227e+00
1.700774550437927246e+00
1.495753765106201172e+00
1.416163086891174316e+00
1.173013806343078613e+00
1.260756373405456543e+00
1.675472617149353027e+00
1.388105630874633789e+00
1.478400588035583496e+00
1.425095677375793457e+00
1.545094609260559082e+00
1.406996369361877441e+00
1.484567523002624512e+00
1.362735152244567871e+00
1.510818958282470703e+00
1.390028357505798340e+00
1.321402549743652344e+00
1.566580295562744141e+00
1.814239025115966797e+00
1.379548788070678711e+00
2.174197673797607422e+00
1.628453254699707031e+00
1.443278193473815918e+00
1.622943401336669922e+00
2.331436634063720703e+00
1.169734835624694824e+00
1.407656669616699219e+00
1.506528735160827637e+00
1.254250645637512207e+00
1.369110107421875000e+00
1.427620410919189453e+00
1.264582276344299316e+00
1.500620841979980469e+00
1.783970952033996582e+00
1.609187722206115723e+00
1.481691718101501465e+00
1.603159308433532715e+00
1.503998279571533203e+00
1.607729315757751465e+00
1.389933586120605469e+00
1.421576261520385742e+00
7.820581197738647461e-01
9.940720200538635254e-01
1.149656534194946289e+00
6.111130714416503906e-01
4.851083755493164062e-01
8.613206148147583008e-01
9.518598318099975586e-01
8.285185098648071289e-01
7.638165950775146484e-01
8.942740559577941895e-01
1.023919343948364258e+00
1.172236800193786621e+00
1.041171669960021973e+00
1.204253911972045898e+00
1.021420121192932129e+00
1.473985910415649414e+00
1.677749514579772949e+00
1.586477160453796387e+00
1.676193475723266602e+00
2.630800247192382812e+00
1.764900922775268555e+00
1.758829116821289062e+00
2.176608085632324219e+00
1.630255460739135742e+00
1.318357586860656738e+00
2.441666126251220703e+00
2.458934545516967773e+00
2.650885105133056641e+00
2.514574527740478516e+00
2.475360870361328125e+00
2.648411512374877930e+00
1.389716744422912598e+00
1.350363731384277344e+00
1.938549280166625977e+00
1.898357510566711426e+00
1.840159893035888672e+00
1.823727726936340332e+00
1.680311203002929688e+00
1.628722786903381348e+00
7.469713687896728516e-01
7.477297782897949219e-01
7.396491169929504395e-01
3.720602393150329590e-01
3.437875807285308838e-01
2.830288410186767578e-01
2.860779166221618652e-01
4.513425230979919434e-01
4.363649785518646240e-01
2.703825235366821289e-01
2.257898002862930298e-01
4.312593638896942139e-01
4.799188673496246338e-01
2.747461497783660889e-01
3.908600807189941406e-01
4.371587634086608887e-01
4.309592247009277344e-01
4.158205091953277588e-01
6.295700073242187500e-01
9.606408476829528809e-01
2.874325215816497803e-01
9.262757897377014160e-01
1.581485748291015625e+00
1.410976290702819824e+00
1.035429239273071289e+00
2.998082935810089111e-01
5.451210141181945801e-01
4.054604470729827881e-01
2.977829873561859131e-01
5.089094042778015137e-01
3.026643991470336914e-01
3.502968549728393555e-01
3.641418218612670898e-01
4.167965948581695557e-01
2.801609635353088379e-01
3.715679645538330078e-01
3.432492613792419434e-01
4.412483274936676025e-01
2.586294710636138916e-01
5.788076519966125488e-01
1.133337378501892090e+00
5.081372261047363281e-01
2.720112204551696777e-01
4.405924081802368164e-01
6.384996175765991211e-01
3.632641732692718506e-01
7.099897861480712891e-01
7.591673731803894043e-01
9.565998315811157227e-01
1.824274301528930664e+00
2.323292732238769531e+00
2.204980134963989258e+00
2.461904287338256836e+00
2.658363819122314453e+00
2.710388422012329102e+00
2.505150794982910156e+00
2.193639993667602539e+00
1.985335111618041992e+00
2.019669771194458008e+00
1.600608825683593750e+00
1.206740498542785645e+00
2.363768577575683594e+00
1.862028241157531738e+00
1.394238591194152832e+00
1.610468387603759766e+00
1.581115722656250000e+00
1.402439594268798828e+00
1.509055733680725098e+00
1.114058613777160645e+00
2.894424676895141602e+00
1.057361721992492676e+00
6.422426700592041016e-01
1.549889922142028809e+00
7.032689452171325684e-01
6.948850750923156738e-01
1.182503700256347656e+00
2.483501434326171875e+00
3.064873933792114258e+00
3.154259681701660156e+00
1.987746000289916992e+00
1.782275080680847168e+00
2.186340093612670898e+00
2.005787372589111328e+00
1.961154937744140625e+00
2.556472301483154297e+00
2.357870340347290039e+00
1.610236763954162598e+00
2.081601381301879883e+00
1.846244692802429199e+00
9.226251244544982910e-01
6.691793799400329590e-01
7.082717418670654297e-01
6.629899740219116211e-01
7.421193122863769531e-01
1.254164338111877441e+00
5.754932761192321777e-01
2.913934886455535889e-01
6.807377934455871582e-01
7.578867673873901367e-01
1.467766165733337402e+00
2.154838323593139648e+00
2.287977218627929688e+00
2.273965597152709961e+00
2.221004486083984375e+00
1.473379969596862793e+00
1.394278049468994141e+00
2.622915983200073242e+00
1.356073379516601562e+00
1.410880088806152344e+00
1.389515280723571777e+00
1.231115221977233887e+00
1.332523226737976074e+00
1.465270757675170898e+00
1.825482845306396484e+00
1.556773066520690918e+00
2.133677959442138672e+00
1.491669654846191406e+00
1.436271429061889648e+00
1.324345469474792480e+00
1.318497061729431152e+00
2.170513391494750977e+00
3.469302415847778320e+00
3.308326721191406250e+00
2.479704618453979492e+00
2.056897878646850586e+00
2.290391445159912109e+00
1.703471660614013672e+00
1.729010224342346191e+00
3.437811374664306641e+00
1.493785142898559570e+00
9.972320795059204102e-01
1.019118547439575195e+00
9.877896904945373535e-01
7.484372258186340332e-01
1.385815501213073730e+00
1.740473270416259766e+00
2.516991138458251953e+00
8.001767992973327637e-01
4.651408791542053223e-01
4.397813379764556885e-01
3.316582143306732178e-01
2.635889947414398193e-01
6.673892140388488770e-01
1.752743482589721680e+00
1.252436161041259766e+00
1.554980278015136719e+00
8.030095696449279785e-01
8.543527722358703613e-01
8.297878503799438477e-01
5.268828272819519043e-01
2.317152619361877441e-01
1.934522837400436401e-01
2.716167867183685303e-01
5.056555867195129395e-01
4.025698006153106689e-01
4.362243711948394775e-01
1.263360023498535156e+00
5.213490724563598633e-01
4.685629904270172119e-01
6.090834140777587891e-01
5.881015062332153320e-01
4.015718102455139160e-01
5.053685903549194336e-01
3.647336065769195557e-01
3.845010101795196533e-01
4.581640064716339111e-01
3.371308445930480957e-01
2.875336408615112305e-01
4.802505373954772949e-01
4.693883061408996582e-01
4.142085611820220947e-01
4.679895937442779541e-01
3.889208137989044189e-01
4.800241291522979736e-01
4.423364698886871338e-01
4.015816748142242432e-01
4.273241460323333740e-01
5.420382022857666016e-01
5.012601613998413086e-01
1.250064134597778320e+00
8.531530499458312988e-01
3.337901532649993896e-01
4.135915637016296387e-01
5.815678238868713379e-01
4.976231157779693604e-01
5.247080922126770020e-01
5.861935019493103027e-01
7.673944234848022461e-01
2.740921676158905029e-01
4.416241049766540527e-01
4.494463205337524414e-01
4.456083774566650391e-01
4.877646565437316895e-01
3.524290621280670166e-01
3.107423484325408936e-01
4.606878757476806641e-01
1.207386493682861328e+00
1.293864130973815918e+00
1.195133566856384277e+00
4.846700727939605713e-01
1.207891941070556641e+00
5.859553217887878418e-01
6.088542342185974121e-01
8.017062544822692871e-01
1.333687543869018555e+00
5.893768668174743652e-01
5.724088549613952637e-01
8.033338785171508789e-01
5.930681228637695312e-01
1.293161869049072266e+00
2.443006753921508789e+00
2.347203731536865234e+00
1.468135595321655273e+00
2.057219028472900391e+00
1.800303339958190918e+00
1.582906723022460938e+00
1.639128327369689941e+00
2.116332054138183594e+00
1.688859820365905762e+00
1.759310603141784668e+00
2.105747222900390625e+00
2.238261222839355469e+00
1.994853973388671875e+00
1.957589268684387207e+00
2.464162588119506836e+00
2.336633443832397461e+00
2.033288955688476562e+00
2.030452966690063477e+00
1.669407367706298828e+00
1.040715217590332031e+00
1.037607312202453613e+00
2.209600687026977539e+00
1.526867628097534180e+00
8.306638598442077637e-01
6.428475975990295410e-01
8.655652999877929688e-01
7.998431921005249023e-01
1.421017050743103027e+00
1.695479869842529297e+00
2.638870239257812500e+00
1.172939538955688477e+00
7.904435992240905762e-01
1.164122939109802246e+00
1.373203158378601074e+00
2.386186838150024414e+00
1.670637488365173340e+00
1.826938033103942871e+00
1.991347670555114746e+00
1.990197896957397461e+00
1.853136539459228516e+00
9.608412384986877441e-01
1.083144783973693848e+00
7.302560806274414062e-01
1.591880083084106445e+00
9.423023462295532227e-01
1.131730318069458008e+00
1.368092060089111328e+00
1.419780373573303223e+00
1.409873962402343750e+00
1.666610479354858398e+00
1.650631904602050781e+00
1.772978782653808594e+00
1.636239290237426758e+00
1.637787938117980957e+00
1.792460083961486816e+00
2.600342750549316406e+00
2.195090055465698242e+00
2.134608030319213867e+00
1.274694561958312988e+00
1.154631137847900391e+00
2.573079347610473633e+00
2.780271291732788086e+00
2.463564634323120117e+00
2.556965589523315430e+00
2.441789865493774414e+00
2.148908853530883789e+00
1.609303474426269531e+00
1.553110599517822266e+00
1.548578739166259766e+00
1.468820571899414062e+00
2.155603408813476562e+00
2.166797399520874023e+00
1.675821781158447266e+00
1.984773993492126465e+00
1.690965652465820312e+00
1.218852877616882324e+00
1.371484041213989258e+00
1.824771761894226074e+00
1.451212525367736816e+00
9.939982891082763672e-01
8.144556283950805664e-01
7.734396457672119141e-01
6.136468648910522461e-01
3.781802952289581299e-01
2.963776886463165283e-01
2.516534030437469482e-01
2.646503150463104248e-01
2.386910468339920044e-01
4.960747361183166504e-01
2.676075696945190430e-01
3.536066114902496338e-01
2.731876373291015625e-01
3.672284483909606934e-01
3.714933991432189941e-01
3.989961147308349609e-01
3.401461839675903320e-01
2.819782495498657227e-01
2.882526218891143799e-01
9.967965483665466309e-01
3.659522533416748047e-01
3.249940574169158936e-01
4.278303980827331543e-01
4.298699498176574707e-01
4.903979003429412842e-01
4.997366964817047119e-01
4.397087097167968750e-01
4.495753943920135498e-01
1.734894871711730957e+00
1.237241864204406738e+00
9.523940682411193848e-01
3.427446484565734863e-01
3.528479039669036865e-01
2.945124506950378418e-01
3.471817374229431152e-01
3.831203579902648926e-01
2.504715025424957275e-01
2.352004051208496094e-01
4.267479777336120605e-01
3.965930938720703125e-01
3.790500164031982422e-01
4.764030277729034424e-01
5.050484538078308105e-01
6.027542352676391602e-01
5.740005373954772949e-01
4.580135047435760498e-01
5.266489982604980469e-01
1.633513689041137695e+00
2.321029901504516602e+00
2.619446277618408203e+00
2.831417798995971680e+00
2.725016355514526367e+00
2.681958198547363281e+00
2.549206495285034180e+00
2.040450096130371094e+00
2.306960821151733398e+00
1.694973826408386230e+00
1.700569510459899902e+00
1.356411337852478027e+00
1.682725548744201660e+00
1.696482419967651367e+00
1.917064666748046875e+00
1.784997463226318359e+00
1.150158762931823730e+00
1.752101898193359375e+00
1.496892571449279785e+00
1.322203636169433594e+00
1.339228510856628418e+00
1.503041386604309082e+00
1.577688932418823242e+00
1.350607633590698242e+00
1.241926193237304688e+00
1.390867352485656738e+00
1.334657311439514160e+00
1.260729789733886719e+00
1.299148201942443848e+00
1.331337451934814453e+00
1.345560073852539062e+00
1.294589161872863770e+00
1.153667449951171875e+00
1.525599956512451172e+00
1.547169566154479980e+00
1.601554155349731445e+00
1.542493224143981934e+00
1.593834996223449707e+00
1.651336073875427246e+00
1.340600013732910156e+00
1.452978253364562988e+00
1.408333420753479004e+00
1.984457969665527344e+00
3.053553342819213867e+00
1.472441434860229492e+00
1.205000519752502441e+00
1.740632295608520508e+00
1.378302216529846191e+00
1.528968572616577148e+00
1.095913410186767578e+00
1.057518243789672852e+00
1.007196903228759766e+00
1.168249130249023438e+00
3.141367733478546143e-01
6.422056555747985840e-01
5.923318862915039062e-01
5.390985012054443359e-01
4.626559019088745117e-01
4.130425453186035156e-01
5.251998305320739746e-01
5.956849455833435059e-01
5.137348771095275879e-01
3.370036780834197998e-01
7.697494626045227051e-01
8.769746422767639160e-01
6.633794307708740234e-01
9.365029335021972656e-01
1.350415229797363281e+00
1.376963019371032715e+00
1.233067631721496582e+00
1.415540575981140137e+00
1.796687245368957520e+00
2.027963876724243164e+00
2.157270431518554688e+00
2.561401128768920898e+00
2.470697164535522461e+00
2.018121004104614258e+00
1.280699491500854492e+00
2.043668508529663086e+00
2.721866130828857422e+00
3.410222053527832031e+00
2.670131683349609375e+00
2.295587539672851562e+00
2.361103534698486328e+00
3.042970180511474609e+00
2.521214723587036133e+00
2.606579780578613281e+00
2.958982944488525391e+00
2.911915540695190430e+00
2.962171077728271484e+00
2.374190092086791992e+00
2.253643751144409180e+00
2.403135061264038086e+00
2.477638006210327148e+00
2.366511583328247070e+00
1.954337120056152344e+00
8.023073673248291016e-01
1.062284350395202637e+00
5.914613604545593262e-01
3.433566987514495850e-01
2.677555680274963379e-01
4.382176101207733154e-01
4.950394928455352783e-01
1.030710935592651367e+00
1.822024732828140259e-01
5.099813938140869141e-01
4.963710606098175049e-01
4.862872660160064697e-01
3.974310159683227539e-01
3.574461638927459717e-01
3.952645361423492432e-01
4.724154472351074219e-01
3.579461276531219482e-01
3.024516999721527100e-01
4.786555469036102295e-01
3.510051369667053223e-01
1.919417232275009155e-01
3.877161741256713867e-01
3.942542374134063721e-01
4.676014482975006104e-01
2.704373300075531006e-01
3.873864412307739258e-01
2.071163356304168701e-01
3.593182563781738281e-01
1.901584416627883911e-01
4.069638848304748535e-01
2.831757664680480957e-01
2.797808051109313965e-01
2.723869979381561279e-01
1.708405762910842896e-01
1.539651900529861450e-01
4.274373352527618408e-01
5.066785216331481934e-01
2.037515044212341309e-01
2.700925171375274658e-01
5.042782425880432129e-01
5.308440923690795898e-01
3.748645484447479248e-01
5.016455054283142090e-01
6.995033621788024902e-01
5.962216258049011230e-01
1.639850497245788574e+00
1.591079711914062500e+00
1.514563441276550293e+00
1.495594978332519531e+00
2.648976087570190430e+00
2.402556896209716797e+00
2.094868421554565430e+00
2.193184852600097656e+00
2.577218055725097656e+00
2.187473297119140625e+00
2.159517765045166016e+00
1.770451664924621582e+00
2.126796007156372070e+00
1.908759832382202148e+00
1.521144747734069824e+00
1.835668802261352539e+00
2.380885362625122070e+00
1.399389386177062988e+00
1.636522173881530762e+00
2.354886054992675781e+00
1.660610675811767578e+00
1.886128902435302734e+00
1.844696760177612305e+00
1.052870154380798340e+00
1.127011179924011230e+00
1.151376247406005859e+00
1.942717552185058594e+00
8.502728343009948730e-01
1.265284180641174316e+00
9.602571129798889160e-01
9.139589667320251465e-01
2.178168535232543945e+00
1.597713470458984375e+00
2.008509159088134766e+00
1.487569928169250488e+00
2.251576185226440430e+00
2.552819252014160156e+00
1.296601533889770508e+00
4.359631538391113281e-01
5.491392612457275391e-01
5.662849545478820801e-01
4.358913302421569824e-01
7.582946419715881348e-01
1.570966482162475586e+00
6.746541857719421387e-01
6.500152945518493652e-01
3.909351825714111328e-01
6.388298869132995605e-01
4.906761050224304199e-01
7.358493208885192871e-01
9.950053095817565918e-01
5.209162235260009766e-01
5.273523330688476562e-01
5.369608402252197266e-01
4.184576272964477539e-01
5.813345313072204590e-01
6.064633131027221680e-01
5.971593260765075684e-01
5.786218047142028809e-01
6.478518247604370117e-01
3.889205455780029297e-01
6.735895872116088867e-01
1.517183542251586914e+00
5.510415434837341309e-01
8.081091642379760742e-01
7.549210190773010254e-01
8.725375533103942871e-01
2.627344846725463867e+00
2.564472675323486328e+00
2.795511007308959961e+00
2.687647342681884766e+00
2.908888816833496094e+00
2.417459726333618164e+00
2.803011655807495117e+00
2.685639381408691406e+00
2.744511127471923828e+00
3.056914329528808594e+00
2.525246381759643555e+00
2.905840873718261719e+00
1.783034324645996094e+00
2.475454330444335938e+00
2.414994001388549805e+00
2.424111127853393555e+00
2.823647737503051758e+00
2.676958799362182617e+00
3.223304033279418945e+00
3.723402023315429688e+00
3.796232938766479492e+00
4.022534370422363281e+00
3.321609497070312500e+00
3.046247959136962891e+00
2.265376329421997070e+00
2.410464525222778320e+00
2.618753671646118164e+00
2.574131488800048828e+00
2.597432374954223633e+00
2.736562967300415039e+00
2.052283525466918945e+00
2.038387298583984375e+00
2.100754261016845703e+00
1.893309712409973145e+00
2.072728157043457031e+00
2.267838954925537109e+00
1.799973368644714355e+00
5.465614199638366699e-01
4.773141145706176758e-01
6.309577822685241699e-01
7.222170233726501465e-01
6.933479309082031250e-01
8.824111223220825195e-01
9.167196750640869141e-01
6.266520023345947266e-01
5.652436614036560059e-01
5.037782788276672363e-01
7.082363963127136230e-01
4.369041323661804199e-01
3.461445569992065430e-01
2.966432869434356689e-01
2.824883162975311279e-01
2.882188856601715088e-01
3.404131829738616943e-01
4.428062736988067627e-01
4.706351757049560547e-01
8.612567931413650513e-02
3.026438355445861816e-01
2.882811129093170166e-01
3.790231645107269287e-01
3.953700661659240723e-01
3.271994590759277344e-01
4.560797512531280518e-01
3.735738098621368408e-01
2.887322902679443359e-01
2.731100618839263916e-01
3.478845357894897461e-01
3.943463265895843506e-01
2.965103685855865479e-01
4.909348785877227783e-01
5.120820403099060059e-01
4.160757064819335938e-01
3.786098062992095947e-01
4.655840992927551270e-01
7.054181098937988281e-01
4.535240530967712402e-01
4.170613586902618408e-01
5.203422904014587402e-01
8.141072988510131836e-01
6.120916008949279785e-01
5.954818129539489746e-01
1.710194230079650879e+00
2.055098295211791992e+00
2.772103071212768555e+00
2.551999807357788086e+00
2.816984415054321289e+00
2.582032442092895508e+00
3.101824760437011719e+00
3.179325819015502930e+00
1.933512806892395020e+00
2.519908189773559570e+00
1.579451680183410645e+00
2.917215347290039062e+00
1.443313002586364746e+00
1.530051827430725098e+00
1.139010667800903320e+00
1.621761679649353027e+00
1.367735147476196289e+00
1.249826192855834961e+00
2.030239343643188477e+00
4.586582660675048828e+00
3.079944610595703125e+00
3.415603160858154297e+00
2.715739488601684570e+00
1.876052737236022949e+00
1.787061929702758789e+00
2.066442012786865234e+00
4.164321899414062500e+00
5.299102306365966797e+00
3.336197137832641602e+00
2.497922420501708984e+00
2.671313285827636719e+00
2.030327796936035156e+00
1.549719810485839844e+00
2.068315029144287109e+00
2.024858951568603516e+00
1.379786968231201172e+00
1.111549854278564453e+00
1.824008941650390625e+00
2.251388549804687500e+00
1.751379847526550293e+00
1.646135091781616211e+00
3.061376810073852539e+00
2.909206628799438477e+00
2.649365901947021484e+00
2.587175607681274414e+00
1.786988258361816406e+00
8.927555680274963379e-01
1.695653080940246582e+00
1.535586953163146973e+00
2.006758689880371094e+00
1.785745978355407715e+00
1.499356508255004883e+00
1.759816884994506836e+00
1.559014201164245605e+00
1.364317774772644043e+00
1.396641016006469727e+00
1.574620723724365234e+00
1.851843118667602539e+00
1.825189590454101562e+00
1.620736837387084961e+00
1.601892948150634766e+00
1.607777595520019531e+00
1.568819165229797363e+00
7.926547527313232422e-01
6.221085190773010254e-01
1.714639782905578613e+00
1.618132710456848145e+00
1.745908141136169434e+00
2.169782876968383789e+00
1.946798801422119141e+00
1.942736148834228516e+00
1.274641394615173340e+00
2.049293756484985352e+00
1.899178385734558105e+00
1.624692082405090332e+00
1.353273272514343262e+00
1.046190142631530762e+00
1.104049682617187500e+00
5.985333919525146484e-01
4.364321529865264893e-01
5.164191126823425293e-01
8.014017343521118164e-01
5.525411367416381836e-01
3.343037962913513184e-01
2.584384381771087646e-01
4.602707028388977051e-01
3.559873998165130615e-01
3.599322438240051270e-01
3.654144704341888428e-01
4.139654338359832764e-01
5.881327390670776367e-01
9.131215810775756836e-01
3.990410566329956055e-01
4.447060525417327881e-01
5.467376112937927246e-01
1.686077713966369629e-01
3.411241769790649414e-01
3.478434085845947266e-01
1.234876871109008789e+00
1.322756528854370117e+00
1.184319257736206055e+00
8.646298050880432129e-01
1.125641822814941406e+00
1.913655698299407959e-01
8.099958300590515137e-01
9.395860433578491211e-01
4.688223004341125488e-01
9.565729498863220215e-01
5.674350261688232422e-01
3.093203306198120117e-01
3.248666226863861084e-01
6.377195119857788086e-01
3.527199029922485352e-01
3.609398007392883301e-01
3.733931779861450195e-01
4.548690617084503174e-01
2.674562633037567139e-01
3.390344679355621338e-01
4.879658222198486328e-01
6.612675189971923828e-01
1.860483437776565552e-01
4.294664859771728516e-01
5.783879756927490234e-01
5.503806471824645996e-01
5.358932018280029297e-01
5.931977629661560059e-01
3.638940453529357910e-01
4.402399063110351562e-01
3.495140373706817627e-01
3.384947478771209717e-01
4.141827821731567383e-01
6.324620246887207031e-01
6.213361024856567383e-01
5.323011875152587891e-01
3.638956844806671143e-01
5.891296267509460449e-01
4.249389469623565674e-01
3.509023487567901611e-01
4.324412643909454346e-01
4.543685615062713623e-01
1.277333259582519531e+00
1.503203392028808594e+00
1.552241683006286621e+00
1.122476458549499512e+00
1.117928147315979004e+00
3.275634646415710449e-01
5.317291617393493652e-01
1.085310459136962891e+00
4.771403372287750244e-01
4.672048389911651611e-01
1.376228094100952148e+00
8.934673666954040527e-01
9.587254524230957031e-01
8.107504248619079590e-01
8.819264769554138184e-01
9.270038008689880371e-01
1.054489254951477051e+00
1.193236470222473145e+00
1.130695343017578125e+00
1.498226404190063477e+00
8.802627325057983398e-01
1.012647628784179688e+00
1.066129088401794434e+00
1.097516536712646484e+00
1.082175612449645996e+00
1.062379360198974609e+00
1.545190334320068359e+00
1.821046829223632812e+00
1.825680136680603027e+00
1.702354788780212402e+00
2.001125812530517578e+00
2.469323396682739258e+00
1.460846781730651855e+00
1.855509996414184570e+00
2.704398632049560547e+00
2.507736206054687500e+00
2.752087831497192383e+00
2.528271436691284180e+00
2.024010419845581055e+00
1.634422063827514648e+00
5.809398293495178223e-01
7.996971011161804199e-01
6.983861327171325684e-01
6.128229498863220215e-01
5.443480610847473145e-01
1.772339344024658203e+00
1.493344902992248535e+00
2.774106740951538086e+00
2.555642604827880859e+00
1.645273327827453613e+00
1.429181933403015137e+00
9.621327519416809082e-01
1.124402880668640137e+00
2.156347036361694336e+00
3.508198738098144531e+00
2.321257352828979492e+00
2.801098108291625977e+00
3.453845739364624023e+00
1.917503237724304199e+00
1.720702290534973145e+00
1.988462567329406738e+00
1.773844957351684570e+00
2.445473670959472656e+00
3.092295408248901367e+00
3.623095989227294922e+00
3.227395534515380859e+00
2.479629039764404297e+00
2.705209493637084961e+00
2.258867740631103516e+00
2.194828987121582031e+00
2.010498285293579102e+00
2.715284109115600586e+00
1.863173484802246094e+00
1.180155754089355469e+00
1.325788855552673340e+00
1.523813962936401367e+00
1.689264059066772461e+00
1.976394534111022949e+00
2.146186828613281250e+00
1.900161862373352051e+00
8.438973426818847656e-01
6.533987522125244141e-01
1.745676755905151367e+00
2.524033546447753906e+00
1.923110485076904297e+00
2.010497331619262695e+00
1.971238493919372559e+00
1.330009460449218750e+00
1.420203804969787598e+00
1.345293641090393066e+00
1.732547760009765625e+00
9.398096799850463867e-01
6.437619924545288086e-01
6.531380414962768555e-01
5.752969980239868164e-01
7.089523673057556152e-01
5.293148756027221680e-01
5.790367722511291504e-01
5.551006197929382324e-01
7.578442692756652832e-01
6.194875836372375488e-01
3.843305110931396484e-01
2.862706184387207031e-01
4.754099547863006592e-01
3.561480343341827393e-01
1.184697821736335754e-01
2.363203763961791992e-01
1.731487512588500977e-01
1.545712202787399292e-01
1.026923179626464844e+00
1.188735008239746094e+00
1.244233846664428711e+00
3.680005669593811035e-01
3.762120008468627930e-01
2.664670348167419434e-01
2.915300130844116211e-01
2.489677965641021729e-01
2.948501408100128174e-01
1.332620233297348022e-01
1.365292668342590332e-01
3.355512320995330811e-01
2.959224283695220947e-01
2.968505024909973145e-01
2.147485911846160889e-01
4.501570463180541992e-01
2.048860043287277222e-01
2.250396013259887695e-01
3.493800163269042969e-01
3.195280134677886963e-01
3.087274432182312012e-01
3.120251297950744629e-01
4.802146255970001221e-01
3.296896517276763916e-01
2.663683593273162842e-01
1.277877390384674072e-01
1.857397109270095825e-01
2.568253576755523682e-01
6.344393491744995117e-01
3.825987577438354492e-01
2.439575642347335815e-01
6.098190546035766602e-01
3.983390927314758301e-01
1.357623487710952759e-01
3.821404576301574707e-01
6.840467453002929688e-01
4.779247939586639404e-01
5.630102753639221191e-01
6.970784068107604980e-01
1.695190429687500000e+00
2.225085020065307617e+00
2.383772134780883789e+00
2.449934720993041992e+00
2.385362148284912109e+00
2.520858287811279297e+00
2.610285520553588867e+00
2.490154027938842773e+00
1.972078561782836914e+00
2.593508958816528320e+00
2.348558425903320312e+00
1.667187929153442383e+00
2.448592901229858398e+00
2.782042980194091797e+00
1.777409553527832031e+00
1.663368940353393555e+00
1.643306136131286621e+00
1.474724888801574707e+00
1.195804476737976074e+00
1.750877737998962402e+00
3.215103864669799805e+00
1.867761611938476562e+00
1.182439208030700684e+00
1.621590733528137207e+00
1.464910268783569336e+00
1.248586416244506836e+00
1.346077919006347656e+00
1.639287233352661133e+00
1.512069940567016602e+00
1.478677988052368164e+00
1.552461028099060059e+00
1.390059590339660645e+00
1.498642683029174805e+00
1.427489042282104492e+00
1.597609639167785645e+00
1.658888339996337891e+00
1.230729818344116211e+00
7.161145210266113281e-01
1.082505583763122559e+00
6.311236023902893066e-01
7.784841656684875488e-01
9.563407897949218750e-01
1.079874038696289062e+00
1.172199487686157227e+00
1.169460654258728027e+00
9.685976505279541016e-01
1.184264421463012695e+00
1.443978309631347656e+00
1.726782083511352539e+00
1.724454402923583984e+00
1.946029186248779297e+00
2.272038221359252930e+00
1.595784068107604980e+00
1.564844250679016113e+00
1.791018009185791016e+00
6.501753330230712891e-01
1.251776456832885742e+00
1.102641105651855469e+00
1.114882588386535645e+00
1.631215333938598633e+00
1.925093531608581543e+00
2.778368234634399414e+00
2.906787633895874023e+00
3.155578613281250000e+00
3.183013916015625000e+00
1.914991140365600586e+00
1.600094795227050781e+00
1.981312394142150879e+00
2.507586956024169922e+00
2.712017536163330078e+00
2.122704982757568359e+00
2.444390773773193359e+00
2.391257762908935547e+00
3.066870212554931641e+00
2.437904834747314453e+00
3.023144245147705078e+00
2.716703414916992188e+00
2.802722930908203125e+00
1.735894203186035156e+00
2.500288009643554688e+00
3.092543125152587891e+00
1.414994001388549805e+00
1.826426863670349121e+00
7.523941397666931152e-01
1.021233439445495605e+00
8.730849027633666992e-01
1.302127361297607422e+00
2.316803455352783203e+00
1.537728548049926758e+00
6.844885349273681641e-01
6.815987229347229004e-01
3.192711770534515381e-01
3.707127869129180908e-01
4.588141441345214844e-01
3.958102762699127197e-01
3.618687391281127930e-01
3.997539877891540527e-01
5.391459465026855469e-01
1.379233300685882568e-01
5.030362606048583984e-01
8.576142787933349609e-01
6.668144464492797852e-01
5.653474926948547363e-01
5.628178715705871582e-01
6.670370101928710938e-01
6.881455779075622559e-01
6.568197607994079590e-01
8.005462884902954102e-01
7.629548311233520508e-01
9.716628789901733398e-01
1.552934050559997559e+00
1.573892712593078613e+00
6.690080761909484863e-01
3.383429050445556641e-01
4.654643237590789795e-01
4.240363240242004395e-01
3.362926542758941650e-01
2.887243330478668213e-01
2.163737267255783081e-01
4.172417223453521729e-01
3.150591254234313965e-01
2.373981326818466187e-01
3.301021456718444824e-01
3.249148428440093994e-01
3.644320964813232422e-01
2.112560421228408813e-01
2.254940569400787354e-01
5.244164466857910156e-01
4.018264412879943848e-01
3.433386087417602539e-01
4.858171939849853516e-01
5.450820922851562500e-01
3.778604269027709961e-01
6.810988187789916992e-01
5.202134847640991211e-01
6.543008089065551758e-01
4.356687664985656738e-01
7.498444914817810059e-01
4.750815927982330322e-01
5.750358104705810547e-01
4.616943597793579102e-01
4.431557655334472656e-01
5.015490055084228516e-01
5.256153941154479980e-01
1.643770933151245117e+00
1.942714214324951172e+00
2.028459072113037109e+00
2.002211332321166992e+00
2.807584524154663086e+00
1.308048129081726074e+00
1.866705775260925293e+00
1.534885287284851074e+00
1.552467584609985352e+00
1.591326713562011719e+00
1.517417550086975098e+00
1.633606910705566406e+00
1.556165218353271484e+00
8.611608147621154785e-01
8.792000412940979004e-01
9.915497899055480957e-01
1.036428093910217285e+00
9.198328852653503418e-01
7.000104784965515137e-01
3.744092583656311035e-01
3.713604807853698730e-01
2.905805110931396484e-01
4.893116652965545654e-01
5.290319919586181641e-01
6.423237919807434082e-01
5.682120919227600098e-01
5.203601121902465820e-01
1.434374451637268066e+00
1.714599251747131348e+00
1.651048779487609863e+00
7.993909716606140137e-01
6.928677558898925781e-01
1.190333485603332520e+00
1.792973995208740234e+00
9.701229929924011230e-01
7.320269942283630371e-01
1.538568377494812012e+00
1.868753552436828613e+00
2.010127067565917969e+00
1.815283894538879395e+00
2.312541723251342773e+00
2.307620048522949219e+00
1.953867316246032715e+00
2.381865978240966797e+00
1.800493836402893066e+00
1.700211286544799805e+00
1.524693250656127930e+00
2.273303270339965820e+00
2.316136121749877930e+00
2.356755971908569336e+00
3.149558544158935547e+00
2.839522838592529297e+00
1.259823083877563477e+00
1.093024373054504395e+00
1.640036702156066895e+00
2.393305063247680664e+00
2.387122631072998047e+00
3.188317775726318359e+00
3.206921100616455078e+00
3.437169551849365234e+00
2.829695463180541992e+00
2.664623737335205078e+00
3.612962961196899414e+00
3.441695690155029297e+00
3.085822820663452148e+00
1.980551838874816895e+00
2.346390962600708008e+00
1.156611561775207520e+00
1.638704538345336914e+00
1.944849491119384766e+00
1.804762721061706543e+00
1.863170146942138672e+00
1.975905299186706543e+00
2.534078121185302734e+00
2.791375398635864258e+00
2.860013246536254883e+00
2.319926977157592773e+00
1.683323264122009277e+00
1.618199229240417480e+00
1.812903404235839844e+00
1.672338008880615234e+00
1.801438093185424805e+00
1.868913888931274414e+00
1.567157864570617676e+00
1.677890658378601074e+00
1.988803744316101074e+00
1.962840437889099121e+00
1.456003546714782715e+00
1.645355820655822754e+00
1.884255409240722656e+00
1.672649621963500977e+00
1.647777199745178223e+00
1.588650107383728027e+00
1.607230186462402344e+00
1.558920621871948242e+00
1.698879957199096680e+00
1.746983885765075684e+00
1.692864060401916504e+00
1.662442564964294434e+00
1.969861149787902832e+00
1.749765753746032715e+00
1.769217610359191895e+00
1.842344284057617188e+00
2.095674514770507812e+00
1.787674546241760254e+00
2.727480888366699219e+00
1.683490276336669922e+00
1.695919513702392578e+00
1.381099104881286621e+00
1.674441218376159668e+00
1.992288708686828613e+00
1.706764698028564453e+00
1.652572870254516602e+00
1.606804490089416504e+00
1.534066081047058105e+00
1.647248148918151855e+00
1.707256674766540527e+00
1.690481424331665039e+00
7.764489650726318359e-01
4.278682172298431396e-01
5.145371556282043457e-01
4.876566529273986816e-01
4.489485323429107666e-01
1.253618955612182617e+00
1.234885454177856445e+00
4.477559328079223633e-01
3.209538757801055908e-01
4.440904259681701660e-01
3.281667530536651611e-01
3.767601847648620605e-01
4.552815854549407959e-01
4.274647533893585205e-01
2.011489570140838623e-01
2.400535941123962402e-01
2.496766149997711182e-01
2.812472283840179443e-01
3.106672465801239014e-01
4.738338887691497803e-01
4.528749883174896240e-01
4.185044765472412109e-01
4.225156307220458984e-01
3.256938457489013672e-01
3.055254518985748291e-01
2.060339301824569702e-01
3.851237595081329346e-01
3.036070168018341064e-01
3.024878799915313721e-01
3.236729204654693604e-01
2.352933287620544434e-01
2.678345143795013428e-01
3.176710009574890137e-01
2.582605481147766113e-01
2.861264348030090332e-01
4.256894290447235107e-01
3.768679201602935791e-01
1.339259386062622070e+00
1.021403193473815918e+00
4.944964945316314697e-01
6.196696162223815918e-01
1.365157246589660645e+00
1.124911308288574219e+00
1.398450374603271484e+00
1.621949791908264160e+00
1.728605389595031738e+00
1.409645915031433105e+00
1.301334977149963379e+00
1.573909759521484375e+00
1.124355673789978027e+00
4.618179798126220703e-01
6.082616448402404785e-01
5.566970109939575195e-01
4.842235743999481201e-01
6.145546436309814453e-01
5.771134495735168457e-01
2.014577150344848633e+00
1.692016005516052246e+00
1.581276893615722656e+00
1.743985891342163086e+00
1.527115702629089355e+00
1.421458125114440918e+00
6.859064698219299316e-01
1.075542688369750977e+00
8.458941578865051270e-01
1.038025856018066406e+00
1.195687770843505859e+00
2.058500528335571289e+00
1.659575700759887695e+00
1.589087128639221191e+00
2.104466438293457031e+00
1.799153208732604980e+00
1.778986811637878418e+00
1.418936967849731445e+00
8.367866873741149902e-01
1.808441042900085449e+00
3.794423580169677734e+00
3.939299583435058594e+00
2.880472660064697266e+00
3.672925710678100586e+00
3.353387594223022461e+00
3.365860700607299805e+00
3.944969177246093750e+00
2.667363643646240234e+00
2.349947929382324219e+00
2.635505437850952148e+00
2.391013383865356445e+00
2.162628173828125000e+00
2.437748670578002930e+00
2.472793579101562500e+00
2.570485591888427734e+00
2.165385246276855469e+00
2.720222949981689453e+00
2.900373935699462891e+00
2.862355232238769531e+00
2.780264616012573242e+00
2.794044256210327148e+00
2.888489961624145508e+00
1.936456322669982910e+00
2.044282674789428711e+00
2.044375419616699219e+00
2.305802106857299805e+00
1.346552133560180664e+00
1.236842155456542969e+00
1.212580084800720215e+00
2.244991779327392578e+00
1.831287980079650879e+00
2.923565387725830078e+00
3.354974746704101562e+00
1.979027271270751953e+00
2.900188684463500977e+00
2.838428735733032227e+00
3.053427696228027344e+00
2.232058048248291016e+00
1.890200853347778320e+00
3.390657663345336914e+00
2.871331930160522461e+00
1.557248711585998535e+00
1.227150917053222656e+00
1.412152767181396484e+00
8.983775973320007324e-01
9.443495869636535645e-01
1.290663838386535645e+00
5.000831484794616699e-01
3.758847415447235107e-01
2.095667719841003418e-01
3.836016952991485596e-01
3.928949832916259766e-01
3.575892448425292969e-01
2.926812171936035156e-01
3.810476362705230713e-01
4.183833301067352295e-01
1.955685913562774658e-01
1.720613986253738403e-01
1.582666039466857910e-01
1.398987621068954468e-01
3.929549828171730042e-02
1.919271945953369141e-01
3.045096397399902344e-01
2.400245368480682373e-01
4.138108491897583008e-01
3.456237614154815674e-01
4.236018955707550049e-01
3.737245500087738037e-01
2.295186370611190796e-01
3.792347609996795654e-01
3.908647298812866211e-01
1.145863607525825500e-01
2.392197847366333008e-01
4.242043495178222656e-01
4.969869554042816162e-01
3.921664059162139893e-01
1.188160181045532227e+00
1.266025424003601074e+00
1.123599767684936523e+00
3.902214169502258301e-01
2.510950863361358643e-01
2.456372380256652832e-01
2.633546590805053711e-01
2.273853272199630737e-01
7.595664262771606445e-02
6.383554339408874512e-01
1.607502065598964691e-02
2.732789218425750732e-01
5.633329153060913086e-01
6.686552762985229492e-01
5.968282222747802734e-01
7.233323454856872559e-01
6.485022306442260742e-01
7.669726014137268066e-01
2.128630638122558594e+00
2.018305778503417969e+00
1.985739946365356445e+00
2.200856924057006836e+00
2.138565301895141602e+00
2.405506849288940430e+00
3.345604658126831055e+00
2.739963293075561523e+00
1.534624099731445312e+00
2.222458362579345703e+00
1.644800543785095215e+00
1.026120901107788086e+00
1.540922284126281738e+00
2.661068201065063477e+00
1.372556805610656738e+00
1.573717355728149414e+00
1.933835983276367188e+00
1.374598026275634766e+00
1.211342334747314453e+00
1.490336418151855469e+00
1.371564388275146484e+00
1.459067106246948242e+00
1.423402547836303711e+00
1.304571747779846191e+00
1.195728898048400879e+00
1.192254424095153809e+00
1.725153923034667969e+00
1.386592864990234375e+00
1.069865584373474121e+00
1.209055542945861816e+00
1.331299304962158203e+00
2.470698356628417969e+00
4.589136123657226562e+00
3.629097461700439453e+00
3.104771375656127930e+00
2.331562519073486328e+00
1.772249221801757812e+00
1.869485735893249512e+00
3.422837495803833008e+00
3.193501234054565430e+00
2.912711620330810547e+00
3.095469951629638672e+00
2.589287996292114258e+00
7.411094903945922852e-01
4.874061346054077148e-01
5.771356225013732910e-01
5.873258113861083984e-01
1.548217386007308960e-01
4.094460904598236084e-01
4.625523090362548828e-01
4.891181290149688721e-01
1.251868307590484619e-01
3.336648941040039062e-01
4.322280287742614746e-01
5.031121969223022461e-01
6.365630626678466797e-01
3.886606991291046143e-01
6.704629659652709961e-01
5.027457475662231445e-01
5.532521009445190430e-01
8.471182584762573242e-01
7.843542098999023438e-01
1.349957227706909180e+00
8.036740422248840332e-01
8.234211206436157227e-01
8.352413177490234375e-01
9.566653370857238770e-01
1.098551869392395020e+00
1.109051704406738281e+00
1.118805766105651855e+00
1.102358222007751465e+00
1.537583827972412109e+00
1.727690696716308594e+00
1.760160684585571289e+00
1.810483694076538086e+00
1.611371517181396484e+00
1.596242427825927734e+00
2.461805582046508789e+00
1.072629570960998535e+00
2.438764095306396484e+00
2.467688798904418945e+00
2.986595630645751953e+00
2.492034912109375000e+00
3.572561502456665039e+00
2.854554176330566406e+00
1.359525084495544434e+00
1.168893098831176758e+00
1.270423889160156250e+00
1.078159213066101074e+00
1.438879728317260742e+00
1.959756851196289062e+00
1.580478787422180176e+00
1.144768595695495605e+00
4.063203036785125732e-01
9.909544587135314941e-01
9.240531325340270996e-01
4.516489505767822266e-01
4.635620713233947754e-01
9.827396869659423828e-01
7.371096014976501465e-01
3.671821355819702148e-01
3.793463110923767090e-01
2.696698606014251709e-01
4.557220637798309326e-01
4.034935235977172852e-01
4.638674259185791016e-01
2.018824368715286255e-01
5.020712018013000488e-01
2.622626423835754395e-01
2.131801992654800415e-01
2.720235586166381836e-01
4.946612119674682617e-01
2.473503500223159790e-01
2.456416189670562744e-01
3.829898834228515625e-01
3.371297419071197510e-01
2.574204206466674805e-01
5.873329043388366699e-01
1.288916945457458496e+00
1.191271781921386719e+00
8.388366699218750000e-01
1.650669723749160767e-01
3.582596778869628906e-01
2.492701262235641479e-01
2.884318828582763672e-01
3.217577934265136719e-01
3.469046354293823242e-01
3.646330237388610840e-01
3.761119544506072998e-01
3.356167376041412354e-01
3.647612929344177246e-01
2.159085720777511597e-01
2.135894298553466797e-01
3.640072345733642578e-01
4.186434447765350342e-01
3.203946948051452637e-01
2.474879473447799683e-01
4.083299636840820312e-01
5.800435543060302734e-01
5.178405642509460449e-01
6.058222055435180664e-01
4.893856644630432129e-01
4.817443490028381348e-01
2.103473663330078125e+00
2.017653942108154297e+00
2.557741880416870117e+00
2.763863563537597656e+00
2.924890756607055664e+00
2.696898937225341797e+00
2.333468675613403320e+00
2.456240892410278320e+00
2.258219242095947266e+00
2.555098533630371094e+00
1.396209597587585449e+00
1.295438051223754883e+00
1.237755775451660156e+00
1.432984232902526855e+00
1.353911280632019043e+00
1.579691767692565918e+00
1.555460453033447266e+00
1.618706345558166504e+00
1.956827282905578613e+00
1.839211344718933105e+00
1.478706717491149902e+00
1.407042503356933594e+00
1.729776620864868164e+00
1.415790081024169922e+00
1.408534884452819824e+00
1.310369729995727539e+00
1.462748765945434570e+00
1.495178103446960449e+00
1.497974157333374023e+00
7.740596532821655273e-01
4.627825319766998291e-01
4.766837060451507568e-01
3.125045299530029297e-01
4.902367293834686279e-01
3.699296712875366211e-01
4.474399089813232422e-01
2.578819990158081055e-01
4.988176524639129639e-01
3.914910554885864258e-01
4.939197897911071777e-01
4.984498023986816406e-01
4.838395714759826660e-01
2.205753624439239502e-01
2.034305483102798462e-01
2.929311990737915039e-01
3.314877152442932129e-01
3.666753172874450684e-01
4.168075621128082275e-01
4.970477819442749023e-01
4.428517818450927734e-01
5.204480886459350586e-01
4.127774834632873535e-01
2.436050772666931152e-01
4.155285954475402832e-01
3.047371208667755127e-01
2.246237993240356445e-01
2.535847127437591553e-01
4.469437897205352783e-01
4.393011331558227539e-01
2.711299955844879150e-01
3.397696018218994141e-01
1.557731628417968750e+00
7.940561771392822266e-01
1.052693009376525879e+00
1.292242050170898438e+00
1.100082993507385254e+00
8.747637867927551270e-01
2.135376453399658203e+00
2.368662357330322266e+00
2.258186101913452148e+00
2.585696697235107422e+00
1.809824109077453613e+00
1.917204260826110840e+00
2.558142423629760742e+00
1.935235738754272461e+00
1.969679117202758789e+00
1.851562976837158203e+00
1.982797503471374512e+00
1.977152466773986816e+00
2.755061864852905273e+00
2.060009956359863281e+00
1.765486121177673340e+00
1.775469779968261719e+00
1.807815790176391602e+00
2.663101434707641602e+00
2.497965812683105469e+00
3.037711381912231445e+00
2.394233703613281250e+00
2.664749860763549805e+00
2.642068147659301758e+00
2.600825309753417969e+00
2.202701807022094727e+00
1.570022225379943848e+00
1.046636819839477539e+00
7.262734174728393555e-01
7.327975034713745117e-01
7.380936145782470703e-01
6.043903231620788574e-01
5.125359892845153809e-01
7.604731917381286621e-01
6.122316718101501465e-01
5.211157798767089844e-01
5.694529414176940918e-01
5.301174521446228027e-01
5.270711183547973633e-01
5.160378217697143555e-01
5.696519613265991211e-01
5.163884162902832031e-01
4.841802716255187988e-01
2.994659543037414551e-01
3.144517242908477783e-01
4.075065851211547852e-01
5.111964344978332520e-01
3.718639910221099854e-01
3.871682584285736084e-01
3.521311283111572266e-01
4.465400576591491699e-01
3.637246489524841309e-01
3.239428997039794922e-01
3.949750959873199463e-01
3.376656174659729004e-01
3.961945772171020508e-01
2.720783650875091553e-01
2.969905734062194824e-01
3.592954874038696289e-01
4.562362730503082275e-01
3.189866542816162109e-01
3.272364735603332520e-01
3.508741259574890137e-01
4.416068196296691895e-01
5.370389819145202637e-01
3.672783374786376953e-01
5.216047763824462891e-01
1.470015645027160645e+00
1.627187728881835938e+00
1.231418013572692871e+00
1.163048148155212402e+00
4.479637145996093750e-01
3.269459307193756104e-01
5.168828964233398438e-01
4.251760244369506836e-01
5.889523029327392578e-01
3.916475474834442139e-01
5.712406039237976074e-01
8.710231781005859375e-01
2.524159908294677734e+00
2.650831222534179688e+00
2.528040647506713867e+00
2.583208799362182617e+00
2.581409454345703125e+00
2.825642347335815430e+00
2.637786149978637695e+00
2.080221176147460938e+00
1.303654909133911133e+00
1.626329302787780762e+00
1.388721227645874023e+00
1.169890165328979492e+00
1.609708547592163086e+00
1.506508231163024902e+00
1.297549128532409668e+00
1.400673508644104004e+00
1.612364053726196289e+00
1.244430065155029297e+00
1.460563898086547852e+00
1.228102564811706543e+00
1.366263866424560547e+00
1.387895107269287109e+00
1.582910776138305664e+00
1.661304712295532227e+00
1.435529708862304688e+00
1.613707065582275391e+00
1.404668569564819336e+00
1.073709249496459961e+00
1.269201636314392090e+00
1.419439673423767090e+00
1.365539431571960449e+00
1.417154788970947266e+00
1.545162558555603027e+00
1.569566607475280762e+00
1.430691123008728027e+00
1.382532358169555664e+00
1.682183623313903809e+00
1.187796711921691895e+00
1.423921704292297363e+00
7.712728977203369141e-01
3.643926382064819336e-01
4.077228605747222900e-01
2.446852922439575195e-01
2.069587260484695435e-01
4.099663496017456055e-01
3.831475079059600830e-01
2.773827016353607178e-01
3.003918528556823730e-01
4.161075055599212646e-01
3.846133649349212646e-01
1.859666705131530762e-01
2.205663174390792847e-01
2.677947580814361572e-01
3.533530533313751221e-01
1.028662919998168945e+00
7.305545806884765625e-01
9.261711239814758301e-01
8.545399904251098633e-01
1.053435087203979492e+00
9.492885470390319824e-01
1.074969053268432617e+00
7.761444449424743652e-01
9.138813614845275879e-01
1.254603147506713867e+00
1.182525038719177246e+00
1.047115445137023926e+00
1.487442493438720703e+00
1.545142889022827148e+00
1.574708461761474609e+00
1.826245307922363281e+00
2.113709211349487305e+00
1.783531069755554199e+00
1.941505193710327148e+00
1.875971913337707520e+00
1.626512169837951660e+00
1.507966756820678711e+00
3.118154048919677734e+00
2.494004964828491211e+00
3.228767633438110352e+00
4.762137889862060547e+00
2.835847854614257812e+00
2.622651576995849609e+00
2.518950462341308594e+00
1.947811603546142578e+00
1.189330935478210449e+00
1.562808513641357422e+00
2.553671598434448242e+00
1.744492888450622559e+00
1.232481002807617188e+00
1.277439951896667480e+00
1.175749659538269043e+00
9.947109222412109375e-01
1.259962081909179688e+00
1.087060332298278809e+00
1.021387219429016113e+00
6.524519920349121094e-01
7.260675430297851562e-01
5.930352210998535156e-01
6.851050257682800293e-01
4.913188815116882324e-01
5.415053963661193848e-01
5.781857371330261230e-01
5.215302109718322754e-01
4.452770054340362549e-01
4.461195766925811768e-01
5.334334969520568848e-01
4.510552585124969482e-01
3.422403037548065186e-01
5.376540422439575195e-01
4.586058259010314941e-01
4.768325388431549072e-01
4.531033337116241455e-01
5.417627692222595215e-01
4.609285295009613037e-01
5.193867683410644531e-01
4.306185245513916016e-01
4.730905294418334961e-01
3.197327554225921631e-01
4.070414304733276367e-01
5.288689136505126953e-01
5.569722056388854980e-01
1.455496430397033691e+00
1.197916150093078613e+00
1.337567687034606934e+00
1.177780985832214355e+00
3.100176155567169189e-01
3.246780335903167725e-01
4.487843513488769531e-01
3.537458479404449463e-01
6.101531982421875000e-01
5.637854337692260742e-01
4.845053553581237793e-01
5.936640501022338867e-01
6.378036737442016602e-01
5.064337253570556641e-01
5.839425921440124512e-01
6.416848897933959961e-01
6.187390685081481934e-01
7.152258753776550293e-01
6.202695965766906738e-01
2.189239263534545898e-01
7.415370941162109375e-01
6.655588150024414062e-01
7.981649041175842285e-01
2.292212963104248047e+00
2.476827621459960938e+00
2.509578704833984375e+00
2.628993034362792969e+00
2.669817447662353516e+00
2.537368535995483398e+00
2.588013410568237305e+00
2.251811981201171875e+00
1.977094054222106934e+00
1.112486720085144043e+00
1.463281035423278809e+00
1.555227756500244141e+00
1.244620323181152344e+00
1.433331727981567383e+00
1.176365494728088379e+00
1.366500616073608398e+00
1.268315792083740234e+00
1.290031433105468750e+00
1.439696311950683594e+00
1.423263072967529297e+00
1.356661915779113770e+00
1.334881782531738281e+00
1.139742732048034668e+00
1.402714967727661133e+00
1.213493704795837402e+00
1.214363098144531250e+00
1.311863303184509277e+00
1.392192363739013672e+00
1.389091253280639648e+00
1.257293224334716797e+00
1.196261763572692871e+00
1.282617688179016113e+00
1.403678417205810547e+00
1.168278217315673828e+00
1.298337101936340332e+00
1.290534377098083496e+00
2.208136081695556641e+00
1.249717712402343750e+00
1.164002537727355957e+00
7.819808125495910645e-01
7.121680378913879395e-01
1.399125099182128906e+00
4.850628674030303955e-01
4.355553090572357178e-01
3.355270922183990479e-01
9.964166283607482910e-01
5.090036988258361816e-01
3.500172793865203857e-01
4.718801379203796387e-01
3.439062833786010742e-01
2.854746282100677490e-01
3.326263129711151123e-01
3.638235926628112793e-01
3.175917863845825195e-01
4.210829138755798340e-01
2.723585069179534912e-01
3.239555060863494873e-01
3.388919234275817871e-01
4.041508138179779053e-01
5.675359368324279785e-01
6.543951034545898438e-01
6.008355021476745605e-01
7.454748153686523438e-01
6.593011617660522461e-01
6.887814998626708984e-01
7.533493638038635254e-01
6.446336507797241211e-01
6.153832674026489258e-01
8.669643402099609375e-01
2.972381353378295898e+00
3.617698669433593750e+00
3.007741212844848633e+00
3.125830173492431641e+00
3.447863817214965820e+00
2.275088548660278320e+00
2.431402206420898438e+00
3.193364143371582031e+00
2.735188961029052734e+00
2.767432212829589844e+00
3.366418600082397461e+00
2.877885580062866211e+00
1.370540857315063477e+00
1.714425206184387207e+00
1.868323206901550293e+00
1.825666189193725586e+00
2.736135959625244141e+00
1.667701125144958496e+00
2.771109104156494141e+00
2.102104902267456055e+00
9.702827930450439453e-01
1.198850870132446289e+00
1.630238771438598633e+00
7.249078750610351562e-01
6.420392990112304688e-01
1.280419707298278809e+00
8.424448966979980469e-01
5.288152098655700684e-01
1.033129930496215820e+00
5.709782838821411133e-01
2.661545574665069580e-01
3.597038984298706055e-01
4.816426634788513184e-01
5.212015509605407715e-01
2.422855645418167114e-01
3.437845706939697266e-01
4.310874938964843750e-01
3.229229748249053955e-01
3.526664376258850098e-01
2.457323521375656128e-01
3.001342117786407471e-01
4.614978432655334473e-01
2.638027966022491455e-01
3.887604773044586182e-01
3.604310750961303711e-01
2.847197651863098145e-01
3.648692965507507324e-01
2.618547976016998291e-01
1.225597381591796875e+00
1.147748827934265137e+00
9.178922772407531738e-01
3.053963482379913330e-01
1.826662570238113403e-01
3.308178186416625977e-01
2.666397094726562500e-01
4.074843823909759521e-01
4.134397208690643311e-01
3.159258067607879639e-01
2.919759452342987061e-01
4.314383566379547119e-01
4.078270196914672852e-01
2.315554618835449219e-01
2.890647649765014648e-01
2.351020127534866333e-01
4.188476502895355225e-01
1.521413326263427734e-01
3.037750422954559326e-01
4.819592535495758057e-01
4.783576130867004395e-01
4.288944602012634277e-01
4.314761757850646973e-01
4.314166903495788574e-01
4.017902612686157227e-01
4.942868053913116455e-01
1.457404136657714844e+00
1.964401721954345703e+00
2.318742275238037109e+00
2.400564670562744141e+00
2.689145088195800781e+00
2.126672744750976562e+00
2.230062961578369141e+00
2.392909288406372070e+00
1.943113923072814941e+00
1.838302373886108398e+00
1.577820062637329102e+00
1.688348054885864258e+00
1.450053334236145020e+00
1.502397298812866211e+00
1.494319915771484375e+00
1.616206645965576172e+00
1.449206113815307617e+00
1.512681126594543457e+00
1.530161738395690918e+00
1.203725934028625488e+00
1.396399259567260742e+00
1.392712950706481934e+00
1.348893642425537109e+00
1.241662979125976562e+00
1.403141736984252930e+00
1.197462797164916992e+00
1.335345625877380371e+00
1.342335104942321777e+00
1.396335124969482422e+00
1.104454040527343750e+00
1.390987992286682129e+00
1.428056716918945312e+00
1.408236145973205566e+00
1.426060795783996582e+00
1.455662012100219727e+00
1.543652057647705078e+00
1.372844934463500977e+00
1.608797192573547363e+00
2.005581855773925781e+00
1.593288183212280273e+00
1.490558147430419922e+00
1.394515872001647949e+00
1.628085970878601074e+00
1.402320623397827148e+00
1.352878808975219727e+00
2.014106988906860352e+00
1.676207184791564941e+00
1.262754917144775391e+00
1.266485571861267090e+00
1.493423104286193848e+00
1.179962754249572754e+00
1.687476158142089844e+00
1.682417631149291992e+00
1.737715601921081543e+00
1.705824613571166992e+00
1.484928488731384277e+00
1.685191273689270020e+00
1.820881247520446777e+00
1.490417003631591797e+00
1.606075167655944824e+00
1.084508419036865234e+00
1.742194652557373047e+00
1.049739360809326172e+00
1.477170944213867188e+00
7.571971416473388672e-01
7.879265546798706055e-01
6.043034195899963379e-01
6.540935635566711426e-01
5.878882408142089844e-01
9.034944176673889160e-01
1.338542699813842773e+00
1.296919822692871094e+00
1.297946810722351074e+00
1.444053649902343750e+00
1.609018087387084961e+00
1.462860345840454102e+00
1.231934785842895508e+00
1.566475033760070801e+00
1.722896695137023926e+00
1.618854165077209473e+00
1.706931591033935547e+00
1.907466053962707520e+00
2.866024971008300781e+00
1.734198570251464844e+00
1.282516717910766602e+00
9.829255342483520508e-01
1.529866576194763184e+00
1.120144128799438477e+00
2.447824954986572266e+00
2.195887565612792969e+00
1.916175484657287598e+00
1.996165275573730469e+00
1.683902740478515625e+00
8.469305038452148438e-01
5.306327342987060547e-01
3.327762484550476074e-01
3.787814080715179443e-01
4.608633220195770264e-01
4.940450489521026611e-01
2.469290643930435181e-01
3.872156739234924316e-01
4.065836966037750244e-01
2.878222763538360596e-01
2.954380810260772705e-01
4.075219333171844482e-01
4.506616592407226562e-01
3.503020703792572021e-01
3.618254363536834717e-01
3.064883351325988770e-01
2.816375195980072021e-01
3.156317174434661865e-01
3.517027199268341064e-01
2.452946156263351440e-01
3.485656678676605225e-01
3.516722917556762695e-01
3.699324131011962891e-01
2.536992728710174561e-01
2.253005355596542358e-01
2.810194492340087891e-01
2.376620769500732422e-01
4.961950778961181641e-01
2.467286884784698486e-01
3.223035335540771484e-01
3.544239699840545654e-01
3.062041103839874268e-01
4.837189614772796631e-01
3.293905854225158691e-01
2.417107820510864258e-01
3.547150492668151855e-01
4.786881804466247559e-01
2.763145565986633301e-01
3.158060312271118164e-01
4.201773107051849365e-01
3.942769765853881836e-01
3.933595716953277588e-01
4.339038729667663574e-01
4.200553297996520996e-01
1.312750339508056641e+00
1.475062012672424316e+00
1.559868454933166504e+00
1.206848502159118652e+00
6.978691816329956055e-01
5.730049610137939453e-01
6.531136631965637207e-01
4.435466229915618896e-01
1.835910558700561523e+00
2.098669052124023438e+00
2.310929775238037109e+00
2.867250680923461914e+00
2.129334688186645508e+00
2.607293367385864258e+00
2.366660594940185547e+00
2.596704959869384766e+00
2.347983121871948242e+00
2.313822746276855469e+00
2.192461252212524414e+00
1.276046991348266602e+00
1.906817555427551270e+00
1.512852191925048828e+00
2.594904184341430664e+00
1.388483881950378418e+00
1.411064028739929199e+00
1.598580479621887207e+00
1.403565287590026855e+00
1.715326428413391113e+00
7.697305679321289062e-01
2.659780979156494141e+00
1.184348583221435547e+00
7.865190505981445312e-01
9.058985710144042969e-01
2.122201204299926758e+00
1.900488853454589844e+00
2.571957349777221680e+00
2.937074422836303711e+00
3.240534782409667969e+00
2.462456703186035156e+00
1.509225845336914062e+00
2.451493501663208008e+00
1.806886672973632812e+00
1.253169655799865723e+00
1.207680106163024902e+00
7.017260193824768066e-01
5.686506628990173340e-01
1.984382629394531250e+00
6.061031222343444824e-01
7.718279361724853516e-01
1.933039903640747070e+00
1.691398739814758301e+00
1.366659641265869141e+00
9.640799760818481445e-01
1.246375322341918945e+00
2.190988063812255859e+00
7.240907549858093262e-01
4.475492835044860840e-01
6.127209663391113281e-01
6.067132949829101562e-01
1.773443460464477539e+00
1.893778443336486816e+00
1.462107062339782715e+00
1.175899505615234375e+00
1.479496717453002930e+00
1.581744313240051270e+00
1.705332279205322266e+00
1.315734744071960449e+00
1.595506429672241211e+00
1.652054786682128906e+00
1.386277914047241211e+00
1.340803146362304688e+00
1.970480680465698242e+00
1.976545572280883789e+00
2.145078420639038086e+00
2.009773731231689453e+00
2.264770984649658203e+00
3.116177082061767578e+00
5.139267444610595703e+00
4.601223468780517578e+00
5.362369060516357422e+00
4.564463615417480469e+00
3.790452957153320312e+00
4.127704620361328125e+00
3.690035581588745117e+00
2.950472593307495117e+00
2.927275657653808594e+00
3.051748991012573242e+00
3.166684627532958984e+00
2.597132444381713867e+00
2.540656805038452148e+00
2.006906747817993164e+00
1.523766756057739258e+00
1.683657765388488770e+00
1.618305683135986328e+00
1.783888697624206543e+00
1.728431105613708496e+00
2.551991462707519531e+00
1.906635761260986328e+00
1.645554542541503906e+00
1.709604144096374512e+00
1.821419358253479004e+00
1.486292123794555664e+00
2.036391496658325195e+00
1.203659653663635254e+00
8.881899118423461914e-01
9.081963300704956055e-01
8.593950867652893066e-01
7.837185859680175781e-01
5.339717864990234375e-01
8.466780781745910645e-01
6.031102538108825684e-01
4.522865116596221924e-01
7.269490957260131836e-01
7.638037204742431641e-01
5.609471201896667480e-01
6.066538095474243164e-01
5.259782671928405762e-01
2.659029364585876465e-01
4.545020461082458496e-01
4.155335426330566406e-01
2.833057045936584473e-01
3.359387814998626709e-01
3.498936593532562256e-01
8.698807358741760254e-01
1.078857898712158203e+00
1.129663825035095215e+00
9.060285091400146484e-01
3.502056002616882324e-01
2.935246229171752930e-01
3.404871821403503418e-01
3.276868164539337158e-01
3.923492431640625000e-01
3.963954746723175049e-01
3.422046601772308350e-01
4.052348732948303223e-01
1.915609985589981079e-01
3.793065547943115234e-01
3.868231475353240967e-01
3.040497004985809326e-01
6.015988588333129883e-01
6.556202769279479980e-01
2.861784994602203369e-01
2.722491323947906494e-01
1.653221547603607178e-01
3.241698443889617920e-01
2.451142519712448120e-01
3.001391291618347168e-01
3.347873091697692871e-01
1.063861772418022156e-01
4.461094439029693604e-01
3.587388098239898682e-01
6.254495382308959961e-01
6.219912171363830566e-01
1.438192844390869141e+00
1.663755774497985840e+00
1.688032031059265137e+00
2.204355716705322266e+00
2.218503236770629883e+00
2.857717990875244141e+00
1.896239876747131348e+00
1.722534894943237305e+00
1.805006384849548340e+00
1.509858489036560059e+00
1.453401207923889160e+00
1.432642340660095215e+00
1.609663009643554688e+00
1.471530556678771973e+00
1.549976825714111328e+00
1.068321585655212402e+00
1.348666787147521973e+00
1.521519780158996582e+00
2.921404242515563965e-01
3.355983793735504150e-01
2.971141934394836426e-01
4.338334202766418457e-01
2.832144200801849365e-01
2.483727335929870605e-01
4.920104146003723145e-01
3.227900564670562744e-01
5.081172287464141846e-02
2.892906069755554199e-01
4.705718457698822021e-01
2.621499896049499512e-01
2.888942658901214600e-01
4.884211122989654541e-01
5.157377123832702637e-01
4.118913412094116211e-01
4.489096105098724365e-01
5.581680536270141602e-01
3.697805702686309814e-01
5.311551690101623535e-01
4.516130387783050537e-01
3.899974822998046875e-01
2.910939157009124756e-01
4.347020387649536133e-01
4.704235792160034180e-01
4.489773213863372803e-01
2.804761826992034912e-01
4.067248702049255371e-01
3.597277402877807617e-01
2.532198727130889893e-01
2.998102307319641113e-01
4.021208286285400391e-01
4.434005320072174072e-01
3.595049083232879639e-01
2.868045568466186523e-01
2.849198579788208008e-01
4.154315888881683350e-01
5.065236091613769531e-01
4.740605652332305908e-01
3.116178214550018311e-01
4.391067922115325928e-01
4.260690510272979736e-01
3.731465041637420654e-01
4.148140251636505127e-01
4.622406363487243652e-01
3.769449293613433838e-01
1.638914823532104492e+00
1.100604295730590820e+00
1.220975995063781738e+00
6.719307899475097656e-01
1.448064744472503662e-01
5.356199741363525391e-01
2.334264516830444336e-01
4.294980168342590332e-01
5.365990400314331055e-01
5.132924914360046387e-01
5.279707312583923340e-01
4.937246441841125488e-01
3.131141066551208496e-01
4.414174258708953857e-01
3.974137604236602783e-01
6.030157208442687988e-01
6.303766965866088867e-01
3.985205590724945068e-01
3.545544445514678955e-01
1.521111845970153809e+00
1.765878081321716309e+00
1.451122045516967773e+00
1.427226781845092773e+00
1.393079161643981934e+00
6.009106040000915527e-01
9.496273398399353027e-01
1.420485019683837891e+00
2.129104375839233398e+00
2.002244710922241211e+00
1.826187849044799805e+00
1.390155315399169922e+00
8.840307593345642090e-01
3.728192150592803955e-01
1.950735747814178467e-01
3.823953866958618164e-01
5.196723937988281250e-01
4.438848495483398438e-01
2.289597541093826294e-01
2.995369434356689453e-01
3.768158555030822754e-01
3.381398022174835205e-01
1.985151469707489014e-01
5.751698017120361328e-01
3.844003975391387939e-01
1.904722899198532104e-01
2.251851409673690796e-01
3.317097425460815430e-01
1.741204261779785156e-01
2.168725728988647461e-01
4.423186779022216797e-01
3.558777868747711182e-01
2.695599496364593506e-01
2.498238086700439453e-01
2.885228693485260010e-01
2.933006584644317627e-01
3.244000971317291260e-01
3.665563464164733887e-01
3.223394155502319336e-01
4.027424752712249756e-01
4.630344510078430176e-01
3.944899439811706543e-01
3.621126711368560791e-01
4.508710801601409912e-01
4.799314737319946289e-01
2.755903899669647217e-01
4.317483603954315186e-01
5.023987293243408203e-01
3.428153693675994873e-01
3.743958175182342529e-01
4.592354297637939453e-01
3.766146600246429443e-01
2.853066027164459229e-01
3.108094930648803711e-01
2.438251674175262451e-01
3.806315660476684570e-01
3.264336287975311279e-01
4.445840716361999512e-01
8.675796389579772949e-01
9.864891171455383301e-01
2.006226301193237305e+00
2.390156984329223633e+00
2.099611282348632812e+00
2.156713008880615234e+00
2.107281684875488281e+00
2.069142341613769531e+00
2.220066547393798828e+00
2.105151176452636719e+00
2.079117774963378906e+00
1.782434940338134766e+00
2.454224348068237305e+00
2.080301761627197266e+00
2.384554624557495117e+00
2.487799882888793945e+00
1.386509776115417480e+00
1.650276422500610352e+00
1.630256533622741699e+00
1.402059674263000488e+00
1.587859988212585449e+00
1.752860546112060547e+00
2.517093896865844727e+00
2.466203212738037109e+00
3.038689613342285156e+00
3.045698404312133789e+00
2.564396619796752930e+00
1.783366799354553223e+00
2.735830068588256836e+00
2.584944725036621094e+00
2.551535367965698242e+00
3.066287994384765625e+00
1.941542506217956543e+00
1.971976399421691895e+00
2.444072484970092773e+00
1.954281449317932129e+00
1.933495521545410156e+00
1.873603224754333496e+00
2.415651798248291016e+00
1.896242022514343262e+00
1.873164892196655273e+00
1.690454006195068359e+00
1.909506440162658691e+00
1.566989541053771973e+00
2.290934085845947266e+00
2.271219968795776367e+00
1.254989147186279297e+00
1.757921576499938965e+00
1.321591615676879883e+00
1.637427210807800293e+00
1.786015748977661133e+00
1.944728016853332520e+00
2.938776969909667969e+00
2.431016921997070312e+00
6.755480170249938965e-01
5.826307535171508789e-01
7.082005143165588379e-01
7.372639179229736328e-01
5.052748322486877441e-01
1.292131304740905762e+00
8.728404045104980469e-01
7.324458360671997070e-01
1.004399776458740234e+00
7.393396496772766113e-01
7.487713694572448730e-01
7.210124135017395020e-01
6.560816168785095215e-01
8.699761033058166504e-01
6.932108998298645020e-01
9.724613428115844727e-01
1.118631958961486816e+00
3.504434585571289062e+00
4.293850421905517578e+00
4.898525238037109375e+00
3.392209768295288086e+00
3.094613313674926758e+00
3.599630832672119141e+00
1.844479441642761230e+00
1.423250198364257812e+00
2.007668256759643555e+00
3.688837766647338867e+00
3.018812417984008789e+00
1.503679037094116211e+00
1.069953322410583496e+00
1.852042317390441895e+00
1.742954969406127930e+00
1.784907341003417969e+00
1.938202619552612305e+00
1.704418182373046875e+00
1.757930278778076172e+00
2.380353450775146484e+00
2.408985137939453125e+00
2.713742733001708984e+00
1.959006309509277344e+00
2.013689756393432617e+00
1.882976174354553223e+00
1.181615829467773438e+00
5.626487731933593750e-01
3.577704131603240967e-01
2.814281284809112549e-01
5.690785646438598633e-01
4.289520084857940674e-01
8.881594985723495483e-02
1.602453142404556274e-01
5.331100225448608398e-01
3.494307100772857666e-01
3.177841901779174805e-01
2.349638640880584717e-01
2.232193201780319214e-01
4.027740061283111572e-01
4.883377850055694580e-01
5.187864899635314941e-01
4.038161337375640869e-01
3.575278520584106445e-01
6.599546074867248535e-01
3.723318874835968018e-01
4.109818637371063232e-01
2.529501616954803467e-01
3.247432708740234375e-01
3.260863423347473145e-01
3.171364963054656982e-01
1.993804723024368286e-01
2.577984035015106201e-01
4.162135720252990723e-01
2.631934881210327148e-01
2.211772799491882324e-01
2.951626181602478027e-01
1.581945121288299561e-01
1.961047202348709106e-01
2.476507574319839478e-01
3.020597398281097412e-01
6.540003418922424316e-02
2.712097465991973877e-01
4.058894217014312744e-01
4.988727271556854248e-01
2.866812050342559814e-01
4.606623947620391846e-01
6.035707592964172363e-01
5.613358020782470703e-01
5.041885972023010254e-01
3.924846351146697998e-01
3.744462728500366211e-01
5.488725900650024414e-01
5.039194226264953613e-01
7.218763232231140137e-01
7.911368012428283691e-01
1.628832101821899414e+00
1.767570018768310547e+00
2.545585393905639648e+00
2.168095111846923828e+00
2.372450113296508789e+00
2.211136341094970703e+00
2.497938871383666992e+00
2.444502115249633789e+00
1.929292440414428711e+00
2.274322986602783203e+00
1.752883076667785645e+00
1.541944146156311035e+00
1.331234097480773926e+00
1.176012992858886719e+00
1.341638565063476562e+00
1.194206237792968750e+00
1.275016665458679199e+00
1.337850332260131836e+00
1.275467753410339355e+00
1.665417313575744629e+00
1.477612853050231934e+00
1.455751299858093262e+00
1.574844360351562500e+00
1.498047351837158203e+00
1.537763595581054688e+00
1.549223065376281738e+00
1.475500941276550293e+00
1.277595639228820801e+00
1.932223081588745117e+00
2.642106056213378906e+00
1.566319346427917480e+00
1.336276173591613770e+00
1.762273430824279785e+00
1.735037088394165039e+00
1.179034352302551270e+00
8.499357104301452637e-01
3.018412888050079346e-01
5.127686858177185059e-01
5.963680148124694824e-01
1.950442194938659668e+00
4.418697059154510498e-01
7.093744874000549316e-01
6.707776188850402832e-01
5.305765271186828613e-01
1.564482450485229492e+00
1.648259878158569336e+00
1.768841624259948730e+00
2.230185985565185547e+00
4.882654249668121338e-01
3.825486004352569580e-01
3.924684822559356689e-01
3.291482925415039062e-01
3.752427995204925537e-01
6.528573632240295410e-01
9.233599901199340820e-01
4.034743309020996094e-01
7.806404829025268555e-01
6.586564779281616211e-01
6.616224646568298340e-01
5.427810549736022949e-01
7.442635893821716309e-01
1.180875182151794434e+00
1.191915035247802734e+00
1.584640622138977051e+00
6.265272498130798340e-01
6.256548166275024414e-01
1.026373386383056641e+00
1.522194862365722656e+00
1.556143283843994141e+00
1.825858831405639648e+00
1.841477513313293457e+00
2.096004247665405273e+00
2.015536308288574219e+00
3.229132890701293945e+00
2.668679237365722656e+00
2.755346298217773438e+00
2.582749128341674805e+00
2.278500556945800781e+00
1.817071914672851562e+00
1.755835890769958496e+00
3.335493087768554688e+00
2.660465717315673828e+00
2.962792634963989258e+00
2.520709276199340820e+00
2.823504686355590820e+00
2.427201271057128906e+00
2.074303388595581055e+00
1.125641226768493652e+00
1.307532906532287598e+00
1.139974117279052734e+00
1.087581872940063477e+00
1.233404755592346191e+00
8.100171685218811035e-01
8.470634222030639648e-01
7.208185791969299316e-01
9.297941327095031738e-01
5.843359231948852539e-01
6.358241438865661621e-01
4.902764856815338135e-01
6.700279712677001953e-01
4.266400039196014404e-01
7.437893748283386230e-01
6.140237450599670410e-01
2.365771979093551636e-01
3.810320198535919189e-01
9.873341321945190430e-01
3.806586861610412598e-01
3.966021537780761719e-01
3.666383028030395508e-01
2.668198049068450928e-01
2.699952125549316406e-01
2.866809368133544922e-01
4.213537275791168213e-01
3.308624923229217529e-01
3.920995295047760010e-01
1.615220606327056885e-01
3.025761544704437256e-01
3.038992285728454590e-01
3.108851611614227295e-01
3.405902385711669922e-01
1.144202589988708496e+00
1.047457575798034668e+00
1.129955530166625977e+00
8.841406702995300293e-01
1.242888793349266052e-01
1.199614182114601135e-01
3.938428163528442383e-01
4.366073012351989746e-01
4.486368894577026367e-01
4.027501642704010010e-01
3.927261233329772949e-01
3.260257840156555176e-01
1.984241455793380737e-01
3.130905330181121826e-01
3.516591191291809082e-01
3.351694047451019287e-01
3.809511661529541016e-01
5.751185417175292969e-01
2.923591434955596924e-01
5.763525366783142090e-01
5.183306932449340820e-01
7.177500724792480469e-01
4.641971588134765625e-01
7.061733007431030273e-01
2.071491718292236328e+00
1.762424707412719727e+00
2.112255811691284180e+00
2.071476221084594727e+00
2.601496219635009766e+00
1.982609510421752930e+00
3.229328393936157227e+00
2.542550086975097656e+00
1.859352588653564453e+00
1.819262742996215820e+00
1.495579719543457031e+00
1.992517828941345215e+00
1.083357453346252441e+00
2.471768617630004883e+00
1.740739107131958008e+00
1.193213701248168945e+00
1.445885181427001953e+00
1.589981198310852051e+00
1.622683286666870117e+00
1.533591270446777344e+00
1.518953680992126465e+00
1.324212312698364258e+00
1.795028567314147949e+00
1.177011609077453613e+00
1.396333217620849609e+00
1.487403273582458496e+00
1.434250831604003906e+00
1.306921124458312988e+00
1.179423093795776367e+00
1.476314663887023926e+00
1.561802268028259277e+00
1.314968347549438477e+00
1.146895051002502441e+00
1.261329293251037598e+00
2.016388416290283203e+00
1.580648660659790039e+00
1.435422897338867188e+00
1.684605002403259277e+00
1.104576826095581055e+00
2.063709020614624023e+00
2.912346363067626953e+00
1.713953495025634766e+00
1.525026321411132812e+00
1.889269828796386719e+00
1.523017644882202148e+00
1.134398102760314941e+00
1.825966358184814453e+00
2.927524089813232422e+00
2.010203361511230469e+00
8.949524760246276855e-01
1.478300213813781738e+00
1.623061180114746094e+00
1.369960069656372070e+00
1.437766075134277344e+00
1.781504869461059570e+00
1.523297786712646484e+00
4.090944230556488037e-01
4.582467675209045410e-01
1.117368340492248535e+00
8.560009598731994629e-01
7.871749401092529297e-01
2.364553451538085938e+00
2.399430274963378906e+00
2.493087768554687500e+00
2.214195728302001953e+00
2.262336492538452148e+00
7.023643851280212402e-01
1.078214287757873535e+00
2.306416749954223633e+00
2.407973289489746094e+00
2.345621109008789062e+00
2.475615024566650391e+00
2.472724676132202148e+00
1.857451915740966797e+00
1.611784815788269043e+00
1.828155517578125000e+00
1.706490635871887207e+00
1.536669373512268066e+00
1.639438033103942871e+00
2.156184673309326172e+00
2.869276285171508789e+00
2.795984029769897461e+00
2.458298206329345703e+00
1.730681180953979492e+00
1.867095232009887695e+00
1.759649395942687988e+00
1.893032073974609375e+00
2.059125900268554688e+00
2.056043863296508789e+00
1.319821715354919434e+00
7.355535626411437988e-01
8.609601855278015137e-01
6.141520142555236816e-01
7.785170078277587891e-01
4.057430326938629150e-01
5.480228662490844727e-01
3.533530533313751221e-01
3.171611726284027100e-01
3.603910803794860840e-01
4.702426791191101074e-01
4.184181392192840576e-01
3.018637597560882568e-01
3.604524731636047363e-01
5.048593282699584961e-01
3.264634907245635986e-01
4.148192405700683594e-01
3.093888461589813232e-01
5.274891257286071777e-01
2.112179398536682129e-01
1.985093951225280762e-01
2.168363928794860840e-01
3.192127943038940430e-01
3.684396743774414062e-01
3.642339110374450684e-01
2.996073961257934570e-01
4.269724786281585693e-01
2.355433106422424316e-01
3.099660873413085938e-01
2.888537049293518066e-01
2.633974254131317139e-01
2.991773188114166260e-01
3.953040242195129395e-01
3.283281922340393066e-01
2.138753235340118408e-01
2.053286731243133545e-01
4.787002205848693848e-01
2.255269438028335571e-01
3.652154803276062012e-01
2.453266829252243042e-01
4.318681359291076660e-01
3.150434792041778564e-01
3.531313240528106689e-01
3.845210075378417969e-01
1.394020080566406250e+00
1.291421413421630859e+00
1.567366480827331543e+00
1.155447125434875488e+00
4.698778390884399414e-01
4.684813022613525391e-01
6.785272359848022461e-01
4.845903217792510986e-01
6.494297981262207031e-01
1.778354167938232422e+00
1.059475660324096680e+00
2.225939273834228516e+00
1.906736373901367188e+00
2.089802026748657227e+00
2.860468387603759766e+00
1.955872297286987305e+00
2.575395584106445312e+00
2.815916538238525391e+00
1.864280819892883301e+00
2.178608179092407227e+00
1.951177597045898438e+00
1.975480198860168457e+00
1.646022200584411621e+00
1.113033533096313477e+00
1.874112963676452637e+00
1.232682704925537109e+00
1.216533422470092773e+00
8.236735463142395020e-01
9.620069265365600586e-01
9.893194437026977539e-01
8.604574799537658691e-01
8.927972316741943359e-01
1.197702407836914062e+00
1.007409095764160156e+00
8.026307821273803711e-01
8.359213471412658691e-01
3.189540505409240723e-01
5.033640861511230469e-01
6.204667091369628906e-01
1.524009943008422852e+00
1.567611813545227051e+00
1.324233055114746094e+00
3.546805083751678467e-01
4.036478400230407715e-01
6.913939118385314941e-01
6.577650904655456543e-01
6.137720942497253418e-01
4.737771451473236084e-01
4.515091776847839355e-01
5.248323082923889160e-01
7.225503325462341309e-01
2.710326910018920898e-01
5.215354561805725098e-01
4.991309344768524170e-01
4.355747699737548828e-01
2.392052561044692993e-01
4.325048625469207764e-01
4.669652879238128662e-01
3.129712939262390137e-01
3.371522128582000732e-01
3.835539817810058594e-01
4.050213396549224854e-01
4.602603018283843994e-01
4.596860706806182861e-01
3.690846264362335205e-01
4.011976718902587891e-01
4.252336025238037109e-01
6.145039796829223633e-01
5.311036705970764160e-01
6.552014946937561035e-01
7.096162438392639160e-01
7.407844662666320801e-01
6.951542496681213379e-01
1.385221004486083984e+00
1.576680302619934082e+00
1.898996114730834961e+00
1.746041536331176758e+00
1.846576333045959473e+00
1.824198961257934570e+00
1.724014520645141602e+00
1.820490717887878418e+00
2.121309518814086914e+00
2.486012220382690430e+00
2.511654138565063477e+00
3.005786180496215820e+00
3.070316553115844727e+00
2.987262248992919922e+00
2.602083683013916016e+00
1.883502483367919922e+00
1.563414573669433594e+00
1.309761524200439453e+00
2.625718832015991211e+00
1.962463259696960449e+00
1.659654974937438965e+00
1.518815517425537109e+00
1.538746476173400879e+00
1.537803649902343750e+00
1.432336449623107910e+00
1.715337991714477539e+00
1.590463876724243164e+00
1.297252774238586426e+00
8.658196926116943359e-01
1.247210741043090820e+00
1.325400710105895996e+00
9.309521913528442383e-01
8.339083790779113770e-01
1.010643959045410156e+00
1.862627148628234863e+00
1.716886281967163086e+00
1.502113103866577148e+00
1.517248511314392090e+00
5.838124155998229980e-01
4.844765663146972656e-01
4.979657530784606934e-01
5.147764682769775391e-01
3.981423079967498779e-01
4.559413194656372070e-01
4.705271720886230469e-01
3.061947822570800781e-01
2.963256239891052246e-01
3.698825240135192871e-01
3.384717404842376709e-01
2.295112311840057373e-01
2.461352646350860596e-01
3.662375807762145996e-01
2.630046308040618896e-01
2.116589546203613281e-01
2.565414011478424072e-01
3.841841518878936768e-01
2.386967986822128296e-01
2.051743566989898682e-01
3.116775751113891602e-01
3.443659245967864990e-01
2.450402528047561646e-01
2.721427679061889648e-01
3.341335952281951904e-01
3.385550677776336670e-01
2.343948334455490112e-01
4.279279708862304688e-01
3.403260111808776855e-01
2.807121872901916504e-01
3.212526142597198486e-01
4.916486144065856934e-01
4.216248095035552979e-01
3.716691136360168457e-01
4.448875188827514648e-01
