1.626971244812011719e+00
1.380167484283447266e+00
1.366765975952148438e+00
1.640618324279785156e+00
9.964393973350524902e-01
1.450173974037170410e+00
1.894057750701904297e+00
1.569042325019836426e+00
1.306163787841796875e+00
1.728479027748107910e+00
1.602487444877624512e+00
1.317904233932495117e+00
1.549596190452575684e+00
1.510022401809692383e+00
1.368186593055725098e+00
1.203643441200256348e+00
1.320621013641357422e+00
1.333160519599914551e+00
8.982794284820556641e-01
1.073437929153442383e+00
1.340793609619140625e+00
1.052766203880310059e+00
9.311890006065368652e-01
1.270507454872131348e+00
4.864218533039093018e-01
4.217399358749389648e-01
4.089091420173645020e-01
3.101283609867095947e-01
3.987307846546173096e-01
2.268988043069839478e-01
4.118619859218597412e-01
9.556837677955627441e-01
5.394370555877685547e-01
2.675795853137969971e-01
4.561340212821960449e-01
3.527555167675018311e-01
2.253866046667098999e-01
7.059841156005859375e-01
3.951593041419982910e-01
3.197656571865081787e-01
5.062478780746459961e-01
3.804882168769836426e-01
3.054032027721405029e-01
3.589605689048767090e-01
4.426867663860321045e-01
4.110344946384429932e-01
3.745920956134796143e-01
4.285948574542999268e-01
4.413837194442749023e-01
3.847095966339111328e-01
2.394818216562271118e-01
3.952694833278656006e-01
2.676327824592590332e-01
2.034505456686019897e-01
5.560511946678161621e-01
2.600865960121154785e-01
1.498143076896667480e+00
1.555297613143920898e+00
2.066793441772460938e+00
1.515773296356201172e+00
1.632517337799072266e+00
5.300396084785461426e-01
4.895196855068206787e-01
4.055780172348022461e-01
7.930009365081787109e-01
1.481425315141677856e-01
5.870566368103027344e-01
5.904831290245056152e-01
4.112795293331146240e-01
3.169235289096832275e-01
4.543063342571258545e-01
5.936549901962280273e-01
5.021950602531433105e-01
4.012198746204376221e-01
5.939269065856933594e-01
5.048680901527404785e-01
5.505172014236450195e-01
1.784043550491333008e+00
1.512662529945373535e+00
2.384877204895019531e+00
1.849498510360717773e+00
2.080223560333251953e+00
1.650200486183166504e+00
1.789018988609313965e+00
1.611542820930480957e+00
1.499397873878479004e+00
1.289253592491149902e+00
1.456293463706970215e+00
1.392784953117370605e+00
1.188234806060791016e+00
1.421578407287597656e+00
1.404453396797180176e+00
1.453899741172790527e+00
1.414027810096740723e+00
1.640117526054382324e+00
1.486033678054809570e+00
1.415273070335388184e+00
1.745945096015930176e+00
2.069279432296752930e+00
1.314756751060485840e+00
1.267525792121887207e+00
1.536594629287719727e+00
1.406605601310729980e+00
1.293216466903686523e+00
1.489707350730895996e+00
1.468470335006713867e+00
1.271696448326110840e+00
1.139956831932067871e+00
1.352344274520874023e+00
1.400130271911621094e+00
6.395817399024963379e-01
3.336761295795440674e-01
5.985736846923828125e-01
2.843812406063079834e-01
2.948548197746276855e-01
3.216328024864196777e-01
2.859874665737152100e-01
2.293454110622406006e-01
4.473911225795745850e-01
5.255016088485717773e-01
2.033699601888656616e-01
2.534586191177368164e-01
4.900837838649749756e-01
1.094821095466613770e+00
3.181298375129699707e-01
6.104259490966796875e-01
2.870983779430389404e-01
2.717269659042358398e-01
1.071160674095153809e+00
1.407131791114807129e+00
1.415068864822387695e+00
1.494717597961425781e+00
1.592525601387023926e+00
1.439013242721557617e+00
1.347237348556518555e+00
1.424551606178283691e+00
1.337606310844421387e+00
1.310171842575073242e+00
1.341250181198120117e+00
1.237270593643188477e+00
1.116094708442687988e+00
1.108829975128173828e+00
1.204650163650512695e+00
1.916440010070800781e+00
1.137021183967590332e+00
1.539896965026855469e+00
1.532305002212524414e+00
1.979512929916381836e+00
1.358419656753540039e+00
1.528620004653930664e+00
1.045106887817382812e+00
1.247424602508544922e+00
1.586923360824584961e+00
1.927420973777770996e+00
1.876100778579711914e+00
9.412868022918701172e-01
5.906985402107238770e-01
4.693148434162139893e-01
4.834026396274566650e-01
7.217952013015747070e-01
6.756491661071777344e-01
4.898132681846618652e-01
5.055418014526367188e-01
1.581051647663116455e-01
4.554677009582519531e-01
3.497204482555389404e-01
3.808376789093017578e-01
3.978838324546813965e-01
2.526209652423858643e-01
1.264249205589294434e+00
1.488563299179077148e+00
1.326806664466857910e+00
1.778680324554443359e+00
2.136540412902832031e+00
8.945857286453247070e-01
2.946456670761108398e-01
5.009030103683471680e-01
1.250952780246734619e-01
2.512351274490356445e-01
4.661851823329925537e-01
1.678989529609680176e-01
4.003709852695465088e-01
4.036527574062347412e-01
5.044306516647338867e-01
3.832201361656188965e-01
4.769805371761322021e-01
3.875067532062530518e-01
4.753636419773101807e-01
3.742757737636566162e-01
4.398871362209320068e-01
3.704485595226287842e-01
1.144478082656860352e+00
7.852548956871032715e-01
4.091750085353851318e-01
5.260819196701049805e-01
4.598516225814819336e-01
1.443895220756530762e+00
8.281174898147583008e-01
4.436189830303192139e-01
1.631601572036743164e+00
1.662644028663635254e+00
1.709813833236694336e+00
1.145213723182678223e+00
1.260099649429321289e+00
1.348571896553039551e+00
1.341218113899230957e+00
1.487743258476257324e+00
4.730137884616851807e-01
9.861114025115966797e-01
2.424212396144866943e-01
5.968750715255737305e-01
6.126664280891418457e-01
6.477364301681518555e-01
6.474823355674743652e-01
7.305641770362854004e-01
2.207831293344497681e-01
5.928770899772644043e-01
3.464605808258056641e-01
2.176438868045806885e-01
3.025040626525878906e-01
3.962754309177398682e-01
6.913983076810836792e-02
2.356932312250137329e-01
4.033350944519042969e-01
4.184938073158264160e-01
2.262903153896331787e-01
2.622388005256652832e-01
5.725768208503723145e-01
1.110690236091613770e+00
2.466738671064376831e-01
2.746447324752807617e-01
3.223150372505187988e-01
2.309017330408096313e-01
3.790617883205413818e-01
4.569604396820068359e-01
3.653264641761779785e-01
3.964121937751770020e-01
3.595419228076934814e-01
3.000665009021759033e-01
4.005390107631683350e-01
3.972021341323852539e-01
3.490478098392486572e-01
3.071393370628356934e-01
4.790118932723999023e-01
4.774437546730041504e-01
2.457624971866607666e-01
2.904706001281738281e-01
4.262359738349914551e-01
3.844881057739257812e-01
1.971504092216491699e-01
3.545952737331390381e-01
4.188410937786102295e-01
1.437566876411437988e-01
1.575856924057006836e+00
1.668318390846252441e+00
1.299045920372009277e+00
1.083539724349975586e+00
7.998802065849304199e-01
3.927384614944458008e-01
2.908727228641510010e-01
1.237587213516235352e+00
1.188462853431701660e+00
8.844638466835021973e-01
9.794211983680725098e-01
1.599705576896667480e+00
1.086271762847900391e+00
1.082669496536254883e+00
1.402427792549133301e+00
1.207717895507812500e+00
1.004873633384704590e+00
1.329483747482299805e+00
1.215209841728210449e+00
1.066732406616210938e+00
1.447164058685302734e+00
1.137789011001586914e+00
1.168425440788269043e+00
9.629879593849182129e-01
1.183999180793762207e+00
1.299217343330383301e+00
1.924751996994018555e+00
1.293020725250244141e+00
1.288812279701232910e+00
1.234229445457458496e+00
2.383014917373657227e+00
2.139977931976318359e+00
2.098559617996215820e+00
2.061478853225708008e+00
2.152393579483032227e+00
1.103483438491821289e+00
6.208273768424987793e-01
9.318169951438903809e-01
6.993301510810852051e-01
5.541643500328063965e-01
5.526833534240722656e-01
8.144882917404174805e-01
5.319980382919311523e-01
1.226765275001525879e+00
1.161464214324951172e+00
9.374880790710449219e-01
1.157251000404357910e+00
1.334354162216186523e+00
1.123033404350280762e+00
1.342115759849548340e+00
1.796711325645446777e+00
5.165687799453735352e-01
4.538285732269287109e-01
5.355522632598876953e-01
5.332890152931213379e-01
5.434029698371887207e-01
4.453375935554504395e-01
2.653311789035797119e-01
3.990676701068878174e-01
2.921201288700103760e-01
3.171595335006713867e-01
2.649987041950225830e-01
4.478477537631988525e-01
3.698203265666961670e-01
2.509498000144958496e-01
3.061906695365905762e-01
5.097152590751647949e-01
3.113149404525756836e-01
4.193292558193206787e-01
5.836890339851379395e-01
3.306451439857482910e-01
3.856352269649505615e-01
4.526521563529968262e-01
5.566588640213012695e-01
4.879236221313476562e-01
1.210230588912963867e+00
1.015015602111816406e+00
4.036097228527069092e-01
4.397462606430053711e-01
4.058820009231567383e-01
1.878710985183715820e-01
1.286044359207153320e+00
2.022296428680419922e+00
2.010243892669677734e+00
2.202117204666137695e+00
1.150183439254760742e+00
1.838727831840515137e+00
2.515288352966308594e+00
8.767750859260559082e-01
1.675498962402343750e+00
2.218699693679809570e+00
1.606794118881225586e+00
1.450315952301025391e+00
1.314005136489868164e+00
3.190212488174438477e+00
1.777113080024719238e+00
1.176363348960876465e+00
1.368468403816223145e+00
1.671843290328979492e+00
9.462712407112121582e-01
4.006308317184448242e-01
7.843473553657531738e-01
3.888569474220275879e-01
2.465878129005432129e-01
3.601227402687072754e-01
3.344962298870086670e-01
4.138700366020202637e-01
5.177627205848693848e-01
3.945044875144958496e-01
3.905530869960784912e-01
2.636018991470336914e-01
6.463670134544372559e-01
2.284603416919708252e-01
3.269168734550476074e-01
2.688629329204559326e-01
9.025885462760925293e-01
5.792908668518066406e-01
4.579669237136840820e-01
2.523106932640075684e-01
1.485287249088287354e-01
4.406197965145111084e-01
4.976708292961120605e-01
3.817572891712188721e-01
2.499170005321502686e-01
6.473578810691833496e-01
2.442577034235000610e-01
3.633384406566619873e-01
4.343415796756744385e-01
4.314827620983123779e-01
2.563174664974212646e-01
3.758129179477691650e-01
4.531529247760772705e-01
3.293204307556152344e-01
3.378215730190277100e-01
3.332189321517944336e-01
4.178532361984252930e-01
3.194200098514556885e-01
2.899956107139587402e-01
2.941021323204040527e-01
1.596532106399536133e+00
1.048055648803710938e+00
4.593637287616729736e-01
7.917869091033935547e-01
8.723648786544799805e-01
6.982249617576599121e-01
7.463165521621704102e-01
1.083711624145507812e+00
1.533737063407897949e+00
1.259612321853637695e+00
1.835474252700805664e+00
2.080649137496948242e+00
1.357265233993530273e+00
1.556748151779174805e+00
1.405590295791625977e+00
5.767288804054260254e-01
1.584631323814392090e+00
1.773629784584045410e+00
1.568960905075073242e+00
1.524248123168945312e+00
1.392311930656433105e+00
1.572668910026550293e+00
1.552744984626770020e+00
2.481011629104614258e+00
2.330251693725585938e+00
2.629169225692749023e+00
3.199785232543945312e+00
3.498586893081665039e+00
1.887418031692504883e+00
1.054547309875488281e+00
1.243676543235778809e+00
1.121185779571533203e+00
1.335135936737060547e+00
1.254226565361022949e+00
6.664106845855712891e-01
4.599245190620422363e-01
4.239900112152099609e-01
5.446388721466064453e-01
4.563415050506591797e-01
4.049029350280761719e-01
1.033530086278915405e-01
5.233381986618041992e-01
1.199020743370056152e+00
3.984150290489196777e-01
3.350627720355987549e-01
4.257130026817321777e-01
4.356158673763275146e-01
5.819767713546752930e-01
2.360597103834152222e-01
4.617237150669097900e-01
1.163478732109069824e+00
1.383236289024353027e+00
1.550601243972778320e+00
1.071856856346130371e+00
6.545247435569763184e-01
4.201570153236389160e-01
5.094359517097473145e-01
3.264585733413696289e-01
4.120560586452484131e-01
3.598727583885192871e-01
4.293636977672576904e-01
1.660709977149963379e-01
3.486191034317016602e-01
4.142159521579742432e-01
3.809067606925964355e-01
1.032726168632507324e+00
3.293165862560272217e-01
3.059003949165344238e-01
3.975669741630554199e-01
4.091662466526031494e-01
4.746926426887512207e-01
2.322480976581573486e-01
3.114626705646514893e-01
6.689707636833190918e-01
6.178819537162780762e-01
3.431500494480133057e-01
2.670344114303588867e-01
6.790891289710998535e-01
5.165238380432128906e-01
5.050160884857177734e-01
6.055607199668884277e-01
1.812664628028869629e+00
2.109043598175048828e+00
2.287734508514404297e+00
2.280853748321533203e+00
2.129230022430419922e+00
1.766723871231079102e+00
1.986594319343566895e+00
2.276736021041870117e+00
1.771715283393859863e+00
3.884957551956176758e+00
4.749076843261718750e+00
4.272917270660400391e+00
2.895298957824707031e+00
2.206074714660644531e+00
1.396724581718444824e+00
2.034027814865112305e+00
1.379077911376953125e+00
2.486065387725830078e+00
2.934254884719848633e+00
4.259459495544433594e+00
5.056604385375976562e+00
3.088064193725585938e+00
3.214894533157348633e+00
2.604652404785156250e+00
1.365980148315429688e+00
1.082126021385192871e+00
4.565696716308593750e+00
3.734315633773803711e+00
2.983011722564697266e+00
2.925354003906250000e+00
1.434832453727722168e+00
6.933021545410156250e-01
4.588612914085388184e-01
5.726854205131530762e-01
1.606577515602111816e+00
2.601527929306030273e+00
2.628754854202270508e+00
2.282031059265136719e+00
3.380937576293945312e-01
1.003207206726074219e+00
1.612719535827636719e+00
4.381353378295898438e+00
3.382608413696289062e+00
1.910996198654174805e+00
2.137054920196533203e+00
1.327619314193725586e+00
-3.747685998678207397e-02
1.213320255279541016e+00
1.118656158447265625e+00
5.653316378593444824e-01
1.238296508789062500e+00
1.377639412879943848e+00
1.908836245536804199e+00
8.957794308662414551e-01
6.483065485954284668e-01
7.873040437698364258e-01
6.655774712562561035e-01
8.762205839157104492e-01
1.180475354194641113e+00
4.983182549476623535e-01
4.350572526454925537e-01
6.645405292510986328e-01
1.324170351028442383e+00
9.228416681289672852e-01
9.262621402740478516e-01
1.619683265686035156e+00
9.603154659271240234e-01
7.688295841217041016e-01
8.334824442863464355e-01
1.112650036811828613e+00
1.305433034896850586e+00
1.638068318367004395e+00
3.089450359344482422e+00
2.580436706542968750e+00
2.530987739562988281e+00
3.637667179107666016e+00
4.582493305206298828e+00
4.176956176757812500e+00
4.005083084106445312e+00
3.630688905715942383e+00
2.591301202774047852e+00
4.417399406433105469e+00
4.093241691589355469e+00
5.141670227050781250e+00
5.399550437927246094e+00
4.374319076538085938e+00
3.505439996719360352e+00
4.059110164642333984e+00
3.139630794525146484e+00
2.327228307723999023e+00
3.017036199569702148e+00
2.614006519317626953e+00
2.664075851440429688e+00
1.820959925651550293e+00
2.958301067352294922e+00
2.557435035705566406e+00
1.480710387229919434e+00
1.551715731620788574e+00
1.684545516967773438e+00
1.260387152433395386e-01
2.267250269651412964e-01
4.846306145191192627e-01
3.765020072460174561e-01
5.439385771751403809e-01
1.180600076913833618e-01
4.260059893131256104e-01
3.792536556720733643e-01
4.873436391353607178e-01
1.232230544090270996e+00
3.030182719230651855e-01
2.474764287471771240e-01
5.710627436637878418e-01
3.121679425239562988e-01
1.580001860857009888e-01
5.623335242271423340e-01
1.972129046916961670e-01
1.678200215101242065e-01
1.172958165407180786e-01
8.126553893089294434e-01
5.777583718299865723e-01
2.061216384172439575e-01
4.086643755435943604e-01
4.370822906494140625e-01
3.552306294441223145e-01
3.637156188488006592e-01
6.920684576034545898e-01
7.013820409774780273e-01
5.327556133270263672e-01
2.635695338249206543e-01
1.402368307113647461e+00
2.356976270675659180e-01
3.626285195350646973e-01
5.651786923408508301e-01
2.553057670593261719e-01
2.820198833942413330e-01
4.343517422676086426e-01
5.854015946388244629e-01
1.414054781198501587e-01
1.085008382797241211e-01
5.082227587699890137e-01
3.780035078525543213e-01
4.186371564865112305e-01
1.196563720703125000e+00
1.124928236007690430e+00
1.706891894340515137e+00
2.538742542266845703e+00
2.740381002426147461e+00
2.925698757171630859e+00
2.837550401687622070e+00
2.489365816116333008e+00
2.335468292236328125e+00
1.938996076583862305e+00
2.707440137863159180e+00
1.229042410850524902e+00
1.424667000770568848e+00
2.240705728530883789e+00
1.254044890403747559e+00
1.767044305801391602e+00
1.741504430770874023e+00
1.140256166458129883e+00
1.449587941169738770e+00
1.513426184654235840e+00
1.589895963668823242e+00
1.147542715072631836e+00
1.285501480102539062e+00
1.560043692588806152e+00
1.493036627769470215e+00
1.322314381599426270e+00
1.386680006980895996e+00
1.543617486953735352e+00
1.301893353462219238e+00
1.288138747215270996e+00
1.549548983573913574e+00
1.451244592666625977e+00
1.465459346771240234e+00
1.375539898872375488e+00
1.565943837165832520e+00
1.943645119667053223e+00
1.374221444129943848e+00
2.149714708328247070e+00
1.525981187820434570e+00
1.522253274917602539e+00
1.774394512176513672e+00
2.423824310302734375e+00
1.480972170829772949e+00
1.633315801620483398e+00
1.671220779418945312e+00
1.494934201240539551e+00
1.386111021041870117e+00
1.542900800704956055e+00
1.289204478263854980e+00
1.441443085670471191e+00
1.912482380867004395e+00
1.590041160583496094e+00
1.590350985527038574e+00
1.666212797164916992e+00
1.754982352256774902e+00
1.740283846855163574e+00
1.701070308685302734e+00
1.666631817817687988e+00
9.864578843116760254e-01
1.236361742019653320e+00
1.216074347496032715e+00
2.835567593574523926e-01
7.347995042800903320e-01
1.079999566078186035e+00
1.012951374053955078e+00
8.555788397789001465e-01
6.912275552749633789e-01
9.340070486068725586e-01
1.352578639984130859e+00
9.508613348007202148e-01
9.389161467552185059e-01
1.075769424438476562e+00
1.147856593132019043e+00
1.500568747520446777e+00
1.959546089172363281e+00
1.462602376937866211e+00
1.622981190681457520e+00
2.862469196319580078e+00
1.819256424903869629e+00
1.934272289276123047e+00
2.023877620697021484e+00
1.530104994773864746e+00
1.225166440010070801e+00
2.192589282989501953e+00
2.521540164947509766e+00
2.705717563629150391e+00
3.015413761138916016e+00
2.850283384323120117e+00
2.616002559661865234e+00
1.471158623695373535e+00
1.395567893981933594e+00
2.190497159957885742e+00
1.998577594757080078e+00
1.516340970993041992e+00
1.832799911499023438e+00
1.857426166534423828e+00
1.679527044296264648e+00
6.479885578155517578e-01
9.046335816383361816e-01
7.312872409820556641e-01
3.125108182430267334e-01
3.977714478969573975e-01
3.567590117454528809e-01
1.206650286912918091e-01
3.656707406044006348e-01
3.239037096500396729e-01
4.050692915916442871e-01
1.482228338718414307e-01
6.000351309776306152e-01
4.067508876323699951e-01
2.368406057357788086e-01
2.554935216903686523e-01
3.070214688777923584e-01
3.846862912178039551e-01
3.688979744911193848e-01
1.147823095321655273e+00
9.072709679603576660e-01
3.749020993709564209e-01
1.247342348098754883e+00
1.493004560470581055e+00
1.414714694023132324e+00
1.116191744804382324e+00
3.110142350196838379e-01
6.310421824455261230e-01
3.168114125728607178e-01
4.534996747970581055e-01
3.575670421123504639e-01
3.393913209438323975e-01
3.033578693866729736e-01
1.299605071544647217e-01
4.338975548744201660e-01
3.035160303115844727e-01
1.844481676816940308e-01
4.631533920764923096e-01
6.331713795661926270e-01
1.628454178571701050e-01
9.291467070579528809e-01
1.034205675125122070e+00
4.742740988731384277e-01
2.445054799318313599e-01
3.056893348693847656e-01
5.384590625762939453e-01
4.016798138618469238e-01
5.291786789894104004e-01
5.142910480499267578e-01
5.817251205444335938e-01
1.478591918945312500e+00
1.940119385719299316e+00
2.113704204559326172e+00
2.514785289764404297e+00
2.203492641448974609e+00
2.778120994567871094e+00
2.293982028961181641e+00
2.200884580612182617e+00
1.901785135269165039e+00
2.019642353057861328e+00
1.562599658966064453e+00
1.306927919387817383e+00
2.269984722137451172e+00
2.369825839996337891e+00
1.485407590866088867e+00
1.242759108543395996e+00
1.650370955467224121e+00
1.415848970413208008e+00
1.517460346221923828e+00
8.361444473266601562e-01
2.862762212753295898e+00
1.183583378791809082e+00
5.434287190437316895e-01
1.576709866523742676e+00
7.041410803794860840e-01
5.699717998504638672e-01
1.410919308662414551e+00
2.671301841735839844e+00
3.405855178833007812e+00
3.088406801223754883e+00
1.905399322509765625e+00
1.495792865753173828e+00
1.782554149627685547e+00
1.754731297492980957e+00
1.848427891731262207e+00
2.396391868591308594e+00
2.412214040756225586e+00
1.522428631782531738e+00
2.005201101303100586e+00
1.754746317863464355e+00
1.048440217971801758e+00
8.505241870880126953e-01
6.152245402336120605e-01
8.484632372856140137e-01
7.988145351409912109e-01
1.689882516860961914e+00
3.833127915859222412e-01
3.773270249366760254e-01
6.544356346130371094e-01
8.229178786277770996e-01
1.451025605201721191e+00
2.028328180313110352e+00
2.353022098541259766e+00
2.056897163391113281e+00
2.037217617034912109e+00
1.401687741279602051e+00
1.524464607238769531e+00
2.502665281295776367e+00
1.553335428237915039e+00
1.135725259780883789e+00
1.705833911895751953e+00
1.277010202407836914e+00
1.428308606147766113e+00
1.621885061264038086e+00
1.808444380760192871e+00
1.375437021255493164e+00
2.425507307052612305e+00
1.562233448028564453e+00
1.247826933860778809e+00
1.294422745704650879e+00
1.059977769851684570e+00
2.146219968795776367e+00
3.632687807083129883e+00
3.393207311630249023e+00
2.173454284667968750e+00
1.950683116912841797e+00
2.107151031494140625e+00
1.389189958572387695e+00
1.906264424324035645e+00
3.227331399917602539e+00
1.441987514495849609e+00
1.233505010604858398e+00
1.314392685890197754e+00
1.008734107017517090e+00
9.045250415802001953e-01
1.335872650146484375e+00
1.904167532920837402e+00
2.802083492279052734e+00
6.605236530303955078e-01
3.327677547931671143e-01
1.004491806030273438e+00
4.291775822639465332e-01
3.334886431694030762e-01
4.811665713787078857e-01
1.800418734550476074e+00
1.376532077789306641e+00
1.931503891944885254e+00
6.494690179824829102e-01
8.907119035720825195e-01
1.116037368774414062e+00
5.033369660377502441e-01
3.854181170463562012e-01
3.802220523357391357e-01
3.391197025775909424e-01
4.818498790264129639e-01
3.749530613422393799e-01
5.032432079315185547e-01
1.212688446044921875e+00
6.164138913154602051e-01
4.968090653419494629e-01
5.810119509696960449e-01
4.865780770778656006e-01
4.236873984336853027e-01
3.886146545410156250e-01
3.090969324111938477e-01
2.785185575485229492e-01
2.949312925338745117e-01
4.917522370815277100e-01
4.658502340316772461e-01
3.602507412433624268e-01
4.147159159183502197e-01
5.882102847099304199e-01
5.855290889739990234e-01
4.332805573940277100e-01
3.995275795459747314e-01
4.930862486362457275e-01
5.011773705482482910e-01
3.071426153182983398e-01
3.753992915153503418e-01
4.401250481605529785e-01
1.367482781410217285e+00
5.255824923515319824e-01
6.915956735610961914e-02
3.118373751640319824e-01
3.280422985553741455e-01
3.024251163005828857e-01
3.887473344802856445e-01
3.386808633804321289e-01
3.998132050037384033e-01
2.444890439510345459e-01
2.194625288248062134e-01
2.200310081243515015e-01
3.760864734649658203e-01
4.498336017131805420e-01
4.541424214839935303e-01
2.663653492927551270e-01
1.463781595230102539e-01
1.589650630950927734e+00
1.154198646545410156e+00
1.079922795295715332e+00
4.169761240482330322e-01
8.578604459762573242e-01
4.302780926227569580e-01
4.063397645950317383e-01
7.639331221580505371e-01
1.567983984947204590e+00
4.755697548389434814e-01
6.240009069442749023e-01
4.673369526863098145e-01
4.207013845443725586e-01
1.372411251068115234e+00
2.701500654220581055e+00
2.539023637771606445e+00
1.269903302192687988e+00
1.855908751487731934e+00
1.676429748535156250e+00
1.427736878395080566e+00
1.750688314437866211e+00
2.244752645492553711e+00
1.877611279487609863e+00
1.762070536613464355e+00
1.906804084777832031e+00
2.116951942443847656e+00
1.601737260818481445e+00
2.182624101638793945e+00
2.235097169876098633e+00
2.324998378753662109e+00
2.149980783462524414e+00
2.102009773254394531e+00
1.562407970428466797e+00
1.101028561592102051e+00
1.071214675903320312e+00
2.231360912322998047e+00
1.477510571479797363e+00
8.804211616516113281e-01
8.609300255775451660e-01
7.246364951133728027e-01
8.421685695648193359e-01
1.503341078758239746e+00
1.434400439262390137e+00
2.043625593185424805e+00
1.213333606719970703e+00
8.503989577293395996e-01
1.185006976127624512e+00
1.296155571937561035e+00
1.821645140647888184e+00
1.568750143051147461e+00
1.867530822753906250e+00
1.981719136238098145e+00
1.684583902359008789e+00
1.659168124198913574e+00
1.091495752334594727e+00
1.058088660240173340e+00
8.192784190177917480e-01
1.462223291397094727e+00
1.028213143348693848e+00
1.261831998825073242e+00
1.156008481979370117e+00
1.228652477264404297e+00
1.271655082702636719e+00
1.901348710060119629e+00
1.766692876815795898e+00
1.594536662101745605e+00
1.628767371177673340e+00
1.498178720474243164e+00
1.696147799491882324e+00
2.273895502090454102e+00
2.164703130722045898e+00
2.182366847991943359e+00
1.507128000259399414e+00
9.610796570777893066e-01
2.073534488677978516e+00
2.234602928161621094e+00
2.474297285079956055e+00
2.626935005187988281e+00
2.602083444595336914e+00
2.522122859954833984e+00
1.503600358963012695e+00
1.793611049652099609e+00
1.470094084739685059e+00
1.580045938491821289e+00
2.149682521820068359e+00
2.322635650634765625e+00
1.434653997421264648e+00
1.753865480422973633e+00
1.720155477523803711e+00
1.480705499649047852e+00
1.409269809722900391e+00
2.005174875259399414e+00
1.617432355880737305e+00
9.488620162010192871e-01
7.703360319137573242e-01
7.890942096710205078e-01
7.055521607398986816e-01
4.064389765262603760e-01
3.769701719284057617e-01
2.200406044721603394e-01
3.206318020820617676e-01
2.723223268985748291e-01
1.967578977346420288e-01
2.948378026485443115e-01
3.454691767692565918e-01
3.605549931526184082e-01
3.775783777236938477e-01
2.980346083641052246e-01
3.098199963569641113e-01
3.348081409931182861e-01
3.477162420749664307e-01
5.687438845634460449e-01
1.031425237655639648e+00
2.826324999332427979e-01
3.271580636501312256e-01
4.358696937561035156e-01
4.528909027576446533e-01
4.273751080036163330e-01
3.700946867465972900e-01
4.760274887084960938e-01
4.667731225490570068e-01
1.701575994491577148e+00
1.120519161224365234e+00
1.363866567611694336e+00
7.394646406173706055e-01
4.540031850337982178e-01
4.002388715744018555e-01
2.325323373079299927e-01
5.615246891975402832e-01
3.370458781719207764e-01
3.644019365310668945e-01
3.020814061164855957e-01
2.842135131359100342e-01
1.960441470146179199e-01
3.405998349189758301e-01
4.340299367904663086e-01
5.409399271011352539e-01
3.588248789310455322e-01
5.217922329902648926e-01
5.116544961929321289e-01
1.094732880592346191e+00
1.851667642593383789e+00
2.514809846878051758e+00
2.760468006134033203e+00
2.387273311614990234e+00
2.578729152679443359e+00
2.341030359268188477e+00
2.227961540222167969e+00
2.161611318588256836e+00
1.474093914031982422e+00
1.543160915374755859e+00
1.757482647895812988e+00
1.392749905586242676e+00
1.973860263824462891e+00
1.789405822753906250e+00
1.670176148414611816e+00
1.180164456367492676e+00
1.376305937767028809e+00
1.567350268363952637e+00
1.265663027763366699e+00
9.420197010040283203e-01
1.422548174858093262e+00
1.417486190795898438e+00
1.207083702087402344e+00
1.299558758735656738e+00
1.428658127784729004e+00
1.373533487319946289e+00
1.222834467887878418e+00
1.217597723007202148e+00
1.442225456237792969e+00
1.390923023223876953e+00
1.102824807167053223e+00
1.179862499237060547e+00
1.416097044944763184e+00
1.415932059288024902e+00
1.644533276557922363e+00
1.551999926567077637e+00
1.499414801597595215e+00
1.666034579277038574e+00
1.683819651603698730e+00
1.474543690681457520e+00
1.611249804496765137e+00
2.076228618621826172e+00
3.433013439178466797e+00
1.691943168640136719e+00
1.160630941390991211e+00
1.420562863349914551e+00
1.666401267051696777e+00
1.459180235862731934e+00
5.442729592323303223e-01
1.231887817382812500e+00
1.846701622009277344e+00
9.693448543548583984e-01
3.334867060184478760e-01
8.399930596351623535e-01
6.143518090248107910e-01
2.850563526153564453e-01
5.991719961166381836e-01
5.795378684997558594e-01
6.041189432144165039e-01
6.821609139442443848e-01
5.442477464675903320e-01
2.821835279464721680e-01
5.376331806182861328e-01
8.974560499191284180e-01
7.547568678855895996e-01
8.538174629211425781e-01
1.175864219665527344e+00
1.260588645935058594e+00
1.462530612945556641e+00
1.331182599067687988e+00
1.926456689834594727e+00
2.307847499847412109e+00
2.943432331085205078e+00
2.725853919982910156e+00
2.525654077529907227e+00
1.847437262535095215e+00
1.174335241317749023e+00
1.711541652679443359e+00
2.609162330627441406e+00
3.570172071456909180e+00
2.605487108230590820e+00
2.776715993881225586e+00
2.706468582153320312e+00
2.777219295501708984e+00
2.893042325973510742e+00
2.855883836746215820e+00
3.094922304153442383e+00
2.782934904098510742e+00
3.064049482345581055e+00
2.375294208526611328e+00
2.507822751998901367e+00
2.496753454208374023e+00
2.591070413589477539e+00
2.248041391372680664e+00
2.369655370712280273e+00
9.203723073005676270e-01
9.931650161743164062e-01
8.205102086067199707e-01
5.194892883300781250e-01
4.977220892906188965e-01
2.151482254266738892e-01
4.990763962268829346e-01
1.096479892730712891e+00
3.881560862064361572e-01
4.569530189037322998e-01
4.005362689495086670e-01
3.504988849163055420e-01
4.603907763957977295e-01
2.934004366397857666e-01
3.276920020580291748e-01
2.940412759780883789e-01
1.183508187532424927e-01
2.699442505836486816e-01
4.902877211570739746e-01
4.635587930679321289e-01
1.978230476379394531e-01
3.323486745357513428e-01
3.707678616046905518e-01
2.513080537319183350e-01
2.804366946220397949e-01
2.762378156185150146e-01
2.457082271575927734e-01
3.044526278972625732e-01
1.077155470848083496e-01
4.657115638256072998e-01
2.843012213706970215e-01
3.552942276000976562e-01
1.779410839080810547e-01
2.993077933788299561e-01
2.632025182247161865e-01
3.314131796360015869e-01
4.183671772480010986e-01
2.432468235492706299e-01
2.980400919914245605e-01
6.306050419807434082e-01
4.285674393177032471e-01
1.623583436012268066e-01
4.565925896167755127e-01
5.599138140678405762e-01
3.985010981559753418e-01
1.459134221076965332e+00
1.428120017051696777e+00
1.437126874923706055e+00
1.835250616073608398e+00
2.366563796997070312e+00
2.473114013671875000e+00
2.034001111984252930e+00
2.058618783950805664e+00
2.335274696350097656e+00
2.375637531280517578e+00
1.662543892860412598e+00
1.895520925521850586e+00
2.431762456893920898e+00
1.672651052474975586e+00
1.480209589004516602e+00
1.493596315383911133e+00
2.537465810775756836e+00
1.740270495414733887e+00
1.667166352272033691e+00
2.240595340728759766e+00
1.813462018966674805e+00
1.900581002235412598e+00
1.900006175041198730e+00
8.706087470054626465e-01
9.331636428833007812e-01
9.246219396591186523e-01
1.747602581977844238e+00
8.197032809257507324e-01
1.081519365310668945e+00
9.101270437240600586e-01
9.261993169784545898e-01
2.127145767211914062e+00
1.452510952949523926e+00
1.647706985473632812e+00
1.134286522865295410e+00
2.069096565246582031e+00
2.378022193908691406e+00
1.404790520668029785e+00
6.433483958244323730e-01
6.713727116584777832e-01
6.036705374717712402e-01
7.866149544715881348e-01
7.240272164344787598e-01
1.890606284141540527e+00
1.456988811492919922e+00
5.239280462265014648e-01
3.101300001144409180e-01
8.890765905380249023e-01
5.132640004158020020e-01
8.366334438323974609e-01
1.074461698532104492e+00
3.840380609035491943e-01
3.638518452644348145e-01
3.976480960845947266e-01
5.044394135475158691e-01
5.699359178543090820e-01
5.608659982681274414e-01
3.666813373565673828e-01
5.332756042480468750e-01
5.159498453140258789e-01
4.518769979476928711e-01
7.445357441902160645e-01
1.633923411369323730e+00
4.631424248218536377e-01
6.638879179954528809e-01
8.746220469474792480e-01
7.388041019439697266e-01
2.560108900070190430e+00
2.272965669631958008e+00
2.740444183349609375e+00
2.751751184463500977e+00
2.726121187210083008e+00
2.737632513046264648e+00
3.023017168045043945e+00
2.501895904541015625e+00
2.470072269439697266e+00
2.875549793243408203e+00
2.409277439117431641e+00
2.970329046249389648e+00
2.308214664459228516e+00
2.430077552795410156e+00
2.695616245269775391e+00
2.516817569732666016e+00
2.653912544250488281e+00
2.805161952972412109e+00
3.023712396621704102e+00
4.150629043579101562e+00
3.578416585922241211e+00
4.142647743225097656e+00
3.638084650039672852e+00
3.651035308837890625e+00
2.575150012969970703e+00
2.537556886672973633e+00
2.520737409591674805e+00
2.528630018234252930e+00
2.796005725860595703e+00
2.714833021163940430e+00
2.043370008468627930e+00
2.075603961944580078e+00
2.071595907211303711e+00
2.004063606262207031e+00
2.083374500274658203e+00
2.557216167449951172e+00
1.787679553031921387e+00
9.645204544067382812e-01
8.719726204872131348e-01
9.575629830360412598e-01
8.244026899337768555e-01
8.717599511146545410e-01
1.158997058868408203e+00
1.178709864616394043e+00
9.331194758415222168e-01
6.597923636436462402e-01
6.429229974746704102e-01
4.872710108757019043e-01
3.614891171455383301e-01
2.857037782669067383e-01
2.625666260719299316e-01
4.080583453178405762e-01
1.746806800365447998e-01
3.389659225940704346e-01
4.591882824897766113e-01
4.229640662670135498e-01
1.601337641477584839e-01
2.923791408538818359e-01
3.942761421203613281e-01
4.857730567455291748e-01
2.369960248470306396e-01
3.071944117546081543e-01
3.386032879352569580e-01
2.904448509216308594e-01
2.817082405090332031e-01
2.863432466983795166e-01
2.316335737705230713e-01
1.657859385013580322e-01
2.686721384525299072e-01
2.996641397476196289e-01
3.657121360301971436e-01
7.723586261272430420e-02
3.960961475968360901e-02
2.389048486948013306e-01
2.990833222866058350e-01
1.339264363050460815e-01
3.418987691402435303e-01
5.145450830459594727e-01
6.393117308616638184e-01
2.727005779743194580e-01
3.681137859821319580e-01
1.496827960014343262e+00
2.204418897628784180e+00
2.614284992218017578e+00
2.424221515655517578e+00
2.557867288589477539e+00
2.707191705703735352e+00
2.867749452590942383e+00
2.966116666793823242e+00
2.384864807128906250e+00
2.477838993072509766e+00
1.525806307792663574e+00
3.289924621582031250e+00
2.000874996185302734e+00
1.699961900711059570e+00
1.347523450851440430e+00
1.727252721786499023e+00
1.469843506813049316e+00
1.415469884872436523e+00
2.098967075347900391e+00
5.027163505554199219e+00
4.108787536621093750e+00
3.343751668930053711e+00
2.902922868728637695e+00
1.525116443634033203e+00
1.534465909004211426e+00
1.623245716094970703e+00
2.829368352890014648e+00
4.422143936157226562e+00
2.664684534072875977e+00
2.269798278808593750e+00
2.470534801483154297e+00
1.425249695777893066e+00
1.957366704940795898e+00
1.403189778327941895e+00
1.361216545104980469e+00
2.039045572280883789e+00
1.504788279533386230e+00
1.428425908088684082e+00
2.065510749816894531e+00
1.898064494132995605e+00
2.083295822143554688e+00
2.907965183258056641e+00
2.946696758270263672e+00
3.423069238662719727e+00
2.857461929321289062e+00
1.821859478950500488e+00
8.574287295341491699e-01
1.370122909545898438e+00
1.468465328216552734e+00
2.054558515548706055e+00
1.632194399833679199e+00
1.702007412910461426e+00
1.567458868026733398e+00
1.562678575515747070e+00
1.447088718414306641e+00
1.749966144561767578e+00
1.412886023521423340e+00
1.300755500793457031e+00
1.659757971763610840e+00
1.599852561950683594e+00
1.853669404983520508e+00
1.590723156929016113e+00
1.459847688674926758e+00
8.217740654945373535e-01
6.772775650024414062e-01
2.048398256301879883e+00
1.678035378456115723e+00
1.921733975410461426e+00
2.015223741531372070e+00
1.790213227272033691e+00
2.109161615371704102e+00
1.788794279098510742e+00
2.030761241912841797e+00
1.908513426780700684e+00
1.384291768074035645e+00
1.030626296997070312e+00
1.271408915519714355e+00
1.253939628601074219e+00
5.754778981208801270e-01
4.485596120357513428e-01
3.091512024402618408e-01
8.785718083381652832e-01
4.901328682899475098e-01
4.163909256458282471e-01
4.835057258605957031e-01
7.139675021171569824e-01
4.074254631996154785e-01
1.456685215234756470e-01
7.604024559259414673e-02
2.604941725730895996e-01
5.639460682868957520e-01
1.282949805259704590e+00
3.643592000007629395e-01
3.531721532344818115e-01
5.354823470115661621e-01
3.028450310230255127e-01
5.608879327774047852e-01
4.994565546512603760e-01
1.308793663978576660e+00
1.451631665229797363e+00
1.156799793243408203e+00
1.098046660423278809e+00
1.481352567672729492e+00
3.015173077583312988e-01
8.215597271919250488e-01
7.308267354965209961e-01
-3.472711145877838135e-02
6.772454977035522461e-01
4.895268380641937256e-01
3.044126033782958984e-01
5.265390872955322266e-01
3.382094204425811768e-01
3.638521134853363037e-01
4.659683704376220703e-01
5.555391907691955566e-01
3.103257119655609131e-01
3.226809501647949219e-01
5.055009722709655762e-01
4.590630233287811279e-01
2.994593679904937744e-01
2.991214096546173096e-01
3.038975596427917480e-01
4.112252593040466309e-01
6.040698885917663574e-01
1.835814714431762695e-01
4.301251471042633057e-01
2.513864338397979736e-01
2.394089102745056152e-01
2.684964537620544434e-01
3.233631849288940430e-01
4.222656488418579102e-01
5.187448263168334961e-01
3.439890444278717041e-01
4.390843212604522705e-01
5.615890622138977051e-01
4.518416523933410645e-01
4.177633225917816162e-01
4.249984323978424072e-01
3.092032968997955322e-01
4.278879463672637939e-01
1.225112438201904297e+00
1.441025972366333008e+00
1.470775485038757324e+00
1.367299914360046387e+00
1.066773533821105957e+00
2.179977446794509888e-01
4.214395284652709961e-01
1.502158522605895996e+00
5.276170969009399414e-01
3.983758389949798584e-01
1.405416250228881836e+00
9.359440803527832031e-01
1.032267570495605469e+00
8.402134776115417480e-01
9.354915618896484375e-01
8.769546151161193848e-01
1.046107053756713867e+00
1.163280010223388672e+00
9.893630146980285645e-01
1.326414346694946289e+00
8.440982699394226074e-01
1.060611486434936523e+00
1.049866557121276855e+00
1.393283843994140625e+00
1.115261912345886230e+00
1.166105747222900391e+00
1.380226969718933105e+00
2.103916406631469727e+00
1.592370986938476562e+00
1.974202632904052734e+00
2.073856592178344727e+00
2.829752922058105469e+00
1.792190909385681152e+00
1.975540757179260254e+00
2.718974113464355469e+00
2.245444774627685547e+00
2.786653757095336914e+00
2.409234046936035156e+00
1.946469068527221680e+00
1.909605145454406738e+00
3.732528388500213623e-01
8.843388557434082031e-01
9.090676903724670410e-01
8.022944927215576172e-01
6.678258776664733887e-01
1.817459940910339355e+00
1.140945792198181152e+00
2.875837087631225586e+00
2.501959562301635742e+00
1.643611192703247070e+00
1.688751220703125000e+00
9.019115567207336426e-01
1.038757324218750000e+00
1.825399994850158691e+00
2.658005714416503906e+00
2.548044443130493164e+00
3.101780414581298828e+00
3.500815629959106445e+00
1.542448997497558594e+00
1.240738987922668457e+00
1.805158495903015137e+00
1.632390737533569336e+00
2.202199935913085938e+00
2.883830308914184570e+00
3.839921236038208008e+00
3.221086978912353516e+00
2.824005603790283203e+00
2.843175411224365234e+00
2.202160596847534180e+00
2.140459775924682617e+00
2.081856966018676758e+00
2.548988580703735352e+00
2.083434343338012695e+00
1.640195608139038086e+00
1.419573187828063965e+00
1.648116827011108398e+00
1.755806326866149902e+00
1.954012036323547363e+00
2.421327829360961914e+00
1.999400377273559570e+00
7.984058260917663574e-01
7.377098798751831055e-01
1.712101340293884277e+00
2.350807428359985352e+00
2.294112443923950195e+00
2.496571540832519531e+00
2.223164081573486328e+00
1.281182408332824707e+00
1.504430294036865234e+00
1.555884480476379395e+00
1.769005775451660156e+00
1.279876351356506348e+00
7.693958878517150879e-01
9.117459058761596680e-01
5.405728816986083984e-01
1.041410088539123535e+00
6.770476102828979492e-01
4.102689325809478760e-01
4.140084683895111084e-01
5.589042901992797852e-01
5.937961339950561523e-01
4.876185655593872070e-01
3.214294314384460449e-01
3.363222479820251465e-01
4.637292623519897461e-01
3.188117742538452148e-01
2.525494396686553955e-01
2.777165472507476807e-01
1.765966266393661499e-01
1.048138976097106934e+00
1.292089939117431641e+00
1.311534404754638672e+00
3.712094426155090332e-01
1.490771919488906860e-01
2.547693550586700439e-01
1.290924400091171265e-01
2.852487564086914062e-01
1.060539633035659790e-01
1.390380859375000000e-01
2.997575998306274414e-01
2.252462655305862427e-01
1.787376105785369873e-01
5.065782070159912109e-01
3.256020247936248779e-01
2.181032747030258179e-01
2.824417352676391602e-01
4.387723803520202637e-01
4.135057628154754639e-01
5.534744262695312500e-01
2.659407556056976318e-01
5.695472359657287598e-01
3.813590109348297119e-01
3.253783583641052246e-01
1.589170396327972412e-01
5.289799571037292480e-01
4.219967722892761230e-01
2.540687620639801025e-01
2.514949738979339600e-01
8.477465063333511353e-02
2.469068616628646851e-01
6.181080937385559082e-01
4.973366856575012207e-01
2.173686921596527100e-01
3.659097552299499512e-01
4.129984080791473389e-01
3.150908946990966797e-01
4.257938563823699951e-01
5.252124667167663574e-01
1.601224899291992188e+00
2.058551549911499023e+00
2.400349378585815430e+00
2.583022594451904297e+00
1.967713356018066406e+00
2.409668922424316406e+00
2.354584693908691406e+00
2.065619707107543945e+00
2.167897462844848633e+00
2.241240739822387695e+00
1.913356184959411621e+00
1.643317580223083496e+00
2.228268384933471680e+00
2.794170141220092773e+00
1.328553676605224609e+00
1.581978321075439453e+00
2.122279405593872070e+00
1.332751274108886719e+00
1.468538761138916016e+00
1.535339713096618652e+00
3.009869575500488281e+00
2.252817630767822266e+00
1.215724587440490723e+00
1.413541078567504883e+00
1.563014030456542969e+00
1.463707327842712402e+00
1.225658178329467773e+00
1.552308320999145508e+00
1.429246068000793457e+00
1.384891748428344727e+00
1.194173693656921387e+00
1.484293699264526367e+00
1.410787701606750488e+00
1.436382174491882324e+00
1.549082756042480469e+00
1.795332074165344238e+00
1.100042343139648438e+00
7.122072577476501465e-01
1.043679952621459961e+00
6.628904938697814941e-01
1.170555114746093750e+00
1.126145243644714355e+00
9.377912282943725586e-01
1.183577537536621094e+00
1.323007345199584961e+00
7.921325564384460449e-01
1.141778707504272461e+00
1.266902565956115723e+00
1.531731486320495605e+00
1.656138777732849121e+00
1.758720278739929199e+00
2.211141347885131836e+00
1.710524797439575195e+00
1.487591028213500977e+00
2.056417703628540039e+00
8.201881647109985352e-01
1.062600851058959961e+00
1.295451164245605469e+00
1.428078889846801758e+00
1.633476138114929199e+00
1.766231656074523926e+00
2.581095457077026367e+00
2.499278068542480469e+00
2.733274221420288086e+00
2.936288833618164062e+00
1.908769965171813965e+00
1.235254049301147461e+00
1.979130864143371582e+00
1.866825580596923828e+00
2.322760105133056641e+00
2.302747488021850586e+00
2.362588644027709961e+00
2.316509008407592773e+00
3.379091978073120117e+00
2.868346214294433594e+00
2.917244911193847656e+00
2.479192018508911133e+00
2.890379667282104492e+00
1.661533117294311523e+00
2.367224693298339844e+00
3.472616910934448242e+00
1.839468955993652344e+00
2.020701169967651367e+00
1.225681424140930176e+00
1.272808194160461426e+00
1.192391157150268555e+00
1.162112951278686523e+00
2.275189161300659180e+00
2.157576799392700195e+00
5.138061642646789551e-01
5.247884392738342285e-01
2.092134580016136169e-02
3.307767212390899658e-01
4.339257776737213135e-01
2.976009845733642578e-01
3.707029223442077637e-01
3.252826929092407227e-01
5.853832364082336426e-01
2.067235559225082397e-01
9.292763471603393555e-01
1.039621114730834961e+00
8.896911740303039551e-01
6.155271530151367188e-01
7.102661132812500000e-01
6.882102489471435547e-01
6.981808543205261230e-01
9.526464939117431641e-01
8.365706801414489746e-01
8.038228750228881836e-01
1.164858818054199219e+00
1.557508230209350586e+00
1.489942550659179688e+00
8.193631172180175781e-01
3.905533552169799805e-01
4.949739575386047363e-01
3.544094264507293701e-01
2.631759345531463623e-01
2.624446451663970947e-01
1.470444947481155396e-01
4.032849371433258057e-01
2.484500259160995483e-01
6.907596439123153687e-02
3.808897435665130615e-01
4.333737492561340332e-01
3.669176101684570312e-01
1.100404486060142517e-01
1.989465802907943726e-01
4.168119430541992188e-01
3.096703588962554932e-01
2.263336181640625000e-01
4.509637057781219482e-01
5.414373874664306641e-01
3.542394936084747314e-01
6.036993265151977539e-01
5.230832695960998535e-01
3.200794756412506104e-01
3.736782371997833252e-01
5.890550613403320312e-01
3.224805891513824463e-01
3.690498173236846924e-01
3.638246953487396240e-01
3.807390034198760986e-01
4.142694175243377686e-01
3.538299798965454102e-01
1.493404984474182129e+00
2.094628810882568359e+00
2.164607763290405273e+00
1.924058556556701660e+00
2.723455667495727539e+00
1.903305530548095703e+00
1.904698252677917480e+00
1.537754893302917480e+00
1.914949536323547363e+00
1.457194685935974121e+00
1.311867237091064453e+00
1.693368196487426758e+00
1.791843295097351074e+00
8.448399305343627930e-01
8.033119440078735352e-01
9.674955010414123535e-01
8.757280707359313965e-01
7.180427908897399902e-01
5.464873909950256348e-01
2.215536236763000488e-01
4.736313521862030029e-01
3.008819520473480225e-01
3.831880688667297363e-01
7.007560133934020996e-01
6.033024191856384277e-01
9.445109963417053223e-01
4.795570671558380127e-01
1.466233372688293457e+00
1.406840205192565918e+00
1.461115956306457520e+00
8.377707004547119141e-01
1.084773540496826172e+00
1.248494148254394531e+00
1.661980152130126953e+00
9.308113455772399902e-01
6.851527094841003418e-01
1.377443432807922363e+00
1.700549840927124023e+00
1.892502546310424805e+00
1.922539830207824707e+00
2.484098434448242188e+00
2.228087902069091797e+00
2.038174867630004883e+00
2.232044696807861328e+00
1.865566134452819824e+00
1.611279964447021484e+00
1.608447194099426270e+00
2.270241022109985352e+00
2.406676769256591797e+00
2.661566972732543945e+00
2.629490613937377930e+00
2.153411626815795898e+00
1.257009506225585938e+00
1.073429346084594727e+00
1.661949992179870605e+00
2.252317190170288086e+00
1.881664156913757324e+00
2.671933412551879883e+00
3.382685184478759766e+00
3.804873466491699219e+00
2.649318218231201172e+00
2.549676418304443359e+00
3.705173492431640625e+00
2.888673543930053711e+00
2.591586351394653320e+00
1.788277626037597656e+00
2.186118841171264648e+00
1.628989458084106445e+00
1.464455246925354004e+00
1.986657857894897461e+00
1.786228418350219727e+00
2.127448797225952148e+00
1.647922515869140625e+00
2.578923702239990234e+00
2.606701850891113281e+00
2.799376249313354492e+00
2.372909069061279297e+00
1.729175448417663574e+00
1.890749692916870117e+00
1.932178974151611328e+00
1.598399877548217773e+00
1.917441844940185547e+00
1.882454395294189453e+00
1.846029520034790039e+00
2.042022943496704102e+00
1.873694419860839844e+00
2.119902849197387695e+00
1.464036226272583008e+00
1.566146969795227051e+00
1.822779893875122070e+00
1.557853102684020996e+00
1.564282894134521484e+00
1.544640183448791504e+00
1.686007499694824219e+00
1.515019178390502930e+00
1.679229140281677246e+00
1.983739614486694336e+00
1.437934637069702148e+00
1.762812018394470215e+00
1.756547212600708008e+00
1.542800426483154297e+00
1.803336858749389648e+00
1.827013611793518066e+00
1.947869420051574707e+00
1.767244100570678711e+00
2.746653556823730469e+00
1.667223334312438965e+00
2.087659358978271484e+00
1.584144234657287598e+00
1.868655204772949219e+00
2.151322364807128906e+00
1.592525362968444824e+00
1.582981586456298828e+00
1.660916328430175781e+00
1.490537405014038086e+00
1.772835135459899902e+00
1.459591984748840332e+00
2.024302721023559570e+00
6.827529668807983398e-01
3.821928203105926514e-01
1.046109199523925781e+00
5.204784870147705078e-01
6.834338307380676270e-01
1.456401467323303223e+00
1.658127665519714355e+00
6.202287673950195312e-01
2.293281406164169312e-01
5.246642827987670898e-01
4.615425169467926025e-01
5.500287413597106934e-01
7.416853904724121094e-01
3.572424948215484619e-01
4.679846465587615967e-01
3.900657296180725098e-01
3.756991624832153320e-01
4.026449024677276611e-01
4.071631431579589844e-01
5.629697442054748535e-01
6.517968773841857910e-01
4.227129817008972168e-01
3.221774399280548096e-01
4.826115965843200684e-01
3.800315558910369873e-01
2.880936264991760254e-01
2.201562672853469849e-01
2.595386505126953125e-01
2.292642742395401001e-01
2.642895877361297607e-01
3.022801280021667480e-01
3.485398888587951660e-01
3.597491383552551270e-01
2.209763675928115845e-01
2.046530246734619141e-01
3.089790642261505127e-01
2.905309200286865234e-01
1.223091006278991699e+00
8.966304659843444824e-01
2.679060399532318115e-01
4.675052464008331299e-01
1.398027896881103516e+00
1.043961644172668457e+00
1.342265963554382324e+00
1.683048605918884277e+00
1.872937917709350586e+00
1.253966212272644043e+00
1.114168047904968262e+00
1.239064574241638184e+00
1.031903028488159180e+00
3.568565845489501953e-01
6.040992140769958496e-01
5.134369134902954102e-01
4.717729389667510986e-01
4.356098473072052002e-01
5.586833953857421875e-01
2.249398469924926758e+00
2.050269603729248047e+00
1.535561800003051758e+00
1.530583858489990234e+00
1.606677293777465820e+00
1.116795539855957031e+00
6.018011569976806641e-01
1.490314841270446777e+00
9.494924545288085938e-01
1.133537650108337402e+00
8.983274102210998535e-01
1.919430136680603027e+00
1.575845360755920410e+00
1.664028406143188477e+00
1.893621683120727539e+00
1.595200061798095703e+00
1.650670528411865234e+00
1.427390456199645996e+00
8.703801035881042480e-01
1.598590016365051270e+00
3.077411413192749023e+00
3.731872320175170898e+00
3.043988227844238281e+00
3.415434122085571289e+00
3.137531995773315430e+00
3.466062545776367188e+00
3.721781969070434570e+00
2.502987623214721680e+00
2.777552366256713867e+00
2.564926147460937500e+00
2.210819005966186523e+00
2.343602657318115234e+00
2.664799213409423828e+00
2.061809301376342773e+00
2.094681978225708008e+00
2.380389690399169922e+00
2.472634553909301758e+00
2.685077428817749023e+00
2.525726556777954102e+00
2.812044620513916016e+00
3.033901691436767578e+00
2.627447366714477539e+00
1.964850664138793945e+00
2.152123689651489258e+00
2.216455459594726562e+00
2.166062116622924805e+00
1.495003461837768555e+00
1.269829869270324707e+00
1.283506035804748535e+00
1.882345795631408691e+00
1.572742581367492676e+00
2.468305587768554688e+00
2.860034704208374023e+00
1.786341309547424316e+00
2.280119180679321289e+00
2.815886974334716797e+00
2.957862854003906250e+00
2.612919092178344727e+00
1.949316740036010742e+00
3.363852500915527344e+00
2.770894289016723633e+00
1.284950256347656250e+00
1.594857335090637207e+00
1.321377277374267578e+00
9.157416820526123047e-01
6.745010018348693848e-01
1.041049718856811523e+00
2.729530036449432373e-01
5.560060143470764160e-01
6.105717420578002930e-01
3.495565354824066162e-01
3.126319646835327148e-01
2.892664968967437744e-01
3.523706793785095215e-01
3.112823069095611572e-01
3.652845323085784912e-01
2.636224329471588135e-01
3.443719744682312012e-01
3.374128937721252441e-01
6.366691738367080688e-02
2.156355790793895721e-02
1.489283591508865356e-01
3.561321496963500977e-01
2.132081687450408936e-01
3.891434073448181152e-01
3.193799853324890137e-01
2.557783126831054688e-01
2.741176486015319824e-01
4.831918776035308838e-01
5.008243322372436523e-01
6.232159137725830078e-01
2.083426564931869507e-01
5.404654741287231445e-01
5.219602584838867188e-01
4.126160442829132080e-01
5.203140377998352051e-01
1.274188280105590820e+00
1.026339054107666016e+00
9.433858394622802734e-01
1.811565160751342773e-01
2.613978683948516846e-01
3.833525180816650391e-01
2.306829988956451416e-01
3.965163528919219971e-01
3.964059054851531982e-02
4.050572514533996582e-01
2.296345829963684082e-01
1.986415088176727295e-01
2.379413843154907227e-01
3.931328952312469482e-01
6.005915999412536621e-01
5.965916514396667480e-01
3.662855327129364014e-01
3.109454512596130371e-01
2.460992574691772461e+00
1.972182989120483398e+00
1.879727125167846680e+00
1.961019039154052734e+00
2.130088329315185547e+00
2.413472414016723633e+00
4.252854347229003906e+00
3.259684324264526367e+00
1.485486865043640137e+00
2.195664644241333008e+00
1.746604800224304199e+00
1.281886935234069824e+00
1.764383673667907715e+00
2.025883197784423828e+00
1.649158120155334473e+00
1.468212366104125977e+00
1.614405512809753418e+00
1.255178213119506836e+00
1.166048407554626465e+00
1.336290121078491211e+00
1.146022915840148926e+00
1.185968518257141113e+00
1.524724483489990234e+00
1.110513448715209961e+00
9.621080756187438965e-01
1.279025912284851074e+00
1.349720120429992676e+00
1.188610792160034180e+00
9.767901301383972168e-01
1.110514283180236816e+00
1.399478435516357422e+00
2.301914930343627930e+00
3.673434257507324219e+00
3.223852872848510742e+00
3.233065366744995117e+00
2.189516544342041016e+00
1.779083013534545898e+00
1.374144434928894043e+00
3.007862329483032227e+00
3.447262763977050781e+00
2.194627523422241211e+00
3.171689987182617188e+00
2.275985002517700195e+00
1.417972445487976074e+00
6.474006175994873047e-01
2.549028396606445312e-01
2.571556568145751953e-01
5.783392190933227539e-01
6.951361894607543945e-01
1.115674972534179688e+00
6.757900714874267578e-01
3.236808478832244873e-01
4.595281779766082764e-01
4.307964146137237549e-01
4.821502864360809326e-01
5.061253905296325684e-01
4.628269374370574951e-01
5.113296508789062500e-01
7.063561081886291504e-01
7.909117341041564941e-01
8.671413660049438477e-01
8.714148402214050293e-01
1.267000675201416016e+00
9.800968766212463379e-01
8.891986012458801270e-01
7.578020691871643066e-01
1.033020496368408203e+00
1.000519037246704102e+00
1.290926933288574219e+00
1.260586500167846680e+00
1.040512204170227051e+00
1.557616233825683594e+00
1.796231627464294434e+00
1.500129103660583496e+00
1.563705325126647949e+00
1.579962849617004395e+00
1.579537510871887207e+00
2.353213787078857422e+00
1.298780083656311035e+00
2.199788093566894531e+00
2.468381166458129883e+00
2.925464630126953125e+00
2.348314285278320312e+00
3.781852245330810547e+00
3.658927202224731445e+00
1.414600133895874023e+00
1.471129894256591797e+00
1.177880167961120605e+00
1.229208588600158691e+00
1.776809334754943848e+00
1.679734826087951660e+00
3.153127670288085938e+00
2.387975692749023438e+00
7.862594723701477051e-01
1.556296229362487793e+00
1.309522032737731934e+00
9.356589913368225098e-01
6.368007063865661621e-01
1.164316654205322266e+00
9.077067971229553223e-01
4.285386800765991211e-01
4.578402936458587646e-01
1.781707704067230225e-01
5.502625107765197754e-01
6.703602075576782227e-01
1.747579872608184814e-01
4.969869554042816162e-01
3.225598037242889404e-01
2.136217802762985229e-01
3.207126557826995850e-01
3.110956549644470215e-01
1.195420548319816589e-01
3.282563686370849609e-01
3.755322396755218506e-01
3.360032141208648682e-01
2.311599254608154297e-01
3.803380131721496582e-01
1.042861223220825195e+00
1.318910121917724609e+00
9.487134814262390137e-01
8.841195702552795410e-01
3.951524496078491211e-01
2.313512563705444336e-01
1.593073606491088867e-01
2.523701786994934082e-01
2.952922582626342773e-01
3.185859322547912598e-01
3.414604961872100830e-01
3.489038944244384766e-01
4.768763780593872070e-01
4.496688842773437500e-01
3.323780000209808350e-01
2.202283591032028198e-01
2.713103294372558594e-01
4.045636057853698730e-01
1.806184649467468262e-01
1.948767751455307007e-01
4.800010919570922852e-01
4.329971373081207275e-01
5.036453604698181152e-01
7.075664997100830078e-01
4.610483348369598389e-01
6.288579106330871582e-01
1.665917038917541504e+00
2.026351690292358398e+00
3.045206546783447266e+00
2.594981431961059570e+00
2.372325897216796875e+00
2.793431758880615234e+00
1.659305810928344727e+00
2.297172546386718750e+00
1.986293554306030273e+00
2.680615901947021484e+00
1.734082102775573730e+00
1.430797219276428223e+00
1.334961533546447754e+00
1.349748611450195312e+00
1.328002810478210449e+00
1.838258028030395508e+00
1.626015424728393555e+00
1.440185308456420898e+00
2.174009084701538086e+00
1.802366733551025391e+00
1.394851684570312500e+00
1.284095048904418945e+00
1.391816377639770508e+00
1.617537021636962891e+00
1.421219587326049805e+00
1.275908231735229492e+00
1.346037626266479492e+00
1.450532436370849609e+00
1.569641232490539551e+00
1.128429889678955078e+00
1.863345056772232056e-01
5.905650854110717773e-01
2.641029357910156250e-01
3.724332749843597412e-01
3.542211353778839111e-01
4.454192519187927246e-01
3.687250316143035889e-01
6.513065695762634277e-01
4.952634274959564209e-01
6.208232641220092773e-01
4.391901195049285889e-01
4.872197508811950684e-01
5.654423832893371582e-01
2.610648274421691895e-01
4.267956912517547607e-01
2.718963623046875000e-01
3.196573853492736816e-01
4.463777840137481689e-01
3.239272832870483398e-01
3.062835931777954102e-01
4.059160053730010986e-01
1.773005127906799316e-01
1.879873126745223999e-02
2.931444346904754639e-01
3.860003054141998291e-01
2.688366174697875977e-01
2.137648612260818481e-01
3.224904537200927734e-01
4.552818536758422852e-01
3.603650331497192383e-01
3.184735476970672607e-01
1.492548465728759766e+00
6.124520897865295410e-01
8.267733454704284668e-01
1.010388016700744629e+00
1.176591634750366211e+00
8.156874775886535645e-01
2.162030696868896484e+00
2.340211868286132812e+00
2.536035060882568359e+00
2.662873983383178711e+00
1.945557713508605957e+00
1.875655889511108398e+00
2.326530694961547852e+00
2.360735177993774414e+00
1.713540911674499512e+00
1.907614350318908691e+00
1.954843044281005859e+00
1.961650013923645020e+00
2.688106298446655273e+00
2.332614421844482422e+00
1.482728838920593262e+00
1.756701469421386719e+00
1.879379272460937500e+00
2.754318475723266602e+00
2.729020357131958008e+00
3.152842044830322266e+00
2.301706552505493164e+00
2.394142866134643555e+00
2.367713689804077148e+00
2.437118053436279297e+00
2.349383115768432617e+00
1.390404224395751953e+00
1.062186956405639648e+00
1.110644221305847168e+00
9.234095811843872070e-01
7.503191828727722168e-01
6.609314680099487305e-01
6.643026471138000488e-01
7.777550220489501953e-01
6.344769597053527832e-01
3.258813321590423584e-01
4.716065824031829834e-01
5.772469043731689453e-01
4.600256681442260742e-01
3.984709382057189941e-01
3.939812183380126953e-01
4.412666857242584229e-01
4.908315241336822510e-01
3.402040302753448486e-01
4.872367382049560547e-01
3.628606796264648438e-01
3.036717176437377930e-01
3.796162903308868408e-01
2.481860667467117310e-01
1.611975282430648804e-01
3.413473069667816162e-01
2.807979583740234375e-01
2.381436675786972046e-01
3.977881669998168945e-01
5.517462491989135742e-01
4.161137938499450684e-01
4.175385832786560059e-01
4.058910608291625977e-01
2.906422019004821777e-01
4.378555417060852051e-01
4.149436950683593750e-01
3.831672370433807373e-01
3.860367834568023682e-01
2.947484552860260010e-01
3.070886135101318359e-01
3.035236895084381104e-01
4.989412724971771240e-01
1.318109512329101562e+00
1.656631946563720703e+00
1.413881778717041016e+00
1.132570743560791016e+00
5.622661113739013672e-01
4.986315369606018066e-01
3.849091231822967529e-01
3.354640603065490723e-01
4.819337725639343262e-01
2.741869986057281494e-01
5.721533894538879395e-01
5.298635959625244141e-01
2.003508329391479492e+00
2.159869909286499023e+00
2.446984052658081055e+00
2.178451299667358398e+00
2.577698945999145508e+00
2.823936223983764648e+00
3.058901786804199219e+00
2.364669799804687500e+00
1.513843655586242676e+00
1.394621133804321289e+00
1.177648782730102539e+00
1.538988232612609863e+00
1.703478813171386719e+00
1.580907940864562988e+00
1.428592085838317871e+00
1.429628968238830566e+00
1.423949122428894043e+00
1.077990055084228516e+00
1.336344122886657715e+00
1.174319386482238770e+00
1.461868643760681152e+00
1.384772062301635742e+00
1.619079947471618652e+00
1.461876034736633301e+00
1.190196990966796875e+00
1.519399642944335938e+00
1.315067291259765625e+00
1.164220809936523438e+00
1.188075184822082520e+00
1.387773394584655762e+00
1.439215540885925293e+00
1.520503401756286621e+00
1.479786992073059082e+00
1.801000952720642090e+00
1.299379587173461914e+00
1.174104452133178711e+00
1.843179702758789062e+00
1.347756505012512207e+00
1.305060267448425293e+00
9.065958857536315918e-01
3.675620257854461670e-01
4.121673405170440674e-01
1.912370175123214722e-01
4.795721471309661865e-01
2.713802456855773926e-01
4.334702491760253906e-01
2.383462339639663696e-01
1.544147133827209473e-01
2.057515978813171387e-01
4.314989149570465088e-01
2.765277922153472900e-01
2.145950943231582642e-01
3.411244451999664307e-01
3.503217995166778564e-01
1.055871725082397461e+00
8.352876305580139160e-01
6.915361881256103516e-01
1.046715021133422852e+00
9.005873799324035645e-01
1.047712206840515137e+00
9.175833463668823242e-01
9.875375032424926758e-01
9.689142107963562012e-01
1.069918155670166016e+00
1.200460314750671387e+00
1.217633128166198730e+00
1.297049760818481445e+00
1.484534382820129395e+00
1.575783491134643555e+00
1.846074938774108887e+00
2.168221235275268555e+00
1.867580652236938477e+00
1.878553628921508789e+00
1.639322400093078613e+00
1.530532360076904297e+00
1.539415359497070312e+00
3.385989427566528320e+00
2.405251264572143555e+00
3.012036085128784180e+00
3.629590511322021484e+00
2.938450574874877930e+00
2.674092292785644531e+00
2.667289018630981445e+00
1.570369720458984375e+00
1.405018568038940430e+00
7.457650899887084961e-01
1.938406825065612793e+00
2.846281528472900391e+00
1.285257458686828613e+00
1.630359888076782227e+00
1.474359512329101562e+00
9.076623916625976562e-01
1.416718959808349609e+00
1.629932641983032227e+00
7.701888680458068848e-01
7.432036399841308594e-01
9.145899415016174316e-01
8.964999914169311523e-01
8.686697483062744141e-01
6.888031363487243652e-01
6.355344057083129883e-01
7.792749404907226562e-01
6.135662794113159180e-01
2.823578715324401855e-01
4.082888662815093994e-01
5.109793543815612793e-01
5.553859472274780273e-01
4.961153268814086914e-01
6.807334423065185547e-01
3.581708669662475586e-01
4.154962599277496338e-01
6.092473268508911133e-01
5.046792030334472656e-01
5.190184116363525391e-01
5.197329521179199219e-01
4.839385151863098145e-01
4.165890812873840332e-01
3.506161868572235107e-01
5.363425016403198242e-01
5.026602149009704590e-01
6.625881195068359375e-01
1.388339638710021973e+00
1.124154210090637207e+00
1.440218448638916016e+00
1.333905458450317383e+00
3.217857480049133301e-01
3.428375720977783203e-01
6.477342247962951660e-01
5.523664951324462891e-01
6.384513378143310547e-01
6.419641971588134766e-01
7.814736962318420410e-01
5.317885875701904297e-01
5.469697713851928711e-01
4.030349552631378174e-01
4.646337926387786865e-01
5.742757320404052734e-01
7.243064641952514648e-01
3.886418044567108154e-01
3.114306032657623291e-01
3.590880036354064941e-01
5.148581266403198242e-01
3.141060769557952881e-01
4.441874623298645020e-01
2.348963737487792969e+00
3.037629365921020508e+00
2.694826126098632812e+00
2.624528408050537109e+00
2.744676113128662109e+00
2.438251256942749023e+00
2.766662836074829102e+00
2.721905469894409180e+00
2.166931867599487305e+00
1.145918965339660645e+00
1.236099958419799805e+00
1.401179790496826172e+00
1.147339105606079102e+00
1.429576039314270020e+00
1.122783422470092773e+00
1.295727491378784180e+00
1.292979359626770020e+00
1.256924748420715332e+00
1.403730511665344238e+00
1.381447792053222656e+00
1.367736816406250000e+00
1.186792492866516113e+00
8.657229542732238770e-01
1.282543659210205078e+00
1.233837246894836426e+00
1.344744920730590820e+00
1.116516828536987305e+00
1.277253508567810059e+00
1.124951601028442383e+00
1.091625928878784180e+00
1.287092566490173340e+00
1.273751616477966309e+00
1.365934610366821289e+00
1.166180014610290527e+00
1.222051024436950684e+00
1.324124813079833984e+00
2.194698095321655273e+00
1.535995721817016602e+00
1.088165998458862305e+00
7.879174947738647461e-01
9.066131114959716797e-01
1.433146953582763672e+00
3.949295878410339355e-01
4.875242710113525391e-01
3.908123672008514404e-01
1.170495152473449707e+00
2.272839099168777466e-01
1.874328106641769409e-01
3.598201274871826172e-01
3.426256775856018066e-01
2.497783005237579346e-01
2.134101688861846924e-01
2.794513404369354248e-01
2.295649498701095581e-01
2.574705779552459717e-01
2.883573174476623535e-01
4.186242818832397461e-01
3.367142081260681152e-01
3.939683437347412109e-01
7.009297609329223633e-01
6.903857588768005371e-01
5.337818264961242676e-01
7.113751173019409180e-01
6.912626028060913086e-01
3.307657539844512939e-01
8.040605187416076660e-01
7.951018810272216797e-01
8.911474347114562988e-01
1.055858373641967773e+00
3.068538904190063477e+00
3.665564060211181641e+00
3.544030427932739258e+00
2.956779956817626953e+00
3.022688627243041992e+00
2.257402658462524414e+00
2.149894714355468750e+00
2.889385938644409180e+00
3.186583042144775391e+00
2.710228681564331055e+00
3.359039545059204102e+00
3.754952669143676758e+00
1.237691402435302734e+00
1.926231622695922852e+00
2.221857309341430664e+00
1.897866368293762207e+00
2.985061407089233398e+00
1.600435853004455566e+00
3.163775205612182617e+00
2.612277507781982422e+00
1.199855685234069824e+00
1.534132599830627441e+00
2.024146556854248047e+00
7.795646190643310547e-01
9.336523413658142090e-01
1.368342638015747070e+00
8.989422321319580078e-01
8.511233925819396973e-01
1.049127101898193359e+00
5.842816233634948730e-01
3.951913714408874512e-01
2.819003760814666748e-01
4.272816479206085205e-01
5.079675912857055664e-01
2.793658077716827393e-01
3.180185556411743164e-01
4.300218224525451660e-01
5.572284460067749023e-01
3.245675563812255859e-01
1.785731464624404907e-01
2.771110832691192627e-01
2.286645472049713135e-01
1.627812683582305908e-01
4.195266067981719971e-01
2.080910354852676392e-01
3.453156948089599609e-01
4.385339319705963135e-01
2.820311486721038818e-01
1.424574017524719238e+00
1.196411132812500000e+00
1.171003580093383789e+00
5.847117304801940918e-01
3.497262001037597656e-01
3.730110824108123779e-01
2.059103101491928101e-01
2.701256871223449707e-01
4.450294971466064453e-01
3.361037969589233398e-01
3.294382989406585693e-01
3.614923954010009766e-01
4.127319753170013428e-01
1.666189134120941162e-01
1.131432354450225830e-01
2.534728646278381348e-01
3.557453751564025879e-01
2.736489474773406982e-01
3.190732896327972412e-01
4.075394868850708008e-01
3.202924728393554688e-01
5.176879167556762695e-01
3.616998791694641113e-01
3.844919502735137939e-01
2.343556433916091919e-01
3.109788894653320312e-01
1.496380567550659180e+00
2.093223571777343750e+00
2.113471746444702148e+00
2.286803007125854492e+00
3.398300647735595703e+00
1.774552941322326660e+00
1.804566383361816406e+00
2.015394687652587891e+00
1.907691597938537598e+00
1.893995523452758789e+00
1.736734032630920410e+00
1.677047252655029297e+00
1.462361454963684082e+00
1.211519598960876465e+00
1.568705439567565918e+00
1.088364720344543457e+00
1.316805601119995117e+00
1.215265154838562012e+00
1.242137432098388672e+00
1.400778293609619141e+00
1.026077032089233398e+00
1.429619669914245605e+00
1.378591418266296387e+00
1.367432355880737305e+00
1.645256280899047852e+00
1.375450491905212402e+00
1.082484483718872070e+00
1.615484595298767090e+00
1.251587867736816406e+00
1.331150293350219727e+00
1.300029397010803223e+00
1.404194355010986328e+00
1.243025302886962891e+00
1.447942852973937988e+00
1.522511959075927734e+00
1.598325014114379883e+00
1.319826722145080566e+00
1.542292237281799316e+00
2.248258590698242188e+00
1.618556976318359375e+00
1.579476356506347656e+00
1.508040666580200195e+00
1.669780373573303223e+00
1.300032734870910645e+00
1.442032217979431152e+00
2.054099321365356445e+00
1.825691103935241699e+00
1.348638296127319336e+00
1.393013596534729004e+00
1.442671895027160645e+00
1.188182353973388672e+00
1.747816681861877441e+00
1.800711989402770996e+00
1.629917025566101074e+00
1.718784689903259277e+00
1.779916524887084961e+00
1.824972987174987793e+00
1.909002900123596191e+00
1.557923793792724609e+00
1.511307358741760254e+00
1.067281603813171387e+00
1.642002224922180176e+00
1.066519379615783691e+00
1.455165266990661621e+00
8.145825862884521484e-01
7.594732642173767090e-01
8.714587092399597168e-01
7.407392263412475586e-01
7.203739881515502930e-01
9.215703606605529785e-01
1.558448910713195801e+00
1.370041131973266602e+00
1.303922176361083984e+00
1.297620058059692383e+00
1.668652772903442383e+00
1.302692890167236328e+00
1.110860228538513184e+00
1.621200442314147949e+00
1.873832106590270996e+00
1.359387755393981934e+00
1.700969457626342773e+00
1.875048756599426270e+00
2.991300821304321289e+00
1.760262846946716309e+00
1.345515131950378418e+00
1.025941133499145508e+00
1.605210900306701660e+00
1.342816710472106934e+00
2.141979217529296875e+00
2.287715435028076172e+00
1.846868753433227539e+00
2.052778720855712891e+00
1.702579498291015625e+00
1.344968557357788086e+00
3.077431619167327881e-01
4.327808916568756104e-01
3.053176701068878174e-01
4.404380917549133301e-01
3.446175456047058105e-01
2.872335016727447510e-01
3.745211064815521240e-01
3.238211870193481445e-01
4.028096497058868408e-01
3.684002161026000977e-01
3.510574996471405029e-01
3.268192708492279053e-01
2.748207151889801025e-01
2.969999015331268311e-01
3.343122899532318115e-01
3.016236424446105957e-01
4.117893576622009277e-01
3.276539146900177002e-01
9.307625144720077515e-02
1.928089708089828491e-01
2.433191835880279541e-01
3.337232768535614014e-01
2.728016972541809082e-01
2.063546180725097656e-01
3.241090178489685059e-01
3.436798751354217529e-01
9.923572540283203125e-01
2.866844832897186279e-01
2.684325873851776123e-01
2.865452468395233154e-01
1.692140698432922363e-01
3.923563659191131592e-01
3.623245656490325928e-01
2.164995372295379639e-01
2.692795395851135254e-01
4.777326583862304688e-01
3.150906264781951904e-01
3.262110650539398193e-01
4.968789517879486084e-01
2.819765806198120117e-01
3.055925965309143066e-01
2.098186612129211426e-01
4.308693110942840576e-01
1.361381292343139648e+00
1.429427742958068848e+00
1.480304718017578125e+00
1.140145063400268555e+00
4.085777699947357178e-01
2.074411362409591675e-01
6.840884089469909668e-01
2.595178186893463135e-01
1.350007057189941406e+00
2.104489803314208984e+00
2.406262636184692383e+00
2.660043478012084961e+00
2.151498794555664062e+00
2.267806529998779297e+00
2.212537527084350586e+00
2.465261697769165039e+00
2.373595237731933594e+00
2.227054834365844727e+00
1.857484817504882812e+00
1.335747122764587402e+00
1.506974697113037109e+00
1.260879755020141602e+00
2.744925022125244141e+00
1.517462253570556641e+00
1.162531733512878418e+00
1.477146029472351074e+00
1.338045477867126465e+00
1.612032890319824219e+00
5.683318972587585449e-01
2.343690872192382812e+00
1.502600669860839844e+00
6.252318620681762695e-01
7.682961821556091309e-01
1.803326129913330078e+00
1.574227094650268555e+00
1.969112277030944824e+00
3.265968322753906250e+00
3.271444559097290039e+00
2.386879205703735352e+00
1.815449237823486328e+00
2.575168609619140625e+00
1.804233908653259277e+00
5.984341502189636230e-01
1.162059187889099121e+00
7.771778106689453125e-01
8.487263917922973633e-01
2.378396987915039062e+00
2.980228364467620850e-01
1.057204961776733398e+00
1.691822528839111328e+00
1.421652674674987793e+00
1.317657828330993652e+00
9.270394444465637207e-01
1.216881871223449707e+00
2.138538599014282227e+00
6.744096875190734863e-01
5.777205824851989746e-01
4.521505534648895264e-01
5.929793119430541992e-01
1.569356918334960938e+00
1.362094521522521973e+00
1.348525881767272949e+00
1.347530364990234375e+00
1.475949048995971680e+00
1.613271236419677734e+00
1.738579034805297852e+00
1.767121672630310059e+00
1.381872057914733887e+00
1.721808791160583496e+00
1.433980822563171387e+00
1.359075903892517090e+00
1.831892371177673340e+00
2.193184137344360352e+00
1.951992750167846680e+00
2.235704660415649414e+00
2.563333511352539062e+00
2.993623018264770508e+00
4.557473659515380859e+00
4.263337612152099609e+00
4.614885807037353516e+00
4.713147163391113281e+00
3.354342460632324219e+00
3.876050472259521484e+00
3.064553499221801758e+00
3.266697406768798828e+00
2.639014244079589844e+00
3.224791049957275391e+00
2.890037536621093750e+00
2.555457830429077148e+00
2.731111764907836914e+00
2.495419263839721680e+00
1.433694601058959961e+00
1.810391783714294434e+00
2.046638250350952148e+00
1.956203460693359375e+00
1.884321808815002441e+00
2.901641130447387695e+00
2.244275569915771484e+00
1.693030714988708496e+00
2.098463773727416992e+00
1.958459258079528809e+00
1.320558786392211914e+00
1.779824733734130859e+00
1.199570059776306152e+00
1.109760522842407227e+00
7.600497007369995117e-01
8.526498079299926758e-01
1.043985843658447266e+00
7.153799533843994141e-01
6.927805542945861816e-01
5.474163293838500977e-01
4.676776528358459473e-01
6.428405046463012695e-01
5.164152979850769043e-01
4.697429835796356201e-01
5.229476094245910645e-01
6.112224459648132324e-01
3.175309300422668457e-01
3.368874490261077881e-01
2.807837128639221191e-01
1.839884966611862183e-01
2.177488654851913452e-01
1.063234061002731323e-01
1.169118046760559082e+00
1.315329551696777344e+00
1.103643536567687988e+00
1.208839774131774902e+00
1.251744925975799561e-01
2.715159058570861816e-01
3.971445858478546143e-01
3.330026566982269287e-01
3.252879083156585693e-01
3.752326369285583496e-01
3.781509697437286377e-01
7.308678627014160156e-01
3.438059687614440918e-01
6.499796509742736816e-01
3.785522580146789551e-01
3.557253777980804443e-01
5.255293250083923340e-01
4.543184041976928711e-01
3.839147090911865234e-01
3.721120357513427734e-01
1.686686277389526367e-01
2.994684278964996338e-01
2.296315580606460571e-01
2.398096472024917603e-01
6.097601652145385742e-01
2.251950204372406006e-01
3.845503330230712891e-01
4.043451249599456787e-01
3.817989528179168701e-01
2.831500172615051270e-01
1.256004333496093750e+00
2.040380239486694336e+00
1.373170256614685059e+00
2.129747867584228516e+00
2.537811756134033203e+00
2.406963586807250977e+00
1.779758334159851074e+00
1.563420295715332031e+00
1.473069071769714355e+00
1.281896710395812988e+00
1.513175368309020996e+00
1.362827181816101074e+00
1.117333889007568359e+00
1.059376716613769531e+00
1.341389179229736328e+00
1.039855122566223145e+00
1.348747014999389648e+00
1.148645758628845215e+00
1.353912204504013062e-01
4.867373406887054443e-01
4.365379512310028076e-01
3.088836967945098877e-01
1.650856137275695801e-01
4.762593805789947510e-01
5.078294277191162109e-01
1.156484931707382202e-01
1.784870773553848267e-01
4.526162445545196533e-01
2.652620971202850342e-01
1.250478625297546387e-01
3.850412368774414062e-01
5.723921060562133789e-01
3.271449208259582520e-01
3.757413625717163086e-01
5.058428049087524414e-01
6.335639357566833496e-01
4.522574543952941895e-01
3.512540161609649658e-01
3.390322625637054443e-01
2.532519400119781494e-01
1.902900189161300659e-01
4.370425641536712646e-01
4.045043885707855225e-01
4.398394525051116943e-01
4.210349619388580322e-01
4.198072850704193115e-01
2.944085896015167236e-01
4.198330342769622803e-01
2.870416343212127686e-01
3.069140315055847168e-01
2.775345444679260254e-01
3.600947856903076172e-01
3.188361823558807373e-01
1.633867621421813965e-01
4.059020280838012695e-01
4.896742999553680420e-01
2.845273315906524658e-01
2.174994349479675293e-01
5.704084634780883789e-01
2.996904551982879639e-01
4.293713867664337158e-01
4.122492969036102295e-01
3.967827856540679932e-01
2.775822579860687256e-01
1.646088242530822754e+00
1.258651375770568848e+00
1.350562095642089844e+00
8.309772014617919922e-01
3.031698465347290039e-01
4.351507425308227539e-01
6.076887995004653931e-02
4.443949460983276367e-01
5.855435729026794434e-01
4.447290897369384766e-01
4.412705004215240479e-01
5.633811354637145996e-01
6.013598442077636719e-01
4.361213147640228271e-01
3.711650371551513672e-01
5.410372018814086914e-01
6.423673629760742188e-01
3.797410130500793457e-01
4.161935746669769287e-01
1.733321785926818848e+00
1.986038923263549805e+00
1.307341575622558594e+00
1.234732985496520996e+00
1.373109698295593262e+00
3.760522007942199707e-01
1.121006250381469727e+00
1.317115068435668945e+00
1.911842584609985352e+00
1.685029029846191406e+00
1.520569443702697754e+00
1.321489930152893066e+00
9.602916240692138672e-01
3.159104585647583008e-01
2.580552399158477783e-01
3.277846574783325195e-01
3.495047092437744141e-01
3.898138403892517090e-01
2.223772853612899780e-01
3.852103650569915771e-01
4.188098311424255371e-01
9.497547894716262817e-02
2.117995768785476685e-01
4.771452844142913818e-01
4.429803490638732910e-01
2.642588913440704346e-01
3.048062026500701904e-01
3.496162891387939453e-01
1.813330352306365967e-01
1.909782737493515015e-01
4.286414384841918945e-01
2.418760657310485840e-01
2.322936058044433594e-01
3.710945844650268555e-01
3.789779245853424072e-01
1.863451898097991943e-01
3.975938260555267334e-01
3.056112229824066162e-01
3.062290549278259277e-01
3.436571061611175537e-01
3.041363060474395752e-01
1.622147113084793091e-01
2.173210084438323975e-01
4.942300617694854736e-01
3.372736573219299316e-01
2.026762217283248901e-01
4.719722270965576172e-01
6.351649165153503418e-01
7.299940288066864014e-02
4.076123833656311035e-01
3.744953274726867676e-01
3.440296053886413574e-01
1.629525870084762573e-01
3.322327136993408203e-01
4.466968178749084473e-01
2.330616265535354614e-01
4.364680349826812744e-01
3.918594419956207275e-01
1.246766686439514160e+00
1.047387599945068359e+00
2.182948112487792969e+00
2.321687221527099609e+00
1.894471406936645508e+00
1.997753858566284180e+00
2.251570701599121094e+00
1.985164284706115723e+00
1.799382090568542480e+00
2.280972957611083984e+00
2.064532995223999023e+00
1.788777589797973633e+00
2.133005857467651367e+00
2.717541694641113281e+00
2.553286314010620117e+00
2.747560739517211914e+00
1.186705350875854492e+00
1.584203243255615234e+00
1.546105742454528809e+00
1.351738810539245605e+00
1.673972129821777344e+00
1.627333641052246094e+00
2.569254398345947266e+00
2.742184162139892578e+00
3.106766700744628906e+00
2.929390907287597656e+00
2.738786935806274414e+00
1.506233572959899902e+00
2.522306680679321289e+00
2.207391977310180664e+00
2.279801845550537109e+00
3.101074695587158203e+00
1.410113692283630371e+00
1.856745600700378418e+00
2.682615518569946289e+00
1.506715774536132812e+00
1.730071306228637695e+00
1.638626694679260254e+00
1.896863698959350586e+00
1.762640953063964844e+00
1.696454763412475586e+00
1.841036558151245117e+00
1.878229141235351562e+00
1.887707710266113281e+00
2.352568626403808594e+00
2.331073045730590820e+00
1.306843519210815430e+00
1.635592460632324219e+00
1.410218477249145508e+00
1.498473644256591797e+00
1.605490684509277344e+00
1.976539015769958496e+00
2.526124715805053711e+00
2.420320510864257812e+00
4.681079983711242676e-01
6.858859062194824219e-01
7.044423222541809082e-01
9.947969913482666016e-01
1.106989145278930664e+00
8.427148461341857910e-01
7.369621396064758301e-01
7.907409667968750000e-01
9.690986871719360352e-01
6.570231318473815918e-01
9.428020119667053223e-01
6.059507131576538086e-01
8.207456469535827637e-01
6.610512733459472656e-01
7.538452148437500000e-01
8.004955649375915527e-01
1.195902109146118164e+00
3.695585489273071289e+00
4.244044780731201172e+00
4.287854671478271484e+00
3.674740314483642578e+00
3.004307508468627930e+00
3.324289560317993164e+00
2.371225833892822266e+00
1.426303386688232422e+00
2.052853345870971680e+00
3.812000751495361328e+00
2.999559879302978516e+00
1.300541400909423828e+00
1.546012878417968750e+00
2.005165338516235352e+00
1.245759129524230957e+00
2.050300121307373047e+00
2.393344640731811523e+00
2.112707376480102539e+00
2.035999059677124023e+00
2.763718605041503906e+00
2.491830825805664062e+00
2.342691421508789062e+00
2.266955375671386719e+00
1.659765958786010742e+00
1.701216459274291992e+00
1.046242117881774902e+00
2.907781600952148438e-01
3.912736773490905762e-01
3.106647729873657227e-01
5.377612113952636719e-01
4.719820916652679443e-01
3.911240398883819580e-01
3.881486952304840088e-01
2.057143300771713257e-01
4.466688632965087891e-01
3.489335179328918457e-01
4.106655716896057129e-01
1.774208433926105499e-02
1.669886708259582520e-01
3.297715783119201660e-01
3.775213658809661865e-01
1.689372360706329346e-01
2.752110362052917480e-01
4.073717296123504639e-01
2.556209862232208252e-01
3.424426019191741943e-01
4.634124040603637695e-01
2.283742725849151611e-01
6.242722868919372559e-01
1.543903201818466187e-01
2.945563197135925293e-01
2.285275012254714966e-01
4.040463864803314209e-01
2.772401869297027588e-01
4.141745567321777344e-01
5.646241903305053711e-01
1.771760731935501099e-01
4.034228026866912842e-01
4.684349894523620605e-01
4.957540631294250488e-01
1.368776559829711914e-01
1.998889297246932983e-01
3.240064978599548340e-01
1.709534972906112671e-01
1.033924743533134460e-01
4.726788401603698730e-01
5.261750817298889160e-01
4.927145838737487793e-01
2.008060514926910400e-01
2.885535657405853271e-01
5.172600746154785156e-01
3.988157510757446289e-01
3.069699406623840332e-01
3.965593874454498291e-01
4.269960522651672363e-01
1.464498877525329590e+00
1.646328091621398926e+00
2.424647092819213867e+00
2.054666280746459961e+00
2.298904657363891602e+00
1.993586301803588867e+00
2.527814865112304688e+00
2.354872703552246094e+00
1.620050787925720215e+00
2.528302669525146484e+00
2.083320379257202148e+00
1.349568009376525879e+00
1.244815468788146973e+00
1.268608450889587402e+00
1.394312500953674316e+00
1.330175042152404785e+00
1.244170427322387695e+00
1.456700205802917480e+00
1.277383446693420410e+00
1.921955704689025879e+00
1.405421495437622070e+00
1.425710201263427734e+00
1.401886940002441406e+00
1.606618642807006836e+00
1.647941350936889648e+00
1.626653790473937988e+00
1.281619071960449219e+00
1.453337311744689941e+00
2.018814325332641602e+00
2.091938734054565430e+00
1.543268918991088867e+00
1.343867063522338867e+00
1.680489182472229004e+00
1.764320373535156250e+00
9.589762687683105469e-01
6.781927943229675293e-01
4.404770135879516602e-01
8.463101983070373535e-01
6.450420618057250977e-01
1.987035274505615234e+00
6.081131100654602051e-01
5.509231090545654297e-01
5.064750909805297852e-01
6.948705911636352539e-01
1.639517545700073242e+00
1.461213588714599609e+00
1.988866329193115234e+00
2.432589054107666016e+00
8.069489598274230957e-01
1.267374008893966675e-01
4.352940917015075684e-01
3.747379183769226074e-01
4.184277355670928955e-01
7.516905069351196289e-01
5.505281090736389160e-01
5.813751220703125000e-01
6.972247958183288574e-01
5.752665996551513672e-01
4.821563363075256348e-01
8.980579972267150879e-01
8.232972025871276855e-01
1.219516515731811523e+00
1.161486148834228516e+00
1.161703705787658691e+00
4.649695754051208496e-01
6.845521330833435059e-01
1.023739814758300781e+00
1.411275386810302734e+00
1.427010774612426758e+00
1.806903600692749023e+00
2.008567571640014648e+00
2.072782754898071289e+00
2.032337188720703125e+00
3.407347917556762695e+00
2.533331871032714844e+00
2.053301811218261719e+00
2.563042402267456055e+00
1.944498300552368164e+00
1.527271151542663574e+00
1.626655220985412598e+00
2.782237052917480469e+00
2.534403562545776367e+00
3.530334234237670898e+00
2.730779409408569336e+00
2.980864524841308594e+00
2.394789218902587891e+00
2.080547332763671875e+00
1.517269611358642578e+00
1.695145726203918457e+00
1.241469502449035645e+00
1.284699440002441406e+00
1.313790202140808105e+00
7.258332371711730957e-01
8.666770458221435547e-01
8.933640718460083008e-01
8.915128111839294434e-01
4.899278283119201660e-01
6.931807398796081543e-01
6.128358244895935059e-01
6.440054178237915039e-01
6.153761148452758789e-01
5.796346068382263184e-01
3.901008069515228271e-01
2.729053199291229248e-01
4.567315578460693359e-01
6.632824540138244629e-01
4.121391177177429199e-01
2.839377522468566895e-01
1.957097500562667847e-01
4.412902593612670898e-01
1.554464101791381836e-01
2.720312178134918213e-01
1.251089870929718018e-01
2.105485945940017700e-01
1.516712605953216553e-01
1.563882082700729370e-01
5.512248873710632324e-01
2.425955682992935181e-01
2.898432016372680664e-01
4.509987831115722656e-01
1.372940301895141602e+00
1.383096694946289062e+00
1.147123932838439941e+00
1.100726842880249023e+00
2.815884649753570557e-01
1.610999554395675659e-01
4.313865303993225098e-01
3.473401665687561035e-01
3.174892663955688477e-01
3.253172338008880615e-01
3.727032840251922607e-01
3.049100935459136963e-01
2.711557447910308838e-01
3.511397242546081543e-01
3.665612936019897461e-01
2.758565247058868408e-01
3.182271420955657959e-01
4.074259996414184570e-01
1.670048534870147705e-01
5.192946791648864746e-01
4.067114293575286865e-01
2.280031442642211914e-01
1.019805967807769775e-01
5.876349806785583496e-01
1.420621514320373535e+00
1.714825630187988281e+00
1.898339748382568359e+00
1.620905995368957520e+00
2.611898422241210938e+00
1.650604486465454102e+00
4.343839645385742188e+00
3.066454648971557617e+00
1.283401608467102051e+00
1.841537237167358398e+00
1.437766909599304199e+00
1.541178822517395020e+00
1.154226064682006836e+00
1.647711634635925293e+00
1.158403873443603516e+00
1.193109035491943359e+00
1.413768291473388672e+00
1.412612676620483398e+00
1.452594041824340820e+00
1.421231985092163086e+00
1.514751672744750977e+00
1.482515096664428711e+00
2.114417552947998047e+00
1.223085522651672363e+00
1.478111147880554199e+00
1.120751023292541504e+00
1.396454572677612305e+00
8.892410993576049805e-01
1.260793447494506836e+00
1.499719142913818359e+00
1.468708515167236328e+00
1.346374154090881348e+00
1.263519048690795898e+00
1.596542477607727051e+00
1.969933271408081055e+00
1.557448506355285645e+00
1.521567940711975098e+00
1.880315780639648438e+00
1.321930646896362305e+00
1.785023212432861328e+00
2.801140069961547852e+00
1.673080563545227051e+00
1.469222664833068848e+00
1.930851817131042480e+00
1.691101670265197754e+00
1.642191052436828613e+00
1.625308275222778320e+00
2.729440212249755859e+00
2.585335493087768555e+00
1.239655852317810059e+00
1.826237082481384277e+00
1.788869380950927734e+00
1.365886926651000977e+00
1.266137003898620605e+00
1.838964581489562988e+00
1.327883839607238770e+00
5.328444242477416992e-01
7.937390804290771484e-01
1.517537951469421387e+00
1.264013290405273438e+00
1.244223117828369141e+00
2.164685964584350586e+00
2.109472274780273438e+00
2.175999164581298828e+00
2.466899394989013672e+00
2.461188793182373047e+00
1.181605100631713867e+00
1.181094765663146973e+00
2.361622095108032227e+00
2.636938810348510742e+00
2.490435361862182617e+00
2.765919446945190430e+00
2.200336933135986328e+00
1.942221641540527344e+00
1.529663443565368652e+00
1.808165550231933594e+00
2.099117755889892578e+00
2.050177335739135742e+00
1.960501790046691895e+00
2.641290426254272461e+00
3.175174474716186523e+00
2.811712741851806641e+00
2.606400728225708008e+00
1.989239931106567383e+00
2.133263111114501953e+00
1.917208552360534668e+00
2.322648048400878906e+00
2.045933008193969727e+00
2.256735563278198242e+00
1.460060715675354004e+00
8.031820058822631836e-01
8.843371868133544922e-01
6.258414983749389648e-01
7.970128655433654785e-01
3.376107811927795410e-01
4.578422009944915771e-01
3.384878933429718018e-01
3.064916431903839111e-01
2.196042388677597046e-01
3.942742347717285156e-01
4.933200776576995850e-01
3.702073395252227783e-01
1.788785010576248169e-01
3.598790466785430908e-01
2.399414777755737305e-01
3.915272355079650879e-01
4.423381388187408447e-01
2.910270392894744873e-01
1.956209354102611542e-02
-4.831962659955024719e-02
4.316472113132476807e-01
4.614838659763336182e-01
3.651329576969146729e-01
3.053604364395141602e-01
3.847781121730804443e-01
2.777768671512603760e-01
2.818302214145660400e-01
3.301054537296295166e-01
2.553243935108184814e-01
1.952901035547256470e-01
2.760582566261291504e-01
2.779300808906555176e-01
2.174509316682815552e-01
1.559735089540481567e-01
4.968948364257812500e-01
5.429909825325012207e-01
7.094010710716247559e-02
3.042440414428710938e-01
3.194614052772521973e-01
2.981656491756439209e-01
1.737810969352722168e-01
3.229860365390777588e-01
5.089082717895507812e-01
1.322359085083007812e+00
1.544263601303100586e+00
1.390108466148376465e+00
1.305416822433471680e+00
3.919956684112548828e-01
3.195669353008270264e-01
6.203921437263488770e-01
3.578509986400604248e-01
3.145756125450134277e-01
1.346285343170166016e+00
8.541831374168395996e-01
2.388060569763183594e+00
1.772781729698181152e+00
1.827855944633483887e+00
2.632409095764160156e+00
2.253742218017578125e+00
2.672261714935302734e+00
3.782454013824462891e+00
1.807368516921997070e+00
1.770456075668334961e+00
1.713491678237915039e+00
1.895306825637817383e+00
1.563048005104064941e+00
7.648655772209167480e-01
1.551601171493530273e+00
2.273660421371459961e+00
1.608213901519775391e+00
6.444077491760253906e-01
1.120309472084045410e+00
9.974656105041503906e-01
7.658041119575500488e-01
7.578393816947937012e-01
1.268454432487487793e+00
9.717884063720703125e-01
3.968359529972076416e-01
4.859775304794311523e-01
3.519159555435180664e-01
3.984728753566741943e-01
7.908870577812194824e-01
1.546081423759460449e+00
1.483610391616821289e+00
1.292562961578369141e+00
4.746397435665130615e-01
3.248964846134185791e-01
9.273187518119812012e-01
6.085752248764038086e-01
4.820935726165771484e-01
4.687047004699707031e-01
4.773398935794830322e-01
5.575190186500549316e-01
4.861778914928436279e-01
4.911415278911590576e-01
4.181942045688629150e-01
4.114645719528198242e-01
4.566443860530853271e-01
3.593684136867523193e-01
2.464466542005538940e-01
3.460699915885925293e-01
3.145865797996520996e-01
2.558822035789489746e-01
1.745033413171768188e-01
1.824302524328231812e-01
2.978849709033966064e-01
4.163374602794647217e-01
3.445106744766235352e-01
1.808328181505203247e-01
5.670217275619506836e-01
5.402036905288696289e-01
2.878751754760742188e-01
9.038820266723632812e-01
7.671466469764709473e-01
8.556627035140991211e-01
8.855226635932922363e-01
1.095528602600097656e+00
1.574971556663513184e+00
2.031124830245971680e+00
1.494946241378784180e+00
1.741540551185607910e+00
1.863999605178833008e+00
1.607556939125061035e+00
1.957178354263305664e+00
2.316277265548706055e+00
2.470636129379272461e+00
2.602226495742797852e+00
2.759664535522460938e+00
2.568426370620727539e+00
3.183077812194824219e+00
2.427808523178100586e+00
1.778860092163085938e+00
1.242190122604370117e+00
1.272199153900146484e+00
2.522938728332519531e+00
2.013003826141357422e+00
1.867620706558227539e+00
2.048408508300781250e+00
1.558377981185913086e+00
1.723964333534240723e+00
1.518707752227783203e+00
1.489054799079895020e+00
1.522863388061523438e+00
1.223585724830627441e+00
1.039558529853820801e+00
1.398187994956970215e+00
1.196415781974792480e+00
9.840452671051025391e-01
1.005449533462524414e+00
1.122755765914916992e+00
2.021080970764160156e+00
1.642603039741516113e+00
1.681100368499755859e+00
1.615305066108703613e+00
6.136767268180847168e-01
4.362493157386779785e-01
5.959867238998413086e-01
4.314597249031066895e-01
4.380909800529479980e-01
3.684939444065093994e-01
6.038717031478881836e-01
3.028343319892883301e-01
3.031799793243408203e-01
5.016254782676696777e-01
4.217325448989868164e-01
3.076228499412536621e-01
2.505589425563812256e-01
3.889156281948089600e-01
2.006435096263885498e-01
3.051419854164123535e-01
2.612868547439575195e-01
3.959941864013671875e-01
1.804444193840026855e-01
2.599032223224639893e-01
3.899919986724853516e-01
3.290101587772369385e-01
8.251443505287170410e-02
4.131702780723571777e-01
3.393743336200714111e-01
4.282322227954864502e-01
3.829600214958190918e-01
4.575878381729125977e-01
3.479138612747192383e-01
2.738665938377380371e-01
2.186953276395797729e-01
3.260222077369689941e-01
2.971788942813873291e-01
2.671763896942138672e-01
2.681321799755096436e-01
