1.839368343353271484e+00
1.428726673126220703e+00
1.341134786605834961e+00
1.369698882102966309e+00
1.294813036918640137e+00
1.296830415725708008e+00
1.650269031524658203e+00
1.762781858444213867e+00
1.278839707374572754e+00
1.416292428970336914e+00
1.581024765968322754e+00
1.271134257316589355e+00
1.395758628845214844e+00
1.461803436279296875e+00
1.127347469329833984e+00
1.317168831825256348e+00
1.153541088104248047e+00
1.282414555549621582e+00
9.098159670829772949e-01
1.031530499458312988e+00
1.160733103752136230e+00
1.113885402679443359e+00
1.081880927085876465e+00
9.435998797416687012e-01
4.440062940120697021e-01
4.506372511386871338e-01
3.913142383098602295e-01
4.859035313129425049e-01
3.869319856166839600e-01
3.672196865081787109e-01
3.816185891628265381e-01
9.151216745376586914e-01
5.193687081336975098e-01
5.536029934883117676e-01
3.881887197494506836e-01
4.066667556762695312e-01
3.753000795841217041e-01
3.879022896289825439e-01
4.280099272727966309e-01
4.131502509117126465e-01
4.818677008152008057e-01
5.662704110145568848e-01
3.470054864883422852e-01
4.334156811237335205e-01
4.605883955955505371e-01
4.275529980659484863e-01
3.307183384895324707e-01
3.992622792720794678e-01
4.106781780719757080e-01
3.805838525295257568e-01
3.644008636474609375e-01
4.084818363189697266e-01
3.091950714588165283e-01
3.219074606895446777e-01
4.676362574100494385e-01
3.730875551700592041e-01
1.555441260337829590e+00
1.652832984924316406e+00
1.883297801017761230e+00
1.598303318023681641e+00
1.345575451850891113e+00
6.464623808860778809e-01
4.919492900371551514e-01
4.372777342796325684e-01
5.755732655525207520e-01
5.017063617706298828e-01
6.662045717239379883e-01
6.747004985809326172e-01
5.361062288284301758e-01
3.993529975414276123e-01
3.786182999610900879e-01
6.918448209762573242e-01
5.012571215629577637e-01
5.037297606468200684e-01
5.611661672592163086e-01
6.002064943313598633e-01
8.057401776313781738e-01
1.821303367614746094e+00
1.757294654846191406e+00
2.151523351669311523e+00
1.764788746833801270e+00
1.727242588996887207e+00
1.738395333290100098e+00
1.694686889648437500e+00
1.585496068000793457e+00
1.351950168609619141e+00
1.437546253204345703e+00
1.297767639160156250e+00
1.469651341438293457e+00
1.367335557937622070e+00
1.367828607559204102e+00
1.541025400161743164e+00
1.448039293289184570e+00
1.593173027038574219e+00
1.516547918319702148e+00
1.534184217453002930e+00
1.624612331390380859e+00
1.631052613258361816e+00
2.031307220458984375e+00
1.542413949966430664e+00
1.367390871047973633e+00
1.561319589614868164e+00
1.344411969184875488e+00
1.532677173614501953e+00
1.461926221847534180e+00
1.450565099716186523e+00
1.330001473426818848e+00
1.219338059425354004e+00
1.477170109748840332e+00
1.559008121490478516e+00
5.439295172691345215e-01
2.995758652687072754e-01
3.095130026340484619e-01
3.325158655643463135e-01
3.865424692630767822e-01
3.250225782394409180e-01
2.479204684495925903e-01
3.027005791664123535e-01
3.703358769416809082e-01
4.239930212497711182e-01
2.921272516250610352e-01
4.031073153018951416e-01
4.426292181015014648e-01
9.891401529312133789e-01
3.743270337581634521e-01
5.114319324493408203e-01
4.426692426204681396e-01
4.310280382633209229e-01
6.111761331558227539e-01
1.368748784065246582e+00
1.587725877761840820e+00
1.322035908699035645e+00
1.574958205223083496e+00
1.240715146064758301e+00
1.217264175415039062e+00
1.350703597068786621e+00
1.204600930213928223e+00
1.259076714515686035e+00
1.338227748870849609e+00
1.326247453689575195e+00
1.224333167076110840e+00
1.202398180961608887e+00
1.309286594390869141e+00
1.665497660636901855e+00
1.300686120986938477e+00
1.316625833511352539e+00
1.470657825469970703e+00
2.122905492782592773e+00
1.176560401916503906e+00
1.399466156959533691e+00
1.413334131240844727e+00
1.332019925117492676e+00
1.309560060501098633e+00
1.765597343444824219e+00
1.756164550781250000e+00
8.800387978553771973e-01
6.600965857505798340e-01
4.124847650527954102e-01
5.976488590240478516e-01
6.237435340881347656e-01
4.830254912376403809e-01
5.465857982635498047e-01
6.475637555122375488e-01
3.815116882324218750e-01
4.416548013687133789e-01
2.889685630798339844e-01
3.599848449230194092e-01
3.168478608131408691e-01
3.777294158935546875e-01
1.109778881072998047e+00
1.412583589553833008e+00
1.323598027229309082e+00
1.397036552429199219e+00
1.667837023735046387e+00
8.929523825645446777e-01
3.760713934898376465e-01
3.777642250061035156e-01
3.025791645050048828e-01
3.064617514610290527e-01
5.146763920783996582e-01
3.376044929027557373e-01
5.151960849761962891e-01
4.043805003166198730e-01
4.791491925716400146e-01
4.410369694232940674e-01
3.436971306800842285e-01
3.831198215484619141e-01
5.731620192527770996e-01
4.988499879837036133e-01
3.872822821140289307e-01
4.418403506278991699e-01
9.497616291046142578e-01
4.696711599826812744e-01
5.445673465728759766e-01
4.158402681350708008e-01
3.478198349475860596e-01
1.580306649208068848e+00
7.529845237731933594e-01
5.504590868949890137e-01
1.333248496055603027e+00
1.637656450271606445e+00
1.973866224288940430e+00
1.095995903015136719e+00
1.399394035339355469e+00
1.423978686332702637e+00
1.293203592300415039e+00
1.415031075477600098e+00
5.046805739402770996e-01
8.401677012443542480e-01
3.693384528160095215e-01
5.504143834114074707e-01
4.673155844211578369e-01
4.896624982357025146e-01
6.607785224914550781e-01
5.607108473777770996e-01
3.491517007350921631e-01
4.511120021343231201e-01
3.816479146480560303e-01
4.267085194587707520e-01
4.312056303024291992e-01
4.748299717903137207e-01
3.513455688953399658e-01
4.501323699951171875e-01
4.543227851390838623e-01
3.053360283374786377e-01
2.728631198406219482e-01
3.732106387615203857e-01
6.094008088111877441e-01
9.272003769874572754e-01
4.163363873958587646e-01
3.446148037910461426e-01
2.803632616996765137e-01
3.578244149684906006e-01
3.083612620830535889e-01
4.833645522594451904e-01
2.688963711261749268e-01
4.887516796588897705e-01
4.775405228137969971e-01
4.472348988056182861e-01
3.553213477134704590e-01
4.102894961833953857e-01
3.942188620567321777e-01
4.185768663883209229e-01
5.633630752563476562e-01
5.785198211669921875e-01
4.576739072799682617e-01
4.632602930068969727e-01
4.138004183769226074e-01
2.646960914134979248e-01
3.426100611686706543e-01
4.362073838710784912e-01
3.299804627895355225e-01
3.234404921531677246e-01
1.115494966506958008e+00
1.667271614074707031e+00
1.679801464080810547e+00
1.064387440681457520e+00
8.746001124382019043e-01
4.654421210289001465e-01
4.759918749332427979e-01
5.879907608032226562e-01
1.267243504524230957e+00
1.118376255035400391e+00
1.167013287544250488e+00
1.539381623268127441e+00
1.194065332412719727e+00
1.055323839187622070e+00
1.342499852180480957e+00
1.198858022689819336e+00
9.905030131340026855e-01
1.367109656333923340e+00
1.216268897056579590e+00
1.283448696136474609e+00
1.555036664009094238e+00
1.288835287094116211e+00
1.242940902709960938e+00
8.077794313430786133e-01
1.274767160415649414e+00
1.462668776512145996e+00
1.698194742202758789e+00
1.133557200431823730e+00
1.474287152290344238e+00
1.387644052505493164e+00
2.390006065368652344e+00
2.413525819778442383e+00
2.033630132675170898e+00
1.956875205039978027e+00
2.405634641647338867e+00
1.349934697151184082e+00
5.658156871795654297e-01
8.359591960906982422e-01
7.746582627296447754e-01
6.483835577964782715e-01
6.977674961090087891e-01
7.619565725326538086e-01
4.616494178771972656e-01
1.212328195571899414e+00
1.024166345596313477e+00
8.915525674819946289e-01
1.267250895500183105e+00
1.398277044296264648e+00
1.098551511764526367e+00
1.227272391319274902e+00
1.489227175712585449e+00
4.412121176719665527e-01
4.654053747653961182e-01
4.495414197444915771e-01
6.046792268753051758e-01
5.043281316757202148e-01
5.251148939132690430e-01
2.923772335052490234e-01
3.763509690761566162e-01
1.842645257711410522e-01
4.367108941078186035e-01
3.659791052341461182e-01
3.277816474437713623e-01
3.895910084247589111e-01
2.504051625728607178e-01
4.095875322818756104e-01
4.809253513813018799e-01
3.367421627044677734e-01
3.732278943061828613e-01
5.040600299835205078e-01
4.600242972373962402e-01
5.235396623611450195e-01
3.652828931808471680e-01
5.556041598320007324e-01
3.739205300807952881e-01
9.512581825256347656e-01
8.995553851127624512e-01
5.195007920265197754e-01
4.173998832702636719e-01
5.109870433807373047e-01
4.071949422359466553e-01
1.341280937194824219e+00
1.946535944938659668e+00
2.294180631637573242e+00
1.994070053100585938e+00
1.400280475616455078e+00
2.003677606582641602e+00
2.407279968261718750e+00
1.138369202613830566e+00
1.330685138702392578e+00
2.113395214080810547e+00
1.745423197746276855e+00
1.333744049072265625e+00
1.429804921150207520e+00
3.224239349365234375e+00
1.228983283042907715e+00
1.261302709579467773e+00
1.323730111122131348e+00
1.527127742767333984e+00
6.093021035194396973e-01
3.841197192668914795e-01
7.505782246589660645e-01
4.829693138599395752e-01
2.191333323717117310e-01
4.772620499134063721e-01
3.726903796195983887e-01
3.348303437232971191e-01
3.594221472740173340e-01
4.060999155044555664e-01
3.743917047977447510e-01
4.754655957221984863e-01
3.960369527339935303e-01
3.234037458896636963e-01
3.794211447238922119e-01
4.216196238994598389e-01
7.738392949104309082e-01
5.293951630592346191e-01
4.845083653926849365e-01
3.220072090625762939e-01
3.206789493560791016e-01
3.989352583885192871e-01
4.877572357654571533e-01
3.310971260070800781e-01
3.510873615741729736e-01
4.073001742362976074e-01
3.624243438243865967e-01
3.901490569114685059e-01
4.174201488494873047e-01
4.202820062637329102e-01
2.798320353031158447e-01
4.521930515766143799e-01
4.680893421173095703e-01
3.614899218082427979e-01
3.661789298057556152e-01
4.778820574283599854e-01
4.496105015277862549e-01
5.186938643455505371e-01
3.970552384853363037e-01
2.705606818199157715e-01
1.220795989036560059e+00
1.447606205940246582e+00
5.055289268493652344e-01
4.597345590591430664e-01
1.074450969696044922e+00
7.981246113777160645e-01
7.254371643066406250e-01
1.296131730079650879e+00
1.605049967765808105e+00
1.666541695594787598e+00
2.006920576095581055e+00
2.106112957000732422e+00
1.287225246429443359e+00
1.457912087440490723e+00
1.453823089599609375e+00
6.421012282371520996e-01
1.353413343429565430e+00
1.489277601242065430e+00
1.524514317512512207e+00
1.520162105560302734e+00
1.485812187194824219e+00
1.421216607093811035e+00
1.666338324546813965e+00
2.562903165817260742e+00
2.346772670745849609e+00
2.837928771972656250e+00
3.121631145477294922e+00
2.848096370697021484e+00
1.976023674011230469e+00
7.188807129859924316e-01
9.193065762519836426e-01
1.189586877822875977e+00
9.477327466011047363e-01
1.244798660278320312e+00
5.867304205894470215e-01
4.240568876266479492e-01
4.828045666217803955e-01
4.318327605724334717e-01
3.027674555778503418e-01
2.495549172163009644e-01
4.270609915256500244e-01
4.858163595199584961e-01
1.101031661033630371e+00
5.878874063491821289e-01
4.333668947219848633e-01
4.048670232295989990e-01
4.339896440505981445e-01
6.306976675987243652e-01
4.771548807621002197e-01
4.250488579273223877e-01
1.309890985488891602e+00
1.638037919998168945e+00
1.461227774620056152e+00
1.070248246192932129e+00
3.871693313121795654e-01
3.866389691829681396e-01
3.709934651851654053e-01
1.615228950977325439e-01
4.924026727676391602e-01
4.847254455089569092e-01
2.883255183696746826e-01
3.085273504257202148e-01
3.099057972431182861e-01
4.087942838668823242e-01
3.983900845050811768e-01
1.112930774688720703e+00
4.087534546852111816e-01
3.627776503562927246e-01
2.628174126148223877e-01
3.785884380340576172e-01
3.674049675464630127e-01
4.429781436920166016e-01
5.210329890251159668e-01
5.718721151351928711e-01
4.413053393363952637e-01
4.888262152671813965e-01
3.031495511531829834e-01
4.410600066184997559e-01
4.624591171741485596e-01
7.084820270538330078e-01
9.227204918861389160e-01
1.995136022567749023e+00
2.150331735610961914e+00
2.503384351730346680e+00
2.272230625152587891e+00
2.036398649215698242e+00
1.985401391983032227e+00
1.930804729461669922e+00
2.065466403961181641e+00
1.587052464485168457e+00
3.934715747833251953e+00
3.519920825958251953e+00
4.287950515747070312e+00
3.768610477447509766e+00
2.389373540878295898e+00
1.966365098953247070e+00
1.532579064369201660e+00
1.902885913848876953e+00
3.369551897048950195e+00
2.841470718383789062e+00
3.526261568069458008e+00
4.670098304748535156e+00
3.261506557464599609e+00
3.388767480850219727e+00
2.894909381866455078e+00
1.581314802169799805e+00
1.900908589363098145e+00
6.175187110900878906e+00
4.582260131835937500e+00
2.994325160980224609e+00
2.928289651870727539e+00
1.706133961677551270e+00
4.222974479198455811e-01
6.274929046630859375e-01
1.261634945869445801e+00
2.976725578308105469e+00
2.915736913681030273e+00
3.214324474334716797e+00
2.341930150985717773e+00
1.405548334121704102e+00
1.126819252967834473e+00
1.674394845962524414e+00
5.580668926239013672e+00
3.098989486694335938e+00
1.208514690399169922e+00
1.059409856796264648e+00
1.306037068367004395e+00
6.000291109085083008e-01
1.448696255683898926e+00
1.476524710655212402e+00
5.134279131889343262e-01
8.299789428710937500e-01
7.698796391487121582e-01
2.126756668090820312e+00
2.364628314971923828e+00
7.769055962562561035e-01
3.812902271747589111e-01
6.414403915405273438e-01
6.697245240211486816e-01
1.327237725257873535e+00
5.911127328872680664e-01
8.376158475875854492e-01
7.072548866271972656e-01
7.494037151336669922e-01
6.761189699172973633e-01
1.551437258720397949e+00
1.396883606910705566e+00
1.160348892211914062e+00
5.090404152870178223e-01
1.316433906555175781e+00
1.485920190811157227e+00
1.033263683319091797e+00
1.669546365737915039e+00
3.167208671569824219e+00
2.391088724136352539e+00
2.564863443374633789e+00
4.071524143218994141e+00
4.290742397308349609e+00
3.521722555160522461e+00
2.875020265579223633e+00
2.162653446197509766e+00
2.778920888900756836e+00
4.886877536773681641e+00
4.035635948181152344e+00
4.946781158447265625e+00
4.388999938964843750e+00
3.667057752609252930e+00
2.664890050888061523e+00
3.496480464935302734e+00
2.433252573013305664e+00
2.088000059127807617e+00
1.923171043395996094e+00
3.020895004272460938e+00
2.216531038284301758e+00
1.298471450805664062e+00
3.289980173110961914e+00
1.790251374244689941e+00
1.440954446792602539e+00
1.532164335250854492e+00
1.381082415580749512e+00
3.793235719203948975e-01
1.611443608999252319e-01
1.466299414634704590e+00
4.640436768531799316e-01
7.293992489576339722e-02
1.589411646127700806e-01
1.067592740058898926e+00
7.292961478233337402e-01
8.925124406814575195e-01
1.464099287986755371e+00
4.693537652492523193e-01
1.623920500278472900e-01
5.584564208984375000e-01
4.878425002098083496e-01
4.538022577762603760e-01
5.043812990188598633e-01
3.839783072471618652e-01
1.994624286890029907e-01
3.886384963989257812e-01
5.373525023460388184e-01
4.259646236896514893e-01
2.290460914373397827e-01
5.411734580993652344e-01
5.692651867866516113e-01
2.923355698585510254e-01
2.820256650447845459e-01
8.317534327507019043e-01
2.702473998069763184e-01
4.972393810749053955e-01
5.230035185813903809e-01
1.301861524581909180e+00
8.087387681007385254e-01
3.075592517852783203e-01
6.441844105720520020e-01
1.833029836416244507e-01
3.718412518501281738e-01
4.547511935234069824e-01
5.764948129653930664e-01
2.920721769332885742e-01
2.246432602405548096e-01
5.664340257644653320e-01
5.129166841506958008e-01
4.306670427322387695e-01
6.177709102630615234e-01
1.152042627334594727e+00
2.189157962799072266e+00
2.796927213668823242e+00
2.749019622802734375e+00
2.881726741790771484e+00
2.863298654556274414e+00
2.408406257629394531e+00
2.121747970581054688e+00
1.947244763374328613e+00
2.359393596649169922e+00
1.159174323081970215e+00
1.915036678314208984e+00
2.253012895584106445e+00
1.409963250160217285e+00
1.969884753227233887e+00
2.172534465789794922e+00
1.623964428901672363e+00
1.363176703453063965e+00
1.467821478843688965e+00
1.391542792320251465e+00
1.105748534202575684e+00
1.406302928924560547e+00
1.534390807151794434e+00
1.447676062583923340e+00
1.429751992225646973e+00
1.580297589302062988e+00
1.629654169082641602e+00
1.373221278190612793e+00
1.532101035118103027e+00
1.495096206665039062e+00
1.382502198219299316e+00
1.416001677513122559e+00
1.393028974533081055e+00
1.538792848587036133e+00
1.771998405456542969e+00
1.396645665168762207e+00
2.257766962051391602e+00
1.619083762168884277e+00
1.502271771430969238e+00
1.621251940727233887e+00
2.553110599517822266e+00
1.167018771171569824e+00
1.457632422447204590e+00
1.677169799804687500e+00
1.387224674224853516e+00
1.294968247413635254e+00
1.584557652473449707e+00
1.266102671623229980e+00
1.362209081649780273e+00
1.697291612625122070e+00
1.518093824386596680e+00
1.407161116600036621e+00
1.610457062721252441e+00
1.599421381950378418e+00
1.697357892990112305e+00
1.354966282844543457e+00
1.380494713783264160e+00
7.750951647758483887e-01
1.058329582214355469e+00
1.104521751403808594e+00
6.148008108139038086e-01
4.636070430278778076e-01
9.441121816635131836e-01
8.545630574226379395e-01
8.024627566337585449e-01
6.625648140907287598e-01
7.103115916252136230e-01
9.759936332702636719e-01
1.155778288841247559e+00
1.049487709999084473e+00
1.111170530319213867e+00
1.046719431877136230e+00
1.531346201896667480e+00
1.469758868217468262e+00
1.453107357025146484e+00
1.613081932067871094e+00
2.441243886947631836e+00
1.647079586982727051e+00
1.715952992439270020e+00
2.058928012847900391e+00
1.634258389472961426e+00
1.212195873260498047e+00
2.592992305755615234e+00
2.456015586853027344e+00
2.684717893600463867e+00
2.527992010116577148e+00
2.541671037673950195e+00
2.481764316558837891e+00
1.434594511985778809e+00
1.418125033378601074e+00
2.003913640975952148e+00
2.028932094573974609e+00
1.874366044998168945e+00
1.890999078750610352e+00
1.806872367858886719e+00
1.530898571014404297e+00
7.721516489982604980e-01
8.105327486991882324e-01
7.073483467102050781e-01
3.513340651988983154e-01
3.184609413146972656e-01
3.034954667091369629e-01
1.998546570539474487e-01
4.168283939361572266e-01
4.102472960948944092e-01
3.192813098430633545e-01
2.010815292596817017e-01
3.898398876190185547e-01
4.261690974235534668e-01
2.096361219882965088e-01
3.847701549530029297e-01
3.608318269252777100e-01
3.719952702522277832e-01
4.163248538970947266e-01
6.631810069084167480e-01
9.946169257164001465e-01
3.914142847061157227e-01
1.000825762748718262e+00
1.500404357910156250e+00
1.481882691383361816e+00
1.031720757484436035e+00
3.279710412025451660e-01
5.648881196975708008e-01
3.720785975456237793e-01
3.265323042869567871e-01
5.055434703826904297e-01
3.516344726085662842e-01
3.096686899662017822e-01
3.321145772933959961e-01
5.353962779045104980e-01
2.835194766521453857e-01
3.668038547039031982e-01
3.469092845916748047e-01
3.663343489170074463e-01
2.895575761795043945e-01
5.155946612358093262e-01
1.030757784843444824e+00
5.540815591812133789e-01
3.412508070468902588e-01
4.246714115142822266e-01
6.623759865760803223e-01
2.940933704376220703e-01
6.304512619972229004e-01
7.994101643562316895e-01
9.103929400444030762e-01
1.743765711784362793e+00
2.451913356781005859e+00
2.190699338912963867e+00
2.313450098037719727e+00
2.432859659194946289e+00
2.721476078033447266e+00
2.411310195922851562e+00
2.197916269302368164e+00
1.848117828369140625e+00
1.802100300788879395e+00
1.644732832908630371e+00
1.157988071441650391e+00
2.469577550888061523e+00
1.634307742118835449e+00
1.244777560234069824e+00
1.561482906341552734e+00
1.660466313362121582e+00
1.358212709426879883e+00
1.653537869453430176e+00
9.285360574722290039e-01
2.668445825576782227e+00
1.050188899040222168e+00
4.909293949604034424e-01
1.663021683692932129e+00
6.319198608398437500e-01
7.214227318763732910e-01
1.281886339187622070e+00
2.269526481628417969e+00
3.003048658370971680e+00
3.352188587188720703e+00
2.113337516784667969e+00
1.665751934051513672e+00
2.159638643264770508e+00
2.002732992172241211e+00
1.792922496795654297e+00
2.446090459823608398e+00
2.382733106613159180e+00
1.645839333534240723e+00
2.181907415390014648e+00
1.876769065856933594e+00
8.681396245956420898e-01
6.002245545387268066e-01
8.763546347618103027e-01
6.159580349922180176e-01
7.579805254936218262e-01
1.348058819770812988e+00
5.377044677734375000e-01
4.006330370903015137e-01
4.981696903705596924e-01
7.931573987007141113e-01
1.468692302703857422e+00
2.014395713806152344e+00
2.376279830932617188e+00
2.307807683944702148e+00
2.144138574600219727e+00
1.522315144538879395e+00
1.537297964096069336e+00
2.660896539688110352e+00
1.309830904006958008e+00
1.254622101783752441e+00
1.342806577682495117e+00
1.427235245704650879e+00
1.316082000732421875e+00
1.406150579452514648e+00
1.746314525604248047e+00
1.413083314895629883e+00
2.162683010101318359e+00
1.377237081527709961e+00
1.374735951423645020e+00
1.531135082244873047e+00
1.125286221504211426e+00
2.366377830505371094e+00
3.491201162338256836e+00
3.288148641586303711e+00
2.263871908187866211e+00
2.092801809310913086e+00
2.212365388870239258e+00
1.518535614013671875e+00
1.734539270401000977e+00
3.556925296783447266e+00
1.455125331878662109e+00
8.656854033470153809e-01
1.223082780838012695e+00
1.220840096473693848e+00
8.047884702682495117e-01
1.279322147369384766e+00
1.860057592391967773e+00
2.530560255050659180e+00
9.034481048583984375e-01
4.591282606124877930e-01
4.955767095088958740e-01
5.368487238883972168e-01
2.402967065572738647e-01
6.529358029365539551e-01
1.961100697517395020e+00
9.789678454399108887e-01
1.584498167037963867e+00
7.757955193519592285e-01
8.431701660156250000e-01
8.653049468994140625e-01
3.740882873535156250e-01
3.993579149246215820e-01
1.563424319028854370e-01
3.853090405464172363e-01
4.374632835388183594e-01
3.350657820701599121e-01
5.490400791168212891e-01
1.356368660926818848e+00
5.388329029083251953e-01
4.678152501583099365e-01
5.771164298057556152e-01
5.186291933059692383e-01
3.709890544414520264e-01
4.613755941390991211e-01
4.242287576198577881e-01
2.698282897472381592e-01
4.260852038860321045e-01
2.299092262983322144e-01
3.396750390529632568e-01
4.261433184146881104e-01
3.981121480464935303e-01
4.826022982597351074e-01
4.853972792625427246e-01
4.534596502780914307e-01
3.842616975307464600e-01
3.874448239803314209e-01
4.691703915596008301e-01
4.399208426475524902e-01
5.929020047187805176e-01
5.044259428977966309e-01
1.276803970336914062e+00
7.081401944160461426e-01
3.233914077281951904e-01
4.313111603260040283e-01
4.876147210597991943e-01
6.135448813438415527e-01
4.883712232112884521e-01
7.346301078796386719e-01
6.335077285766601562e-01
3.123274445533752441e-01
3.302841484546661377e-01
4.705359637737274170e-01
3.430187404155731201e-01
5.642590522766113281e-01
2.489242255687713623e-01
2.414249032735824585e-01
4.892837107181549072e-01
1.138893008232116699e+00
1.246584773063659668e+00
1.242994546890258789e+00
5.579243898391723633e-01
1.084500193595886230e+00
4.889018833637237549e-01
5.246752500534057617e-01
7.463387846946716309e-01
1.362215638160705566e+00
5.861575603485107422e-01
5.224449038505554199e-01
7.662475705146789551e-01
6.099638342857360840e-01
1.425062179565429688e+00
2.345231056213378906e+00
2.464766263961791992e+00
1.510888814926147461e+00
2.024183750152587891e+00
1.843279480934143066e+00
1.538863062858581543e+00
1.682739973068237305e+00
2.108874320983886719e+00
1.707882165908813477e+00
1.751985073089599609e+00
2.092588186264038086e+00
2.177148580551147461e+00
1.876289010047912598e+00
2.298684597015380859e+00
2.360034704208374023e+00
2.381588697433471680e+00
1.866984248161315918e+00
2.118820667266845703e+00
1.504509449005126953e+00
9.723157882690429688e-01
1.080908417701721191e+00
2.083295822143554688e+00
1.328757405281066895e+00
9.114909768104553223e-01
7.143578529357910156e-01
8.775752186775207520e-01
8.253233432769775391e-01
1.482586622238159180e+00
1.702664732933044434e+00
2.515619277954101562e+00
1.275134801864624023e+00
8.270139694213867188e-01
1.192324042320251465e+00
1.437327027320861816e+00
2.352113962173461914e+00
1.680487513542175293e+00
1.912995457649230957e+00
2.029983520507812500e+00
1.915353775024414062e+00
1.829037904739379883e+00
9.348128437995910645e-01
1.062492609024047852e+00
6.445434689521789551e-01
1.503472805023193359e+00
9.713249206542968750e-01
1.230605125427246094e+00
1.296980142593383789e+00
1.313415288925170898e+00
1.406235218048095703e+00
1.717524647712707520e+00
1.600830554962158203e+00
1.794017434120178223e+00
1.688261985778808594e+00
1.613904118537902832e+00
1.686630606651306152e+00
2.449528694152832031e+00
2.227041244506835938e+00
2.082434177398681641e+00
1.285465240478515625e+00
9.826380014419555664e-01
2.626601934432983398e+00
2.821035861968994141e+00
2.461090564727783203e+00
2.533382415771484375e+00
2.409871101379394531e+00
2.022017955780029297e+00
1.512041926383972168e+00
1.405932664871215820e+00
1.472720146179199219e+00
1.390664577484130859e+00
2.198963403701782227e+00
2.154475450515747070e+00
1.698730111122131348e+00
2.041033506393432617e+00
1.784579515457153320e+00
1.303316950798034668e+00
1.313261747360229492e+00
1.811735749244689941e+00
1.404547095298767090e+00
9.890670180320739746e-01
8.180737495422363281e-01
7.681418657302856445e-01
6.278922557830810547e-01
3.586113452911376953e-01
2.476121187210083008e-01
1.407865583896636963e-01
3.329453766345977783e-01
2.737429738044738770e-01
4.678223729133605957e-01
3.514050543308258057e-01
3.878518342971801758e-01
3.176825046539306641e-01
4.402281343936920166e-01
3.408166468143463135e-01
3.368808627128601074e-01
2.483373731374740601e-01
2.813815176486968994e-01
3.646637201309204102e-01
1.083046436309814453e+00
4.920567572116851807e-01
3.135027885437011719e-01
4.043065011501312256e-01
3.872847259044647217e-01
4.449913799762725830e-01
3.993642330169677734e-01
4.030423462390899658e-01
4.163045883178710938e-01
1.645602822303771973e+00
1.119214177131652832e+00
1.098717689514160156e+00
4.393608868122100830e-01
3.097386062145233154e-01
3.501639366149902344e-01
3.315683007240295410e-01
5.181580185890197754e-01
3.537592589855194092e-01
3.322902917861938477e-01
5.102099776268005371e-01
5.105770230293273926e-01
5.489205718040466309e-01
4.538052976131439209e-01
6.185710430145263672e-01
6.679086685180664062e-01
5.957975983619689941e-01
4.337887465953826904e-01
5.567402839660644531e-01
1.646168828010559082e+00
2.146802425384521484e+00
2.648899316787719727e+00
3.075127601623535156e+00
2.600118875503540039e+00
2.584288358688354492e+00
2.447956562042236328e+00
2.216831922531127930e+00
2.247128486633300781e+00
1.664911627769470215e+00
1.717079043388366699e+00
1.422601103782653809e+00
1.614340543746948242e+00
1.924752831459045410e+00
1.839212417602539062e+00
1.693606615066528320e+00
1.351571917533874512e+00
1.586971879005432129e+00
1.612485170364379883e+00
1.283596158027648926e+00
1.273800969123840332e+00
1.498770713806152344e+00
1.555049061775207520e+00
1.431195139884948730e+00
1.242918968200683594e+00
1.427889227867126465e+00
1.422176837921142578e+00
1.292412281036376953e+00
1.301147222518920898e+00
1.339132785797119141e+00
1.351651072502136230e+00
1.286327004432678223e+00
1.249671578407287598e+00
1.405221939086914062e+00
1.550225138664245605e+00
1.503571510314941406e+00
1.465666770935058594e+00
1.496713876724243164e+00
1.662100195884704590e+00
1.439627289772033691e+00
1.504291892051696777e+00
1.470816850662231445e+00
2.077729225158691406e+00
2.981182098388671875e+00
1.615587115287780762e+00
1.218971848487854004e+00
1.436075448989868164e+00
1.618667960166931152e+00
1.508083701133728027e+00
9.426945447921752930e-01
9.539410471916198730e-01
1.152414560317993164e+00
9.959375262260437012e-01
5.202107429504394531e-01
4.545428752899169922e-01
6.769207119941711426e-01
5.282404422760009766e-01
3.796341121196746826e-01
2.104526609182357788e-01
4.203283488750457764e-01
5.979742407798767090e-01
5.871991515159606934e-01
3.361534178256988525e-01
6.381407976150512695e-01
8.598777651786804199e-01
6.765575408935546875e-01
8.716313838958740234e-01
1.265661120414733887e+00
1.359946727752685547e+00
1.243742823600769043e+00
1.358548760414123535e+00
1.885477900505065918e+00
1.981329441070556641e+00
2.078255653381347656e+00
2.712929010391235352e+00
2.387693405151367188e+00
1.900133967399597168e+00
1.259551525115966797e+00
1.844267606735229492e+00
2.466113805770874023e+00
3.475978136062622070e+00
2.659765243530273438e+00
2.408268690109252930e+00
2.552663564682006836e+00
2.765195846557617188e+00
2.662506341934204102e+00
2.730870485305786133e+00
3.040464639663696289e+00
2.762278795242309570e+00
2.931840896606445312e+00
2.338086605072021484e+00
2.241772651672363281e+00
2.415150403976440430e+00
2.482958555221557617e+00
2.496925354003906250e+00
1.929413080215454102e+00
6.700208783149719238e-01
9.618679881095886230e-01
6.864280700683593750e-01
2.648462951183319092e-01
3.002978563308715820e-01
4.515996277332305908e-01
4.033959507942199707e-01
1.187054514884948730e+00
4.663312733173370361e-01
4.646603763103485107e-01
3.663461208343505859e-01
3.324947655200958252e-01
5.003490447998046875e-01
2.975428998470306396e-01
4.094609022140502930e-01
4.601492881774902344e-01
4.344756305217742920e-01
3.257234394550323486e-01
4.854989647865295410e-01
2.068595141172409058e-01
2.810323238372802734e-01
3.204059302806854248e-01
3.726059794425964355e-01
3.437933325767517090e-01
2.774929106235504150e-01
3.989218473434448242e-01
1.431544870138168335e-01
3.616124391555786133e-01
2.360978126525878906e-01
3.970261812210083008e-01
3.317631781101226807e-01
2.659544646739959717e-01
2.003359794616699219e-01
1.953388899564743042e-01
2.594873905181884766e-01
2.794562578201293945e-01
4.035359919071197510e-01
1.101034879684448242e-01
2.557654380798339844e-01
6.731417179107666016e-01
3.877098560333251953e-01
3.636994361877441406e-01
6.034164428710937500e-01
7.380859255790710449e-01
5.383255481719970703e-01
1.836952447891235352e+00
1.706746935844421387e+00
1.665819406509399414e+00
1.606056809425354004e+00
2.508975505828857422e+00
2.568431377410888672e+00
2.112908363342285156e+00
2.130888700485229492e+00
2.218850374221801758e+00
1.982762098312377930e+00
2.109109640121459961e+00
1.873138070106506348e+00
2.005587339401245117e+00
1.770355463027954102e+00
1.417331576347351074e+00
1.901363015174865723e+00
2.633213996887207031e+00
1.482024669647216797e+00
1.643097281455993652e+00
2.530089378356933594e+00
1.576261162757873535e+00
1.835670828819274902e+00
1.775106668472290039e+00
1.069405317306518555e+00
1.142614483833312988e+00
1.167194128036499023e+00
1.827254533767700195e+00
8.339448571205139160e-01
1.240825653076171875e+00
9.935575127601623535e-01
9.740985035896301270e-01
2.153387069702148438e+00
1.571315169334411621e+00
1.923222541809082031e+00
1.613370537757873535e+00
2.196154832839965820e+00
2.519624233245849609e+00
1.360600709915161133e+00
5.022052526473999023e-01
5.821335315704345703e-01
5.139387845993041992e-01
4.736587405204772949e-01
6.380629539489746094e-01
1.643872380256652832e+00
1.026836037635803223e+00
4.275324642658233643e-01
4.492623805999755859e-01
6.049014925956726074e-01
5.533669590950012207e-01
6.459057331085205078e-01
1.199373006820678711e+00
4.678711593151092529e-01
4.019278585910797119e-01
4.742324352264404297e-01
5.546669960021972656e-01
5.667248368263244629e-01
4.778625965118408203e-01
5.697347521781921387e-01
5.850784778594970703e-01
5.278394222259521484e-01
3.215848505496978760e-01
5.426111221313476562e-01
1.404083013534545898e+00
5.702656507492065430e-01
7.019696831703186035e-01
7.063958644866943359e-01
8.089125752449035645e-01
2.417654275894165039e+00
2.387912034988403320e+00
2.703529834747314453e+00
2.491887807846069336e+00
3.048810243606567383e+00
2.372514724731445312e+00
2.877513885498046875e+00
2.592890739440917969e+00
2.880456686019897461e+00
2.997006893157958984e+00
2.508384466171264648e+00
2.964118003845214844e+00
2.012031793594360352e+00
2.315201520919799805e+00
2.410166740417480469e+00
2.574316263198852539e+00
2.881472587585449219e+00
2.709100484848022461e+00
3.073153972625732422e+00
3.776748180389404297e+00
4.019080162048339844e+00
4.024448394775390625e+00
3.348752498626708984e+00
3.133885860443115234e+00
2.343695402145385742e+00
2.444189310073852539e+00
2.740927696228027344e+00
2.717507123947143555e+00
2.641969442367553711e+00
2.534793853759765625e+00
2.267643451690673828e+00
2.243753433227539062e+00
2.192756175994873047e+00
1.755913257598876953e+00
2.246310949325561523e+00
2.215445280075073242e+00
1.956904292106628418e+00
7.493598461151123047e-01
6.440610289573669434e-01
6.115535497665405273e-01
7.157343626022338867e-01
8.221495747566223145e-01
1.111496448516845703e+00
8.405555486679077148e-01
7.869573235511779785e-01
5.952653288841247559e-01
4.180788099765777588e-01
6.563789844512939453e-01
4.829048812389373779e-01
3.176013827323913574e-01
3.072495162487030029e-01
2.884938120841979980e-01
2.524595260620117188e-01
2.760886847972869873e-01
4.551680982112884521e-01
5.047271847724914551e-01
1.176535189151763916e-01
2.669535577297210693e-01
2.430889457464218140e-01
4.761247932910919189e-01
4.031166434288024902e-01
3.670398592948913574e-01
4.399331808090209961e-01
3.058751821517944336e-01
3.161256313323974609e-01
3.512910306453704834e-01
4.790491461753845215e-01
2.842211723327636719e-01
3.471241891384124756e-01
4.576884210109710693e-01
4.971700310707092285e-01
3.675590157508850098e-01
3.334080576896667480e-01
4.117030203342437744e-01
5.243989229202270508e-01
4.456163346767425537e-01
3.868916928768157959e-01
5.147728919982910156e-01
7.521756887435913086e-01
5.406397581100463867e-01
5.416547656059265137e-01
1.729407429695129395e+00
2.268414020538330078e+00
2.756973266601562500e+00
2.393671989440917969e+00
2.529626607894897461e+00
2.787452459335327148e+00
2.975495815277099609e+00
3.235816955566406250e+00
1.937668919563293457e+00
2.420578479766845703e+00
1.664021849632263184e+00
3.055768251419067383e+00
1.726916670799255371e+00
1.802960157394409180e+00
1.475453734397888184e+00
1.569484710693359375e+00
1.296642184257507324e+00
1.308366894721984863e+00
2.100601673126220703e+00
4.590862274169921875e+00
3.499239206314086914e+00
3.280395030975341797e+00
2.588875770568847656e+00
2.319397687911987305e+00
1.533439755439758301e+00
1.821476101875305176e+00
4.029324531555175781e+00
5.409726142883300781e+00
3.333616971969604492e+00
2.285735607147216797e+00
2.442254781723022461e+00
2.134163856506347656e+00
1.489358186721801758e+00
1.681165575981140137e+00
1.746132016181945801e+00
1.596606969833374023e+00
1.272402524948120117e+00
1.808529376983642578e+00
2.050473451614379883e+00
1.699795722961425781e+00
1.756010770797729492e+00
3.040492773056030273e+00
2.949857234954833984e+00
2.741578578948974609e+00
2.338699340820312500e+00
1.772695422172546387e+00
1.130480408668518066e+00
1.910709142684936523e+00
1.621267557144165039e+00
2.101176261901855469e+00
1.938601613044738770e+00
1.579312801361083984e+00
1.813075780868530273e+00
1.517843008041381836e+00
1.360231995582580566e+00
1.627555847167968750e+00
1.382853388786315918e+00
1.848345279693603516e+00
1.551186442375183105e+00
1.620419740676879883e+00
1.778136491775512695e+00
1.595692276954650879e+00
1.603205084800720215e+00
9.327237010002136230e-01
6.570025682449340820e-01
1.616314888000488281e+00
1.708372354507446289e+00
1.735593795776367188e+00
2.048130989074707031e+00
1.987578868865966797e+00
1.790871143341064453e+00
1.444032311439514160e+00
1.959613204002380371e+00
1.998876571655273438e+00
1.806235909461975098e+00
1.372638225555419922e+00
1.007426381111145020e+00
1.354990720748901367e+00
7.764708995819091797e-01
8.677824735641479492e-01
5.669476985931396484e-01
7.076525688171386719e-01
4.954544603824615479e-01
4.429340064525604248e-01
1.206820234656333923e-01
3.997123241424560547e-01
5.299283266067504883e-01
5.418274402618408203e-01
3.095174133777618408e-01
4.724905490875244141e-01
7.036507725715637207e-01
8.881279826164245605e-01
3.765069246292114258e-01
4.488350749015808105e-01
5.685037374496459961e-01
1.764154583215713501e-01
5.353527069091796875e-01
3.624188601970672607e-01
1.208573102951049805e+00
1.325574040412902832e+00
1.405918359756469727e+00
8.958772420883178711e-01
1.183373689651489258e+00
2.217638492584228516e-01
6.800473332405090332e-01
5.009410977363586426e-01
3.180358111858367920e-01
9.169893860816955566e-01
8.096252083778381348e-01
4.862518906593322754e-01
3.042358160018920898e-01
6.293115615844726562e-01
4.528481364250183105e-01
3.012404739856719971e-01
4.406480491161346436e-01
5.460304617881774902e-01
4.182454645633697510e-01
4.372481405735015869e-01
3.908894062042236328e-01
6.886416673660278320e-01
3.532617986202239990e-01
4.150955379009246826e-01
5.567194819450378418e-01
5.486418008804321289e-01
5.379971861839294434e-01
5.723457932472229004e-01
4.182309508323669434e-01
4.458383619785308838e-01
3.700163066387176514e-01
4.370751678943634033e-01
4.580951929092407227e-01
5.638136863708496094e-01
4.646019935607910156e-01
5.239159464836120605e-01
3.691413700580596924e-01
5.839993357658386230e-01
5.260476469993591309e-01
3.810616135597229004e-01
4.309268891811370850e-01
4.572539925575256348e-01
1.382227897644042969e+00
1.564230561256408691e+00
1.508798003196716309e+00
1.208737850189208984e+00
1.173094749450683594e+00
2.047012597322463989e-01
4.972829818725585938e-01
1.169399857521057129e+00
4.763783514499664307e-01
4.636807739734649658e-01
1.479933619499206543e+00
8.207297325134277344e-01
1.010027289390563965e+00
7.726096510887145996e-01
7.454251646995544434e-01
9.268462061882019043e-01
1.131171703338623047e+00
1.145706772804260254e+00
1.132574200630187988e+00
1.530115962028503418e+00
8.382868170738220215e-01
1.093114614486694336e+00
1.050686359405517578e+00
1.105621099472045898e+00
1.139767408370971680e+00
1.062320709228515625e+00
1.541291832923889160e+00
1.785691499710083008e+00
1.978597998619079590e+00
1.639600872993469238e+00
2.038077592849731445e+00
2.270292520523071289e+00
1.540738105773925781e+00
1.906325578689575195e+00
3.039166450500488281e+00
2.487398147583007812e+00
2.749047040939331055e+00
2.405391454696655273e+00
2.123291969299316406e+00
1.698814511299133301e+00
5.385604500770568848e-01
9.322980046272277832e-01
6.092802286148071289e-01
6.617378592491149902e-01
6.331821084022521973e-01
1.920934081077575684e+00
1.451044797897338867e+00
2.840154409408569336e+00
2.483539104461669922e+00
1.636079192161560059e+00
1.570110440254211426e+00
9.832593798637390137e-01
1.004519820213317871e+00
2.183469772338867188e+00
3.736149311065673828e+00
2.669674634933471680e+00
2.755078315734863281e+00
3.674795150756835938e+00
1.785082697868347168e+00
1.492103576660156250e+00
1.919087767601013184e+00
1.791253209114074707e+00
2.383547544479370117e+00
2.863239288330078125e+00
3.628312587738037109e+00
3.372795343399047852e+00
2.635212421417236328e+00
2.649595975875854492e+00
2.304827928543090820e+00
1.855925798416137695e+00
2.079590559005737305e+00
2.815276145935058594e+00
1.838569402694702148e+00
1.294233083724975586e+00
1.267864584922790527e+00
1.533408999443054199e+00
1.588219523429870605e+00
1.950254082679748535e+00
2.020966768264770508e+00
1.881814002990722656e+00
8.060400485992431641e-01
6.257140040397644043e-01
1.712198138236999512e+00
2.713238239288330078e+00
1.908117294311523438e+00
1.697782516479492188e+00
1.927793383598327637e+00
1.400274395942687988e+00
1.569664716720581055e+00
1.538550019264221191e+00
1.764662981033325195e+00
1.111754298210144043e+00
6.454967856407165527e-01
7.639237642288208008e-01
7.151222825050354004e-01
8.510038852691650391e-01
7.184070944786071777e-01
4.983248114585876465e-01
5.492957830429077148e-01
5.805665254592895508e-01
5.201748013496398926e-01
2.737426757812500000e-01
3.583811223506927490e-01
3.627104759216308594e-01
3.494052290916442871e-01
2.653591334819793701e-01
3.152109682559967041e-01
2.034510970115661621e-01
1.453220546245574951e-01
1.152990937232971191e+00
1.152525782585144043e+00
1.296873211860656738e+00
3.218841552734375000e-01
3.420613110065460205e-01
2.160201370716094971e-01
2.849510908126831055e-01
2.168838232755661011e-01
3.624045848846435547e-01
-6.572210043668746948e-02
2.335615754127502441e-01
3.559758961200714111e-01
2.121833115816116333e-01
2.947980761528015137e-01
3.653895258903503418e-01
4.676217436790466309e-01
2.204492837190628052e-01
3.511830270290374756e-01
3.647738993167877197e-01
4.802760183811187744e-01
3.149916827678680420e-01
4.585932195186614990e-01
5.484184026718139648e-01
3.624342083930969238e-01
3.586242496967315674e-01
2.743070423603057861e-01
2.313652336597442627e-01
2.871271669864654541e-01
5.292323827743530273e-01
4.419198632240295410e-01
2.978112399578094482e-01
6.112073659896850586e-01
5.009177923202514648e-01
2.015954554080963135e-01
5.504352450370788574e-01
6.199061870574951172e-01
4.035261273384094238e-01
4.981488585472106934e-01
5.276724696159362793e-01
1.718554973602294922e+00
1.973502874374389648e+00
2.469031095504760742e+00
2.189237594604492188e+00
2.466501712799072266e+00
2.459104537963867188e+00
2.511823177337646484e+00
2.155425071716308594e+00
2.031832695007324219e+00
2.516527175903320312e+00
2.199111461639404297e+00
1.706478238105773926e+00
2.751897335052490234e+00
2.897686481475830078e+00
1.468113183975219727e+00
1.514603972434997559e+00
1.464415550231933594e+00
1.517126798629760742e+00
1.286194086074829102e+00
1.968608260154724121e+00
3.066096544265747070e+00
1.911487579345703125e+00
1.123731851577758789e+00
1.557655453681945801e+00
1.655750989913940430e+00
1.351145744323730469e+00
1.458461880683898926e+00
1.762728929519653320e+00
1.716193079948425293e+00
1.515017032623291016e+00
1.537091255187988281e+00
1.310265302658081055e+00
1.503864526748657227e+00
1.537538051605224609e+00
1.661078333854675293e+00
1.696116805076599121e+00
1.288512110710144043e+00
8.154306411743164062e-01
1.186600923538208008e+00
5.475034713745117188e-01
8.078981637954711914e-01
1.007306575775146484e+00
1.167011380195617676e+00
1.073973536491394043e+00
1.152525544166564941e+00
8.032017350196838379e-01
1.223227977752685547e+00
1.502204656600952148e+00
1.593128919601440430e+00
1.577002882957458496e+00
1.956061482429504395e+00
2.461159229278564453e+00
1.534876823425292969e+00
1.577087044715881348e+00
1.906639337539672852e+00
6.365518569946289062e-01
1.149685025215148926e+00
1.086862683296203613e+00
1.109836459159851074e+00
1.514859437942504883e+00
2.026602268218994141e+00
2.851531028747558594e+00
2.628678560256958008e+00
3.056905508041381836e+00
3.075255870819091797e+00
1.986290097236633301e+00
1.499384164810180664e+00
1.811495065689086914e+00
2.379897356033325195e+00
2.637998580932617188e+00
2.163958787918090820e+00
2.570297241210937500e+00
2.446920394897460938e+00
3.250889062881469727e+00
2.488796472549438477e+00
3.154261350631713867e+00
2.628109693527221680e+00
2.674229145050048828e+00
1.824949145317077637e+00
2.505065202713012695e+00
3.269721746444702148e+00
1.484817981719970703e+00
1.659014701843261719e+00
9.126605391502380371e-01
1.207427382469177246e+00
9.470579028129577637e-01
1.285135507583618164e+00
2.240004062652587891e+00
1.603118658065795898e+00
7.024074196815490723e-01
9.082889556884765625e-01
2.347385585308074951e-01
2.800411880016326904e-01
5.172904729843139648e-01
4.785475432872772217e-01
3.073353171348571777e-01
3.895265758037567139e-01
4.280685782432556152e-01
3.157975375652313232e-01
5.041131973266601562e-01
8.166983127593994141e-01
7.176311016082763672e-01
6.643769145011901855e-01
6.534456014633178711e-01
6.140124797821044922e-01
6.490542888641357422e-01
8.387007117271423340e-01
8.693245649337768555e-01
6.743211746215820312e-01
1.051756739616394043e+00
1.556016087532043457e+00
1.553927183151245117e+00
5.726500153541564941e-01
2.937510013580322266e-01
5.068602561950683594e-01
3.791114091873168945e-01
3.320049345493316650e-01
2.138237804174423218e-01
3.468648791313171387e-01
4.033175408840179443e-01
3.026408255100250244e-01
3.261011540889739990e-01
4.721358716487884521e-01
2.971627116203308105e-01
4.549491107463836670e-01
1.492825001478195190e-01
1.573683917522430420e-01
3.822851777076721191e-01
4.803042411804199219e-01
3.428285121917724609e-01
4.328636527061462402e-01
4.086007773876190186e-01
5.258308053016662598e-01
6.178260445594787598e-01
4.187955856323242188e-01
6.972587704658508301e-01
4.741707742214202881e-01
7.607916593551635742e-01
6.563650369644165039e-01
4.844283163547515869e-01
4.462475776672363281e-01
4.138036966323852539e-01
5.991531014442443848e-01
5.049867630004882812e-01
1.802232742309570312e+00
1.849475741386413574e+00
2.146216869354248047e+00
2.065757274627685547e+00
2.742124319076538086e+00
1.569814205169677734e+00
1.900884985923767090e+00
1.590528011322021484e+00
1.582958459854125977e+00
1.697441577911376953e+00
1.384536027908325195e+00
1.609228372573852539e+00
1.542717337608337402e+00
8.622545003890991211e-01
9.162610769271850586e-01
1.048047661781311035e+00
1.137974858283996582e+00
1.052370429039001465e+00
7.531607747077941895e-01
3.073385953903198242e-01
3.693466782569885254e-01
5.168253183364868164e-01
6.144981980323791504e-01
5.166265964508056641e-01
6.286855340003967285e-01
6.487297415733337402e-01
5.577594041824340820e-01
1.417298436164855957e+00
1.758124113082885742e+00
1.612365603446960449e+00
7.634539604187011719e-01
7.834346294403076172e-01
1.018922328948974609e+00
1.690667510032653809e+00
1.090279340744018555e+00
7.385713458061218262e-01
1.383590340614318848e+00
1.704091429710388184e+00
1.988856434822082520e+00
1.786153316497802734e+00
2.376245975494384766e+00
2.172932386398315430e+00
2.082443952560424805e+00
2.320051908493041992e+00
1.880975842475891113e+00
1.881953597068786621e+00
1.623273968696594238e+00
2.399691104888916016e+00
2.403281450271606445e+00
2.458507537841796875e+00
3.135554075241088867e+00
2.803594112396240234e+00
1.263078570365905762e+00
9.694687128067016602e-01
1.909010052680969238e+00
2.170199394226074219e+00
2.156822204589843750e+00
2.997169971466064453e+00
3.137324333190917969e+00
3.527392387390136719e+00
2.816607236862182617e+00
2.512460708618164062e+00
3.370900630950927734e+00
3.606558561325073242e+00
2.819049596786499023e+00
1.856682896614074707e+00
2.389182567596435547e+00
1.431759476661682129e+00
1.711471557617187500e+00
2.040254116058349609e+00
1.768935918807983398e+00
1.988555788993835449e+00
1.763033151626586914e+00
2.597538709640502930e+00
2.688372611999511719e+00
2.685646533966064453e+00
2.246221542358398438e+00
1.687289834022521973e+00
1.787590742111206055e+00
1.839955687522888184e+00
1.797517418861389160e+00
1.652222275733947754e+00
1.962100863456726074e+00
1.840975165367126465e+00
1.671747088432312012e+00
1.961704254150390625e+00
1.983559250831604004e+00
1.540780305862426758e+00
1.841160655021667480e+00
1.738640069961547852e+00
1.632007002830505371e+00
1.509614348411560059e+00
1.644454836845397949e+00
1.778407096862792969e+00
1.473437428474426270e+00
1.748299598693847656e+00
1.744099259376525879e+00
1.507609248161315918e+00
1.572064757347106934e+00
1.919246554374694824e+00
1.714322686195373535e+00
1.678838849067687988e+00
1.855378389358520508e+00
2.149356365203857422e+00
1.774888992309570312e+00
2.631235361099243164e+00
1.710190892219543457e+00
1.661984801292419434e+00
1.605306506156921387e+00
1.746406078338623047e+00
1.869702816009521484e+00
1.667842507362365723e+00
1.609052896499633789e+00
1.487595438957214355e+00
1.525292992591857910e+00
1.697630167007446289e+00
1.547633647918701172e+00
1.678270816802978516e+00
7.074379324913024902e-01
5.183147788047790527e-01
6.969863176345825195e-01
5.441509485244750977e-01
5.647878050804138184e-01
1.284161925315856934e+00
1.325381278991699219e+00
5.272588729858398438e-01
4.580842256546020508e-01
4.590750932693481445e-01
3.341593444347381592e-01
3.478571176528930664e-01
5.969542860984802246e-01
4.360651075839996338e-01
1.547408849000930786e-01
3.941851556301116943e-01
3.684906661510467529e-01
2.913803458213806152e-01
2.693730294704437256e-01
3.605382740497589111e-01
4.670899808406829834e-01
2.819061577320098877e-01
4.084985554218292236e-01
2.506773471832275391e-01
2.877285480499267578e-01
3.062284886837005615e-01
3.893919885158538818e-01
2.417458742856979370e-01
4.183293282985687256e-01
3.523238301277160645e-01
2.878538072109222412e-01
2.877652645111083984e-01
2.729064226150512695e-01
9.934706240892410278e-02
3.941152691841125488e-01
3.799830377101898193e-01
4.693839251995086670e-01
1.537989974021911621e+00
1.079324126243591309e+00
5.776476860046386719e-01
6.689302325248718262e-01
1.531921744346618652e+00
9.717969298362731934e-01
1.387937068939208984e+00
1.804625034332275391e+00
1.840159893035888672e+00
1.380648732185363770e+00
1.455824494361877441e+00
1.578862905502319336e+00
1.007324934005737305e+00
5.467505455017089844e-01
5.800564289093017578e-01
5.526183843612670898e-01
6.039517521858215332e-01
5.586904883384704590e-01
5.297874212265014648e-01
2.146678686141967773e+00
1.645259022712707520e+00
1.671158313751220703e+00
1.719575524330139160e+00
1.462883114814758301e+00
1.439828395843505859e+00
5.272542238235473633e-01
1.169771552085876465e+00
8.342586755752563477e-01
1.217647910118103027e+00
1.247097849845886230e+00
2.067992687225341797e+00
1.746405005455017090e+00
1.757064938545227051e+00
2.084715604782104492e+00
1.763399600982666016e+00
1.737253189086914062e+00
1.451510429382324219e+00
8.499055504798889160e-01
1.704352378845214844e+00
3.376029968261718750e+00
3.638848066329956055e+00
3.336244821548461914e+00
3.748932123184204102e+00
3.539343833923339844e+00
3.454831361770629883e+00
3.706569194793701172e+00
2.249898672103881836e+00
2.333634138107299805e+00
2.528276205062866211e+00
2.451538324356079102e+00
2.178635597229003906e+00
2.408647537231445312e+00
2.526911973953247070e+00
2.536132097244262695e+00
2.159977674484252930e+00
2.866422891616821289e+00
2.994083404541015625e+00
2.903314352035522461e+00
2.587126970291137695e+00
2.642481088638305664e+00
2.489501476287841797e+00
1.949905514717102051e+00
2.147504568099975586e+00
2.062110662460327148e+00
2.329660654067993164e+00
1.516304492950439453e+00
1.438304424285888672e+00
1.444700479507446289e+00
1.999280691146850586e+00
1.794281721115112305e+00
3.002102613449096680e+00
3.186803579330444336e+00
1.912079691886901855e+00
2.703426599502563477e+00
3.015619277954101562e+00
3.039307355880737305e+00
2.427062034606933594e+00
2.098138093948364258e+00
3.437684774398803711e+00
2.796501398086547852e+00
1.451824069023132324e+00
1.154841423034667969e+00
1.180224299430847168e+00
8.169291019439697266e-01
8.446025848388671875e-01
1.121273756027221680e+00
6.844778656959533691e-01
4.537567794322967529e-01
3.005955219268798828e-01
4.697481989860534668e-01
2.687135338783264160e-01
3.231200575828552246e-01
4.083847999572753906e-01
3.416551053524017334e-01
3.134767413139343262e-01
8.673801273107528687e-02
1.556741893291473389e-01
1.700495332479476929e-01
7.841009646654129028e-02
-4.299335554242134094e-02
2.886366248130798340e-01
4.891389608383178711e-01
2.918191850185394287e-01
4.895690381526947021e-01
4.171271622180938721e-01
4.106990098953247070e-01
4.031350016593933105e-01
2.551136314868927002e-01
3.159639239311218262e-01
4.252308607101440430e-01
1.942902058362960815e-01
3.344690799713134766e-01
4.111756682395935059e-01
3.654199540615081787e-01
4.100543260574340820e-01
1.373430609703063965e+00
1.260917544364929199e+00
1.226621866226196289e+00
2.360923290252685547e-01
1.768183708190917969e-01
3.622798919677734375e-01
2.806288599967956543e-01
2.856612801551818848e-01
1.040333136916160583e-01
5.669713020324707031e-01
9.856972098350524902e-02
4.714582860469818115e-01
3.874760568141937256e-01
6.839162707328796387e-01
4.798862636089324951e-01
5.912413001060485840e-01
5.704706907272338867e-01
6.100792288780212402e-01
2.127051353454589844e+00
1.998716592788696289e+00
1.936271786689758301e+00
2.213530540466308594e+00
2.253558874130249023e+00
2.510123014450073242e+00
3.342200279235839844e+00
2.434482336044311523e+00
1.965724229812622070e+00
2.139807462692260742e+00
1.433442711830139160e+00
1.094631910324096680e+00
1.841870903968811035e+00
2.495900630950927734e+00
1.221851825714111328e+00
1.571293234825134277e+00
1.576916813850402832e+00
1.428174376487731934e+00
1.177338004112243652e+00
1.594596147537231445e+00
1.377467274665832520e+00
1.452206134796142578e+00
1.401743054389953613e+00
1.226191520690917969e+00
1.224470257759094238e+00
1.278930187225341797e+00
1.621549606323242188e+00
1.292739033699035645e+00
1.089699029922485352e+00
1.105899095535278320e+00
1.342004776000976562e+00
2.559777975082397461e+00
4.075391292572021484e+00
4.087631702423095703e+00
3.697070598602294922e+00
2.246236562728881836e+00
1.923063039779663086e+00
1.816617131233215332e+00
3.413525104522705078e+00
2.420159578323364258e+00
2.660767793655395508e+00
3.200122356414794922e+00
2.415447235107421875e+00
9.710519313812255859e-01
4.846067726612091064e-01
6.299285292625427246e-01
5.654823780059814453e-01
1.729492098093032837e-01
4.121947586536407471e-01
4.546813070774078369e-01
3.584633469581604004e-01
-7.616029679775238037e-02
4.174472987651824951e-01
4.469876587390899658e-01
3.420832455158233643e-01
5.138785243034362793e-01
2.100935876369476318e-01
7.145053148269653320e-01
5.223330259323120117e-01
6.353948712348937988e-01
1.011693835258483887e+00
6.393931508064270020e-01
1.468501210212707520e+00
6.976156830787658691e-01
1.060967803001403809e+00
7.113561630249023438e-01
1.021820902824401855e+00
1.160121679306030273e+00
1.130199193954467773e+00
1.440617561340332031e+00
1.052570581436157227e+00
1.617671370506286621e+00
1.822402238845825195e+00
1.758725404739379883e+00
1.715145826339721680e+00
1.741379141807556152e+00
1.387812614440917969e+00
2.613599538803100586e+00
9.329193830490112305e-01
2.351795673370361328e+00
2.505883932113647461e+00
2.924350976943969727e+00
2.579447269439697266e+00
3.458761930465698242e+00
3.132082462310791016e+00
1.245684027671813965e+00
1.135352492332458496e+00
1.508425235748291016e+00
1.020896315574645996e+00
1.513569474220275879e+00
2.020523309707641602e+00
1.734624028205871582e+00
1.096241712570190430e+00
6.849833130836486816e-01
1.048713207244873047e+00
1.096149921417236328e+00
7.190980911254882812e-01
5.058943033218383789e-01
8.891698122024536133e-01
8.882562518119812012e-01
3.433369696140289307e-01
2.373745590448379517e-01
3.418617844581604004e-01
5.048483610153198242e-01
4.475530982017517090e-01
1.070497393608093262e+00
3.330284357070922852e-01
5.260725617408752441e-01
3.268513679504394531e-01
2.314608991146087646e-01
3.460776805877685547e-01
2.732194364070892334e-01
2.958297729492187500e-01
2.036319971084594727e-01
3.918407857418060303e-01
2.590937912464141846e-01
3.543296754360198975e-01
6.224810481071472168e-01
1.369290471076965332e+00
1.245440363883972168e+00
8.855785727500915527e-01
1.693080961704254150e-01
4.573899507522583008e-01
2.075365334749221802e-01
3.428016602993011475e-01
3.081329464912414551e-01
3.453820049762725830e-01
3.968134820461273193e-01
3.977473378181457520e-01
3.538319170475006104e-01
3.989366292953491211e-01
2.313707172870635986e-01
2.070086151361465454e-01
4.175854325294494629e-01
4.120075404644012451e-01
3.251385092735290527e-01
3.508672714233398438e-01
2.931548655033111572e-01
5.525611042976379395e-01
4.928941130638122559e-01
7.260755300521850586e-01
4.614024460315704346e-01
4.752210974693298340e-01
1.915612816810607910e+00
1.981862306594848633e+00
2.604174137115478516e+00
2.369924545288085938e+00
2.892725944519042969e+00
2.959419250488281250e+00
2.145610094070434570e+00
2.245256900787353516e+00
2.200470924377441406e+00
2.639300823211669922e+00
1.526611685752868652e+00
1.336961627006530762e+00
1.219581127166748047e+00
1.305408835411071777e+00
1.176487207412719727e+00
1.583549141883850098e+00
1.525052547454833984e+00
1.609995245933532715e+00
2.012485027313232422e+00
1.704743504524230957e+00
1.404735922813415527e+00
1.259377479553222656e+00
1.651160120964050293e+00
1.465304732322692871e+00
1.560696244239807129e+00
1.346547961235046387e+00
1.500740051269531250e+00
1.480135321617126465e+00
1.569697141647338867e+00
9.455596804618835449e-01
4.753455519676208496e-01
4.987195134162902832e-01
4.301040470600128174e-01
4.646277725696563721e-01
4.529037773609161377e-01
3.891381919384002686e-01
2.936663329601287842e-01
5.951520800590515137e-01
5.415188074111938477e-01
4.482956528663635254e-01
3.974332213401794434e-01
4.506597518920898438e-01
3.541383445262908936e-01
2.925529181957244873e-01
2.752688527107238770e-01
3.244294226169586182e-01
4.447233378887176514e-01
4.758967459201812744e-01
3.842367529869079590e-01
3.369833827018737793e-01
5.100858211517333984e-01
4.118184149265289307e-01
2.264468222856521606e-01
4.076263606548309326e-01
3.350770175457000732e-01
2.427951097488403320e-01
2.205057442188262939e-01
3.735162615776062012e-01
4.067073166370391846e-01
4.382288455963134766e-01
4.246053695678710938e-01
1.445241808891296387e+00
7.914399504661560059e-01
9.451537728309631348e-01
1.239801049232482910e+00
1.216429352760314941e+00
8.608785271644592285e-01
2.129619359970092773e+00
2.328924179077148438e+00
2.354244470596313477e+00
2.567795515060424805e+00
1.945576667785644531e+00
1.937267065048217773e+00
2.304584980010986328e+00
1.936539888381958008e+00
1.961170673370361328e+00
1.843467235565185547e+00
2.004998207092285156e+00
1.975657463073730469e+00
2.784914970397949219e+00
2.139123916625976562e+00
1.924810171127319336e+00
1.863442420959472656e+00
1.907241582870483398e+00
3.006420373916625977e+00
2.501414537429809570e+00
2.957026004791259766e+00
2.385956525802612305e+00
2.346833229064941406e+00
2.396985769271850586e+00
2.506935119628906250e+00
2.055849790573120117e+00
1.489943146705627441e+00
9.144498705863952637e-01
8.484388589859008789e-01
7.799229025840759277e-01
7.795698642730712891e-01
8.438422679901123047e-01
5.882558226585388184e-01
7.082619071006774902e-01
5.788561701774597168e-01
5.162428617477416992e-01
5.463317036628723145e-01
4.464087486267089844e-01
4.659332931041717529e-01
4.293014705181121826e-01
5.083236098289489746e-01
4.841476380825042725e-01
4.027984142303466797e-01
3.436138033866882324e-01
3.417759835720062256e-01
3.889219164848327637e-01
3.847835958003997803e-01
3.467467427253723145e-01
2.235172539949417114e-01
3.719426393508911133e-01
4.254942536354064941e-01
2.997364997863769531e-01
2.962929904460906982e-01
3.222687244415283203e-01
4.117276966571807861e-01
4.276952743530273438e-01
2.571441531181335449e-01
2.426046133041381836e-01
3.334118723869323730e-01
4.436677694320678711e-01
2.795719206333160400e-01
3.582887351512908936e-01
4.110355973243713379e-01
4.657164812088012695e-01
4.533338248729705811e-01
3.829449415206909180e-01
5.173504948616027832e-01
1.398802757263183594e+00
1.692206025123596191e+00
1.222362399101257324e+00
1.203427791595458984e+00
4.454008936882019043e-01
3.192906379699707031e-01
5.549337267875671387e-01
3.054256737232208252e-01
5.992257595062255859e-01
6.255986094474792480e-01
7.400496006011962891e-01
8.633944392204284668e-01
2.230801343917846680e+00
2.401160717010498047e+00
2.442345380783081055e+00
2.345174312591552734e+00
2.418012857437133789e+00
2.770721912384033203e+00
2.735066413879394531e+00
2.018811225891113281e+00
1.364383459091186523e+00
1.560564756393432617e+00
1.324261069297790527e+00
1.297372579574584961e+00
1.680168747901916504e+00
1.482728362083435059e+00
1.272984743118286133e+00
1.495947480201721191e+00
1.482069969177246094e+00
1.239720821380615234e+00
1.422934889793395996e+00
1.199563264846801758e+00
1.269384503364562988e+00
1.405570626258850098e+00
1.723147034645080566e+00
1.776380419731140137e+00
1.471909403800964355e+00
1.482053756713867188e+00
1.507910490036010742e+00
1.197041034698486328e+00
1.318238019943237305e+00
1.460327386856079102e+00
1.381705403327941895e+00
1.432787656784057617e+00
1.551525473594665527e+00
1.401768326759338379e+00
1.477444767951965332e+00
1.396336793899536133e+00
1.687351942062377930e+00
1.360936760902404785e+00
1.254412412643432617e+00
8.655368089675903320e-01
3.849927186965942383e-01
3.772017657756805420e-01
2.230529338121414185e-01
2.839122712612152100e-01
3.896222412586212158e-01
3.794027864933013916e-01
2.382152080535888672e-01
2.883858084678649902e-01
4.109739363193511963e-01
3.561562597751617432e-01
1.933969110250473022e-01
1.737887710332870483e-01
1.930035799741744995e-01
3.067539334297180176e-01
1.033269166946411133e+00
7.021273374557495117e-01
9.042378067970275879e-01
8.571105003356933594e-01
1.059758186340332031e+00
9.382854104042053223e-01
9.223088026046752930e-01
7.473362088203430176e-01
9.507442712783813477e-01
1.377268314361572266e+00
1.271095156669616699e+00
1.174718976020812988e+00
1.340303182601928711e+00
1.509111881256103516e+00
1.616100192070007324e+00
1.620863556861877441e+00
2.101171970367431641e+00
1.961067557334899902e+00
2.178692340850830078e+00
1.888633370399475098e+00
1.421403884887695312e+00
1.623207569122314453e+00
2.773239374160766602e+00
2.349239110946655273e+00
3.026302576065063477e+00
4.430697441101074219e+00
3.112578153610229492e+00
2.636223316192626953e+00
2.523838520050048828e+00
1.852464795112609863e+00
1.285469651222229004e+00
1.479378581047058105e+00
2.499766111373901367e+00
2.009635210037231445e+00
1.089046120643615723e+00
1.396416187286376953e+00
1.373910069465637207e+00
8.737115263938903809e-01
1.294310927391052246e+00
1.128860235214233398e+00
9.160519838333129883e-01
6.174603700637817383e-01
6.510245203971862793e-01
6.883890032768249512e-01
6.887617707252502441e-01
5.433424115180969238e-01
6.303789019584655762e-01
4.692772924900054932e-01
4.677905738353729248e-01
4.099093377590179443e-01
4.595728516578674316e-01
5.462286472320556641e-01
5.469709038734436035e-01
3.882484734058380127e-01
3.926587104797363281e-01
3.518866300582885742e-01
4.885822832584381104e-01
4.565147459506988525e-01
4.771115481853485107e-01
4.391755759716033936e-01
5.723956823348999023e-01
4.366207122802734375e-01
4.888577461242675781e-01
2.609086036682128906e-01
3.961397409439086914e-01
4.876815974712371826e-01
5.356262326240539551e-01
1.400487184524536133e+00
1.240494489669799805e+00
1.406643986701965332e+00
1.191170573234558105e+00
3.339392542839050293e-01
3.531806468963623047e-01
5.225718021392822266e-01
3.719626665115356445e-01
5.584032535552978516e-01
6.008089184761047363e-01
5.852330327033996582e-01
6.069309115409851074e-01
5.399597287178039551e-01
5.815557241439819336e-01
6.163338422775268555e-01
6.304079294204711914e-01
7.326133251190185547e-01
7.870749235153198242e-01
6.269277334213256836e-01
3.002989292144775391e-01
7.419480085372924805e-01
5.552434325218200684e-01
6.165580749511718750e-01
2.157633543014526367e+00
2.530638694763183594e+00
2.572594642639160156e+00
2.520465135574340820e+00
2.642597675323486328e+00
2.504845857620239258e+00
2.494181871414184570e+00
2.103464126586914062e+00
1.891482830047607422e+00
1.029672145843505859e+00
1.464213848114013672e+00
1.637513041496276855e+00
1.440544128417968750e+00
1.406600117683410645e+00
1.245083212852478027e+00
1.259502410888671875e+00
1.274896621704101562e+00
1.316712737083435059e+00
1.374462127685546875e+00
1.537070631980895996e+00
1.326600790023803711e+00
1.334961891174316406e+00
1.213020563125610352e+00
1.461240649223327637e+00
1.269266009330749512e+00
1.325080633163452148e+00
1.371784448623657227e+00
1.392648458480834961e+00
1.468000173568725586e+00
1.254891514778137207e+00
1.252489924430847168e+00
1.299512982368469238e+00
1.450379490852355957e+00
1.208583474159240723e+00
1.317033648490905762e+00
1.202015042304992676e+00
2.385864019393920898e+00
1.323526263236999512e+00
1.108930230140686035e+00
6.770676374435424805e-01
7.286378145217895508e-01
1.390651464462280273e+00
4.984095096588134766e-01
4.003964960575103760e-01
3.606136441230773926e-01
8.013318181037902832e-01
4.822179973125457764e-01
4.044786393642425537e-01
4.446972906589508057e-01
3.520502746105194092e-01
3.191516697406768799e-01
2.968050241470336914e-01
3.802631795406341553e-01
3.512277007102966309e-01
3.148938417434692383e-01
2.426676601171493530e-01
3.928341269493103027e-01
2.871521115303039551e-01
3.947804868221282959e-01
5.519326329231262207e-01
6.150178909301757812e-01
7.159886956214904785e-01
6.891084909439086914e-01
6.965735554695129395e-01
7.615761160850524902e-01
7.242379784584045410e-01
6.107943058013916016e-01
7.541568279266357422e-01
1.034412622451782227e+00
2.808331966400146484e+00
3.546832084655761719e+00
3.078278541564941406e+00
3.106061220169067383e+00
3.565192937850952148e+00
2.527899503707885742e+00
2.460536718368530273e+00
3.215575456619262695e+00
2.857369422912597656e+00
2.672991514205932617e+00
3.689209461212158203e+00
2.968353509902954102e+00
1.232538819313049316e+00
1.743518233299255371e+00
1.818336248397827148e+00
1.759715795516967773e+00
2.716019868850708008e+00
1.623596549034118652e+00
2.827265024185180664e+00
2.177601814270019531e+00
9.885185360908508301e-01
1.293507814407348633e+00
1.673984766006469727e+00
7.121326923370361328e-01
6.422826647758483887e-01
1.284956216812133789e+00
8.907930254936218262e-01
5.702289342880249023e-01
1.124986886978149414e+00
6.758478879928588867e-01
3.683541715145111084e-01
2.957749664783477783e-01
4.349394142627716064e-01
3.612320125102996826e-01
3.381990194320678711e-01
4.195334613323211670e-01
3.919909894466400146e-01
4.139640629291534424e-01
3.681261241436004639e-01
2.854422926902770996e-01
3.747554421424865723e-01
4.392164349555969238e-01
3.034263849258422852e-01
3.528725504875183105e-01
3.561233580112457275e-01
2.591631412506103516e-01
4.326084852218627930e-01
2.596148550510406494e-01
1.141483545303344727e+00
1.087260127067565918e+00
9.504035711288452148e-01
2.592760622501373291e-01
2.709068655967712402e-01
3.896348476409912109e-01
3.084459602832794189e-01
3.294215798377990723e-01
5.232734680175781250e-01
2.738679647445678711e-01
1.909072846174240112e-01
3.937748372554779053e-01
5.156041979789733887e-01
2.692455649375915527e-01
3.107415139675140381e-01
3.337695896625518799e-01
3.964067101478576660e-01
1.727600842714309692e-01
3.242756426334381104e-01
4.802861511707305908e-01
3.721767365932464600e-01
5.396133065223693848e-01
5.392870903015136719e-01
3.735661208629608154e-01
5.767889022827148438e-01
4.645658135414123535e-01
1.561186909675598145e+00
1.879278421401977539e+00
2.220125913619995117e+00
2.558586120605468750e+00
2.879600286483764648e+00
2.021368503570556641e+00
2.043829202651977539e+00
2.213869333267211914e+00
1.785083532333374023e+00
1.887017250061035156e+00
1.604215383529663086e+00
1.819525003433227539e+00
1.517679691314697266e+00
1.548530697822570801e+00
1.431465387344360352e+00
1.377560734748840332e+00
1.407402038574218750e+00
1.366563916206359863e+00
1.377020478248596191e+00
1.399824619293212891e+00
1.386454463005065918e+00
1.261170864105224609e+00
1.354751467704772949e+00
1.254013299942016602e+00
1.377349972724914551e+00
1.283417224884033203e+00
1.312684297561645508e+00
1.442112207412719727e+00
1.366576075553894043e+00
1.185086727142333984e+00
1.314758419990539551e+00
1.411402225494384766e+00
1.295060276985168457e+00
1.455826997756958008e+00
1.326660275459289551e+00
1.469743251800537109e+00
1.302775382995605469e+00
1.585100293159484863e+00
2.028283834457397461e+00
1.573407292366027832e+00
1.522494435310363770e+00
1.592463970184326172e+00
1.670391321182250977e+00
1.470234155654907227e+00
1.443334102630615234e+00
1.976887702941894531e+00
1.607798933982849121e+00
1.267967939376831055e+00
1.296000242233276367e+00
1.500069618225097656e+00
1.176928520202636719e+00
1.719428062438964844e+00
1.650767087936401367e+00
1.712090492248535156e+00
1.650815606117248535e+00
1.614187836647033691e+00
1.591508984565734863e+00
1.727198958396911621e+00
1.541478753089904785e+00
1.561589598655700684e+00
1.104331970214843750e+00
1.667498826980590820e+00
1.015537738800048828e+00
1.508024811744689941e+00
8.495420813560485840e-01
7.589812278747558594e-01
6.314026713371276855e-01
7.171519994735717773e-01
5.105674266815185547e-01
8.827882409095764160e-01
1.353467345237731934e+00
1.182320594787597656e+00
1.335151791572570801e+00
1.305927991867065430e+00
1.579197287559509277e+00
1.483255982398986816e+00
1.086111664772033691e+00
1.627486824989318848e+00
1.712524890899658203e+00
1.486853241920471191e+00
1.860854029655456543e+00
1.958413243293762207e+00
2.838497400283813477e+00
1.752863883972167969e+00
1.386187195777893066e+00
9.921305775642395020e-01
1.557072401046752930e+00
1.252908706665039062e+00
2.342638492584228516e+00
2.154487609863281250e+00
2.021255970001220703e+00
1.909271001815795898e+00
1.652065515518188477e+00
8.553127050399780273e-01
4.944257736206054688e-01
3.024328052997589111e-01
3.842318356037139893e-01
4.307895600795745850e-01
3.771102130413055420e-01
2.714821994304656982e-01
4.031736552715301514e-01
3.119505643844604492e-01
3.221289217472076416e-01
2.111625671386718750e-01
4.229643344879150391e-01
4.231550991535186768e-01
3.521980047225952148e-01
3.089714050292968750e-01
2.424670159816741943e-01
2.457219362258911133e-01
3.914998173713684082e-01
4.153479635715484619e-01
2.639121711254119873e-01
3.299228847026824951e-01
4.291170239448547363e-01
4.469972550868988037e-01
2.746140360832214355e-01
1.973225474357604980e-01
3.247821927070617676e-01
2.664379775524139404e-01
4.925975501537322998e-01
2.414210587739944458e-01
3.197420835494995117e-01
3.090229332447052002e-01
4.209634363651275635e-01
5.015616416931152344e-01
3.313010632991790771e-01
2.620740532875061035e-01
3.836636245250701904e-01
5.436035990715026855e-01
3.882994353771209717e-01
4.609025120735168457e-01
4.209231436252593994e-01
4.526836872100830078e-01
3.509075641632080078e-01
4.681636393070220947e-01
5.490419864654541016e-01
1.361714959144592285e+00
1.405360102653503418e+00
1.484615206718444824e+00
1.061287164688110352e+00
5.951074361801147461e-01
5.592633485794067383e-01
7.250440716743469238e-01
5.056086778640747070e-01
1.738188624382019043e+00
2.003444910049438477e+00
2.499937534332275391e+00
2.700050830841064453e+00
2.037625312805175781e+00
2.750583887100219727e+00
2.468977928161621094e+00
2.547219991683959961e+00
2.264085054397583008e+00
2.373418331146240234e+00
2.131668806076049805e+00
1.379475355148315430e+00
1.715475797653198242e+00
1.531322598457336426e+00
2.483569145202636719e+00
1.202109575271606445e+00
1.411776423454284668e+00
1.827568173408508301e+00
1.492544293403625488e+00
1.547697424888610840e+00
6.891509890556335449e-01
2.460524559020996094e+00
1.305522918701171875e+00
7.667557597160339355e-01
9.737350344657897949e-01
1.870758891105651855e+00
2.024868249893188477e+00
2.698179960250854492e+00
2.948009252548217773e+00
3.288876295089721680e+00
2.419046163558959961e+00
1.627583861351013184e+00
2.641319036483764648e+00
1.868513703346252441e+00
1.161430954933166504e+00
1.145921230316162109e+00
5.730869174003601074e-01
5.238145589828491211e-01
2.215430736541748047e+00
7.720609307289123535e-01
7.706388831138610840e-01
1.810565590858459473e+00
1.735562562942504883e+00
1.544564008712768555e+00
6.927978396415710449e-01
1.281380057334899902e+00
1.957224369049072266e+00
5.518169403076171875e-01
5.268419384956359863e-01
6.850584149360656738e-01
6.276962757110595703e-01
1.661286950111389160e+00
1.835416913032531738e+00
1.461059212684631348e+00
1.120486497879028320e+00
1.437445998191833496e+00
1.659443616867065430e+00
1.690816283226013184e+00
1.334726095199584961e+00
1.478233933448791504e+00
1.781548261642456055e+00
1.558716535568237305e+00
1.367649078369140625e+00
1.874244332313537598e+00
2.154865741729736328e+00
2.087070465087890625e+00
2.190073728561401367e+00
2.310369491577148438e+00
3.066942930221557617e+00
4.442264080047607422e+00
4.745965957641601562e+00
4.974729061126708984e+00
4.518971920013427734e+00
3.910851955413818359e+00
4.063447475433349609e+00
3.372763633728027344e+00
3.395381450653076172e+00
2.753992319107055664e+00
3.238651752471923828e+00
3.056833744049072266e+00
2.619511365890502930e+00
2.725839138031005859e+00
2.081946611404418945e+00
1.448105335235595703e+00
1.879564762115478516e+00
1.514098048210144043e+00
1.829912543296813965e+00
1.704472184181213379e+00
2.484096765518188477e+00
1.569347143173217773e+00
1.629516839981079102e+00
1.825252890586853027e+00
2.085592269897460938e+00
1.545356154441833496e+00
1.676443457603454590e+00
1.123972177505493164e+00
7.785578966140747070e-01
8.594951629638671875e-01
6.459854841232299805e-01
7.798409461975097656e-01
7.303975224494934082e-01
9.920223355293273926e-01
5.580066442489624023e-01
5.307207107543945312e-01
7.522403597831726074e-01
7.659008502960205078e-01
4.573663771152496338e-01
4.601221382617950439e-01
4.729581475257873535e-01
3.839607536792755127e-01
4.038766920566558838e-01
4.401217699050903320e-01
2.343301475048065186e-01
3.419892191886901855e-01
1.841236352920532227e-01
7.609797120094299316e-01
1.191767096519470215e+00
1.175803303718566895e+00
8.615657091140747070e-01
3.069567680358886719e-01
2.187520712614059448e-01
3.699642121791839600e-01
3.534810543060302734e-01
1.647333949804306030e-01
3.855880796909332275e-01
4.251036643981933594e-01
3.581906259059906006e-01
1.902368366718292236e-01
2.559186518192291260e-01
4.080885052680969238e-01
3.656956851482391357e-01
8.029841184616088867e-01
5.263743400573730469e-01
2.889057993888854980e-01
4.765189588069915771e-01
3.460894525051116943e-01
2.465765625238418579e-01
2.192070633172988892e-01
4.761009514331817627e-01
3.429557085037231445e-01
1.266398131847381592e-01
5.294944047927856445e-01
3.454256057739257812e-01
9.271438717842102051e-01
4.407280683517456055e-01
1.594302296638488770e+00
1.701812267303466797e+00
1.604778885841369629e+00
2.288126468658447266e+00
2.381265878677368164e+00
2.449962377548217773e+00
1.736962676048278809e+00
1.801291823387145996e+00
1.788205265998840332e+00
1.672695159912109375e+00
1.364517807960510254e+00
1.402867197990417480e+00
1.410560488700866699e+00
1.496248960494995117e+00
1.489990830421447754e+00
1.093291878700256348e+00
1.197922706604003906e+00
1.554147839546203613e+00
2.880895137786865234e-01
4.001851677894592285e-01
4.734726250171661377e-01
4.063378274440765381e-01
2.777839899063110352e-01
3.023650944232940674e-01
5.164037942886352539e-01
2.428282797336578369e-01
1.322886943817138672e-01
3.348089754581451416e-01
3.526253402233123779e-01
3.176962137222290039e-01
4.004748761653900146e-01
4.760864377021789551e-01
4.472118616104125977e-01
3.622193038463592529e-01
3.759083151817321777e-01
5.133873224258422852e-01
3.030432164669036865e-01
4.574677944183349609e-01
3.957943916320800781e-01
3.744051456451416016e-01
2.422765195369720459e-01
4.082880318164825439e-01
5.009136795997619629e-01
4.432900547981262207e-01
2.261066585779190063e-01
3.581270277500152588e-01
3.469662964344024658e-01
2.770592868328094482e-01
3.302457928657531738e-01
3.372530937194824219e-01
4.479738473892211914e-01
2.670338749885559082e-01
3.085185885429382324e-01
2.808908820152282715e-01
4.073018431663513184e-01
4.918440580368041992e-01
4.171249568462371826e-01
4.140737056732177734e-01
4.945408999919891357e-01
5.285213589668273926e-01
4.379018545150756836e-01
4.052228033542633057e-01
5.019590854644775391e-01
3.616732954978942871e-01
1.760366201400756836e+00
1.157469153404235840e+00
1.355191349983215332e+00
6.290884613990783691e-01
2.135192602872848511e-01
5.228140950202941895e-01
2.655299007892608643e-01
5.341538190841674805e-01
4.330138564109802246e-01
4.486207365989685059e-01
4.462327957153320312e-01
4.959124922752380371e-01
2.398584336042404175e-01
4.086799919605255127e-01
3.995698094367980957e-01
5.733349919319152832e-01
5.435317754745483398e-01
4.316186904907226562e-01
2.335755527019500732e-01
1.593095541000366211e+00
1.737126231193542480e+00
1.375978112220764160e+00
1.416832447052001953e+00
1.438462376594543457e+00
5.024867057800292969e-01
1.070385217666625977e+00
1.467738747596740723e+00
2.069820404052734375e+00
1.892939448356628418e+00
1.960950732231140137e+00
1.297404646873474121e+00
9.537270069122314453e-01
3.851401805877685547e-01
2.772917151451110840e-01
3.932153880596160889e-01
4.938348233699798584e-01
4.067078530788421631e-01
1.460048407316207886e-01
2.917917668819427490e-01
3.712423443794250488e-01
2.932313382625579834e-01
1.741261780261993408e-01
5.687296390533447266e-01
4.637596905231475830e-01
2.314071655273437500e-01
2.891667187213897705e-01
3.196927309036254883e-01
2.691104412078857422e-01
1.882814168930053711e-01
3.984328508377075195e-01
3.725895285606384277e-01
2.737366557121276855e-01
2.988396286964416504e-01
3.214888870716094971e-01
3.596433401107788086e-01
3.499493002891540527e-01
4.071148931980133057e-01
3.555696904659271240e-01
3.789050281047821045e-01
3.426325321197509766e-01
3.445416390895843506e-01
3.197116553783416748e-01
4.886165559291839600e-01
5.794684886932373047e-01
3.241706788539886475e-01
3.863717019557952881e-01
3.713034689426422119e-01
2.904892563819885254e-01
3.959254026412963867e-01
4.407601356506347656e-01
3.786336481571197510e-01
2.776132225990295410e-01
3.318338990211486816e-01
2.525176405906677246e-01
3.226159811019897461e-01
3.470131754875183105e-01
4.049407541751861572e-01
9.183130264282226562e-01
1.175806879997253418e+00
1.891079664230346680e+00
2.464594841003417969e+00
2.069750308990478516e+00
2.134082078933715820e+00
2.310652494430541992e+00
1.947153568267822266e+00
2.277454614639282227e+00
2.178879261016845703e+00
2.187271833419799805e+00
1.896305322647094727e+00
2.320903301239013672e+00
2.057211875915527344e+00
2.161666393280029297e+00
2.584111213684082031e+00
1.482066392898559570e+00
1.758199453353881836e+00
1.517623424530029297e+00
1.616523504257202148e+00
1.554249286651611328e+00
1.733219027519226074e+00
2.570294618606567383e+00
2.113011598587036133e+00
3.342177867889404297e+00
3.343959569931030273e+00
2.600377321243286133e+00
1.673406720161437988e+00
2.708670616149902344e+00
2.747570037841796875e+00
2.259856224060058594e+00
3.047710180282592773e+00
1.933495759963989258e+00
2.012186527252197266e+00
2.330640792846679688e+00
1.935029029846191406e+00
1.881496906280517578e+00
1.914840340614318848e+00
2.253234386444091797e+00
1.861987471580505371e+00
1.907850861549377441e+00
1.711532354354858398e+00
1.824925541877746582e+00
1.383550643920898438e+00
2.469125509262084961e+00
2.365247964859008789e+00
1.116364121437072754e+00
1.723008036613464355e+00
1.458239078521728516e+00
1.858768224716186523e+00
1.977910280227661133e+00
1.993288278579711914e+00
3.044911623001098633e+00
2.405973434448242188e+00
7.393558621406555176e-01
5.707359910011291504e-01
6.540206670761108398e-01
6.627457737922668457e-01
6.355714201927185059e-01
1.040267109870910645e+00
6.817831993103027344e-01
6.863529682159423828e-01
1.007903814315795898e+00
7.974873781204223633e-01
7.705457210540771484e-01
7.804132699966430664e-01
6.988559365272521973e-01
7.994792461395263672e-01
7.502734065055847168e-01
1.019051909446716309e+00
1.030899286270141602e+00
3.192587852478027344e+00
4.359057426452636719e+00
4.943903446197509766e+00
3.434988021850585938e+00
3.301707267761230469e+00
3.340097665786743164e+00
1.861948490142822266e+00
1.563667774200439453e+00
1.923487663269042969e+00
4.087285518646240234e+00
2.854756593704223633e+00
1.298862099647521973e+00
1.332326650619506836e+00
1.657591819763183594e+00
1.810961127281188965e+00
1.517099380493164062e+00
1.824347019195556641e+00
1.809476375579833984e+00
2.128779411315917969e+00
2.243536472320556641e+00
2.385074615478515625e+00
2.724921941757202148e+00
2.109930992126464844e+00
1.771261096000671387e+00
1.724110722541809082e+00
1.110545277595520020e+00
3.905835151672363281e-01
3.211451768875122070e-01
1.812127083539962769e-01
4.516887068748474121e-01
1.614702641963958740e-01
8.692302554845809937e-02
2.158430665731430054e-01
4.511813521385192871e-01
4.213016629219055176e-01
3.292916417121887207e-01
9.694541990756988525e-02
3.491903245449066162e-01
2.875438034534454346e-01
4.313714802265167236e-01
5.097500681877136230e-01
3.138665258884429932e-01
3.027172982692718506e-01
3.608277142047882080e-01
3.218940198421478271e-01
4.470948278903961182e-01
3.427761793136596680e-01
3.422282338142395020e-01
3.342097997665405273e-01
3.065768778324127197e-01
1.795349568128585815e-01
2.773945033550262451e-01
5.488813519477844238e-01
3.289934396743774414e-01
2.236770540475845337e-01
2.786890566349029541e-01
2.265359014272689819e-01
2.891998887062072754e-01
1.721370518207550049e-01
5.244619846343994141e-01
1.598481535911560059e-01
2.423390150070190430e-01
6.318507790565490723e-01
4.561466276645660400e-01
2.469701766967773438e-01
4.327359199523925781e-01
8.062847852706909180e-01
6.051172018051147461e-01
6.503304839134216309e-01
5.929823517799377441e-01
5.822780132293701172e-01
7.098436951637268066e-01
6.430754065513610840e-01
6.057963967323303223e-01
8.174510002136230469e-01
1.864833950996398926e+00
1.731956243515014648e+00
2.558891057968139648e+00
2.102462053298950195e+00
2.154665708541870117e+00
2.243073940277099609e+00
2.385616779327392578e+00
2.348894834518432617e+00
2.208592414855957031e+00
2.352914571762084961e+00
1.954769015312194824e+00
1.319731831550598145e+00
1.393819451332092285e+00
1.409666419029235840e+00
1.295766711235046387e+00
1.253037214279174805e+00
1.122604489326477051e+00
1.251712799072265625e+00
1.365518569946289062e+00
1.754477977752685547e+00
1.521095156669616699e+00
1.447812914848327637e+00
1.526553034782409668e+00
1.610810160636901855e+00
1.611449599266052246e+00
1.419651031494140625e+00
1.540322899818420410e+00
1.413114070892333984e+00
1.959398269653320312e+00
2.537784814834594727e+00
1.648566365242004395e+00
1.452941536903381348e+00
1.652786016464233398e+00
1.776243567466735840e+00
1.172556400299072266e+00
8.036397695541381836e-01
5.320805311203002930e-01
5.501433014869689941e-01
5.869993567466735840e-01
2.054483413696289062e+00
4.813765287399291992e-01
4.934593141078948975e-01
5.933797955513000488e-01
7.296695113182067871e-01
1.683152318000793457e+00
1.703532576560974121e+00
1.628692865371704102e+00
2.549050807952880859e+00
3.510846197605133057e-01
3.389143943786621094e-01
3.464222252368927002e-01
4.456138610839843750e-01
3.455059230327606201e-01
8.284963369369506836e-01
9.369154572486877441e-01
3.462487161159515381e-01
7.397735714912414551e-01
6.681950688362121582e-01
5.154759287834167480e-01
6.222949028015136719e-01
7.880463004112243652e-01
1.142491698265075684e+00
1.155604720115661621e+00
1.413728237152099609e+00
6.995551586151123047e-01
6.101899147033691406e-01
8.103351593017578125e-01
1.396813631057739258e+00
1.443426251411437988e+00
1.815673351287841797e+00
1.797053694725036621e+00
2.028808116912841797e+00
1.982924699783325195e+00
3.361944675445556641e+00
2.732222318649291992e+00
2.677304029464721680e+00
2.379596471786499023e+00
2.379047155380249023e+00
1.794215917587280273e+00
1.797237038612365723e+00
3.208710908889770508e+00
2.869865894317626953e+00
3.147944211959838867e+00
2.608870506286621094e+00
2.640100479125976562e+00
2.373968362808227539e+00
2.283927679061889648e+00
1.223410010337829590e+00
1.352516174316406250e+00
1.136410236358642578e+00
1.001379489898681641e+00
1.134493231773376465e+00
8.392250537872314453e-01
8.121142983436584473e-01
8.622533679008483887e-01
8.209273815155029297e-01
4.983840286731719971e-01
7.402113080024719238e-01
5.033292770385742188e-01
7.221953868865966797e-01
5.150963068008422852e-01
6.510039567947387695e-01
5.731955170631408691e-01
2.494781762361526489e-01
3.006714284420013428e-01
6.044736504554748535e-01
4.263913929462432861e-01
3.702950477600097656e-01
4.029192924499511719e-01
4.191735684871673584e-01
2.627842426300048828e-01
2.816687822341918945e-01
3.828988969326019287e-01
3.435817360877990723e-01
2.959268093109130859e-01
2.394053488969802856e-01
3.576593995094299316e-01
2.385583817958831787e-01
2.891426086425781250e-01
4.160685837268829346e-01
1.192463517189025879e+00
1.067919254302978516e+00
1.008373618125915527e+00
8.604569435119628906e-01
2.360103726387023926e-01
1.393541246652603149e-01
3.429661095142364502e-01
5.009676814079284668e-01
4.187533557415008545e-01
3.532198369503021240e-01
3.847531676292419434e-01
3.748922348022460938e-01
4.304173290729522705e-01
2.781551182270050049e-01
4.375888407230377197e-01
1.647125631570816040e-01
5.693685412406921387e-01
5.100353956222534180e-01
4.368893206119537354e-01
5.899524688720703125e-01
5.303863286972045898e-01
7.220402359962463379e-01
2.961718440055847168e-01
7.981849312782287598e-01
2.023238658905029297e+00
1.637614727020263672e+00
1.941032648086547852e+00
1.965256810188293457e+00
2.807866811752319336e+00
1.848391890525817871e+00
3.454919099807739258e+00
2.508476018905639648e+00
1.657223701477050781e+00
1.965089082717895508e+00
1.457384347915649414e+00
1.779075622558593750e+00
1.096928596496582031e+00
2.256091594696044922e+00
1.420269370079040527e+00
9.997156858444213867e-01
1.340586662292480469e+00
1.594328880310058594e+00
1.562064051628112793e+00
1.552401542663574219e+00
1.635292887687683105e+00
1.364629387855529785e+00
1.759317994117736816e+00
1.266685962677001953e+00
1.353518009185791016e+00
1.425786375999450684e+00
1.442867040634155273e+00
1.306625008583068848e+00
1.340158462524414062e+00
1.469024538993835449e+00
1.492081642150878906e+00
1.421300768852233887e+00
1.298416137695312500e+00
1.217959046363830566e+00
2.093261480331420898e+00
1.493952035903930664e+00
1.308665752410888672e+00
1.873712778091430664e+00
1.129272222518920898e+00
1.917294383049011230e+00
2.731126785278320312e+00
1.750224590301513672e+00
1.666031599044799805e+00
1.832013726234436035e+00
1.890128016471862793e+00
1.301882386207580566e+00
1.888701081275939941e+00
2.995363712310791016e+00
2.041184663772583008e+00
1.010622620582580566e+00
1.449538588523864746e+00
1.551353096961975098e+00
1.332936048507690430e+00
1.636444568634033203e+00
1.680849075317382812e+00
1.400153875350952148e+00
5.681244134902954102e-01
5.983859300613403320e-01
1.264111399650573730e+00
7.889373898506164551e-01
8.016977906227111816e-01
2.388784170150756836e+00
2.362561225891113281e+00
2.413134574890136719e+00
2.194782018661499023e+00
2.302373647689819336e+00
8.908662199974060059e-01
9.981155395507812500e-01
2.263912916183471680e+00
2.217306613922119141e+00
2.516223907470703125e+00
2.300763607025146484e+00
2.465635299682617188e+00
1.966129899024963379e+00
1.578778028488159180e+00
1.870122909545898438e+00
1.511107802391052246e+00
1.778977751731872559e+00
1.452864289283752441e+00
2.323903560638427734e+00
2.575811147689819336e+00
2.636911869049072266e+00
2.485045671463012695e+00
1.946534633636474609e+00
1.951970815658569336e+00
1.843385577201843262e+00
1.949021220207214355e+00
2.153708934783935547e+00
1.957976818084716797e+00
1.419147491455078125e+00
6.365680098533630371e-01
7.864294052124023438e-01
5.987033247947692871e-01
7.325787544250488281e-01
4.791744053363800049e-01
6.299170255661010742e-01
4.099899232387542725e-01
3.029651045799255371e-01
4.529731273651123047e-01
4.768859744071960449e-01
3.881029188632965088e-01
3.142524361610412598e-01
2.758716046810150146e-01
3.400686383247375488e-01
3.105235993862152100e-01
3.360561132431030273e-01
3.822879195213317871e-01
4.458358883857727051e-01
2.951352000236511230e-01
2.102007567882537842e-01
2.831327319145202637e-01
2.287903577089309692e-01
3.714325428009033203e-01
3.493024408817291260e-01
2.576501369476318359e-01
4.720632135868072510e-01
2.129283100366592407e-01
3.680913150310516357e-01
3.805934488773345947e-01
2.164913117885589600e-01
2.617336511611938477e-01
3.219247162342071533e-01
3.378045856952667236e-01
1.921919733285903931e-01
3.278608620166778564e-01
6.199573874473571777e-01
2.456018775701522827e-01
4.884189069271087646e-01
3.129044175148010254e-01
4.266923367977142334e-01
2.750068306922912598e-01
3.506068587303161621e-01
4.091459512710571289e-01
1.645976662635803223e+00
1.260856747627258301e+00
1.541857481002807617e+00
1.323121309280395508e+00
4.018031656742095947e-01
6.269611716270446777e-01
7.213654518127441406e-01
5.201095938682556152e-01
4.814718961715698242e-01
1.707738280296325684e+00
1.075392246246337891e+00
2.342020988464355469e+00
1.854257345199584961e+00
2.273571014404296875e+00
2.937167167663574219e+00
2.004368066787719727e+00
2.523240089416503906e+00
2.875307083129882812e+00
1.759584188461303711e+00
2.148787021636962891e+00
1.960705161094665527e+00
2.003016233444213867e+00
1.876710057258605957e+00
1.019115567207336426e+00
1.930370211601257324e+00
1.190696120262145996e+00
1.218132257461547852e+00
7.021349668502807617e-01
9.921785593032836914e-01
9.087494611740112305e-01
8.070479035377502441e-01
9.584771394729614258e-01
1.234737396240234375e+00
1.072015047073364258e+00
5.884230136871337891e-01
8.591303229331970215e-01
3.909329771995544434e-01
4.090895056724548340e-01
5.274882912635803223e-01
1.769502162933349609e+00
1.467457175254821777e+00
1.318567991256713867e+00
3.428921103477478027e-01
3.577635586261749268e-01
6.820216774940490723e-01
7.365677356719970703e-01
6.282598376274108887e-01
5.080906748771667480e-01
5.758443474769592285e-01
5.636500120162963867e-01
6.654151678085327148e-01
2.811065912246704102e-01
3.237631022930145264e-01
5.288097262382507324e-01
4.469232261180877686e-01
2.328138351440429688e-01
4.365058839321136475e-01
4.231734871864318848e-01
2.836252748966217041e-01
4.289202094078063965e-01
3.306106030941009521e-01
2.570794522762298584e-01
3.535213470458984375e-01
4.028715789318084717e-01
3.579455614089965820e-01
3.280746638774871826e-01
5.175615549087524414e-01
5.394022464752197266e-01
3.315472006797790527e-01
7.355847954750061035e-01
6.486412286758422852e-01
8.243333101272583008e-01
7.396167516708374023e-01
1.373903751373291016e+00
1.647817254066467285e+00
1.806019186973571777e+00
1.742042183876037598e+00
1.949948549270629883e+00
1.814009666442871094e+00
1.713072776794433594e+00
1.833697319030761719e+00
2.114531040191650391e+00
2.635397672653198242e+00
2.613967657089233398e+00
2.710612773895263672e+00
3.114488124847412109e+00
3.072278022766113281e+00
2.497057199478149414e+00
2.275053739547729492e+00
1.518819570541381836e+00
1.542484998703002930e+00
2.532400608062744141e+00
1.673790693283081055e+00
1.635738849639892578e+00
1.605708122253417969e+00
1.447958707809448242e+00
1.560126185417175293e+00
1.345953464508056641e+00
1.565485596656799316e+00
1.476393580436706543e+00
1.271812677383422852e+00
9.482464194297790527e-01
1.162850260734558105e+00
1.216116547584533691e+00
1.012750387191772461e+00
8.594564795494079590e-01
1.097884416580200195e+00
1.845262885093688965e+00
1.544037103652954102e+00
1.523837208747863770e+00
1.501101136207580566e+00
6.148520708084106445e-01
4.403629899024963379e-01
4.908271431922912598e-01
5.506914854049682617e-01
2.973712980747222900e-01
4.666119515895843506e-01
4.083889126777648926e-01
2.759661674499511719e-01
3.377782702445983887e-01
3.547627329826354980e-01
3.749936521053314209e-01
2.912550866603851318e-01
3.254233002662658691e-01
3.902003169059753418e-01
3.288895487785339355e-01
2.483316212892532349e-01
2.928856909275054932e-01
4.445659816265106201e-01
2.206570506095886230e-01
2.369211912155151367e-01
3.924048840999603271e-01
3.136883378028869629e-01
2.146567702293395996e-01
2.427079528570175171e-01
3.395111262798309326e-01
2.534972727298736572e-01
2.707931101322174072e-01
4.471619725227355957e-01
4.618415534496307373e-01
3.335777223110198975e-01
3.487002551555633545e-01
4.600563645362854004e-01
3.646705746650695801e-01
3.130335211753845215e-01
6.266174316406250000e-01
