1.815871000289916992e+00
1.487460613250732422e+00
1.335396289825439453e+00
1.530031561851501465e+00
1.349358320236206055e+00
1.396187663078308105e+00
1.721979856491088867e+00
1.742823958396911621e+00
1.257346630096435547e+00
1.454897761344909668e+00
1.597704768180847168e+00
1.251153945922851562e+00
1.250183939933776855e+00
1.485056281089782715e+00
1.058146476745605469e+00
1.323167085647583008e+00
1.111530661582946777e+00
1.300624728202819824e+00
8.880487680435180664e-01
1.107777953147888184e+00
1.237637877464294434e+00
1.150409579277038574e+00
1.052960038185119629e+00
9.484001994132995605e-01
4.889218807220458984e-01
4.488337039947509766e-01
3.547079265117645264e-01
4.379270672798156738e-01
4.005151689052581787e-01
3.780426979064941406e-01
4.021890759468078613e-01
1.022369861602783203e+00
4.446879625320434570e-01
5.563932657241821289e-01
4.560761749744415283e-01
3.341281116008758545e-01
3.861869871616363525e-01
4.753406047821044922e-01
4.190573394298553467e-01
4.602473974227905273e-01
4.242388904094696045e-01
5.017008781433105469e-01
3.100644946098327637e-01
4.007607698440551758e-01
4.519071578979492188e-01
3.859556317329406738e-01
2.819505631923675537e-01
4.136874973773956299e-01
3.677637577056884766e-01
4.354072809219360352e-01
4.433651566505432129e-01
4.762687087059020996e-01
3.227911293506622314e-01
4.189986884593963623e-01
4.839626252651214600e-01
3.664894700050354004e-01
1.551520347595214844e+00
1.663133859634399414e+00
1.986587405204772949e+00
1.646262526512145996e+00
1.298561930656433105e+00
6.166219115257263184e-01
5.078124403953552246e-01
3.535347878932952881e-01
5.307993888854980469e-01
4.752581119537353516e-01
5.870289206504821777e-01
6.540179252624511719e-01
4.592113196849822998e-01
4.464421868324279785e-01
3.796661794185638428e-01
6.545165181159973145e-01
6.185241341590881348e-01
5.294798612594604492e-01
5.899346470832824707e-01
5.920989513397216797e-01
7.585344910621643066e-01
1.855321168899536133e+00
1.679415225982666016e+00
2.202444791793823242e+00
1.755441784858703613e+00
1.786236166954040527e+00
1.717048048973083496e+00
1.804883837699890137e+00
1.500976920127868652e+00
1.332070350646972656e+00
1.350213170051574707e+00
1.225028276443481445e+00
1.519516110420227051e+00
1.347517967224121094e+00
1.407175183296203613e+00
1.457841038703918457e+00
1.363661289215087891e+00
1.526928544044494629e+00
1.463337302207946777e+00
1.549171805381774902e+00
1.610705733299255371e+00
1.602240204811096191e+00
1.995321035385131836e+00
1.490404963493347168e+00
1.418558716773986816e+00
1.512894749641418457e+00
1.344620823860168457e+00
1.461177945137023926e+00
1.375785470008850098e+00
1.491755723953247070e+00
1.328538417816162109e+00
1.155489683151245117e+00
1.417752861976623535e+00
1.529168963432312012e+00
5.354316234588623047e-01
3.133161365985870361e-01
2.917073369026184082e-01
3.828254342079162598e-01
3.114207386970520020e-01
3.062049150466918945e-01
2.649704515933990479e-01
3.833593726158142090e-01
4.772658646106719971e-01
4.159671664237976074e-01
2.736815512180328369e-01
2.982262074947357178e-01
4.386665821075439453e-01
1.219291448593139648e+00
3.877013623714447021e-01
5.234941244125366211e-01
3.902820050716400146e-01
3.322066664695739746e-01
6.664449572563171387e-01
1.397870898246765137e+00
1.439250588417053223e+00
1.405499339103698730e+00
1.452224731445312500e+00
1.248043179512023926e+00
1.321172237396240234e+00
1.257835626602172852e+00
1.324538946151733398e+00
1.136647939682006836e+00
1.269625902175903320e+00
1.339678287506103516e+00
1.172291636466979980e+00
1.132832169532775879e+00
1.292293787002563477e+00
1.765412330627441406e+00
1.305252671241760254e+00
1.328961014747619629e+00
1.460509896278381348e+00
2.152549505233764648e+00
1.083234667778015137e+00
1.413971424102783203e+00
1.339309334754943848e+00
1.348173618316650391e+00
1.384359717369079590e+00
1.782525897026062012e+00
1.645921587944030762e+00
8.279919624328613281e-01
6.959568262100219727e-01
3.704652786254882812e-01
5.736516118049621582e-01
5.222412347793579102e-01
5.619325041770935059e-01
5.630582571029663086e-01
5.318543910980224609e-01
2.900208234786987305e-01
5.115662217140197754e-01
3.330911993980407715e-01
2.592670321464538574e-01
3.299914300441741943e-01
4.415909349918365479e-01
1.112812280654907227e+00
1.403395295143127441e+00
1.358739614486694336e+00
1.395390272140502930e+00
1.744563579559326172e+00
8.871661424636840820e-01
4.573093652725219727e-01
3.791026473045349121e-01
2.715373039245605469e-01
4.454228281974792480e-01
3.819886147975921631e-01
3.792333900928497314e-01
3.654939532279968262e-01
3.971475958824157715e-01
3.252199292182922363e-01
3.992195129394531250e-01
3.328357338905334473e-01
3.535144925117492676e-01
4.812463223934173584e-01
4.115059375762939453e-01
3.439599871635437012e-01
3.589805662631988525e-01
1.039794325828552246e+00
4.969716072082519531e-01
6.060148477554321289e-01
3.977604806423187256e-01
3.547866046428680420e-01
1.498572826385498047e+00
6.776967048645019531e-01
5.316307544708251953e-01
1.561212182044982910e+00
1.575016856193542480e+00
1.972810983657836914e+00
1.065832734107971191e+00
1.417286872863769531e+00
1.435669541358947754e+00
1.126850485801696777e+00
1.397464156150817871e+00
5.660727620124816895e-01
7.681399583816528320e-01
3.476087749004364014e-01
5.312927961349487305e-01
5.571931004524230957e-01
5.862729549407958984e-01
6.924176812171936035e-01
5.223514437675476074e-01
4.647903144359588623e-01
5.181645750999450684e-01
4.703912138938903809e-01
4.247139096260070801e-01
3.451717793941497803e-01
4.050972759723663330e-01
3.687691390514373779e-01
4.202927052974700928e-01
4.941807389259338379e-01
4.000788033008575439e-01
2.476312965154647827e-01
5.518002510070800781e-01
5.385234951972961426e-01
1.053935527801513672e+00
3.275461792945861816e-01
3.240541815757751465e-01
3.224139809608459473e-01
4.681863784790039062e-01
2.992085814476013184e-01
4.890334606170654297e-01
2.858098447322845459e-01
4.632819592952728271e-01
3.986989855766296387e-01
4.360574483871459961e-01
4.321995079517364502e-01
4.320389032363891602e-01
4.922889173030853271e-01
3.914784491062164307e-01
5.155009031295776367e-01
4.462092220783233643e-01
4.266630113124847412e-01
4.142565131187438965e-01
3.684498369693756104e-01
2.663420438766479492e-01
3.440811336040496826e-01
4.533955156803131104e-01
2.179163396358489990e-01
2.429710924625396729e-01
1.277243733406066895e+00
1.769388914108276367e+00
1.713395357131958008e+00
1.084211587905883789e+00
8.442977666854858398e-01
3.349183201789855957e-01
4.715470969676971436e-01
8.939580321311950684e-01
1.403885722160339355e+00
1.181550025939941406e+00
1.319873809814453125e+00
1.576205849647521973e+00
1.198731660842895508e+00
1.084160089492797852e+00
1.415155529975891113e+00
1.188748121261596680e+00
1.076697707176208496e+00
1.384997844696044922e+00
1.212762951850891113e+00
1.229104995727539062e+00
1.623097181320190430e+00
1.320526480674743652e+00
1.208107709884643555e+00
9.070621132850646973e-01
1.265356898307800293e+00
1.348728179931640625e+00
1.846900343894958496e+00
1.318843245506286621e+00
1.356803894042968750e+00
1.464767456054687500e+00
2.323296785354614258e+00
2.464025974273681641e+00
2.155905485153198242e+00
2.027410268783569336e+00
2.375664710998535156e+00
1.305226087570190430e+00
3.665519654750823975e-01
6.844285130500793457e-01
7.265935540199279785e-01
7.264047265052795410e-01
6.106435656547546387e-01
6.763854026794433594e-01
5.271930694580078125e-01
1.375617384910583496e+00
1.008305430412292480e+00
8.876691460609436035e-01
1.209786534309387207e+00
1.401651740074157715e+00
1.063716769218444824e+00
1.277911424636840820e+00
1.609274983406066895e+00
6.183344721794128418e-01
4.839190542697906494e-01
5.229585766792297363e-01
5.971376895904541016e-01
5.257836580276489258e-01
5.432886481285095215e-01
3.138259351253509521e-01
4.092613458633422852e-01
1.815347820520401001e-01
4.277761280536651611e-01
4.319440722465515137e-01
2.914691567420959473e-01
3.649125993251800537e-01
3.483406305313110352e-01
3.345337808132171631e-01
4.735088050365447998e-01
2.487970441579818726e-01
3.880001306533813477e-01
5.574461221694946289e-01
4.409092664718627930e-01
5.050410628318786621e-01
4.541635215282440186e-01
5.851198434829711914e-01
3.937369883060455322e-01
1.062984347343444824e+00
8.280764222145080566e-01
5.462952256202697754e-01
4.156637489795684814e-01
4.636895358562469482e-01
2.783541083335876465e-01
1.357296705245971680e+00
2.115385770797729492e+00
2.232415676116943359e+00
2.033643245697021484e+00
1.442478656768798828e+00
2.049714088439941406e+00
2.469034433364868164e+00
1.246800422668457031e+00
1.382652997970581055e+00
2.075934648513793945e+00
1.680157423019409180e+00
1.514915943145751953e+00
1.544828176498413086e+00
3.625562191009521484e+00
1.150358319282531738e+00
1.192212224006652832e+00
1.385506033897399902e+00
1.696167230606079102e+00
5.707938671112060547e-01
5.603361725807189941e-01
6.113792657852172852e-01
4.924689829349517822e-01
3.099041581153869629e-01
5.502748489379882812e-01
4.265966713428497314e-01
4.329579472541809082e-01
3.812891244888305664e-01
2.983353137969970703e-01
4.210900664329528809e-01
3.174004554748535156e-01
4.990440607070922852e-01
3.169583380222320557e-01
2.821536660194396973e-01
3.997454941272735596e-01
8.075976967811584473e-01
4.652411937713623047e-01
4.929889440536499023e-01
5.113817453384399414e-01
3.664001226425170898e-01
4.304973781108856201e-01
4.202140271663665771e-01
3.757243752479553223e-01
3.256842494010925293e-01
4.004074633121490479e-01
3.603897094726562500e-01
4.229791462421417236e-01
4.296421706676483154e-01
4.171556532382965088e-01
3.428455293178558350e-01
4.197228550910949707e-01
5.314912199974060059e-01
3.845478594303131104e-01
4.646897017955780029e-01
4.021224677562713623e-01
5.063539743423461914e-01
4.884449541568756104e-01
4.920605719089508057e-01
3.024462163448333740e-01
1.307740688323974609e+00
1.471152663230895996e+00
5.388937592506408691e-01
4.044783413410186768e-01
8.696359395980834961e-01
7.732343673706054688e-01
7.097080349922180176e-01
1.512500286102294922e+00
1.436758518218994141e+00
1.547682881355285645e+00
1.987930536270141602e+00
2.194803237915039062e+00
1.297722578048706055e+00
1.432280063629150391e+00
1.423116683959960938e+00
5.267756581306457520e-01
1.157440185546875000e+00
1.623540043830871582e+00
1.603965401649475098e+00
1.533161520957946777e+00
1.582991123199462891e+00
1.513025403022766113e+00
1.664735674858093262e+00
2.698819160461425781e+00
2.116739273071289062e+00
2.882821798324584961e+00
3.322559356689453125e+00
2.962896108627319336e+00
1.803252339363098145e+00
6.840047836303710938e-01
1.190627098083496094e+00
9.727998375892639160e-01
8.408861160278320312e-01
1.198293924331665039e+00
5.490567684173583984e-01
4.035179018974304199e-01
3.524321019649505615e-01
3.283490240573883057e-01
2.963253557682037354e-01
3.774703741073608398e-01
2.708761692047119141e-01
4.433629810810089111e-01
1.259859561920166016e+00
4.581702947616577148e-01
3.843653202056884766e-01
3.926425278186798096e-01
5.159260034561157227e-01
5.486291646957397461e-01
4.642465114593505859e-01
4.667819142341613770e-01
1.340624690055847168e+00
1.696755528450012207e+00
1.402376770973205566e+00
1.128094673156738281e+00
4.699567854404449463e-01
3.064354360103607178e-01
3.064162433147430420e-01
1.927168816328048706e-01
4.069320857524871826e-01
4.447405934333801270e-01
2.088341116905212402e-01
2.941492795944213867e-01
2.926050126552581787e-01
3.488597571849822998e-01
3.484807014465332031e-01
1.062038660049438477e+00
4.892351925373077393e-01
3.670861721038818359e-01
2.894320487976074219e-01
3.272079527378082275e-01
3.862867355346679688e-01
2.775743007659912109e-01
5.329140424728393555e-01
6.988046765327453613e-01
4.981480240821838379e-01
5.179781913757324219e-01
3.895123302936553955e-01
5.817939639091491699e-01
5.446141958236694336e-01
7.101123332977294922e-01
9.286664724349975586e-01
1.913727283477783203e+00
2.260951995849609375e+00
2.576801061630249023e+00
2.299554824829101562e+00
2.086625576019287109e+00
1.994377613067626953e+00
1.999883651733398438e+00
1.942676663398742676e+00
1.634943127632141113e+00
3.729751586914062500e+00
3.729907512664794922e+00
4.589482784271240234e+00
3.653705596923828125e+00
2.535381317138671875e+00
1.821552038192749023e+00
1.793602466583251953e+00
2.256106615066528320e+00
3.384267807006835938e+00
2.577423810958862305e+00
3.751055717468261719e+00
5.009556770324707031e+00
3.513229370117187500e+00
3.201118946075439453e+00
3.244239330291748047e+00
1.348652482032775879e+00
1.779520153999328613e+00
5.508129119873046875e+00
3.926308155059814453e+00
2.622917652130126953e+00
2.913251161575317383e+00
1.375602841377258301e+00
4.199627041816711426e-01
3.398167192935943604e-01
1.786168456077575684e+00
2.439884185791015625e+00
3.039439678192138672e+00
2.705452919006347656e+00
2.651234149932861328e+00
1.316645503044128418e+00
9.862898588180541992e-01
2.043082475662231445e+00
4.807633876800537109e+00
2.774991989135742188e+00
1.314745783805847168e+00
1.481532931327819824e+00
1.269771218299865723e+00
4.029365479946136475e-01
1.816046237945556641e+00
1.038920998573303223e+00
7.734500765800476074e-01
5.741372704505920410e-01
7.798006534576416016e-01
2.112674474716186523e+00
2.390901327133178711e+00
7.406451702117919922e-01
7.477926015853881836e-01
4.526291191577911377e-01
8.060232996940612793e-01
8.645267486572265625e-01
4.939584434032440186e-01
8.790177702903747559e-01
3.988470137119293213e-01
8.562588691711425781e-01
9.199282526969909668e-01
1.251721620559692383e+00
1.610060214996337891e+00
1.123740911483764648e+00
6.695896983146667480e-01
1.072880983352661133e+00
1.336147904396057129e+00
1.201148629188537598e+00
1.448159575462341309e+00
3.275905609130859375e+00
2.278642654418945312e+00
2.385654211044311523e+00
4.334659099578857422e+00
4.288544654846191406e+00
3.757170915603637695e+00
2.844506740570068359e+00
2.295978546142578125e+00
2.336389541625976562e+00
5.132481575012207031e+00
3.963984012603759766e+00
4.868224143981933594e+00
5.008967399597167969e+00
3.855199337005615234e+00
2.737297773361206055e+00
3.512901544570922852e+00
2.450724363327026367e+00
2.599651098251342773e+00
2.499651908874511719e+00
2.462597370147705078e+00
2.567214250564575195e+00
1.214216828346252441e+00
3.877399682998657227e+00
2.368284463882446289e+00
1.902558565139770508e+00
1.491886973381042480e+00
1.362697482109069824e+00
5.346480011940002441e-01
-8.186098933219909668e-02
7.319428324699401855e-01
4.456599056720733643e-01
3.890241682529449463e-01
3.560498952865600586e-01
4.984999597072601318e-01
6.166794896125793457e-01
7.184021472930908203e-01
1.134270310401916504e+00
4.131392836570739746e-01
3.360289633274078369e-01
4.894909262657165527e-01
5.049872994422912598e-01
3.740381300449371338e-01
2.607446908950805664e-01
8.053331375122070312e-01
4.540456831455230713e-01
4.215576648712158203e-01
4.694074988365173340e-01
3.874588012695312500e-01
2.027359753847122192e-01
4.193843305110931396e-01
4.977371394634246826e-01
4.084179699420928955e-01
3.313268125057220459e-01
6.796712875366210938e-01
2.615650594234466553e-01
3.051935136318206787e-01
4.016181528568267822e-01
1.401190161705017090e+00
4.060124754905700684e-01
4.458446502685546875e-01
7.695997953414916992e-01
2.496502995491027832e-01
4.988902807235717773e-01
5.678914189338684082e-01
5.407677888870239258e-01
2.686902284622192383e-01
1.407695710659027100e-01
8.177001476287841797e-01
5.757802128791809082e-01
3.353971838951110840e-01
8.705928325653076172e-01
1.034698247909545898e+00
1.980577826499938965e+00
3.100041627883911133e+00
2.887875318527221680e+00
2.559238910675048828e+00
3.028003454208374023e+00
2.442964553833007812e+00
2.120922803878784180e+00
2.108319044113159180e+00
2.458397865295410156e+00
1.507297039031982422e+00
1.927489995956420898e+00
2.236869573593139648e+00
1.480530858039855957e+00
1.733205795288085938e+00
2.089426517486572266e+00
1.527131080627441406e+00
1.346691608428955078e+00
1.605395674705505371e+00
1.316938519477844238e+00
1.048523187637329102e+00
1.187527060508728027e+00
1.645629882812500000e+00
1.538113951683044434e+00
1.390844941139221191e+00
1.386288046836853027e+00
1.598538756370544434e+00
1.333830356597900391e+00
1.411941647529602051e+00
1.447435140609741211e+00
1.573223114013671875e+00
1.402260541915893555e+00
1.399829864501953125e+00
1.592032551765441895e+00
1.904183149337768555e+00
1.577833414077758789e+00
2.177217721939086914e+00
1.654052615165710449e+00
1.450170636177062988e+00
1.632169246673583984e+00
2.427973508834838867e+00
1.187392473220825195e+00
1.470960736274719238e+00
1.538207411766052246e+00
1.309900760650634766e+00
1.170066475868225098e+00
1.475501775741577148e+00
1.238348126411437988e+00
1.451214671134948730e+00
1.668480634689331055e+00
1.684823155403137207e+00
1.251306653022766113e+00
1.537896513938903809e+00
1.452086925506591797e+00
1.619009256362915039e+00
1.289222359657287598e+00
1.342946887016296387e+00
6.443033218383789062e-01
1.018839478492736816e+00
1.094289064407348633e+00
5.748373270034790039e-01
4.503694772720336914e-01
9.685587286949157715e-01
8.473811149597167969e-01
7.802731990814208984e-01
6.712611317634582520e-01
8.570595383644104004e-01
1.064584016799926758e+00
1.160990834236145020e+00
1.032375574111938477e+00
1.305305242538452148e+00
8.746316432952880859e-01
1.513800621032714844e+00
1.440170764923095703e+00
1.330973744392395020e+00
1.784583330154418945e+00
2.424455404281616211e+00
1.632492899894714355e+00
1.856756329536437988e+00
2.001372098922729492e+00
1.636772155761718750e+00
1.156844019889831543e+00
2.434538364410400391e+00
2.400542020797729492e+00
2.739149808883666992e+00
2.582813024520874023e+00
2.518369436264038086e+00
2.414929389953613281e+00
1.357375621795654297e+00
1.436448812484741211e+00
2.044930219650268555e+00
1.964312314987182617e+00
1.840357065200805664e+00
1.860104441642761230e+00
1.612411975860595703e+00
1.592602610588073730e+00
8.251624703407287598e-01
7.717788815498352051e-01
6.862200498580932617e-01
3.925981223583221436e-01
2.911139130592346191e-01
2.508028745651245117e-01
1.916078776121139526e-01
3.600824475288391113e-01
4.131480753421783447e-01
2.942962050437927246e-01
2.387340813875198364e-01
4.232428073883056641e-01
4.220847487449645996e-01
2.391592115163803101e-01
3.216193616390228271e-01
3.903093934059143066e-01
3.424187302589416504e-01
4.129490852355957031e-01
6.952154040336608887e-01
9.349652528762817383e-01
3.697172403335571289e-01
9.410678148269653320e-01
1.525410294532775879e+00
1.437230825424194336e+00
1.041525006294250488e+00
3.348898291587829590e-01
5.904929637908935547e-01
2.798717916011810303e-01
2.847142815589904785e-01
4.928565621376037598e-01
3.615225553512573242e-01
3.173716664314270020e-01
3.154529929161071777e-01
4.288555383682250977e-01
3.559210896492004395e-01
2.828016281127929688e-01
4.334351420402526855e-01
4.138999283313751221e-01
2.501691579818725586e-01
5.755628943443298340e-01
1.064733386039733887e+00
6.255193948745727539e-01
3.876448869705200195e-01
4.240089356899261475e-01
6.967563629150390625e-01
2.594147622585296631e-01
5.671357512474060059e-01
7.895319461822509766e-01
8.344796299934387207e-01
1.685725808143615723e+00
2.307960510253906250e+00
2.252166032791137695e+00
2.225992202758789062e+00
2.485620737075805664e+00
2.777592658996582031e+00
2.450238943099975586e+00
2.086178779602050781e+00
2.117209196090698242e+00
1.819901585578918457e+00
1.672696828842163086e+00
1.021637558937072754e+00
2.430243730545043945e+00
1.729596495628356934e+00
1.343674063682556152e+00
1.467825889587402344e+00
1.689794182777404785e+00
1.537372231483459473e+00
1.355880975723266602e+00
7.792041897773742676e-01
2.753507614135742188e+00
1.006379246711730957e+00
4.713357686996459961e-01
1.646035909652709961e+00
7.029147744178771973e-01
8.141613006591796875e-01
1.289786696434020996e+00
2.237833023071289062e+00
3.204645395278930664e+00
3.205229997634887695e+00
2.269176959991455078e+00
1.693188667297363281e+00
2.085226058959960938e+00
1.970721006393432617e+00
2.057162284851074219e+00
2.400816440582275391e+00
2.170135974884033203e+00
1.608701229095458984e+00
1.935141682624816895e+00
1.758313179016113281e+00
9.379575848579406738e-01
7.014261484146118164e-01
6.997202038764953613e-01
5.869472622871398926e-01
6.965606808662414551e-01
1.549357652664184570e+00
6.423421502113342285e-01
2.531288862228393555e-01
5.329337716102600098e-01
7.720324397087097168e-01
1.366568088531494141e+00
2.141568660736083984e+00
2.323881149291992188e+00
2.325992584228515625e+00
2.011194229125976562e+00
1.537061095237731934e+00
1.492640733718872070e+00
2.781896352767944336e+00
1.600250244140625000e+00
1.356140017509460449e+00
1.538740754127502441e+00
1.299935936927795410e+00
1.263602972030639648e+00
1.387868523597717285e+00
1.840416789054870605e+00
1.420466661453247070e+00
2.206500291824340820e+00
1.401372790336608887e+00
1.368160009384155273e+00
1.396925568580627441e+00
1.123211026191711426e+00
2.396860837936401367e+00
3.469172477722167969e+00
3.498507499694824219e+00
2.165184497833251953e+00
2.015728473663330078e+00
2.208862781524658203e+00
1.677735567092895508e+00
1.801486372947692871e+00
3.624044895172119141e+00
1.385594844818115234e+00
1.016731739044189453e+00
1.266461253166198730e+00
1.049967169761657715e+00
5.722230076789855957e-01
1.193867206573486328e+00
1.641851425170898438e+00
2.586335420608520508e+00
8.001819849014282227e-01
3.772905766963958740e-01
4.354393482208251953e-01
4.337067902088165283e-01
3.603017032146453857e-01
6.237372159957885742e-01
1.743191480636596680e+00
1.233976483345031738e+00
1.758395195007324219e+00
7.391138076782226562e-01
7.374867796897888184e-01
7.550684809684753418e-01
4.873935282230377197e-01
4.167480766773223877e-01
2.808689475059509277e-01
3.511970043182373047e-01
4.692830443382263184e-01
3.190549015998840332e-01
5.648450851440429688e-01
1.301107764244079590e+00
4.305414855480194092e-01
4.300804734230041504e-01
6.547620892524719238e-01
4.903430938720703125e-01
2.948394715785980225e-01
2.521382868289947510e-01
3.798295557498931885e-01
3.261477351188659668e-01
4.033309817314147949e-01
2.706643044948577881e-01
2.456673830747604370e-01
4.933211505413055420e-01
3.695747256278991699e-01
4.723644554615020752e-01
4.445081651210784912e-01
3.676689267158508301e-01
5.505827069282531738e-01
3.571813702583312988e-01
4.359280765056610107e-01
4.838710725307464600e-01
5.103135704994201660e-01
4.842213988304138184e-01
1.287226080894470215e+00
6.796293258666992188e-01
4.367807805538177490e-01
5.097681283950805664e-01
4.973243474960327148e-01
5.796524286270141602e-01
5.750697851181030273e-01
5.237679481506347656e-01
6.638780236244201660e-01
3.173522055149078369e-01
3.352373838424682617e-01
5.337483882904052734e-01
3.349109292030334473e-01
5.521779060363769531e-01
2.776883244514465332e-01
2.010118961334228516e-01
3.837014436721801758e-01
1.098411798477172852e+00
1.264262914657592773e+00
1.272851824760437012e+00
6.019017696380615234e-01
9.950124621391296387e-01
4.217275977134704590e-01
6.387723088264465332e-01
8.859288692474365234e-01
1.385037302970886230e+00
5.135726332664489746e-01
5.818594694137573242e-01
7.346306443214416504e-01
6.353737711906433105e-01
1.515070796012878418e+00
2.590547084808349609e+00
2.275013923645019531e+00
1.554744839668273926e+00
2.078163385391235352e+00
1.642117381095886230e+00
1.556071758270263672e+00
1.513563275337219238e+00
2.007343053817749023e+00
1.810565590858459473e+00
1.645509839057922363e+00
2.431027173995971680e+00
2.343987941741943359e+00
1.957658052444458008e+00
2.333483219146728516e+00
2.394262790679931641e+00
2.392953157424926758e+00
2.027834415435791016e+00
2.193128108978271484e+00
1.579316258430480957e+00
9.566974043846130371e-01
1.092979431152343750e+00
2.299689292907714844e+00
1.298272252082824707e+00
8.126178383827209473e-01
5.487884283065795898e-01
7.588984966278076172e-01
6.891433000564575195e-01
1.403949022293090820e+00
1.657807826995849609e+00
2.426936388015747070e+00
1.279258251190185547e+00
8.684803247451782227e-01
1.203261375427246094e+00
1.461330890655517578e+00
2.272118330001831055e+00
1.714681982994079590e+00
1.818217635154724121e+00
2.125356912612915039e+00
1.869483709335327148e+00
1.927344202995300293e+00
9.997598528861999512e-01
1.003795146942138672e+00
6.606236696243286133e-01
1.532821893692016602e+00
9.756959676742553711e-01
1.178208231925964355e+00
1.256631731986999512e+00
1.373014330863952637e+00
1.356294393539428711e+00
1.709727168083190918e+00
1.597835421562194824e+00
1.811195969581604004e+00
1.695968508720397949e+00
1.447272658348083496e+00
1.688104152679443359e+00
2.488247871398925781e+00
2.231942415237426758e+00
2.136646986007690430e+00
1.405066251754760742e+00
1.015329718589782715e+00
2.683133602142333984e+00
2.702632904052734375e+00
2.438901901245117188e+00
2.429051160812377930e+00
2.268040895462036133e+00
2.159967184066772461e+00
1.567033410072326660e+00
1.600307226181030273e+00
1.556756377220153809e+00
1.359587073326110840e+00
2.096487760543823242e+00
2.285437583923339844e+00
1.736999034881591797e+00
1.974288344383239746e+00
1.764961481094360352e+00
1.340077877044677734e+00
1.288615703582763672e+00
1.849727392196655273e+00
1.414727926254272461e+00
9.551679491996765137e-01
8.418890237808227539e-01
7.005780935287475586e-01
6.700814366340637207e-01
3.963710963726043701e-01
3.397871255874633789e-01
2.190639972686767578e-01
2.939672768115997314e-01
2.536677718162536621e-01
4.149009287357330322e-01
3.043523132801055908e-01
3.563355207443237305e-01
4.373983442783355713e-01
4.446882307529449463e-01
2.907562255859375000e-01
3.576158285140991211e-01
2.382552325725555420e-01
2.732257544994354248e-01
3.178669810295104980e-01
1.006012558937072754e+00
4.267655313014984131e-01
2.351118773221969604e-01
4.375096261501312256e-01
5.408209562301635742e-01
3.264284133911132812e-01
4.732171893119812012e-01
4.292806386947631836e-01
3.911144435405731201e-01
1.465599060058593750e+00
1.140349864959716797e+00
1.057085156440734863e+00
4.332027137279510498e-01
3.271852135658264160e-01
3.580839931964874268e-01
3.095201551914215088e-01
4.999474883079528809e-01
3.428671658039093018e-01
3.004395663738250732e-01
3.840706646442413330e-01
4.798547327518463135e-01
5.482166409492492676e-01
4.159723818302154541e-01
4.629171192646026611e-01
7.241985201835632324e-01
7.053372859954833984e-01
4.715248942375183105e-01
5.575370788574218750e-01
1.577681064605712891e+00
2.172921657562255859e+00
2.529372930526733398e+00
2.931406497955322266e+00
2.508119344711303711e+00
2.685328483581542969e+00
2.590713500976562500e+00
2.312888622283935547e+00
2.251871824264526367e+00
1.984629034996032715e+00
1.782925605773925781e+00
1.566230893135070801e+00
1.719031691551208496e+00
1.882087588310241699e+00
1.927025437355041504e+00
1.737665176391601562e+00
1.162501335144042969e+00
1.626794457435607910e+00
1.600971102714538574e+00
1.250055313110351562e+00
1.312029719352722168e+00
1.639436364173889160e+00
1.617678284645080566e+00
1.421021223068237305e+00
1.165304303169250488e+00
1.358089089393615723e+00
1.258518934249877930e+00
1.319159269332885742e+00
1.277667403221130371e+00
1.326740503311157227e+00
1.454358339309692383e+00
1.226194858551025391e+00
1.215023159980773926e+00
1.253577232360839844e+00
1.611646652221679688e+00
1.716106534004211426e+00
1.456607818603515625e+00
1.619999051094055176e+00
1.759553551673889160e+00
1.441496849060058594e+00
1.369272112846374512e+00
1.370713591575622559e+00
1.916984438896179199e+00
2.905856847763061523e+00
1.570964217185974121e+00
1.481785178184509277e+00
1.578142642974853516e+00
1.568397283554077148e+00
1.420904397964477539e+00
6.643659472465515137e-01
9.946616291999816895e-01
1.322902917861938477e+00
7.816478013992309570e-01
5.032385587692260742e-01
5.144598484039306641e-01
6.531021595001220703e-01
6.248446106910705566e-01
3.110002577304840088e-01
5.349720120429992676e-01
4.105274081230163574e-01
5.542249083518981934e-01
5.716761350631713867e-01
5.317247509956359863e-01
6.203932166099548340e-01
8.781828880310058594e-01
7.482059001922607422e-01
8.081291913986206055e-01
1.316961288452148438e+00
1.377598285675048828e+00
1.285558462142944336e+00
1.383980154991149902e+00
2.052875518798828125e+00
1.895560026168823242e+00
2.382744073867797852e+00
2.494425296783447266e+00
2.389986991882324219e+00
1.914794921875000000e+00
1.200014352798461914e+00
1.902908086776733398e+00
2.548298597335815430e+00
3.417448520660400391e+00
2.502393960952758789e+00
2.672945976257324219e+00
2.312261581420898438e+00
2.837011098861694336e+00
2.702175617218017578e+00
2.687676429748535156e+00
2.949904918670654297e+00
2.819081306457519531e+00
2.955170154571533203e+00
2.334266185760498047e+00
2.072691679000854492e+00
2.334682941436767578e+00
2.522892713546752930e+00
2.327005624771118164e+00
1.875779271125793457e+00
8.279859423637390137e-01
1.095448493957519531e+00
6.104146838188171387e-01
3.311111032962799072e-01
4.184562563896179199e-01
3.404707312583923340e-01
3.138700723648071289e-01
9.607852697372436523e-01
2.332677394151687622e-01
4.626435637474060059e-01
3.477151393890380859e-01
4.564604759216308594e-01
3.782998025417327881e-01
1.361164748668670654e-01
4.232271909713745117e-01
4.353242218494415283e-01
4.371255934238433838e-01
3.872707486152648926e-01
4.790927469730377197e-01
3.058332502841949463e-01
2.605621516704559326e-01
3.243718743324279785e-01
4.109026491641998291e-01
3.767451345920562744e-01
3.901062905788421631e-01
3.901284933090209961e-01
1.075192913413047791e-01
2.220077961683273315e-01
2.494979053735733032e-01
3.578449785709381104e-01
3.058425784111022949e-01
1.955324113368988037e-01
3.283813595771789551e-01
2.533944845199584961e-01
2.511054873466491699e-01
3.591984808444976807e-01
4.029719233512878418e-01
1.318756341934204102e-01
3.202477991580963135e-01
5.397424101829528809e-01
4.914808571338653564e-01
4.063476920127868652e-01
5.118156671524047852e-01
7.086672782897949219e-01
4.697232544422149658e-01
1.762791752815246582e+00
1.646693110466003418e+00
1.484685659408569336e+00
1.484233140945434570e+00
2.394017457962036133e+00
2.344038724899291992e+00
2.088921546936035156e+00
2.161542177200317383e+00
2.507162332534790039e+00
2.101449489593505859e+00
1.876987695693969727e+00
1.864144086837768555e+00
2.141941308975219727e+00
1.813760757446289062e+00
1.503106951713562012e+00
1.967570781707763672e+00
2.587401151657104492e+00
1.332745194435119629e+00
1.776639699935913086e+00
2.404978990554809570e+00
1.576629281044006348e+00
1.834738850593566895e+00
1.811711072921752930e+00
1.067228436470031738e+00
9.981138706207275391e-01
1.143668413162231445e+00
1.866998195648193359e+00
8.741497993469238281e-01
1.230237007141113281e+00
9.546614289283752441e-01
1.092319130897521973e+00
2.122380495071411133e+00
1.607699155807495117e+00
2.074652671813964844e+00
1.564951062202453613e+00
2.239192724227905273e+00
2.584223031997680664e+00
1.434345960617065430e+00
4.626178145408630371e-01
5.918489694595336914e-01
5.669394731521606445e-01
3.713264763355255127e-01
7.514783740043640137e-01
1.677959799766540527e+00
9.154215455055236816e-01
3.983854353427886963e-01
4.176558852195739746e-01
6.529135704040527344e-01
4.286521375179290771e-01
5.837929248809814453e-01
1.062080383300781250e+00
5.228121876716613770e-01
3.839755654335021973e-01
5.135682225227355957e-01
4.959848523139953613e-01
3.329593539237976074e-01
4.482605457305908203e-01
5.809085965156555176e-01
6.047723889350891113e-01
4.233971238136291504e-01
3.465395271778106689e-01
6.587589979171752930e-01
1.518058419227600098e+00
5.745878815650939941e-01
8.457611799240112305e-01
6.601152420043945312e-01
7.779515385627746582e-01
2.463070869445800781e+00
2.361029148101806641e+00
2.639027357101440430e+00
2.705580472946166992e+00
2.964131593704223633e+00
2.405806303024291992e+00
2.706189155578613281e+00
2.711996793746948242e+00
2.883299112319946289e+00
3.007380008697509766e+00
2.362317323684692383e+00
2.852868795394897461e+00
2.154746532440185547e+00
2.388326644897460938e+00
2.315616607666015625e+00
2.558121442794799805e+00
2.989541053771972656e+00
2.542073965072631836e+00
3.016256332397460938e+00
3.588603973388671875e+00
3.656603813171386719e+00
4.489138126373291016e+00
3.530948638916015625e+00
2.917727470397949219e+00
2.081638813018798828e+00
2.434345483779907227e+00
2.828007936477661133e+00
2.545800685882568359e+00
2.629643440246582031e+00
2.685785770416259766e+00
2.299775600433349609e+00
2.115557670593261719e+00
2.301465988159179688e+00
2.128608465194702148e+00
2.361415147781372070e+00
2.186836481094360352e+00
1.850270867347717285e+00
6.943557858467102051e-01
7.119843959808349609e-01
5.685374736785888672e-01
7.065934538841247559e-01
5.990634560585021973e-01
1.101829528808593750e+00
7.967694997787475586e-01
7.038050889968872070e-01
5.593850612640380859e-01
4.230101108551025391e-01
7.296363115310668945e-01
4.145818650722503662e-01
4.190842211246490479e-01
2.434121072292327881e-01
4.328883290290832520e-01
2.338140159845352173e-01
3.414950370788574219e-01
4.834021031856536865e-01
4.971163272857666016e-01
2.247337102890014648e-01
2.278181314468383789e-01
3.268409371376037598e-01
4.117943048477172852e-01
3.234544694423675537e-01
3.823929131031036377e-01
4.584641158580780029e-01
3.792860209941864014e-01
2.631353735923767090e-01
3.021373152732849121e-01
4.168415367603302002e-01
3.749344348907470703e-01
4.157955944538116455e-01
5.782109498977661133e-01
4.821409881114959717e-01
4.281406700611114502e-01
3.270643353462219238e-01
4.487544894218444824e-01
6.060735583305358887e-01
5.635727047920227051e-01
4.689886569976806641e-01
6.178597211837768555e-01
9.106259346008300781e-01
4.779023230075836182e-01
6.124268770217895508e-01
1.871284842491149902e+00
2.115131855010986328e+00
2.772371053695678711e+00
2.494876623153686523e+00
2.612425565719604492e+00
2.665284872055053711e+00
2.832883596420288086e+00
3.133538961410522461e+00
1.764953255653381348e+00
2.172460556030273438e+00
1.485846757888793945e+00
2.985551834106445312e+00
1.587531566619873047e+00
1.869680285453796387e+00
1.442464947700500488e+00
1.601060271263122559e+00
1.460114717483520508e+00
1.444059729576110840e+00
1.921306133270263672e+00
5.097612380981445312e+00
3.120154857635498047e+00
2.942867755889892578e+00
2.872763872146606445e+00
2.359091758728027344e+00
1.461232185363769531e+00
2.232650041580200195e+00
3.691538810729980469e+00
5.845267295837402344e+00
3.827854156494140625e+00
2.796900033950805664e+00
2.395186185836791992e+00
1.713005065917968750e+00
1.444488883018493652e+00
1.547141075134277344e+00
2.015426158905029297e+00
1.201137423515319824e+00
1.659616589546203613e+00
1.800501585006713867e+00
2.189538240432739258e+00
1.537804722785949707e+00
1.596254706382751465e+00
3.024354457855224609e+00
2.770057439804077148e+00
2.259296894073486328e+00
2.387746810913085938e+00
1.711679577827453613e+00
1.039946436882019043e+00
1.707752585411071777e+00
1.721736431121826172e+00
2.283070325851440430e+00
1.916583418846130371e+00
1.561638116836547852e+00
1.908196568489074707e+00
1.539544701576232910e+00
1.203411340713500977e+00
1.662073850631713867e+00
1.700901150703430176e+00
1.855943322181701660e+00
1.691690444946289062e+00
1.726487159729003906e+00
1.768011569976806641e+00
1.440191030502319336e+00
1.738615751266479492e+00
9.232963919639587402e-01
6.054803729057312012e-01
1.710420370101928711e+00
1.680428862571716309e+00
1.793661117553710938e+00
1.866849184036254883e+00
2.041533470153808594e+00
2.023456096649169922e+00
1.415401935577392578e+00
1.937860727310180664e+00
2.056291580200195312e+00
1.717722654342651367e+00
1.122593522071838379e+00
1.016116619110107422e+00
1.135271072387695312e+00
7.804044485092163086e-01
3.683242797851562500e-01
5.659513473510742188e-01
9.676388502120971680e-01
3.422551155090332031e-01
4.562442004680633545e-01
1.528449505567550659e-01
6.626591086387634277e-01
1.944050490856170654e-01
3.453929722309112549e-01
3.491327762603759766e-01
3.931361734867095947e-01
4.700962901115417480e-01
1.053075194358825684e+00
4.339115321636199951e-01
3.238190114498138428e-01
5.806640982627868652e-01
2.817833423614501953e-01
4.251505434513092041e-01
2.821018397808074951e-01
1.320615530014038086e+00
1.403028368949890137e+00
1.339561700820922852e+00
1.013207912445068359e+00
1.199409961700439453e+00
1.010971814393997192e-01
5.714091658592224121e-01
8.736492991447448730e-01
3.643545210361480713e-01
8.107139468193054199e-01
6.620733737945556641e-01
4.995209872722625732e-01
2.328831851482391357e-01
5.544989705085754395e-01
3.217397034168243408e-01
4.085580110549926758e-01
4.162533283233642578e-01
5.297811031341552734e-01
4.945831000804901123e-01
3.637128770351409912e-01
4.105838835239410400e-01
5.964789986610412598e-01
3.039068877696990967e-01
3.970577120780944824e-01
4.948733747005462646e-01
5.993663668632507324e-01
4.169569313526153564e-01
5.765824913978576660e-01
2.723242342472076416e-01
4.795943498611450195e-01
3.804413378238677979e-01
3.385758996009826660e-01
3.934489190578460693e-01
5.306804180145263672e-01
4.790935516357421875e-01
5.045183300971984863e-01
4.173132479190826416e-01
6.022769808769226074e-01
4.379076063632965088e-01
3.755404651165008545e-01
3.783666789531707764e-01
4.479105472564697266e-01
1.195269703865051270e+00
1.466388821601867676e+00
1.478896379470825195e+00
1.164744853973388672e+00
1.127688169479370117e+00
2.105030864477157593e-01
6.206388473510742188e-01
1.194005608558654785e+00
3.919731676578521729e-01
5.102763175964355469e-01
1.540412783622741699e+00
7.564288377761840820e-01
1.043010234832763672e+00
7.633035182952880859e-01
7.901941537857055664e-01
8.909108638763427734e-01
1.114451408386230469e+00
1.083366870880126953e+00
1.147958874702453613e+00
1.444837570190429688e+00
8.330565094947814941e-01
1.071319699287414551e+00
1.061505317687988281e+00
1.155255794525146484e+00
1.150783061981201172e+00
1.040680170059204102e+00
1.604839444160461426e+00
1.940620660781860352e+00
1.889491558074951172e+00
1.778599500656127930e+00
2.066918134689331055e+00
2.326663732528686523e+00
1.543929934501647949e+00
1.869792103767395020e+00
3.045367240905761719e+00
2.479085922241210938e+00
2.791761875152587891e+00
2.461069822311401367e+00
2.160009622573852539e+00
1.612993836402893066e+00
5.565552711486816406e-01
8.663476109504699707e-01
5.689206719398498535e-01
6.595875620841979980e-01
5.200942158699035645e-01
1.933702468872070312e+00
1.337309241294860840e+00
2.762815713882446289e+00
2.616194486618041992e+00
1.647313475608825684e+00
1.546384811401367188e+00
9.453206658363342285e-01
9.753360748291015625e-01
2.159121274948120117e+00
3.588117837905883789e+00
2.624939203262329102e+00
2.767400026321411133e+00
3.960978031158447266e+00
1.957388877868652344e+00
1.522948026657104492e+00
2.132483720779418945e+00
1.868474006652832031e+00
2.078595161437988281e+00
2.837695121765136719e+00
3.586575031280517578e+00
3.521773815155029297e+00
2.589296102523803711e+00
2.685500621795654297e+00
2.293259143829345703e+00
1.992052435874938965e+00
2.092210054397583008e+00
2.837403059005737305e+00
1.882509112358093262e+00
1.269147634506225586e+00
1.478293180465698242e+00
1.510827422142028809e+00
1.608495354652404785e+00
1.969008207321166992e+00
2.017734050750732422e+00
1.699211716651916504e+00
7.786222696304321289e-01
5.872586369514465332e-01
1.674312591552734375e+00
2.640062570571899414e+00
1.955927133560180664e+00
2.001464605331420898e+00
2.050568819046020508e+00
1.384777188301086426e+00
1.637716412544250488e+00
1.392547369003295898e+00
1.787313103675842285e+00
1.044229984283447266e+00
6.987871527671813965e-01
6.545252799987792969e-01
6.466403007507324219e-01
7.980174422264099121e-01
6.105005145072937012e-01
4.534873366355895996e-01
5.636527538299560547e-01
7.412665486335754395e-01
5.554071068763732910e-01
6.556222438812255859e-01
2.884162366390228271e-01
3.306939303874969482e-01
3.556576669216156006e-01
1.615412533283233643e-01
2.657157182693481445e-01
2.796297669410705566e-01
1.429634392261505127e-01
7.821233272552490234e-01
1.207992315292358398e+00
1.365499615669250488e+00
4.389360249042510986e-01
4.572052061557769775e-01
2.295951098203659058e-01
3.223923146724700928e-01
3.410134315490722656e-01
3.024056553840637207e-01
2.701695561408996582e-01
2.002501785755157471e-01
5.442899465560913086e-01
3.352456092834472656e-01
3.144289553165435791e-01
3.223690390586853027e-01
4.910000860691070557e-01
1.575328409671783447e-01
3.078031837940216064e-01
4.004688560962677002e-01
4.796754717826843262e-01
2.406034320592880249e-01
4.649939537048339844e-01
3.472727537155151367e-01
3.525877892971038818e-01
4.695724844932556152e-01
1.662790328264236450e-01
1.390457600355148315e-01
3.009682893753051758e-01
5.325974822044372559e-01
3.862812519073486328e-01
2.919669151306152344e-01
6.359620094299316406e-01
5.455107688903808594e-01
2.871485352516174316e-01
3.421514928340911865e-01
5.717945694923400879e-01
4.812600314617156982e-01
4.534456729888916016e-01
5.249909758567810059e-01
1.817388176918029785e+00
2.059322118759155273e+00
2.363346815109252930e+00
2.425832748413085938e+00
2.480059862136840820e+00
2.641394138336181641e+00
2.464886665344238281e+00
2.358600378036499023e+00
2.160492420196533203e+00
2.571910858154296875e+00
2.227396011352539062e+00
1.722413778305053711e+00
2.598363637924194336e+00
2.812980890274047852e+00
1.453215599060058594e+00
1.771582841873168945e+00
1.621426820755004883e+00
1.626191139221191406e+00
1.227241873741149902e+00
1.793327808380126953e+00
3.136421680450439453e+00
1.759278535842895508e+00
1.063400387763977051e+00
1.529479026794433594e+00
1.650211215019226074e+00
1.311301946640014648e+00
1.367180466651916504e+00
1.757179856300354004e+00
1.598193407058715820e+00
1.467844843864440918e+00
1.495440721511840820e+00
1.354693055152893066e+00
1.578076004981994629e+00
1.596258044242858887e+00
1.746075034141540527e+00
1.616050601005554199e+00
1.233172893524169922e+00
6.683137416839599609e-01
1.212844371795654297e+00
6.548073291778564453e-01
7.757102847099304199e-01
8.372153639793395996e-01
1.028864622116088867e+00
1.136816501617431641e+00
1.187145829200744629e+00
9.181649684906005859e-01
1.129056215286254883e+00
1.565446138381958008e+00
1.603078365325927734e+00
1.605747580528259277e+00
1.898430943489074707e+00
2.564683437347412109e+00
1.574573278427124023e+00
1.573639988899230957e+00
1.949982166290283203e+00
7.960428595542907715e-01
1.185797452926635742e+00
1.038287878036499023e+00
1.066883087158203125e+00
1.634067893028259277e+00
1.880676031112670898e+00
2.985672235488891602e+00
2.816766262054443359e+00
3.178787231445312500e+00
3.080570936203002930e+00
1.984299778938293457e+00
1.478132009506225586e+00
1.922409892082214355e+00
2.456417322158813477e+00
2.593526840209960938e+00
2.112913131713867188e+00
2.666486501693725586e+00
2.545670270919799805e+00
3.075647354125976562e+00
2.519495964050292969e+00
3.061805963516235352e+00
2.549297809600830078e+00
2.691015481948852539e+00
1.955453753471374512e+00
2.447103500366210938e+00
3.678683519363403320e+00
1.664026498794555664e+00
1.795057415962219238e+00
9.268171787261962891e-01
1.088796973228454590e+00
8.108356595039367676e-01
1.241821408271789551e+00
2.195742607116699219e+00
1.791211485862731934e+00
6.038319468498229980e-01
8.826470971107482910e-01
2.717390358448028564e-01
3.622173964977264404e-01
3.423419892787933350e-01
3.874897658824920654e-01
2.747387588024139404e-01
4.823325872421264648e-01
4.814691543579101562e-01
2.093017250299453735e-01
5.585891008377075195e-01
6.907149553298950195e-01
7.114348411560058594e-01
6.859574317932128906e-01
5.406296253204345703e-01
7.233205437660217285e-01
6.655379533767700195e-01
7.937686443328857422e-01
9.066841006278991699e-01
8.779413700103759766e-01
1.001295566558837891e+00
1.535186767578125000e+00
1.600560784339904785e+00
7.078414559364318848e-01
3.115851879119873047e-01
4.121654331684112549e-01
3.740364909172058105e-01
3.127766847610473633e-01
2.533574700355529785e-01
2.700577080249786377e-01
4.107203781604766846e-01
2.835885584354400635e-01
3.542943000793457031e-01
4.198286533355712891e-01
3.835095763206481934e-01
3.640204071998596191e-01
2.063039094209671021e-01
1.099543794989585876e-01
3.691564500331878662e-01
4.388346076011657715e-01
3.370593190193176270e-01
4.778686165809631348e-01
6.614221334457397461e-01
4.638076722621917725e-01
5.742299556732177734e-01
5.751588344573974609e-01
7.667590379714965820e-01
5.432593226432800293e-01
7.413011193275451660e-01
4.440189003944396973e-01
4.095464348793029785e-01
4.317321777343750000e-01
4.286694228649139404e-01
5.668161511421203613e-01
4.766113162040710449e-01
1.759008288383483887e+00
1.868570208549499512e+00
2.498092889785766602e+00
2.121222972869873047e+00
2.562896728515625000e+00
1.599218845367431641e+00
2.097943067550659180e+00
1.281254053115844727e+00
1.540999650955200195e+00
1.411815881729125977e+00
1.516294121742248535e+00
1.685539364814758301e+00
1.525056719779968262e+00
8.311706781387329102e-01
8.605334162712097168e-01
1.044148921966552734e+00
9.423280954360961914e-01
1.023221254348754883e+00
6.595522165298461914e-01
3.631419241428375244e-01
2.461821436882019043e-01
3.671333193778991699e-01
5.509469509124755859e-01
4.700571000576019287e-01
5.856110453605651855e-01
6.332928538322448730e-01
6.332508921623229980e-01
1.516923427581787109e+00
1.651414513587951660e+00
1.647031903266906738e+00
7.121943831443786621e-01
7.797784209251403809e-01
1.114345669746398926e+00
1.770880818367004395e+00
9.719394445419311523e-01
6.679061651229858398e-01
1.444127082824707031e+00
1.754876613616943359e+00
1.984643220901489258e+00
1.697071552276611328e+00
2.372448444366455078e+00
2.355742216110229492e+00
1.910571098327636719e+00
2.437527656555175781e+00
1.850727796554565430e+00
1.789821267127990723e+00
1.501228809356689453e+00
2.255610466003417969e+00
2.394087791442871094e+00
2.497164487838745117e+00
3.184498786926269531e+00
2.841497421264648438e+00
1.260448932647705078e+00
1.136842250823974609e+00
1.719104051589965820e+00
2.345011949539184570e+00
1.926268577575683594e+00
2.963825702667236328e+00
3.457991600036621094e+00
3.874534368515014648e+00
2.825806379318237305e+00
2.593022346496582031e+00
3.404067516326904297e+00
3.567516088485717773e+00
2.848733901977539062e+00
1.969607949256896973e+00
2.255849838256835938e+00
1.455439448356628418e+00
1.732217431068420410e+00
1.872493028640747070e+00
1.766006350517272949e+00
2.053050518035888672e+00
1.821354866027832031e+00
2.594043970108032227e+00
2.600515604019165039e+00
2.654459714889526367e+00
2.348967552185058594e+00
1.776384234428405762e+00
1.913378596305847168e+00
1.835724472999572754e+00
1.728125452995300293e+00
1.786452651023864746e+00
1.951670885086059570e+00
1.704190611839294434e+00
1.570340394973754883e+00
1.862604975700378418e+00
2.024669885635375977e+00
1.473017811775207520e+00
1.731631755828857422e+00
1.847367882728576660e+00
1.607544302940368652e+00
1.584785699844360352e+00
1.635593771934509277e+00
1.585865378379821777e+00
1.472484946250915527e+00
1.615176796913146973e+00
1.761018276214599609e+00
1.533858776092529297e+00
1.679215431213378906e+00
1.921393752098083496e+00
1.648458838462829590e+00
1.705210328102111816e+00
1.840853452682495117e+00
2.042256832122802734e+00
1.820561408996582031e+00
2.574338674545288086e+00
1.597582697868347168e+00
1.687194347381591797e+00
1.567347049713134766e+00
1.840226292610168457e+00
1.889990448951721191e+00
1.634230136871337891e+00
1.547269582748413086e+00
1.550520181655883789e+00
1.470650434494018555e+00
1.725023150444030762e+00
1.583167433738708496e+00
1.606277942657470703e+00
7.203761935234069824e-01
4.238877594470977783e-01
6.480913758277893066e-01
4.883432686328887939e-01
5.221784710884094238e-01
1.282769441604614258e+00
1.323355674743652344e+00
6.813742518424987793e-01
4.069896340370178223e-01
4.981077313423156738e-01
2.606756091117858887e-01
4.460261166095733643e-01
5.225671529769897461e-01
3.166000843048095703e-01
2.421359121799468994e-01
3.726596832275390625e-01
3.875961005687713623e-01
1.929257363080978394e-01
1.707624495029449463e-01
3.844486474990844727e-01
4.613279104232788086e-01
3.720070719718933105e-01
6.197901964187622070e-01
3.334110677242279053e-01
3.307504057884216309e-01
2.926839590072631836e-01
4.009282290935516357e-01
2.829244136810302734e-01
4.390648603439331055e-01
3.592867255210876465e-01
2.987283468246459961e-01
4.067977666854858398e-01
2.564271092414855957e-01
2.481164485216140747e-01
3.485437333583831787e-01
3.747116029262542725e-01
3.659379780292510986e-01
1.464922666549682617e+00
1.140365719795227051e+00
6.047797799110412598e-01
6.014086604118347168e-01
1.449747800827026367e+00
1.046850681304931641e+00
1.497706651687622070e+00
1.745567679405212402e+00
1.759667038917541504e+00
1.441973805427551270e+00
1.443094015121459961e+00
1.726225137710571289e+00
1.100196123123168945e+00
4.993359744548797607e-01
5.828511118888854980e-01
6.221469044685363770e-01
7.136471271514892578e-01
4.948495328426361084e-01
5.226249694824218750e-01
2.089569568634033203e+00
1.664703845977783203e+00
1.587519526481628418e+00
1.743783235549926758e+00
1.476342916488647461e+00
1.468579888343811035e+00
5.452015995979309082e-01
1.377472519874572754e+00
8.460512161254882812e-01
1.112086296081542969e+00
1.183949232101440430e+00
2.061327457427978516e+00
1.742364764213562012e+00
1.621141433715820312e+00
2.128929853439331055e+00
1.901715755462646484e+00
2.009417295455932617e+00
1.508805394172668457e+00
8.354899287223815918e-01
1.864782691001892090e+00
3.689632177352905273e+00
3.978407621383666992e+00
3.365384101867675781e+00
3.658996820449829102e+00
3.950062751770019531e+00
3.614226579666137695e+00
3.384817600250244141e+00
2.476237535476684570e+00
2.310893297195434570e+00
2.605677366256713867e+00
2.315152645111083984e+00
2.136875391006469727e+00
2.492572546005249023e+00
2.295939207077026367e+00
2.236265659332275391e+00
2.103559494018554688e+00
2.954286098480224609e+00
3.100904226303100586e+00
2.729149103164672852e+00
2.760770082473754883e+00
2.487777471542358398e+00
2.715673923492431641e+00
1.877271652221679688e+00
2.179364681243896484e+00
2.106221199035644531e+00
2.325090885162353516e+00
1.579987287521362305e+00
1.219892263412475586e+00
1.237132191658020020e+00
1.932857394218444824e+00
1.714359402656555176e+00
3.029567480087280273e+00
3.334164381027221680e+00
1.721834063529968262e+00
2.556808471679687500e+00
2.669523954391479492e+00
3.185777187347412109e+00
2.589218854904174805e+00
1.687284588813781738e+00
3.388369083404541016e+00
2.825645685195922852e+00
1.406548023223876953e+00
1.247393608093261719e+00
1.122378945350646973e+00
9.153848290443420410e-01
1.086357831954956055e+00
1.143387079238891602e+00
5.386983752250671387e-01
3.214324414730072021e-01
3.938049674034118652e-01
3.365489244461059570e-01
2.387535423040390015e-01
3.466527462005615234e-01
4.082989990711212158e-01
4.028694033622741699e-01
4.502658545970916748e-01
1.620376408100128174e-01
1.927867680788040161e-01
1.865447461605072021e-01
1.923471242189407349e-01
-4.790080338716506958e-02
1.911191642284393311e-01
3.509763479232788086e-01
3.028085827827453613e-01
5.770018696784973145e-01
4.441329240798950195e-01
4.802705347537994385e-01
3.597178757190704346e-01
3.200235664844512939e-01
3.957990407943725586e-01
4.974940419197082520e-01
2.637096121907234192e-02
3.775068521499633789e-01
5.295706391334533691e-01
4.143302440643310547e-01
2.211131453514099121e-01
1.220923662185668945e+00
1.229413628578186035e+00
1.059501171112060547e+00
1.899303942918777466e-01
3.370746672153472900e-01
2.867313623428344727e-01
1.860631555318832397e-01
1.972679942846298218e-01
1.588657796382904053e-01
4.968214035034179688e-01
1.438339799642562866e-01
2.233804911375045776e-01
3.384895622730255127e-01
6.908668279647827148e-01
6.777202486991882324e-01
5.605828762054443359e-01
7.464878559112548828e-01
8.054342865943908691e-01
2.229781866073608398e+00
2.149201154708862305e+00
1.954326152801513672e+00
2.076417446136474609e+00
2.205778598785400391e+00
2.593759059906005859e+00
3.452588558197021484e+00
2.289640903472900391e+00
1.914762854576110840e+00
2.283996582031250000e+00
1.496298074722290039e+00
9.901291131973266602e-01
1.760650992393493652e+00
2.487962245941162109e+00
1.325506567955017090e+00
1.452945709228515625e+00
1.655161976814270020e+00
1.270633220672607422e+00
1.336477637290954590e+00
1.490631937980651855e+00
1.260846853256225586e+00
1.392459869384765625e+00
1.442960262298583984e+00
1.090592026710510254e+00
1.214848041534423828e+00
1.270247340202331543e+00
1.569502234458923340e+00
1.338865518569946289e+00
9.729006886482238770e-01
1.176091909408569336e+00
1.389582157135009766e+00
2.275992155075073242e+00
4.441654682159423828e+00
4.126050949096679688e+00
3.415453672409057617e+00
2.245853662490844727e+00
2.117835998535156250e+00
1.943202614784240723e+00
3.604344367980957031e+00
2.817813873291015625e+00
2.729328155517578125e+00
2.741218090057373047e+00
2.364911079406738281e+00
9.363568425178527832e-01
6.339958906173706055e-01
4.043212831020355225e-01
3.457813858985900879e-01
2.207170724868774414e-01
4.145931005477905273e-01
6.594872474670410156e-01
2.735283374786376953e-01
2.027984708547592163e-01
4.513022303581237793e-01
6.781473159790039062e-01
4.825187027454376221e-01
7.544139623641967773e-01
2.255412042140960693e-01
7.569715380668640137e-01
6.083397865295410156e-01
7.419764995574951172e-01
1.080875277519226074e+00
5.762218236923217773e-01
1.422150254249572754e+00
7.024044394493103027e-01
9.073603153228759766e-01
8.967565894126892090e-01
9.420400261878967285e-01
1.145486474037170410e+00
1.114087939262390137e+00
1.221028089523315430e+00
1.143492937088012695e+00
1.591995477676391602e+00
1.743125438690185547e+00
1.562364459037780762e+00
1.517469644546508789e+00
1.702530503273010254e+00
1.457648634910583496e+00
2.468958616256713867e+00
1.013879418373107910e+00
2.432520151138305664e+00
2.420925378799438477e+00
2.829884052276611328e+00
2.735600948333740234e+00
3.781107664108276367e+00
3.219385147094726562e+00
1.186908125877380371e+00
1.171728610992431641e+00
1.331666111946105957e+00
1.105478048324584961e+00
1.369273424148559570e+00
1.618043065071105957e+00
1.889426589012145996e+00
1.125883817672729492e+00
6.961311697959899902e-01
1.080531001091003418e+00
1.088865280151367188e+00
4.757311940193176270e-01
4.809330403804779053e-01
9.824176430702209473e-01
8.653616905212402344e-01
3.884120881557464600e-01
7.906162738800048828e-02
1.610689759254455566e-01
6.199168562889099121e-01
4.402270317077636719e-01
5.909841656684875488e-01
2.788546085357666016e-01
5.929729938507080078e-01
3.828150331974029541e-01
1.507650911808013916e-01
2.963971495628356934e-01
3.169339299201965332e-01
2.470584362745285034e-01
2.706837654113769531e-01
3.534851670265197754e-01
3.012689650058746338e-01
3.004170656204223633e-01
6.085195541381835938e-01
1.301510930061340332e+00
1.329314112663269043e+00
9.013943076133728027e-01
2.231022715568542480e-01
3.219384253025054932e-01
3.762002289295196533e-01
3.470989763736724854e-01
3.192031979560852051e-01
3.777784705162048340e-01
3.384322524070739746e-01
3.344877064228057861e-01
4.509727656841278076e-01
3.912024199962615967e-01
3.188438713550567627e-01
1.994366645812988281e-01
4.298910796642303467e-01
4.681208729743957520e-01
2.893679141998291016e-01
3.449322283267974854e-01
2.668321430683135986e-01
3.203300237655639648e-01
4.378009736537933350e-01
8.500250577926635742e-01
5.688414573669433594e-01
4.388724267482757568e-01
2.182428836822509766e+00
1.883605241775512695e+00
2.720561027526855469e+00
2.538614273071289062e+00
3.065146207809448242e+00
2.835749387741088867e+00
2.280368328094482422e+00
2.201502799987792969e+00
2.214303255081176758e+00
2.631154298782348633e+00
1.479028820991516113e+00
1.416003584861755371e+00
1.310243129730224609e+00
1.437390327453613281e+00
1.350613951683044434e+00
1.622551083564758301e+00
1.585640788078308105e+00
1.537014007568359375e+00
2.031972646713256836e+00
1.735639333724975586e+00
1.434096217155456543e+00
1.165965437889099121e+00
1.763363242149353027e+00
1.454213023185729980e+00
1.412317991256713867e+00
1.287838697433471680e+00
1.543055057525634766e+00
1.415466547012329102e+00
1.561780571937561035e+00
1.004185080528259277e+00
5.948876142501831055e-01
4.808044731616973877e-01
3.986957073211669922e-01
4.403374791145324707e-01
4.340365231037139893e-01
5.780467391014099121e-01
2.685581147670745850e-01
5.697078704833984375e-01
4.305244982242584229e-01
5.406230688095092773e-01
4.440090358257293701e-01
4.805114567279815674e-01
2.745978832244873047e-01
3.560134470462799072e-01
3.945625722408294678e-01
2.423576563596725464e-01
4.904283285140991211e-01
4.560378193855285645e-01
4.216609895229339600e-01
3.743629455566406250e-01
5.334976315498352051e-01
4.852514564990997314e-01
1.547082662582397461e-01
3.464230298995971680e-01
3.842000365257263184e-01
2.475699037313461304e-01
3.306815922260284424e-01
2.938198149204254150e-01
4.275612235069274902e-01
3.924078941345214844e-01
4.468453824520111084e-01
1.540067434310913086e+00
7.884848713874816895e-01
9.341701269149780273e-01
1.348630309104919434e+00
1.141488790512084961e+00
8.399618268013000488e-01
2.167294740676879883e+00
2.399280071258544922e+00
2.299179315567016602e+00
2.621164798736572266e+00
1.880673527717590332e+00
1.887652397155761719e+00
2.382517814636230469e+00
1.916873097419738770e+00
1.779202818870544434e+00
1.992398858070373535e+00
2.016809940338134766e+00
2.060775041580200195e+00
2.696962833404541016e+00
2.175704240798950195e+00
1.770817041397094727e+00
1.722490787506103516e+00
1.873371005058288574e+00
2.923479080200195312e+00
2.545173168182373047e+00
2.908309936523437500e+00
2.491001129150390625e+00
2.392516374588012695e+00
2.420603036880493164e+00
2.496859312057495117e+00
2.258036136627197266e+00
1.529679059982299805e+00
1.117654800415039062e+00
9.465818405151367188e-01
7.086809873580932617e-01
7.699262499809265137e-01
7.705383300781250000e-01
6.087147593498229980e-01
8.102082610130310059e-01
6.100438237190246582e-01
5.406463742256164551e-01
5.190299153327941895e-01
5.277336239814758301e-01
5.022016763687133789e-01
3.423770964145660400e-01
3.938852846622467041e-01
5.209434032440185547e-01
4.493860006332397461e-01
3.770883083343505859e-01
2.529778480529785156e-01
4.771268963813781738e-01
4.021674394607543945e-01
3.634889125823974609e-01
2.958385348320007324e-01
3.798868358135223389e-01
4.271810650825500488e-01
2.201686054468154907e-01
1.844040304422378540e-01
2.858178019523620605e-01
3.564125299453735352e-01
3.102972209453582764e-01
2.884173393249511719e-01
2.212940454483032227e-01
3.554474413394927979e-01
4.991997480392456055e-01
2.484492063522338867e-01
3.483203351497650146e-01
4.418115913867950439e-01
3.807987570762634277e-01
4.774144291877746582e-01
4.197658896446228027e-01
4.929642975330352783e-01
1.389305830001831055e+00
1.651647686958312988e+00
1.171378016471862793e+00
1.109239697456359863e+00
4.286935329437255859e-01
3.648309111595153809e-01
5.692123174667358398e-01
4.411507248878479004e-01
5.384935736656188965e-01
4.678141474723815918e-01
6.974254250526428223e-01
8.961502909660339355e-01
2.184906244277954102e+00
2.623120546340942383e+00
2.463277339935302734e+00
2.452770233154296875e+00
2.395599603652954102e+00
2.863218307495117188e+00
2.881526231765747070e+00
2.141169786453247070e+00
1.286320924758911133e+00
1.582563281059265137e+00
1.308018803596496582e+00
1.415817737579345703e+00
1.725759148597717285e+00
1.524251699447631836e+00
1.253463268280029297e+00
1.411587834358215332e+00
1.457951188087463379e+00
1.239588975906372070e+00
1.428231358528137207e+00
1.125591278076171875e+00
1.380881190299987793e+00
1.470290303230285645e+00
1.643030047416687012e+00
1.504686594009399414e+00
1.340337514877319336e+00
1.508251428604125977e+00
1.456554651260375977e+00
1.129307866096496582e+00
1.280768036842346191e+00
1.430388212203979492e+00
1.346304059028625488e+00
1.348138570785522461e+00
1.603489279747009277e+00
1.467220664024353027e+00
1.409628033638000488e+00
1.315086722373962402e+00
1.713871240615844727e+00
1.328449249267578125e+00
1.313234925270080566e+00
7.713419795036315918e-01
3.520072400569915771e-01
3.697227239608764648e-01
2.471669763326644897e-01
3.220346271991729736e-01
3.809733688831329346e-01
3.949002623558044434e-01
2.679463326930999756e-01
2.996416389942169189e-01
3.417030870914459229e-01
3.948353230953216553e-01
1.776749342679977417e-01
2.284452617168426514e-01
2.703690826892852783e-01
4.024050831794738770e-01
1.208566546440124512e+00
7.356281280517578125e-01
8.919008970260620117e-01
8.313118815422058105e-01
9.075502753257751465e-01
9.051609635353088379e-01
8.605449199676513672e-01
8.056480884552001953e-01
8.911320567131042480e-01
1.234611630439758301e+00
1.295962333679199219e+00
1.187814831733703613e+00
1.298860430717468262e+00
1.516829609870910645e+00
1.520897507667541504e+00
1.714545845985412598e+00
2.171280384063720703e+00
2.082180738449096680e+00
1.977593421936035156e+00
1.851411104202270508e+00
1.533114314079284668e+00
1.287477612495422363e+00
3.095562696456909180e+00
2.258394479751586914e+00
3.295799732208251953e+00
3.821739435195922852e+00
3.003226518630981445e+00
2.707359552383422852e+00
2.425979852676391602e+00
1.810283541679382324e+00
1.262862801551818848e+00
1.276974797248840332e+00
2.184327125549316406e+00
2.160499334335327148e+00
1.280660629272460938e+00
1.305697798728942871e+00
1.353767156600952148e+00
7.497981190681457520e-01
1.203422307968139648e+00
1.057876825332641602e+00
1.050216078758239746e+00
5.417172312736511230e-01
5.503118634223937988e-01
8.368576765060424805e-01
7.430002689361572266e-01
4.868022799491882324e-01
5.558582544326782227e-01
5.099087357521057129e-01
4.590772986412048340e-01
4.470627605915069580e-01
4.622716307640075684e-01
6.714179515838623047e-01
5.444782376289367676e-01
4.650485217571258545e-01
4.372168779373168945e-01
4.716123342514038086e-01
5.287886261940002441e-01
4.803245365619659424e-01
4.487695693969726562e-01
4.550228416919708252e-01
4.786550104618072510e-01
3.373638391494750977e-01
4.174596369266510010e-01
3.251250982284545898e-01
4.558368921279907227e-01
4.392271041870117188e-01
4.588974714279174805e-01
1.322872161865234375e+00
1.140842437744140625e+00
1.330994844436645508e+00
1.044133543968200684e+00
3.060303330421447754e-01
3.319904208183288574e-01
5.537506937980651855e-01
2.973841726779937744e-01
5.864223837852478027e-01
4.563955068588256836e-01
5.553284287452697754e-01
5.816314220428466797e-01
4.552870690822601318e-01
5.396634340286254883e-01
7.180132269859313965e-01
6.280463337898254395e-01
7.046095132827758789e-01
7.261717319488525391e-01
5.231103897094726562e-01
4.216067194938659668e-01
6.462253332138061523e-01
5.866312384605407715e-01
7.526186108589172363e-01
2.335882186889648438e+00
2.688665866851806641e+00
2.583751678466796875e+00
2.450025558471679688e+00
2.569129228591918945e+00
2.331210374832153320e+00
2.717347383499145508e+00
2.257829904556274414e+00
1.957204103469848633e+00
1.220463514328002930e+00
1.650150060653686523e+00
1.696205139160156250e+00
1.231484174728393555e+00
1.300404906272888184e+00
1.155679821968078613e+00
1.331835508346557617e+00
1.179946541786193848e+00
1.285757660865783691e+00
1.402367234230041504e+00
1.505066752433776855e+00
1.359826683998107910e+00
1.222121715545654297e+00
1.152567744255065918e+00
1.337121725082397461e+00
1.326823830604553223e+00
1.256631255149841309e+00
1.261293888092041016e+00
1.297777771949768066e+00
1.498225808143615723e+00
1.190951585769653320e+00
1.203628420829772949e+00
1.346551775932312012e+00
1.414641261100769043e+00
1.246804594993591309e+00
1.269482016563415527e+00
1.247737526893615723e+00
2.488250732421875000e+00
1.448812246322631836e+00
1.135002970695495605e+00
7.616026997566223145e-01
7.594770789146423340e-01
1.354571342468261719e+00
5.117599964141845703e-01
2.827248871326446533e-01
3.932439088821411133e-01
9.358829259872436523e-01
5.724592804908752441e-01
4.097106158733367920e-01
4.953955411911010742e-01
3.938839137554168701e-01
2.870896160602569580e-01
4.037725627422332764e-01
2.768462896347045898e-01
3.609992861747741699e-01
4.094337821006774902e-01
3.555019795894622803e-01
3.981442153453826904e-01
3.082198202610015869e-01
3.972651958465576172e-01
6.635524034500122070e-01
6.213490366935729980e-01
7.339399456977844238e-01
7.886115312576293945e-01
7.111083865165710449e-01
7.119819521903991699e-01
6.662931442260742188e-01
6.817396283149719238e-01
7.333317399024963379e-01
9.569435119628906250e-01
2.764149904251098633e+00
3.728497028350830078e+00
3.011691093444824219e+00
2.998706340789794922e+00
3.578537464141845703e+00
2.596560239791870117e+00
2.592697620391845703e+00
3.265087127685546875e+00
2.875662088394165039e+00
2.639042377471923828e+00
3.385881185531616211e+00
2.873844861984252930e+00
1.298756003379821777e+00
1.655531167984008789e+00
2.102768659591674805e+00
1.618901848793029785e+00
2.653663158416748047e+00
1.698291301727294922e+00
2.689301252365112305e+00
2.277520895004272461e+00
8.114411234855651855e-01
1.279585003852844238e+00
1.676209330558776855e+00
6.196139454841613770e-01
6.372532844543457031e-01
1.254448652267456055e+00
7.592973113059997559e-01
6.296810507774353027e-01
1.007217168807983398e+00
5.720056295394897461e-01
2.871013879776000977e-01
4.326218962669372559e-01
3.611001670360565186e-01
4.718455970287322998e-01
2.789938449859619141e-01
4.509036839008331299e-01
3.934505581855773926e-01
4.456730782985687256e-01
4.079251289367675781e-01
2.317681610584259033e-01
3.430804312229156494e-01
4.404509663581848145e-01
3.481627404689788818e-01
3.322883546352386475e-01
3.502387702465057373e-01
1.825530529022216797e-01
4.134010672569274902e-01
2.631589472293853760e-01
1.071424961090087891e+00
1.176856637001037598e+00
9.993001818656921387e-01
1.946922987699508667e-01
3.824499249458312988e-01
3.394069671630859375e-01
1.439800709486007690e-01
4.691289961338043213e-01
4.915548861026763916e-01
2.977783381938934326e-01
2.062307298183441162e-01
3.941149711608886719e-01
5.160926580429077148e-01
3.132722675800323486e-01
2.424615323543548584e-01
3.258552849292755127e-01
4.054234325885772705e-01
1.288948208093643188e-01
3.183411657810211182e-01
4.090804457664489746e-01
3.557823896408081055e-01
5.650067925453186035e-01
5.685920119285583496e-01
3.223824501037597656e-01
4.381230473518371582e-01
4.981850385665893555e-01
1.676744699478149414e+00
1.949244379997253418e+00
2.245163679122924805e+00
2.424335718154907227e+00
2.726236343383789062e+00
1.924076080322265625e+00
2.180328845977783203e+00
2.253456115722656250e+00
1.883486628532409668e+00
1.651178479194641113e+00
1.707222461700439453e+00
1.700406432151794434e+00
1.552371144294738770e+00
1.247340440750122070e+00
1.494372010231018066e+00
1.400717377662658691e+00
1.400033235549926758e+00
1.328406810760498047e+00
1.280525207519531250e+00
1.367431163787841797e+00
1.378132581710815430e+00
1.389101147651672363e+00
1.421378612518310547e+00
1.202101111412048340e+00
1.289930820465087891e+00
1.243638992309570312e+00
1.353626012802124023e+00
1.468540668487548828e+00
1.411406159400939941e+00
1.061713337898254395e+00
1.300489902496337891e+00
1.372738242149353027e+00
1.208379030227661133e+00
1.432744860649108887e+00
1.292165875434875488e+00
1.599510192871093750e+00
1.338085770606994629e+00
1.563553214073181152e+00
1.981442570686340332e+00
1.633216261863708496e+00
1.538602352142333984e+00
1.401258230209350586e+00
1.544742941856384277e+00
1.485770463943481445e+00
1.369753360748291016e+00
2.119166135787963867e+00
1.675918579101562500e+00
1.276272773742675781e+00
1.234694957733154297e+00
1.458534002304077148e+00
1.126682758331298828e+00
1.761207461357116699e+00
1.641326308250427246e+00
1.604482650756835938e+00
1.593834400177001953e+00
1.545699238777160645e+00
1.698004841804504395e+00
1.790530920028686523e+00
1.519192934036254883e+00
1.582394719123840332e+00
1.002470970153808594e+00
1.779657721519470215e+00
1.047052741050720215e+00
1.585165500640869141e+00
8.796350359916687012e-01
7.030145525932312012e-01
5.971143841743469238e-01
7.236332893371582031e-01
4.186278283596038818e-01
9.148763418197631836e-01
1.179402828216552734e+00
1.242432951927185059e+00
1.220900654792785645e+00
1.471936583518981934e+00
1.566204786300659180e+00
1.388720154762268066e+00
1.047523617744445801e+00
1.518493175506591797e+00
1.726339936256408691e+00
1.427376389503479004e+00
1.683067560195922852e+00
1.922106504440307617e+00
2.991489887237548828e+00
1.697320103645324707e+00
1.206027030944824219e+00
1.086761236190795898e+00
1.520863533020019531e+00
1.175796985626220703e+00
2.380001068115234375e+00
2.204548120498657227e+00
1.790305614471435547e+00
1.981520771980285645e+00
1.756533503532409668e+00
9.218707680702209473e-01
6.211267113685607910e-01
2.839977741241455078e-01
4.192338585853576660e-01
4.095771312713623047e-01
3.682209551334381104e-01
2.383506149053573608e-01
3.894292712211608887e-01
4.373287260532379150e-01
2.970774769783020020e-01
2.616111040115356445e-01
3.608707487583160400e-01
4.541095495223999023e-01
3.465510308742523193e-01
4.029200971126556396e-01
2.918838560581207275e-01
2.683805227279663086e-01
3.357145786285400391e-01
3.807612061500549316e-01
3.175997138023376465e-01
4.073851704597473145e-01
4.203149080276489258e-01
4.034641981124877930e-01
2.809999883174896240e-01
2.837864458560943604e-01
3.928905725479125977e-01
2.339359968900680542e-01
6.434010267257690430e-01
2.511759400367736816e-01
2.635752856731414795e-01
3.507469296455383301e-01
3.230490684509277344e-01
5.072582364082336426e-01
3.771883249282836914e-01
2.171359807252883911e-01
3.796634376049041748e-01
5.237432718276977539e-01
3.300585746765136719e-01
3.907285034656524658e-01
5.327517986297607422e-01
3.643380701541900635e-01
3.707292079925537109e-01
5.603939890861511230e-01
5.394340157508850098e-01
1.309431314468383789e+00
1.335712313652038574e+00
1.578879356384277344e+00
1.166576147079467773e+00
6.533746123313903809e-01
4.135836064815521240e-01
5.821299552917480469e-01
6.035965085029602051e-01
1.665372371673583984e+00
2.038642644882202148e+00
2.348296165466308594e+00
2.635262966156005859e+00
2.276507854461669922e+00
2.715116739273071289e+00
2.397552013397216797e+00
2.463137626647949219e+00
2.293660879135131836e+00
2.293352603912353516e+00
1.966569542884826660e+00
1.470905661582946777e+00
1.701713085174560547e+00
1.326501011848449707e+00
2.661385536193847656e+00
1.219952821731567383e+00
1.281575798988342285e+00
1.832533121109008789e+00
1.633509874343872070e+00
1.642524361610412598e+00
6.545576453208923340e-01
2.347539663314819336e+00
1.348447680473327637e+00
8.131742477416992188e-01
1.000659942626953125e+00
1.946433424949645996e+00
2.115185022354125977e+00
2.761548042297363281e+00
3.233988046646118164e+00
3.333494186401367188e+00
2.578746318817138672e+00
1.596290946006774902e+00
2.451034545898437500e+00
1.844258546829223633e+00
1.259665489196777344e+00
1.181895971298217773e+00
5.531795024871826172e-01
5.167748928070068359e-01
2.298974990844726562e+00
6.100010871887207031e-01
7.512974739074707031e-01
1.870527029037475586e+00
1.607252359390258789e+00
1.484277248382568359e+00
7.953340411186218262e-01
1.153564095497131348e+00
1.979006171226501465e+00
6.404256820678710938e-01
5.319432020187377930e-01
6.562356352806091309e-01
5.871185660362243652e-01
1.594100594520568848e+00
1.762773036956787109e+00
1.522912979125976562e+00
1.230720520019531250e+00
1.566034913063049316e+00
1.476772427558898926e+00
1.674903035163879395e+00
1.535343050956726074e+00
1.534846425056457520e+00
1.798436522483825684e+00
1.506550192832946777e+00
1.332818627357482910e+00
1.784740924835205078e+00
2.362016439437866211e+00
2.112217664718627930e+00
1.909623265266418457e+00
2.063605546951293945e+00
3.054302215576171875e+00
4.951264381408691406e+00
4.786989688873291016e+00
4.829634189605712891e+00
4.460793018341064453e+00
4.178621768951416016e+00
4.191467761993408203e+00
3.753243684768676758e+00
3.310111761093139648e+00
2.591911554336547852e+00
3.073564291000366211e+00
2.579824447631835938e+00
2.168270826339721680e+00
2.656335830688476562e+00
1.908872961997985840e+00
1.571167945861816406e+00
1.654583334922790527e+00
1.493411779403686523e+00
1.879949688911437988e+00
1.595339536666870117e+00
2.549059391021728516e+00
1.730323672294616699e+00
1.623104214668273926e+00
1.852259755134582520e+00
2.139244556427001953e+00
1.634129881858825684e+00
1.906767964363098145e+00
1.347305893898010254e+00
1.008253574371337891e+00
8.536086082458496094e-01
6.741164326667785645e-01
7.898446917533874512e-01
6.790255308151245117e-01
9.676550030708312988e-01
4.946264028549194336e-01
5.125622749328613281e-01
7.201380133628845215e-01
8.223652839660644531e-01
4.286940693855285645e-01
5.183391571044921875e-01
4.425198435783386230e-01
3.302953839302062988e-01
4.567074477672576904e-01
4.207381010055541992e-01
1.762923747301101685e-01
2.044490873813629150e-01
2.500855624675750732e-01
5.897778868675231934e-01
1.102286458015441895e+00
1.229715943336486816e+00
9.045752286911010742e-01
3.082877993583679199e-01
2.975275218486785889e-01
4.045973122119903564e-01
4.793805480003356934e-01
3.070124089717864990e-01
3.897099494934082031e-01
4.945192337036132812e-01
3.868544101715087891e-01
1.069675385951995850e-01
3.142856061458587646e-01
4.503497481346130371e-01
4.364987313747406006e-01
8.595354557037353516e-01
5.403481125831604004e-01
5.314407944679260254e-01
4.904097020626068115e-01
3.201979100704193115e-01
1.799587160348892212e-01
2.580725252628326416e-01
3.353736102581024170e-01
3.196028470993041992e-01
2.173379957675933838e-01
5.287710428237915039e-01
2.128904908895492554e-01
7.778880000114440918e-01
4.579277336597442627e-01
1.527744770050048828e+00
1.799534559249877930e+00
1.600548148155212402e+00
2.326907157897949219e+00
2.465154409408569336e+00
2.204962015151977539e+00
1.708326220512390137e+00
1.824349999427795410e+00
1.606963753700256348e+00
1.627830862998962402e+00
1.634487271308898926e+00
1.347833514213562012e+00
1.390658259391784668e+00
1.539013504981994629e+00
1.577120780944824219e+00
1.120976328849792480e+00
1.325128555297851562e+00
1.455485224723815918e+00
3.544678092002868652e-01
4.316641986370086670e-01
2.640450894832611084e-01
3.086189031600952148e-01
2.634242773056030273e-01
3.151950538158416748e-01
6.424866318702697754e-01
1.775778979063034058e-01
5.105128511786460876e-02
4.568409323692321777e-01
3.717154264450073242e-01
3.040735423564910889e-01
4.058225154876708984e-01
4.972265064716339111e-01
3.878181278705596924e-01
4.257283508777618408e-01
4.616669714450836182e-01
5.446575284004211426e-01
3.359886705875396729e-01
3.619254827499389648e-01
4.841531217098236084e-01
3.968518376350402832e-01
1.332368105649948120e-01
3.727539777755737305e-01
4.055015444755554199e-01
3.710235953330993652e-01
2.342975288629531860e-01
4.038240909576416016e-01
3.004776537418365479e-01
2.525675296783447266e-01
2.728721499443054199e-01
3.577263057231903076e-01
3.442612290382385254e-01
3.067018687725067139e-01
3.142782151699066162e-01
2.390553206205368042e-01
3.356071412563323975e-01
5.389417409896850586e-01
4.052570760250091553e-01
3.106598556041717529e-01
5.811457037925720215e-01
4.826039373874664307e-01
4.256304800510406494e-01
3.679811060428619385e-01
4.274332225322723389e-01
3.747381865978240967e-01
1.677649259567260742e+00
1.245433211326599121e+00
1.305368065834045410e+00
7.288066148757934570e-01
2.920496761798858643e-01
5.179263949394226074e-01
1.625381410121917725e-01
6.074555516242980957e-01
4.434169828891754150e-01
4.852966666221618652e-01
4.919394254684448242e-01
4.469742178916931152e-01
3.637397289276123047e-01
4.487224221229553223e-01
4.169338941574096680e-01
4.851779937744140625e-01
5.035049915313720703e-01
3.687790036201477051e-01
3.175235390663146973e-01
1.655210733413696289e+00
1.868144273757934570e+00
1.333635807037353516e+00
1.444607377052307129e+00
1.498993039131164551e+00
4.843959808349609375e-01
1.080725908279418945e+00
1.391465783119201660e+00
2.155760049819946289e+00
1.880407094955444336e+00
2.001556158065795898e+00
1.282938361167907715e+00
8.262344598770141602e-01
3.053631782531738281e-01
2.918679714202880859e-01
3.557769060134887695e-01
5.892809033393859863e-01
3.581486642360687256e-01
2.601578533649444580e-01
3.218432962894439697e-01
3.927995860576629639e-01
3.064242005348205566e-01
2.250012308359146118e-01
4.038353264331817627e-01
5.155825614929199219e-01
2.012964189052581787e-01
2.871748507022857666e-01
3.471601009368896484e-01
2.842094004154205322e-01
1.983350664377212524e-01
3.988747000694274902e-01
3.183732330799102783e-01
1.872425973415374756e-01
2.685959637165069580e-01
3.873765468597412109e-01
2.997724115848541260e-01
3.668537437915802002e-01
4.345411360263824463e-01
2.206321060657501221e-01
4.740704298019409180e-01
3.904708623886108398e-01
3.031550347805023193e-01
3.475347757339477539e-01
4.866024851799011230e-01
5.205398797988891602e-01
3.309271931648254395e-01
4.323231279850006104e-01
4.334477484226226807e-01
4.011269509792327881e-01
3.613487780094146729e-01
4.115903675556182861e-01
4.268389940261840820e-01
2.881923019886016846e-01
2.399107813835144043e-01
3.627822995185852051e-01
1.748388409614562988e-01
2.586703300476074219e-01
3.631287515163421631e-01
1.029833078384399414e+00
1.141559720039367676e+00
2.100654363632202148e+00
2.584929227828979492e+00
1.882306933403015137e+00
2.007592201232910156e+00
2.208766222000122070e+00
2.134033679962158203e+00
2.241706371307373047e+00
2.123055934906005859e+00
2.187893152236938477e+00
1.816586971282958984e+00
2.405502080917358398e+00
2.382632017135620117e+00
2.355462551116943359e+00
2.376923084259033203e+00
1.300836682319641113e+00
1.941934466361999512e+00
1.640963435173034668e+00
1.463418602943420410e+00
1.420185446739196777e+00
1.554377555847167969e+00
2.695233821868896484e+00
2.267751932144165039e+00
3.205645561218261719e+00
3.127566099166870117e+00
2.594782590866088867e+00
1.539551019668579102e+00
2.733052730560302734e+00
2.686359405517578125e+00
2.371360301971435547e+00
3.371815204620361328e+00
1.715479373931884766e+00
2.175959110260009766e+00
2.427262067794799805e+00
2.079542160034179688e+00
1.920689940452575684e+00
1.772029876708984375e+00
2.298619508743286133e+00
1.862038731575012207e+00
2.019898891448974609e+00
1.775287866592407227e+00
1.856427907943725586e+00
1.638756632804870605e+00
2.420406341552734375e+00
2.223709344863891602e+00
1.226394176483154297e+00
1.692123532295227051e+00
1.507151246070861816e+00
1.777207851409912109e+00
1.847473978996276855e+00
2.014457702636718750e+00
2.947388887405395508e+00
2.343737363815307617e+00
6.095104217529296875e-01
7.557383775711059570e-01
8.233252167701721191e-01
8.393220901489257812e-01
5.841314196586608887e-01
1.202082753181457520e+00
7.196569442749023438e-01
7.686689496040344238e-01
9.221777915954589844e-01
8.461260199546813965e-01
7.524988055229187012e-01
8.348441720008850098e-01
6.816099882125854492e-01
7.773162126541137695e-01
7.279816269874572754e-01
1.100141048431396484e+00
1.196124434471130371e+00
3.446871280670166016e+00
4.339049339294433594e+00
4.813803195953369141e+00
3.471673727035522461e+00
2.838660240173339844e+00
3.251188993453979492e+00
1.798973202705383301e+00
1.599896430969238281e+00
1.863408327102661133e+00
3.887967586517333984e+00
2.915567874908447266e+00
1.234671831130981445e+00
1.244633436203002930e+00
1.790917754173278809e+00
1.726805925369262695e+00
1.479976058006286621e+00
1.656774997711181641e+00
2.025241851806640625e+00
2.020475149154663086e+00
2.430398225784301758e+00
2.239145040512084961e+00
2.757273197174072266e+00
2.183725595474243164e+00
1.722659349441528320e+00
1.875340938568115234e+00
1.294039845466613770e+00
4.676721692085266113e-01
4.804215729236602783e-01
2.065456658601760864e-01
3.885299563407897949e-01
4.299264252185821533e-01
4.221845269203186035e-01
3.104049265384674072e-01
3.614636063575744629e-01
3.427043557167053223e-01
3.785516917705535889e-01
2.079589068889617920e-01
2.775965034961700439e-01
1.782173663377761841e-01
4.441214203834533691e-01
4.070567786693572998e-01
2.959961593151092529e-01
3.391136825084686279e-01
2.799814343452453613e-01
2.948627471923828125e-01
4.100101888179779053e-01
1.854694485664367676e-01
3.325046300888061523e-01
4.103528261184692383e-01
3.033466339111328125e-01
9.730366617441177368e-02
3.286551833152770996e-01
4.537364840507507324e-01
1.692190170288085938e-01
1.799757033586502075e-01
3.891505300998687744e-01
1.478349864482879639e-01
1.667112857103347778e-01
3.528912067413330078e-01
6.531402468681335449e-01
9.775619953870773315e-02
2.555771172046661377e-01
4.752679765224456787e-01
4.673925936222076416e-01
1.161358356475830078e-01
5.978705883026123047e-01
8.251512050628662109e-01
6.476207375526428223e-01
9.024120569229125977e-01
3.945963084697723389e-01
4.475322961807250977e-01
4.921137690544128418e-01
4.799531400203704834e-01
5.831754207611083984e-01
6.654324531555175781e-01
1.780805706977844238e+00
2.062626361846923828e+00
2.804603815078735352e+00
2.009909391403198242e+00
2.350275039672851562e+00
2.397020339965820312e+00
2.501628160476684570e+00
2.528254032135009766e+00
1.727997422218322754e+00
2.288275718688964844e+00
1.878863930702209473e+00
1.661124944686889648e+00
1.447013020515441895e+00
1.343726634979248047e+00
1.181044936180114746e+00
1.106022715568542480e+00
1.347403407096862793e+00
1.337626576423645020e+00
1.384138822555541992e+00
1.902653455734252930e+00
1.507754564285278320e+00
1.457594037055969238e+00
1.498924255371093750e+00
1.597313046455383301e+00
1.533879637718200684e+00
1.544227361679077148e+00
1.428223609924316406e+00
1.430918097496032715e+00
2.002879619598388672e+00
2.491176843643188477e+00
1.630861759185791016e+00
1.552917957305908203e+00
1.634056091308593750e+00
1.747964143753051758e+00
1.253695607185363770e+00
8.463571071624755859e-01
4.071017503738403320e-01
5.980759263038635254e-01
5.353453159332275391e-01
2.043810844421386719e+00
5.288606882095336914e-01
5.780190825462341309e-01
5.719025731086730957e-01
6.084858775138854980e-01
1.707196712493896484e+00
1.680539846420288086e+00
1.694891333580017090e+00
2.362693309783935547e+00
3.274030983448028564e-01
4.542655050754547119e-01
4.376965463161468506e-01
4.868124425411224365e-01
3.364036679267883301e-01
8.341564536094665527e-01
1.032039761543273926e+00
3.955506980419158936e-01
6.150658726692199707e-01
6.719104647636413574e-01
5.652790069580078125e-01
5.139574408531188965e-01
8.715434074401855469e-01
1.183206677436828613e+00
1.157671809196472168e+00
1.387664794921875000e+00
6.744741201400756836e-01
6.412425041198730469e-01
9.093398451805114746e-01
1.416220664978027344e+00
1.503865361213684082e+00
1.905842304229736328e+00
1.945343613624572754e+00
2.090783596038818359e+00
2.143125295639038086e+00
3.088290214538574219e+00
2.515032529830932617e+00
2.846521377563476562e+00
2.664465427398681641e+00
2.390278339385986328e+00
1.799970030784606934e+00
1.694708824157714844e+00
3.242624998092651367e+00
2.682940721511840820e+00
3.379042387008666992e+00
2.535764217376708984e+00
2.741021871566772461e+00
2.372629404067993164e+00
2.270466089248657227e+00
1.157658338546752930e+00
1.355990648269653320e+00
1.167016863822937012e+00
9.851786494255065918e-01
1.283860087394714355e+00
7.415606975555419922e-01
6.920596957206726074e-01
7.970455288887023926e-01
7.492332458496093750e-01
6.872953176498413086e-01
7.570757269859313965e-01
5.649692416191101074e-01
7.407715320587158203e-01
4.783556759357452393e-01
7.082945108413696289e-01
6.119614243507385254e-01
9.575556218624114990e-02
3.538968563079833984e-01
5.410301089286804199e-01
3.722145557403564453e-01
4.207142591476440430e-01
4.415355622768402100e-01
3.668921291828155518e-01
1.968269795179367065e-01
2.117877900600433350e-01
3.406392931938171387e-01
3.761437535285949707e-01
5.597720742225646973e-01
2.213395535945892334e-01
3.527999222278594971e-01
1.343962401151657104e-01
2.513116002082824707e-01
4.215952157974243164e-01
1.246242642402648926e+00
1.071441411972045898e+00
1.167233109474182129e+00
1.007780790328979492e+00
2.800762653350830078e-01
1.160604581236839294e-01
3.647440075874328613e-01
4.913673996925354004e-01
3.212814033031463623e-01
5.017516016960144043e-01
4.529961347579956055e-01
3.719270229339599609e-01
3.417482972145080566e-01
1.981681287288665771e-01
3.726673722267150879e-01
3.597362637519836426e-01
4.717696607112884521e-01
5.095770955085754395e-01
4.216810166835784912e-01
5.148351192474365234e-01
3.934557735919952393e-01
7.188736200332641602e-01
3.154376447200775146e-01
7.565385103225708008e-01
1.909972667694091797e+00
1.792221546173095703e+00
2.031718254089355469e+00
1.963736176490783691e+00
2.537944078445434570e+00
1.800150752067565918e+00
3.817392587661743164e+00
2.765060663223266602e+00
1.963684320449829102e+00
2.062515497207641602e+00
1.316089391708374023e+00
1.660569310188293457e+00
9.925565123558044434e-01
2.145673513412475586e+00
1.663546919822692871e+00
1.144607663154602051e+00
1.371370792388916016e+00
1.702603340148925781e+00
1.320084929466247559e+00
1.538040995597839355e+00
1.515744209289550781e+00
1.298774600028991699e+00
1.741638422012329102e+00
1.123632669448852539e+00
1.418882966041564941e+00
1.350711226463317871e+00
1.510849118232727051e+00
1.383983969688415527e+00
1.318700671195983887e+00
1.545930624008178711e+00
1.450631976127624512e+00
1.316236257553100586e+00
1.202656745910644531e+00
1.328866720199584961e+00
2.100613594055175781e+00
1.473839879035949707e+00
1.446141123771667480e+00
1.887305021286010742e+00
1.043671727180480957e+00
1.999958515167236328e+00
2.616171360015869141e+00
1.813519597053527832e+00
1.822471261024475098e+00
1.682070136070251465e+00
1.765716552734375000e+00
1.293323040008544922e+00
1.910250306129455566e+00
3.052999734878540039e+00
2.116524457931518555e+00
1.235173225402832031e+00
1.426050066947937012e+00
1.508313655853271484e+00
1.498688220977783203e+00
1.533012628555297852e+00
1.717187285423278809e+00
1.583586215972900391e+00
4.630495011806488037e-01
5.835511684417724609e-01
1.270419955253601074e+00
7.828603982925415039e-01
7.468047142028808594e-01
2.357340335845947266e+00
2.203177452087402344e+00
2.375098943710327148e+00
2.229934692382812500e+00
2.198623180389404297e+00
7.973045110702514648e-01
1.151386976242065430e+00
2.355937480926513672e+00
2.251945972442626953e+00
2.441749811172485352e+00
2.294894456863403320e+00
2.554515361785888672e+00
1.914753556251525879e+00
1.624991416931152344e+00
1.999675869941711426e+00
1.756773829460144043e+00
1.785490036010742188e+00
1.580751538276672363e+00
2.292175531387329102e+00
2.861961126327514648e+00
2.650514602661132812e+00
2.315309047698974609e+00
1.769498825073242188e+00
1.828939199447631836e+00
1.984354615211486816e+00
1.996838688850402832e+00
2.049542427062988281e+00
2.062969923019409180e+00
1.315904378890991211e+00
7.698487043380737305e-01
8.753793835639953613e-01
6.416023969650268555e-01
7.821205854415893555e-01
3.763715326786041260e-01
9.152211546897888184e-01
3.126777410507202148e-01
4.179047644138336182e-01
4.283626973628997803e-01
4.847081899642944336e-01
4.702799320220947266e-01
3.991742730140686035e-01
2.545950412750244141e-01
3.714832663536071777e-01
3.331786394119262695e-01
3.174300491809844971e-01
4.143998622894287109e-01
4.769544899463653564e-01
1.692798584699630737e-01
2.447009235620498657e-01
2.527509033679962158e-01
2.594136595726013184e-01
2.166346609592437744e-01
3.376620411872863770e-01
3.213828206062316895e-01
4.793347716331481934e-01
2.251352667808532715e-01
3.368501663208007812e-01
2.698055505752563477e-01
1.129946708679199219e-01
2.546769976615905762e-01
4.424477517604827881e-01
2.143895179033279419e-01
9.819585084915161133e-02
3.623105883598327637e-01
5.388455390930175781e-01
2.099335193634033203e-01
3.710849881172180176e-01
3.188350796699523926e-01
3.503122031688690186e-01
2.549223005771636963e-01
3.065335750579833984e-01
3.006133437156677246e-01
1.697485923767089844e+00
1.313379406929016113e+00
1.543653964996337891e+00
1.276402473449707031e+00
2.770551741123199463e-01
5.852560997009277344e-01
7.127749323844909668e-01
4.763975441455841064e-01
5.894525051116943359e-01
1.748746037483215332e+00
1.013007521629333496e+00
2.407298326492309570e+00
2.010037899017333984e+00
2.239174365997314453e+00
2.774889707565307617e+00
1.973171114921569824e+00
2.787967681884765625e+00
2.982610225677490234e+00
1.622430801391601562e+00
2.372942924499511719e+00
1.957564830780029297e+00
2.087060928344726562e+00
1.823301315307617188e+00
1.148885250091552734e+00
1.632302403450012207e+00
1.382350087165832520e+00
1.439320564270019531e+00
6.892861127853393555e-01
1.201393604278564453e+00
9.106955528259277344e-01
7.484594583511352539e-01
8.788875937461853027e-01
1.176506400108337402e+00
7.550139427185058594e-01
5.661695599555969238e-01
9.751557111740112305e-01
3.510462641716003418e-01
6.487108469009399414e-01
7.283579111099243164e-01
1.845636963844299316e+00
1.433228969573974609e+00
1.317338466644287109e+00
3.928360342979431152e-01
3.811260163784027100e-01
7.308226227760314941e-01
7.285605072975158691e-01
5.903806090354919434e-01
4.017272293567657471e-01
6.106671690940856934e-01
4.291375577449798584e-01
5.365280508995056152e-01
3.753258585929870605e-01
3.130886256694793701e-01
5.725604295730590820e-01
3.225203454494476318e-01
2.245662361383438110e-01
3.441480398178100586e-01
3.710638880729675293e-01
1.994128078222274780e-01
4.179099798202514648e-01
3.438511788845062256e-01
3.521251082420349121e-01
4.473160207271575928e-01
4.434525966644287109e-01
2.984605729579925537e-01
3.999310731887817383e-01
4.397531151771545410e-01
5.506626963615417480e-01
3.518405854701995850e-01
7.070235013961791992e-01
5.951957106590270996e-01
8.629271388053894043e-01
6.721097230911254883e-01
1.313286185264587402e+00
1.549625754356384277e+00
1.804304122924804688e+00
1.707399010658264160e+00
2.132592916488647461e+00
1.697004318237304688e+00
1.800720214843750000e+00
1.849687814712524414e+00
2.303879737854003906e+00
2.697762012481689453e+00
2.595598697662353516e+00
2.894236564636230469e+00
3.252336263656616211e+00
3.013575553894042969e+00
2.494998693466186523e+00
2.100574970245361328e+00
1.512737154960632324e+00
1.527913331985473633e+00
2.331226348876953125e+00
1.812066555023193359e+00
1.728125214576721191e+00
1.492306351661682129e+00
1.642409801483154297e+00
1.523239731788635254e+00
1.202219009399414062e+00
1.570391416549682617e+00
1.600180864334106445e+00
1.260521292686462402e+00
9.856234788894653320e-01
1.182924151420593262e+00
1.224118828773498535e+00
9.353967308998107910e-01
8.378663659095764160e-01
1.037057161331176758e+00
1.928953409194946289e+00
1.584546327590942383e+00
1.463081240653991699e+00
1.498558282852172852e+00
5.768563151359558105e-01
3.971492350101470947e-01
5.120096802711486816e-01
4.924657046794891357e-01
3.044539988040924072e-01
4.300259351730346680e-01
5.062426924705505371e-01
3.538593053817749023e-01
2.838873267173767090e-01
3.317979872226715088e-01
2.452499419450759888e-01
3.264462351799011230e-01
3.359571695327758789e-01
3.494567573070526123e-01
2.911443412303924561e-01
1.881964504718780518e-01
2.343433052301406860e-01
4.435288012027740479e-01
2.262360304594039917e-01
2.433561980724334717e-01
4.129518270492553711e-01
2.828150689601898193e-01
1.499038785696029663e-01
3.284797668457031250e-01
3.395867645740509033e-01
3.347955346107482910e-01
3.064702451229095459e-01
5.471147894859313965e-01
4.125815033912658691e-01
3.540473580360412598e-01
3.416005671024322510e-01
5.835816264152526855e-01
3.048478662967681885e-01
2.095234692096710205e-01
4.167672693729400635e-01
