1.824167370796203613e+00
1.325108885765075684e+00
1.336712002754211426e+00
1.378915309906005859e+00
1.335525989532470703e+00
1.447832942008972168e+00
1.523327708244323730e+00
1.540513396263122559e+00
1.183450341224670410e+00
1.512268900871276855e+00
1.533492922782897949e+00
1.286692976951599121e+00
1.322591304779052734e+00
1.449918508529663086e+00
1.164235591888427734e+00
1.262861490249633789e+00
1.324650049209594727e+00
1.295619487762451172e+00
9.311257004737854004e-01
1.080884337425231934e+00
1.181023240089416504e+00
9.401161074638366699e-01
9.808506369590759277e-01
9.965780973434448242e-01
4.353097081184387207e-01
4.447869062423706055e-01
3.681721687316894531e-01
4.290065467357635498e-01
3.684734106063842773e-01
2.849365770816802979e-01
4.285167455673217773e-01
9.772117137908935547e-01
4.412655830383300781e-01
4.084404408931732178e-01
3.580785095691680908e-01
3.481871485710144043e-01
3.196050226688385010e-01
4.702207446098327637e-01
4.374786317348480225e-01
3.750004768371582031e-01
4.508055448532104492e-01
5.557107925415039062e-01
3.973772823810577393e-01
4.662189185619354248e-01
5.194815993309020996e-01
3.608424961566925049e-01
3.688031435012817383e-01
4.199799597263336182e-01
3.540251553058624268e-01
4.155173599720001221e-01
4.034819900989532471e-01
4.308898746967315674e-01
3.883369863033294678e-01
3.184612095355987549e-01
4.249112606048583984e-01
4.025157988071441650e-01
1.404738664627075195e+00
1.697237014770507812e+00
1.935974478721618652e+00
1.630424618721008301e+00
1.293115615844726562e+00
6.845639348030090332e-01
5.174782276153564453e-01
4.584882557392120361e-01
6.665809154510498047e-01
5.171580910682678223e-01
5.709424018859863281e-01
6.917258501052856445e-01
5.579010844230651855e-01
4.915008842945098877e-01
5.186398625373840332e-01
6.863239407539367676e-01
5.663014054298400879e-01
4.885704815387725830e-01
6.205552220344543457e-01
5.469136238098144531e-01
6.737831234931945801e-01
1.900065422058105469e+00
1.809715628623962402e+00
2.100338459014892578e+00
1.684794902801513672e+00
1.760807514190673828e+00
1.588389277458190918e+00
1.773287415504455566e+00
1.481974005699157715e+00
1.408822178840637207e+00
1.459776163101196289e+00
1.220975160598754883e+00
1.488330006599426270e+00
1.363065600395202637e+00
1.480490565299987793e+00
1.405071735382080078e+00
1.453454971313476562e+00
1.516375780105590820e+00
1.398532032966613770e+00
1.585828900337219238e+00
1.552567124366760254e+00
1.460636854171752930e+00
2.001509666442871094e+00
1.455794095993041992e+00
1.487165451049804688e+00
1.573593735694885254e+00
1.435523986816406250e+00
1.524589061737060547e+00
1.566034913063049316e+00
1.432838916778564453e+00
1.389554977416992188e+00
1.274820327758789062e+00
1.423230409622192383e+00
1.468320131301879883e+00
5.220310091972351074e-01
5.368646383285522461e-01
3.665854036808013916e-01
3.542389571666717529e-01
2.635128200054168701e-01
3.436601459980010986e-01
4.098786413669586182e-01
3.235273659229278564e-01
4.111109673976898193e-01
3.950754106044769287e-01
3.275788128376007080e-01
3.217926025390625000e-01
4.697254300117492676e-01
1.060894846916198730e+00
3.376406729221343994e-01
5.345046520233154297e-01
5.285945534706115723e-01
3.921469449996948242e-01
7.098788022994995117e-01
1.482841730117797852e+00
1.523678302764892578e+00
1.448079586029052734e+00
1.516797304153442383e+00
1.256598114967346191e+00
1.376196861267089844e+00
1.385418653488159180e+00
1.297398924827575684e+00
1.085541486740112305e+00
1.274115920066833496e+00
1.264938592910766602e+00
1.172665476799011230e+00
1.266318082809448242e+00
1.406607747077941895e+00
1.758808255195617676e+00
1.352021098136901855e+00
1.218367934226989746e+00
1.548462152481079102e+00
2.009556293487548828e+00
1.298812985420227051e+00
1.564926147460937500e+00
1.355279922485351562e+00
1.315068602561950684e+00
1.289761185646057129e+00
1.622362017631530762e+00
1.551478624343872070e+00
8.742048740386962891e-01
7.745217680931091309e-01
3.862017691135406494e-01
4.760960340499877930e-01
6.255944967269897461e-01
4.234738945960998535e-01
4.412858784198760986e-01
6.259278059005737305e-01
3.921181857585906982e-01
5.027312040328979492e-01
2.994818389415740967e-01
3.898873031139373779e-01
2.920280396938323975e-01
4.260284900665283203e-01
1.160481572151184082e+00
1.388478040695190430e+00
1.306043148040771484e+00
1.486636638641357422e+00
1.727688789367675781e+00
8.839449882507324219e-01
4.465512931346893311e-01
4.523492753505706787e-01
2.838322222232818604e-01
4.039723575115203857e-01
4.654892683029174805e-01
3.134235739707946777e-01
4.104838371276855469e-01
4.380992054939270020e-01
4.645606279373168945e-01
4.179754853248596191e-01
3.781427443027496338e-01
4.704808592796325684e-01
5.014618635177612305e-01
3.278504312038421631e-01
3.596164584159851074e-01
4.724617600440979004e-01
9.904177188873291016e-01
4.880510866641998291e-01
4.865772426128387451e-01
3.458721041679382324e-01
3.925874233245849609e-01
1.656067013740539551e+00
5.312527418136596680e-01
5.395305156707763672e-01
1.444609284400939941e+00
1.602958917617797852e+00
1.980900406837463379e+00
1.190153121948242188e+00
1.392515301704406738e+00
1.375752568244934082e+00
1.154646277427673340e+00
1.473485231399536133e+00
5.663474202156066895e-01
7.945106625556945801e-01
2.976917326450347900e-01
5.376145839691162109e-01
6.269198060035705566e-01
5.604159235954284668e-01
6.269992589950561523e-01
4.765940606594085693e-01
3.408637940883636475e-01
4.818276762962341309e-01
4.239491820335388184e-01
3.885771036148071289e-01
3.988143801689147949e-01
5.001294612884521484e-01
3.011472821235656738e-01
4.293697178363800049e-01
4.200399816036224365e-01
2.608809173107147217e-01
3.546429574489593506e-01
3.737317025661468506e-01
4.893724918365478516e-01
9.755194187164306641e-01
3.958165943622589111e-01
3.446882665157318115e-01
3.158827722072601318e-01
3.662756681442260742e-01
2.722302079200744629e-01
3.969447612762451172e-01
2.890743613243103027e-01
5.070471763610839844e-01
4.612810313701629639e-01
3.720240592956542969e-01
4.681164920330047607e-01
3.163237869739532471e-01
5.025760531425476074e-01
3.231940567493438721e-01
4.885447323322296143e-01
5.713617801666259766e-01
4.669981598854064941e-01
4.774725437164306641e-01
4.400151371955871582e-01
3.121945261955261230e-01
4.475805163383483887e-01
3.869621157646179199e-01
2.419328093528747559e-01
3.577030003070831299e-01
1.125133037567138672e+00
1.608913183212280273e+00
1.758519887924194336e+00
1.189525485038757324e+00
9.068093895912170410e-01
4.177041351795196533e-01
5.183608531951904297e-01
7.403409481048583984e-01
1.405875325202941895e+00
1.099383234977722168e+00
1.166425585746765137e+00
1.613067865371704102e+00
1.208205223083496094e+00
1.111018419265747070e+00
1.353441238403320312e+00
1.240959167480468750e+00
9.191218614578247070e-01
1.201577544212341309e+00
1.332916021347045898e+00
1.184566259384155273e+00
1.434360742568969727e+00
1.289529323577880859e+00
1.202493906021118164e+00
9.014285802841186523e-01
1.221134781837463379e+00
1.413369774818420410e+00
1.662225723266601562e+00
1.213300704956054688e+00
1.424762845039367676e+00
1.457042336463928223e+00
2.421827316284179688e+00
2.257168054580688477e+00
2.167272806167602539e+00
1.949321866035461426e+00
2.305687665939331055e+00
1.113436222076416016e+00
6.833705306053161621e-01
7.043759822845458984e-01
6.212533712387084961e-01
7.772570252418518066e-01
6.423369646072387695e-01
5.767332911491394043e-01
4.873946309089660645e-01
1.171949505805969238e+00
9.533709287643432617e-01
9.201521873474121094e-01
1.342619299888610840e+00
1.413994669914245605e+00
1.146559000015258789e+00
1.280636429786682129e+00
1.569946050643920898e+00
5.375479459762573242e-01
4.503894746303558350e-01
4.988535642623901367e-01
6.701280474662780762e-01
5.130556821823120117e-01
4.993998408317565918e-01
3.739838600158691406e-01
3.359431922435760498e-01
3.595136702060699463e-01
3.721257448196411133e-01
4.654667973518371582e-01
3.884614408016204834e-01
4.204719662666320801e-01
2.929081618785858154e-01
3.702314496040344238e-01
5.432952642440795898e-01
2.997636198997497559e-01
4.065565466880798340e-01
5.432546734809875488e-01
4.099512696266174316e-01
4.683393239974975586e-01
3.321948945522308350e-01
4.428542554378509521e-01
3.941528201103210449e-01
8.992922306060791016e-01
8.946337103843688965e-01
4.543660879135131836e-01
5.028438568115234375e-01
5.481056571006774902e-01
4.492497742176055908e-01
1.246313095092773438e+00
2.121170282363891602e+00
2.252993345260620117e+00
2.123998165130615234e+00
1.399549484252929688e+00
1.973504424095153809e+00
2.453433752059936523e+00
1.331942439079284668e+00
1.440377473831176758e+00
2.287872076034545898e+00
1.733351707458496094e+00
1.524366259574890137e+00
1.641467690467834473e+00
3.168199062347412109e+00
1.002803921699523926e+00
1.239899516105651855e+00
1.511728167533874512e+00
1.584618210792541504e+00
6.311740279197692871e-01
5.425702333450317383e-01
8.130580186843872070e-01
3.027370274066925049e-01
2.324668318033218384e-01
4.581373929977416992e-01
3.701733648777008057e-01
3.151309192180633545e-01
4.065453112125396729e-01
3.185651004314422607e-01
3.110350668430328369e-01
4.610502421855926514e-01
3.135746121406555176e-01
3.638893961906433105e-01
3.798827230930328369e-01
3.354816138744354248e-01
6.975679397583007812e-01
4.770372807979583740e-01
4.298765361309051514e-01
3.385739624500274658e-01
3.307462930679321289e-01
4.322732388973236084e-01
4.114270210266113281e-01
3.201079964637756348e-01
3.577081859111785889e-01
4.009518027305603027e-01
3.134205639362335205e-01
4.336843192577362061e-01
5.541571974754333496e-01
4.477279782295227051e-01
3.230633139610290527e-01
4.713714122772216797e-01
3.954358696937561035e-01
3.738221526145935059e-01
3.723680675029754639e-01
5.098358392715454102e-01
4.552130401134490967e-01
4.922584891319274902e-01
4.546218216419219971e-01
3.131516575813293457e-01
1.335183262825012207e+00
1.339482307434082031e+00
4.982974231243133545e-01
6.200336217880249023e-01
1.078132152557373047e+00
8.091025352478027344e-01
8.241134881973266602e-01
1.394060969352722168e+00
1.638210058212280273e+00
1.666961312294006348e+00
2.063067674636840820e+00
2.201202154159545898e+00
1.284097790718078613e+00
1.532972335815429688e+00
1.349498629570007324e+00
5.140654444694519043e-01
1.223981022834777832e+00
1.523812890052795410e+00
1.611278533935546875e+00
1.488770246505737305e+00
1.596483111381530762e+00
1.325717568397521973e+00
1.661441802978515625e+00
2.496124744415283203e+00
2.375613212585449219e+00
2.748440742492675781e+00
3.188760519027709961e+00
2.704485177993774414e+00
1.943082094192504883e+00
7.984138131141662598e-01
1.023538112640380859e+00
8.325116038322448730e-01
1.100212931632995605e+00
1.269692540168762207e+00
6.661928296089172363e-01
2.441102415323257446e-01
4.926274120807647705e-01
3.879283070564270020e-01
3.015299141407012939e-01
4.220211803913116455e-01
4.543488323688507080e-01
4.375693798065185547e-01
1.024414062500000000e+00
3.886313736438751221e-01
4.495753943920135498e-01
3.817923665046691895e-01
4.104797244071960449e-01
5.829256772994995117e-01
4.843515753746032715e-01
3.976313769817352295e-01
1.309706687927246094e+00
1.667466521263122559e+00
1.702006697654724121e+00
1.116356134414672852e+00
4.311209321022033691e-01
3.360950350761413574e-01
3.329788148403167725e-01
3.132719993591308594e-01
3.158909976482391357e-01
4.733520448207855225e-01
3.394316136837005615e-01
2.841260731220245361e-01
3.806581497192382812e-01
4.597214162349700928e-01
4.605582356452941895e-01
9.317539334297180176e-01
3.645738065242767334e-01
3.883896172046661377e-01
2.925959527492523193e-01
4.762999415397644043e-01
3.719086647033691406e-01
3.911048471927642822e-01
5.450242757797241211e-01
5.193305611610412598e-01
5.942048430442810059e-01
5.305982232093811035e-01
4.305705428123474121e-01
4.276242852210998535e-01
5.815831422805786133e-01
6.297095417976379395e-01
8.973502516746520996e-01
2.227658033370971680e+00
2.352985620498657227e+00
2.417873144149780273e+00
2.186024188995361328e+00
1.985862970352172852e+00
1.894221663475036621e+00
2.013645648956298828e+00
2.260639905929565430e+00
1.827424526214599609e+00
3.728778123855590820e+00
3.530193328857421875e+00
4.420756816864013672e+00
2.911293029785156250e+00
2.479647397994995117e+00
1.643081665039062500e+00
1.803168535232543945e+00
1.767920017242431641e+00
3.938705921173095703e+00
3.278406620025634766e+00
3.325684309005737305e+00
4.833916187286376953e+00
3.292532205581665039e+00
3.200274229049682617e+00
3.214320898056030273e+00
1.738117098808288574e+00
1.946775555610656738e+00
5.595840930938720703e+00
4.819353103637695312e+00
3.439661979675292969e+00
3.011345863342285156e+00
2.163813829421997070e+00
7.318376302719116211e-01
6.720215082168579102e-01
9.260491132736206055e-01
2.708594083786010742e+00
2.973435163497924805e+00
2.572987794876098633e+00
2.108052730560302734e+00
7.851247191429138184e-01
1.038213014602661133e+00
1.875570654869079590e+00
5.388936042785644531e+00
2.888914823532104492e+00
1.459681868553161621e+00
1.222298502922058105e+00
1.405991077423095703e+00
4.548871517181396484e-01
1.903163552284240723e+00
1.659968852996826172e+00
8.889261484146118164e-01
1.197739124298095703e+00
4.562110304832458496e-01
2.069128990173339844e+00
2.204547882080078125e+00
1.218618512153625488e+00
7.561309337615966797e-01
9.549944400787353516e-01
7.563828229904174805e-01
1.060716748237609863e+00
8.577497005462646484e-01
8.467923402786254883e-01
5.118913054466247559e-01
6.842671036720275879e-01
7.963536977767944336e-01
9.759324789047241211e-01
1.317553639411926270e+00
1.349758148193359375e+00
7.299945950508117676e-01
1.140227317810058594e+00
1.200642347335815430e+00
9.861832261085510254e-01
1.810253620147705078e+00
3.090610980987548828e+00
2.488346338272094727e+00
2.333112239837646484e+00
3.718436956405639648e+00
4.468513488769531250e+00
3.143133163452148438e+00
2.732869148254394531e+00
2.442197561264038086e+00
3.263533353805541992e+00
5.414193153381347656e+00
3.720158815383911133e+00
4.960682868957519531e+00
4.812105178833007812e+00
3.339879274368286133e+00
3.227516174316406250e+00
4.011351585388183594e+00
2.203450918197631836e+00
3.056797742843627930e+00
2.169731616973876953e+00
3.319828987121582031e+00
2.241977453231811523e+00
1.394750237464904785e+00
2.798240423202514648e+00
1.998069643974304199e+00
1.724260687828063965e+00
1.866493105888366699e+00
1.662971496582031250e+00
6.545556783676147461e-01
9.050658345222473145e-02
4.377472698688507080e-01
3.771861493587493896e-01
1.595586985349655151e-01
4.900075793266296387e-01
5.712614655494689941e-01
6.615635752677917480e-01
5.731461644172668457e-01
9.863356351852416992e-01
3.657982051372528076e-01
1.607767939567565918e-01
2.386345863342285156e-01
1.999840289354324341e-01
2.785465419292449951e-01
4.064000546932220459e-01
6.238142251968383789e-01
3.585853278636932373e-01
4.604061245918273926e-01
3.898557722568511963e-01
5.565963983535766602e-01
3.198171854019165039e-01
5.487881898880004883e-01
5.951529145240783691e-01
2.654194235801696777e-01
3.956814408302307129e-01
9.234369993209838867e-01
4.208329617977142334e-01
4.901139438152313232e-01
4.553747773170471191e-01
1.294306874275207520e+00
4.869834780693054199e-01
3.880634605884552002e-01
4.904850721359252930e-01
2.319734543561935425e-01
2.251303195953369141e-01
3.837581872940063477e-01
6.505247950553894043e-01
2.954833209514617920e-01
2.086403220891952515e-01
6.406753659248352051e-01
6.561778187751770020e-01
4.571317434310913086e-01
7.284083962440490723e-01
1.070461153984069824e+00
2.105612277984619141e+00
2.767929077148437500e+00
2.853363752365112305e+00
2.935897588729858398e+00
2.962723255157470703e+00
2.388602733612060547e+00
2.159685134887695312e+00
1.901618957519531250e+00
2.259257793426513672e+00
1.141224741935729980e+00
1.661729097366333008e+00
2.205955505371093750e+00
1.380063295364379883e+00
1.874360799789428711e+00
2.106805801391601562e+00
1.351338624954223633e+00
1.607804894447326660e+00
1.344488620758056641e+00
1.250852704048156738e+00
1.162553668022155762e+00
1.373356103897094727e+00
1.558967828750610352e+00
1.464360952377319336e+00
1.644063949584960938e+00
1.500560522079467773e+00
1.615131855010986328e+00
1.389447331428527832e+00
1.403029680252075195e+00
1.493093013763427734e+00
1.425042986869812012e+00
1.439993977546691895e+00
1.344875454902648926e+00
1.607357382774353027e+00
1.762465000152587891e+00
1.420620679855346680e+00
2.117854833602905273e+00
1.590257525444030762e+00
1.466055750846862793e+00
1.727438569068908691e+00
2.386145830154418945e+00
1.241427898406982422e+00
1.500890254974365234e+00
1.484076380729675293e+00
1.254631161689758301e+00
1.362779498100280762e+00
1.577289342880249023e+00
1.289508700370788574e+00
1.461187481880187988e+00
1.791631460189819336e+00
1.529751420021057129e+00
1.407075047492980957e+00
1.537461876869201660e+00
1.629765629768371582e+00
1.747642874717712402e+00
1.319958329200744629e+00
1.369434833526611328e+00
6.271239519119262695e-01
9.819193482398986816e-01
1.003587007522583008e+00
4.886853396892547607e-01
4.951112866401672363e-01
8.543117046356201172e-01
9.047818779945373535e-01
7.091341018676757812e-01
7.081911563873291016e-01
7.326922416687011719e-01
9.757112860679626465e-01
1.063497185707092285e+00
9.372945427894592285e-01
1.166348099708557129e+00
1.024738311767578125e+00
1.539403796195983887e+00
1.617157936096191406e+00
1.414565086364746094e+00
1.840949296951293945e+00
2.654575347900390625e+00
1.904718279838562012e+00
1.868329048156738281e+00
2.156787633895874023e+00
1.768635511398315430e+00
1.386364817619323730e+00
2.530924797058105469e+00
2.439460277557373047e+00
2.711337089538574219e+00
2.358797788619995117e+00
2.580721378326416016e+00
2.445909500122070312e+00
1.494924068450927734e+00
1.296365261077880859e+00
1.794883131980895996e+00
1.828445553779602051e+00
1.737157821655273438e+00
1.773263931274414062e+00
1.629463315010070801e+00
1.496602058410644531e+00
7.443304657936096191e-01
7.510872483253479004e-01
5.998008251190185547e-01
3.769046366214752197e-01
4.036346673965454102e-01
2.253528982400894165e-01
1.833383440971374512e-01
3.967175483703613281e-01
3.592713773250579834e-01
3.256823122501373291e-01
1.904777735471725464e-01
4.359705448150634766e-01
4.667994379997253418e-01
2.817537486553192139e-01
3.648698329925537109e-01
3.724519312381744385e-01
3.975047469139099121e-01
3.911240398883819580e-01
6.570075154304504395e-01
1.006610631942749023e+00
3.261441886425018311e-01
9.543678164482116699e-01
1.525919318199157715e+00
1.492817521095275879e+00
1.189846754074096680e+00
3.370839655399322510e-01
4.491086304187774658e-01
4.275971353054046631e-01
3.373468220233917236e-01
4.069101512432098389e-01
3.983305990695953369e-01
2.893136441707611084e-01
2.994791269302368164e-01
4.287362992763519287e-01
2.988001704216003418e-01
2.727839052677154541e-01
3.580187559127807617e-01
4.449771344661712646e-01
3.279954493045806885e-01
5.187656879425048828e-01
1.119197964668273926e+00
4.848556518554687500e-01
3.272016644477844238e-01
4.442409276962280273e-01
5.185534954071044922e-01
3.976960778236389160e-01
7.130772471427917480e-01
7.647926807403564453e-01
9.049082398414611816e-01
1.724392175674438477e+00
2.324198007583618164e+00
2.395144701004028320e+00
2.341104030609130859e+00
2.754203319549560547e+00
2.770146608352661133e+00
2.524732112884521484e+00
2.078918457031250000e+00
2.004111528396606445e+00
1.988215088844299316e+00
1.611749172210693359e+00
1.276842951774597168e+00
2.467460632324218750e+00
1.916595697402954102e+00
1.427544116973876953e+00
1.404512882232666016e+00
1.546155095100402832e+00
1.405407786369323730e+00
1.598464012145996094e+00
9.741722345352172852e-01
2.802329063415527344e+00
9.921593666076660156e-01
4.852826893329620361e-01
1.637607932090759277e+00
6.164053678512573242e-01
7.561418414115905762e-01
1.208211064338684082e+00
2.540068626403808594e+00
2.951741218566894531e+00
3.357271432876586914e+00
2.118297815322875977e+00
1.690013170242309570e+00
1.957758903503417969e+00
1.929149389266967773e+00
2.011305332183837891e+00
2.355851888656616211e+00
2.269455194473266602e+00
1.764147400856018066e+00
1.813023686408996582e+00
1.905268073081970215e+00
9.257525801658630371e-01
6.438255906105041504e-01
7.617345452308654785e-01
6.025261282920837402e-01
5.619983077049255371e-01
1.510181188583374023e+00
6.387687325477600098e-01
3.679008185863494873e-01
6.783246397972106934e-01
6.875850558280944824e-01
1.396698832511901855e+00
2.129372358322143555e+00
2.470329523086547852e+00
2.287121057510375977e+00
2.268558025360107422e+00
1.530865907669067383e+00
1.506051301956176758e+00
2.720522165298461914e+00
1.511927127838134766e+00
1.354503989219665527e+00
1.343960523605346680e+00
1.549597501754760742e+00
1.386462688446044922e+00
1.389350533485412598e+00
1.853174090385437012e+00
1.468192577362060547e+00
1.977612614631652832e+00
1.416032910346984863e+00
1.426579356193542480e+00
1.438793659210205078e+00
1.192935228347778320e+00
2.261553764343261719e+00
3.648028850555419922e+00
3.374638795852661133e+00
2.090523481369018555e+00
2.097795486450195312e+00
2.350134372711181641e+00
1.656016349792480469e+00
1.785820603370666504e+00
3.680159807205200195e+00
1.539972305297851562e+00
7.862197160720825195e-01
1.164214968681335449e+00
1.045452713966369629e+00
7.338566184043884277e-01
1.333658218383789062e+00
1.692465543746948242e+00
2.419717311859130859e+00
7.654116153717041016e-01
5.496485829353332520e-01
3.608249723911285400e-01
4.925235509872436523e-01
3.446797728538513184e-01
7.500700354576110840e-01
1.911232709884643555e+00
1.267254710197448730e+00
1.741120457649230957e+00
7.140631675720214844e-01
8.643913865089416504e-01
8.899041414260864258e-01
5.552697777748107910e-01
3.676138222217559814e-01
2.964919805526733398e-01
3.482751250267028809e-01
4.404298663139343262e-01
3.812200427055358887e-01
5.155485868453979492e-01
1.292852163314819336e+00
5.028622150421142578e-01
5.057517886161804199e-01
4.628173410892486572e-01
5.273166894912719727e-01
3.356260359287261963e-01
4.050043523311614990e-01
4.955180585384368896e-01
3.712327480316162109e-01
4.121892750263214111e-01
2.605404853820800781e-01
2.535446882247924805e-01
4.240472912788391113e-01
3.728921413421630859e-01
4.602794647216796875e-01
4.324251115322113037e-01
4.032070934772491455e-01
4.624514281749725342e-01
3.623382747173309326e-01
3.843513429164886475e-01
5.207342505455017090e-01
5.561454892158508301e-01
5.069482326507568359e-01
1.317278742790222168e+00
7.353731989860534668e-01
3.873905241489410400e-01
2.970774769783020020e-01
5.230424404144287109e-01
5.063599944114685059e-01
5.004956722259521484e-01
5.872679352760314941e-01
6.959447860717773438e-01
3.693929910659790039e-01
4.423556625843048096e-01
3.315806388854980469e-01
4.365357458591461182e-01
7.167487740516662598e-01
3.577539622783660889e-01
2.595364749431610107e-01
4.564338922500610352e-01
1.489408850669860840e+00
1.349231123924255371e+00
1.014078974723815918e+00
3.916812539100646973e-01
1.129275202751159668e+00
5.707433819770812988e-01
6.064813733100891113e-01
7.941820025444030762e-01
1.331586599349975586e+00
6.037902832031250000e-01
5.434429645538330078e-01
8.261834979057312012e-01
6.902558803558349609e-01
1.428509235382080078e+00
2.376107931137084961e+00
2.337998151779174805e+00
1.513737320899963379e+00
1.821999073028564453e+00
1.803553938865661621e+00
1.599311470985412598e+00
1.816327452659606934e+00
2.373100280761718750e+00
1.684025049209594727e+00
1.905034780502319336e+00
2.185444355010986328e+00
2.184799909591674805e+00
1.898496508598327637e+00
2.073601484298706055e+00
2.405199289321899414e+00
2.293163776397705078e+00
1.900826334953308105e+00
2.131950139999389648e+00
1.534318804740905762e+00
1.043354511260986328e+00
1.058597922325134277e+00
2.198292016983032227e+00
1.526265978813171387e+00
9.502283930778503418e-01
6.217760443687438965e-01
7.551054954528808594e-01
6.865700483322143555e-01
1.322203993797302246e+00
1.684718251228332520e+00
2.705738782882690430e+00
1.437035679817199707e+00
7.667656540870666504e-01
1.104156374931335449e+00
1.494574308395385742e+00
2.325706005096435547e+00
1.701857805252075195e+00
1.745778203010559082e+00
1.879974007606506348e+00
1.963987469673156738e+00
1.807394266128540039e+00
1.003948569297790527e+00
9.704088568687438965e-01
8.498293757438659668e-01
1.602152466773986816e+00
9.472928047180175781e-01
1.210025548934936523e+00
1.216986298561096191e+00
1.233934521675109863e+00
1.438789606094360352e+00
1.651727795600891113e+00
1.601392388343811035e+00
1.870461225509643555e+00
1.605067253112792969e+00
1.677713394165039062e+00
1.697992444038391113e+00
2.430991888046264648e+00
2.196140766143798828e+00
2.089112997055053711e+00
1.287945270538330078e+00
8.291870355606079102e-01
2.386676311492919922e+00
2.641543149948120117e+00
2.540925979614257812e+00
2.553687334060668945e+00
2.501645565032958984e+00
2.204595088958740234e+00
1.584968447685241699e+00
1.495977878570556641e+00
1.617279410362243652e+00
1.439028859138488770e+00
2.157127380371093750e+00
2.069217920303344727e+00
1.525274395942687988e+00
1.806826353073120117e+00
1.662804841995239258e+00
1.216167569160461426e+00
1.372784852981567383e+00
1.655509471893310547e+00
1.429600238800048828e+00
9.107605218887329102e-01
7.651067972183227539e-01
7.525892853736877441e-01
5.946647524833679199e-01
3.653958141803741455e-01
3.839314281940460205e-01
2.143867909908294678e-01
2.652215361595153809e-01
2.325452268123626709e-01
5.141786336898803711e-01
3.463745117187500000e-01
3.718289136886596680e-01
1.864060461521148682e-01
4.268527030944824219e-01
4.029074907302856445e-01
3.986460864543914795e-01
3.039395213127136230e-01
2.697416841983795166e-01
3.941807746887207031e-01
8.883603811264038086e-01
3.563382625579833984e-01
3.736045062541961670e-01
3.598206639289855957e-01
5.016345381736755371e-01
4.054763317108154297e-01
4.305047690868377686e-01
3.513617515563964844e-01
4.615699350833892822e-01
1.635107040405273438e+00
1.204741477966308594e+00
1.134148716926574707e+00
3.317881226539611816e-01
3.295580744743347168e-01
3.465515971183776855e-01
3.436905443668365479e-01
4.274225533008575439e-01
2.799093425273895264e-01
2.620315849781036377e-01
3.804443478584289551e-01
4.858588576316833496e-01
4.866638779640197754e-01
4.214998185634613037e-01
4.637986123561859131e-01
6.665428280830383301e-01
6.279432773590087891e-01
5.004543066024780273e-01
5.549339652061462402e-01
1.755013942718505859e+00
2.375631332397460938e+00
2.699743986129760742e+00
2.818415641784667969e+00
2.723498582839965820e+00
2.638812541961669922e+00
2.509978055953979492e+00
2.223941087722778320e+00
2.205917596817016602e+00
1.597618341445922852e+00
1.523489356040954590e+00
1.668386578559875488e+00
1.669309496879577637e+00
1.754131078720092773e+00
1.738011837005615234e+00
1.574471354484558105e+00
1.268489003181457520e+00
1.571757197380065918e+00
1.530377984046936035e+00
1.472688674926757812e+00
1.432893753051757812e+00
1.532523989677429199e+00
1.471926689147949219e+00
1.327719330787658691e+00
1.258191347122192383e+00
1.392883658409118652e+00
1.424161314964294434e+00
1.297381877899169922e+00
1.299089550971984863e+00
1.434372782707214355e+00
1.335619449615478516e+00
1.302154779434204102e+00
1.155149817466735840e+00
1.440685749053955078e+00
1.406086087226867676e+00
1.497190237045288086e+00
1.528023481369018555e+00
1.729138731956481934e+00
1.584626436233520508e+00
1.445546388626098633e+00
1.421561121940612793e+00
1.528447628021240234e+00
1.934232234954833984e+00
2.882630348205566406e+00
1.539049625396728516e+00
1.279860258102416992e+00
1.346835732460021973e+00
1.645619273185729980e+00
1.370456457138061523e+00
6.905721426010131836e-01
9.762858152389526367e-01
8.797063231468200684e-01
9.839446544647216797e-01
5.059422850608825684e-01
5.893357396125793457e-01
6.887384653091430664e-01
5.541969537734985352e-01
5.994209051132202148e-01
4.192174077033996582e-01
3.925307095050811768e-01
5.470720529556274414e-01
5.943405032157897949e-01
3.279447257518768311e-01
7.580139636993408203e-01
7.791208624839782715e-01
6.593406200408935547e-01
9.555574059486389160e-01
1.205977916717529297e+00
1.275848269462585449e+00
1.184964776039123535e+00
1.401448130607604980e+00
1.915136933326721191e+00
2.106397628784179688e+00
2.167061805725097656e+00
2.426785469055175781e+00
2.401378631591796875e+00
1.886070251464843750e+00
1.341273546218872070e+00
2.091862916946411133e+00
2.910155773162841797e+00
3.523398876190185547e+00
2.719627141952514648e+00
2.624027967453002930e+00
2.415582180023193359e+00
2.823081970214843750e+00
2.503490924835205078e+00
2.698430538177490234e+00
3.049600362777709961e+00
2.846691370010375977e+00
3.124527692794799805e+00
2.375962972640991211e+00
2.007871866226196289e+00
2.630919456481933594e+00
2.589815378189086914e+00
2.418482780456542969e+00
2.011997938156127930e+00
8.890777230262756348e-01
1.214399933815002441e+00
6.268501281738281250e-01
6.002612709999084473e-01
3.699126839637756348e-01
2.936413884162902832e-01
4.071938395500183105e-01
1.001075744628906250e+00
2.786386311054229736e-01
4.436652958393096924e-01
2.986428439617156982e-01
4.457026720046997070e-01
3.928464651107788086e-01
2.420347630977630615e-01
3.589158654212951660e-01
3.795930147171020508e-01
2.894824743270874023e-01
3.129255473613739014e-01
4.235953092575073242e-01
2.537299692630767822e-01
1.580596566200256348e-01
4.225732088088989258e-01
3.561181724071502686e-01
4.415054023265838623e-01
2.345708012580871582e-01
3.530381321907043457e-01
1.879826635122299194e-01
3.010299503803253174e-01
2.698929905891418457e-01
3.268466889858245850e-01
3.201943337917327881e-01
3.474698066711425781e-01
2.020830810070037842e-01
2.586727738380432129e-01
2.623125314712524414e-01
3.546415865421295166e-01
4.662386476993560791e-01
2.250955104827880859e-01
2.153291255235671997e-01
5.047576427459716797e-01
4.499462544918060303e-01
3.704085350036621094e-01
5.009397268295288086e-01
6.545559763908386230e-01
6.558719277381896973e-01
1.702184796333312988e+00
1.515143394470214844e+00
1.674322485923767090e+00
1.632693052291870117e+00
2.560105323791503906e+00
2.395578622817993164e+00
2.056251287460327148e+00
2.101129770278930664e+00
2.613409519195556641e+00
2.073987483978271484e+00
2.017907142639160156e+00
1.762317776679992676e+00
2.164154052734375000e+00
1.945576906204223633e+00
1.558336615562438965e+00
1.889201045036315918e+00
2.472260951995849609e+00
1.508950948715209961e+00
1.586389183998107910e+00
2.438141584396362305e+00
1.757769346237182617e+00
1.826229453086853027e+00
1.940996408462524414e+00
1.080893039703369141e+00
1.200353741645812988e+00
1.102534770965576172e+00
1.818815112113952637e+00
8.353298306465148926e-01
1.242101311683654785e+00
8.813278675079345703e-01
1.005285143852233887e+00
2.154182672500610352e+00
1.511532664299011230e+00
2.041397094726562500e+00
1.547593355178833008e+00
2.289604425430297852e+00
2.583963632583618164e+00
1.408962488174438477e+00
4.494890570640563965e-01
5.442781448364257812e-01
5.229409933090209961e-01
4.493503868579864502e-01
8.179871439933776855e-01
1.607651472091674805e+00
8.953720927238464355e-01
5.347469449043273926e-01
4.928779304027557373e-01
6.337171196937561035e-01
3.630300760269165039e-01
6.231912374496459961e-01
9.936359524726867676e-01
4.384651184082031250e-01
5.133075714111328125e-01
5.298923850059509277e-01
4.185653328895568848e-01
5.810941457748413086e-01
6.121837496757507324e-01
5.618201494216918945e-01
5.431483387947082520e-01
6.092379689216613770e-01
3.301542401313781738e-01
6.642527580261230469e-01
1.516219019889831543e+00
6.318406462669372559e-01
8.610923290252685547e-01
8.207944631576538086e-01
8.402348160743713379e-01
2.783509969711303711e+00
2.459286451339721680e+00
2.767205953598022461e+00
2.610505819320678711e+00
2.764365673065185547e+00
2.531523466110229492e+00
2.952201843261718750e+00
2.526378870010375977e+00
2.870129585266113281e+00
3.055008411407470703e+00
2.585245609283447266e+00
2.783935546875000000e+00
1.936752080917358398e+00
2.239194631576538086e+00
2.474960327148437500e+00
2.514344692230224609e+00
2.802493095397949219e+00
2.583173036575317383e+00
3.105988740921020508e+00
3.831641197204589844e+00
3.629263639450073242e+00
4.151253700256347656e+00
3.341111183166503906e+00
3.096725463867187500e+00
2.360588788986206055e+00
2.721033096313476562e+00
2.680689811706542969e+00
2.610296487808227539e+00
2.309521198272705078e+00
2.546731472015380859e+00
2.126085519790649414e+00
2.037961244583129883e+00
2.234935998916625977e+00
1.941722035408020020e+00
2.064557552337646484e+00
2.120181322097778320e+00
1.661378741264343262e+00
6.224928498268127441e-01
5.222549438476562500e-01
5.073210000991821289e-01
6.767370700836181641e-01
5.926709771156311035e-01
9.858197569847106934e-01
9.275404810905456543e-01
6.936743855476379395e-01
6.995390057563781738e-01
4.948646128177642822e-01
5.927709937095642090e-01
3.800855576992034912e-01
2.328924983739852905e-01
2.874725162982940674e-01
2.534643709659576416e-01
3.121353089809417725e-01
4.467439651489257812e-01
3.176337182521820068e-01
4.033093154430389404e-01
1.885982751846313477e-01
2.814070284366607666e-01
3.727898895740509033e-01
5.076255202293395996e-01
3.371533155441284180e-01
2.803632616996765137e-01
4.788874387741088867e-01
3.419862091541290283e-01
2.329051196575164795e-01
1.825305819511413574e-01
4.319722950458526611e-01
3.614419698715209961e-01
3.431078195571899414e-01
3.824348449707031250e-01
4.846199154853820801e-01
4.434512257575988770e-01
3.704126477241516113e-01
4.773826301097869873e-01
5.811092257499694824e-01
4.638564586639404297e-01
4.364825785160064697e-01
5.520797967910766602e-01
7.828853130340576172e-01
5.040375590324401855e-01
5.728586316108703613e-01
1.581865906715393066e+00
1.963430047035217285e+00
2.652374505996704102e+00
2.561584234237670898e+00
2.625228643417358398e+00
2.715584039688110352e+00
2.872423887252807617e+00
3.079042911529541016e+00
1.834451079368591309e+00
2.333815574645996094e+00
1.422524929046630859e+00
3.019109725952148438e+00
1.774825930595397949e+00
1.501877307891845703e+00
1.382067203521728516e+00
1.579769134521484375e+00
1.552745223045349121e+00
1.385427951812744141e+00
2.104371070861816406e+00
4.408061981201171875e+00
3.562997817993164062e+00
3.199438095092773438e+00
2.474079847335815430e+00
1.993103265762329102e+00
1.836353302001953125e+00
1.948887705802917480e+00
3.815047502517700195e+00
5.928600788116455078e+00
3.330261945724487305e+00
2.717990159988403320e+00
2.382370233535766602e+00
2.177849769592285156e+00
1.754191279411315918e+00
1.459902286529541016e+00
2.211667776107788086e+00
1.624787807464599609e+00
1.317676901817321777e+00
1.991872906684875488e+00
2.380138635635375977e+00
1.779473543167114258e+00
1.618596196174621582e+00
3.221740484237670898e+00
2.697502374649047852e+00
3.005292892456054688e+00
2.403852939605712891e+00
1.890228629112243652e+00
1.096132397651672363e+00
1.607683539390563965e+00
1.748637795448303223e+00
1.995849251747131348e+00
1.813178062438964844e+00
1.497202634811401367e+00
1.562893152236938477e+00
1.742820620536804199e+00
1.568182706832885742e+00
1.525980114936828613e+00
1.537987589836120605e+00
1.820772767066955566e+00
1.669711589813232422e+00
1.622312426567077637e+00
1.918865203857421875e+00
1.621085524559020996e+00
1.786679387092590332e+00
1.066861987113952637e+00
5.411427617073059082e-01
1.849370956420898438e+00
1.698341727256774902e+00
1.875001311302185059e+00
1.838000059127807617e+00
1.860631227493286133e+00
1.986645579338073730e+00
1.570800900459289551e+00
1.893793463706970215e+00
2.030623435974121094e+00
1.424723148345947266e+00
9.173868298530578613e-01
9.539602398872375488e-01
1.150483489036560059e+00
7.206930518150329590e-01
4.229259490966796875e-01
4.178757071495056152e-01
7.099651694297790527e-01
3.928261697292327881e-01
4.815941452980041504e-01
1.219500005245208740e-01
4.223193824291229248e-01
2.859236001968383789e-01
3.723305165767669678e-01
4.736579358577728271e-01
4.099465906620025635e-01
6.057484745979309082e-01
9.437273740768432617e-01
3.056019246578216553e-01
4.573192298412322998e-01
4.537386894226074219e-01
1.666411161422729492e-01
3.684435188770294189e-01
4.089280664920806885e-01
1.315962195396423340e+00
1.297401428222656250e+00
1.318938851356506348e+00
1.037964940071105957e+00
1.213260412216186523e+00
3.714654445648193359e-01
6.159163713455200195e-01
7.361996173858642578e-01
4.066563248634338379e-01
8.963273167610168457e-01
6.506615877151489258e-01
4.180807471275329590e-01
3.085355758666992188e-01
4.107182025909423828e-01
3.360382914543151855e-01
2.621516287326812744e-01
3.317448198795318604e-01
5.630596280097961426e-01
3.132402002811431885e-01
4.432127773761749268e-01
4.327290654182434082e-01
5.294900536537170410e-01
2.275267690420150757e-01
3.586143553256988525e-01
6.205374002456665039e-01
4.632128775119781494e-01
3.852007687091827393e-01
5.784724354743957520e-01
3.716394901275634766e-01
3.904442489147186279e-01
2.933313846588134766e-01
2.343364506959915161e-01
4.380945563316345215e-01
5.964181423187255859e-01
5.317011475563049316e-01
4.663049876689910889e-01
3.644222319126129150e-01
5.546615123748779297e-01
4.395475387573242188e-01
3.837052881717681885e-01
4.423170089721679688e-01
4.650655090808868408e-01
1.401212692260742188e+00
1.480944991111755371e+00
1.417016625404357910e+00
1.252787590026855469e+00
1.212361097335815430e+00
3.887511491775512695e-01
4.319958686828613281e-01
1.180107474327087402e+00
4.405024945735931396e-01
4.656863212585449219e-01
1.553980112075805664e+00
9.299698472023010254e-01
9.776697158813476562e-01
8.946438431739807129e-01
8.430191278457641602e-01
8.611364364624023438e-01
1.103653669357299805e+00
1.176647305488586426e+00
1.242003679275512695e+00
1.522295475006103516e+00
9.980486631393432617e-01
1.045521855354309082e+00
1.115807414054870605e+00
1.071613192558288574e+00
1.092453122138977051e+00
1.056771636009216309e+00
1.455922365188598633e+00
1.784785866737365723e+00
1.917135953903198242e+00
1.656887412071228027e+00
1.925797700881958008e+00
2.446403026580810547e+00
1.513044595718383789e+00
1.864509940147399902e+00
2.763076305389404297e+00
2.577347040176391602e+00
2.764713287353515625e+00
2.381836891174316406e+00
2.065212726593017578e+00
1.692551136016845703e+00
6.339029669761657715e-01
7.835291624069213867e-01
6.351758837699890137e-01
5.683836936950683594e-01
5.890665650367736816e-01
1.778933882713317871e+00
1.400064706802368164e+00
2.924720764160156250e+00
2.469971895217895508e+00
1.677410721778869629e+00
1.537716507911682129e+00
8.099574446678161621e-01
9.766585826873779297e-01
2.078468799591064453e+00
3.435105323791503906e+00
2.267989635467529297e+00
2.878743648529052734e+00
3.385393381118774414e+00
1.824258446693420410e+00
1.697008490562438965e+00
1.963182806968688965e+00
1.833650708198547363e+00
2.326422452926635742e+00
3.110411405563354492e+00
3.584404230117797852e+00
3.514831066131591797e+00
2.608678340911865234e+00
2.488078832626342773e+00
2.186157226562500000e+00
2.072540521621704102e+00
2.167617797851562500e+00
2.637298107147216797e+00
1.837760806083679199e+00
1.124439597129821777e+00
1.444935679435729980e+00
1.607212901115417480e+00
1.697503447532653809e+00
1.942928552627563477e+00
2.142386436462402344e+00
1.946736931800842285e+00
7.790433168411254883e-01
6.300047636032104492e-01
1.814515113830566406e+00
2.456139326095581055e+00
1.858736634254455566e+00
1.866525173187255859e+00
2.082867383956909180e+00
1.423813939094543457e+00
1.262954354286193848e+00
1.245800495147705078e+00
1.570990562438964844e+00
8.197265863418579102e-01
5.815510749816894531e-01
6.440221071243286133e-01
5.930508375167846680e-01
8.506412506103515625e-01
6.936250925064086914e-01
6.468940973281860352e-01
5.324719548225402832e-01
6.436918377876281738e-01
7.127675414085388184e-01
3.186925649642944336e-01
3.692430555820465088e-01
5.422586202621459961e-01
4.139470756053924561e-01
1.621409803628921509e-01
2.896025478839874268e-01
2.156659960746765137e-01
2.026077061891555786e-01
1.147853612899780273e+00
1.181631803512573242e+00
1.218749284744262695e+00
2.384273707866668701e-01
3.945762813091278076e-01
3.983190953731536865e-01
2.443341761827468872e-01
2.678739726543426514e-01
2.213661372661590576e-01
1.146315857768058777e-01
3.565553426742553711e-01
4.785593450069427490e-01
2.925131916999816895e-01
2.402202337980270386e-01
2.100401371717453003e-01
3.734531998634338379e-01
3.537003397941589355e-01
4.755675792694091797e-01
3.462950289249420166e-01
3.532878160476684570e-01
3.225184082984924316e-01
4.246067404747009277e-01
4.616675078868865967e-01
2.524038851261138916e-01
3.147230744361877441e-01
2.963853776454925537e-01
2.101371735334396362e-01
3.052003681659698486e-01
6.963457465171813965e-01
4.444267451763153076e-01
4.349040389060974121e-01
7.178767323493957520e-01
4.817128479480743408e-01
2.542957067489624023e-01
3.301723301410675049e-01
6.222859025001525879e-01
4.078900516033172607e-01
5.783359408378601074e-01
5.954045653343200684e-01
1.704771518707275391e+00
2.140226364135742188e+00
2.336744785308837891e+00
2.443125724792480469e+00
2.343525171279907227e+00
2.415376424789428711e+00
2.740006446838378906e+00
2.571151256561279297e+00
2.026096820831298828e+00
2.653753995895385742e+00
2.228182554244995117e+00
1.856745839118957520e+00
2.584189414978027344e+00
2.516420841217041016e+00
1.651095747947692871e+00
1.721683859825134277e+00
1.675877451896667480e+00
1.443041920661926270e+00
1.609822869300842285e+00
1.806431651115417480e+00
3.075404882431030273e+00
1.838586091995239258e+00
9.720556735992431641e-01
1.626471519470214844e+00
1.567080855369567871e+00
1.183264851570129395e+00
1.462255120277404785e+00
1.745514154434204102e+00
1.609443545341491699e+00
1.408067107200622559e+00
1.490073919296264648e+00
1.438783526420593262e+00
1.441676616668701172e+00
1.398214578628540039e+00
1.612575650215148926e+00
1.633340239524841309e+00
1.238245248794555664e+00
8.103184103965759277e-01
1.114397168159484863e+00
6.460912823677062988e-01
7.878221273422241211e-01
7.852929830551147461e-01
1.110341668128967285e+00
1.103446364402770996e+00
1.146345496177673340e+00
8.233646750450134277e-01
1.246388792991638184e+00
1.564055323600769043e+00
1.601145148277282715e+00
1.636485695838928223e+00
1.965320467948913574e+00
2.426575183868408203e+00
1.610448837280273438e+00
1.601920843124389648e+00
1.791154265403747559e+00
6.127535700798034668e-01
1.056457757949829102e+00
1.172184109687805176e+00
9.518831372261047363e-01
1.496814489364624023e+00
1.880475401878356934e+00
3.032022953033447266e+00
2.860394954681396484e+00
3.161009550094604492e+00
3.105662584304809570e+00
1.867821574211120605e+00
1.643143057823181152e+00
1.932242870330810547e+00
2.507756471633911133e+00
2.625663518905639648e+00
2.120727777481079102e+00
2.419251918792724609e+00
2.369758605957031250e+00
3.393577814102172852e+00
2.508707046508789062e+00
2.879130125045776367e+00
2.432162284851074219e+00
2.691145896911621094e+00
1.954810500144958496e+00
2.314236640930175781e+00
3.279890775680541992e+00
1.500646948814392090e+00
1.784446477890014648e+00
9.465042352676391602e-01
8.666394948959350586e-01
8.383663296699523926e-01
1.089581966400146484e+00
2.337944746017456055e+00
1.471377372741699219e+00
6.085864901542663574e-01
6.271669864654541016e-01
3.330215811729431152e-01
3.810668289661407471e-01
5.623650550842285156e-01
3.960753381252288818e-01
3.530740141868591309e-01
3.645855784416198730e-01
5.161104798316955566e-01
2.921839952468872070e-01
4.087049365043640137e-01
7.030137181282043457e-01
6.040378212928771973e-01
5.094318389892578125e-01
6.251825690269470215e-01
6.136745214462280273e-01
6.639956235885620117e-01
6.580455303192138672e-01
7.493713498115539551e-01
7.284585237503051758e-01
9.304031729698181152e-01
1.479700922966003418e+00
1.551605582237243652e+00
6.233260631561279297e-01
2.805079817771911621e-01
4.765296578407287598e-01
3.874971568584442139e-01
3.043358623981475830e-01
2.690402567386627197e-01
2.476987242698669434e-01
4.659944176673889160e-01
3.096533417701721191e-01
1.706859767436981201e-01
3.656438887119293213e-01
2.764110267162322998e-01
3.616352081298828125e-01
2.496875822544097900e-01
3.473579883575439453e-01
3.863870799541473389e-01
3.863166272640228271e-01
2.751773297786712646e-01
3.399505019187927246e-01
4.797442555427551270e-01
5.154054760932922363e-01
5.858352184295654297e-01
3.687938153743743896e-01
5.615043640136718750e-01
4.780185520648956299e-01
7.394120097160339355e-01
4.547385871410369873e-01
4.800112545490264893e-01
3.920101821422576904e-01
4.720878899097442627e-01
4.741367697715759277e-01
5.875280499458312988e-01
1.776068687438964844e+00
2.172051668167114258e+00
2.252151250839233398e+00
2.050033807754516602e+00
2.606937170028686523e+00
1.471665978431701660e+00
1.979026675224304199e+00
1.708224773406982422e+00
1.580102443695068359e+00
1.741575121879577637e+00
1.642398834228515625e+00
1.696848154067993164e+00
1.775561094284057617e+00
9.881556034088134766e-01
8.692437410354614258e-01
1.042461514472961426e+00
1.032959103584289551e+00
9.041761159896850586e-01
8.069080710411071777e-01
2.625572979450225830e-01
4.306969046592712402e-01
5.125187039375305176e-01
5.530002117156982422e-01
5.095965266227722168e-01
6.165503859519958496e-01
6.000984907150268555e-01
5.327487587928771973e-01
1.496642589569091797e+00
1.644275307655334473e+00
1.622797846794128418e+00
8.574191331863403320e-01
8.377928733825683594e-01
1.167203783988952637e+00
1.654594302177429199e+00
1.014029860496520996e+00
7.130232453346252441e-01
1.371443986892700195e+00
1.780081748962402344e+00
2.082082509994506836e+00
1.785258650779724121e+00
2.288617372512817383e+00
2.174997806549072266e+00
2.023752212524414062e+00
2.198907136917114258e+00
1.935335516929626465e+00
1.702129125595092773e+00
1.680741071701049805e+00
2.302256345748901367e+00
2.250558853149414062e+00
2.407127380371093750e+00
3.220256328582763672e+00
2.546096086502075195e+00
1.124642729759216309e+00
1.061769843101501465e+00
1.664345026016235352e+00
2.229370594024658203e+00
2.325211048126220703e+00
3.270190477371215820e+00
2.930831193923950195e+00
3.569746494293212891e+00
2.517975330352783203e+00
2.785505771636962891e+00
3.815450906753540039e+00
3.281324386596679688e+00
2.913923501968383789e+00
1.838661193847656250e+00
2.348851919174194336e+00
1.364266514778137207e+00
1.635968565940856934e+00
1.932401537895202637e+00
1.744190335273742676e+00
1.922415614128112793e+00
1.860530376434326172e+00
2.725339651107788086e+00
2.530939102172851562e+00
2.923246622085571289e+00
2.319458246231079102e+00
1.784809112548828125e+00
1.767565369606018066e+00
1.807368516921997070e+00
1.706735610961914062e+00
1.728237032890319824e+00
1.945280075073242188e+00
1.646016716957092285e+00
1.745321750640869141e+00
1.857290267944335938e+00
1.802352786064147949e+00
1.589610576629638672e+00
1.608777761459350586e+00
1.729681730270385742e+00
1.653251171112060547e+00
1.716298103332519531e+00
1.671892285346984863e+00
1.639458894729614258e+00
1.405858874320983887e+00
1.679756522178649902e+00
1.689379453659057617e+00
1.616247177124023438e+00
1.574974894523620605e+00
1.873119711875915527e+00
1.767182707786560059e+00
1.701543450355529785e+00
1.842380166053771973e+00
2.053856372833251953e+00
1.745201230049133301e+00
2.878565073013305664e+00
1.636878013610839844e+00
1.599697709083557129e+00
1.482599973678588867e+00
1.686374306678771973e+00
1.795769810676574707e+00
1.671019911766052246e+00
1.659976959228515625e+00
1.451408267021179199e+00
1.533661127090454102e+00
1.565253496170043945e+00
1.572852253913879395e+00
1.636685848236083984e+00
9.062617421150207520e-01
6.007516384124755859e-01
5.576261878013610840e-01
5.052422285079956055e-01
5.542391538619995117e-01
1.315463900566101074e+00
1.328436970710754395e+00
5.443189740180969238e-01
2.850234508514404297e-01
3.881574571132659912e-01
4.158753454685211182e-01
2.673937678337097168e-01
4.479242563247680664e-01
4.012725055217742920e-01
2.342791706323623657e-01
3.265827298164367676e-01
2.755336463451385498e-01
3.497273027896881104e-01
1.988774985074996948e-01
4.204357862472534180e-01
4.791275560855865479e-01
2.784612774848937988e-01
4.445111751556396484e-01
3.037237823009490967e-01
2.953246235847473145e-01
3.082576394081115723e-01
4.410816729068756104e-01
3.961356282234191895e-01
4.754510819911956787e-01
3.782238960266113281e-01
2.224600613117218018e-01
2.466752380132675171e-01
3.428868949413299561e-01
2.272288203239440918e-01
3.351376056671142578e-01
3.807170689105987549e-01
3.700631558895111084e-01
1.460257530212402344e+00
1.187216520309448242e+00
4.648728072643280029e-01
6.085080504417419434e-01
1.372293114662170410e+00
1.071341276168823242e+00
1.412549138069152832e+00
1.721624612808227539e+00
1.795295596122741699e+00
1.401666045188903809e+00
1.465822219848632812e+00
1.629433155059814453e+00
1.033038854598999023e+00
5.658562183380126953e-01
6.643788218498229980e-01
5.874589681625366211e-01
5.937917828559875488e-01
5.997106432914733887e-01
7.069152593612670898e-01
1.947719812393188477e+00
1.628715038299560547e+00
1.746307730674743652e+00
1.666497230529785156e+00
1.589985847473144531e+00
1.388816356658935547e+00
7.051574587821960449e-01
1.130574464797973633e+00
7.553004026412963867e-01
1.099019408226013184e+00
1.149785995483398438e+00
1.941782593727111816e+00
1.637404799461364746e+00
1.821519613265991211e+00
2.190388202667236328e+00
1.845663547515869141e+00
1.793175220489501953e+00
1.402770161628723145e+00
8.428615331649780273e-01
1.863053679466247559e+00
3.413447856903076172e+00
3.826373577117919922e+00
3.434971570968627930e+00
3.459140062332153320e+00
3.410061597824096680e+00
3.171010255813598633e+00
3.478834390640258789e+00
2.464242219924926758e+00
2.340000629425048828e+00
2.386892318725585938e+00
2.426496744155883789e+00
2.320631504058837891e+00
2.584625959396362305e+00
2.449527502059936523e+00
2.751563310623168945e+00
2.146636009216308594e+00
2.678643941879272461e+00
3.016077518463134766e+00
2.854257106781005859e+00
2.939666748046875000e+00
2.704457759857177734e+00
2.723698854446411133e+00
1.830403447151184082e+00
1.871933698654174805e+00
2.090569496154785156e+00
2.230664968490600586e+00
1.412825107574462891e+00
1.246113538742065430e+00
1.228411793708801270e+00
1.789841294288635254e+00
1.862368226051330566e+00
3.007694005966186523e+00
3.219193696975708008e+00
2.040429115295410156e+00
2.832500457763671875e+00
2.940378904342651367e+00
3.272332191467285156e+00
2.223535776138305664e+00
2.090755701065063477e+00
3.514816045761108398e+00
2.698688268661499023e+00
1.418973088264465332e+00
1.220677018165588379e+00
1.337968945503234863e+00
1.083863735198974609e+00
6.636431217193603516e-01
1.237739086151123047e+00
5.583111643791198730e-01
4.471743106842041016e-01
3.267855644226074219e-01
4.186640083789825439e-01
3.395012319087982178e-01
4.920455217361450195e-01
3.442195653915405273e-01
3.345118463039398193e-01
4.789285659790039062e-01
1.213927641510963440e-01
1.310325115919113159e-01
1.651722341775894165e-01
1.686815023422241211e-01
5.134813487529754639e-02
2.771340906620025635e-01
3.191280961036682129e-01
1.880711913108825684e-01
3.257919549942016602e-01
3.500978648662567139e-01
5.625604987144470215e-01
4.088839292526245117e-01
3.707815706729888916e-01
4.379994273185729980e-01
3.807540833950042725e-01
3.878488242626190186e-01
3.667526245117187500e-01
3.749018013477325439e-01
3.911851644515991211e-01
5.283267498016357422e-01
1.140146255493164062e+00
1.243824005126953125e+00
1.215279459953308105e+00
3.939995765686035156e-01
2.856492400169372559e-01
8.816112577915191650e-02
2.619104385375976562e-01
3.064905405044555664e-01
1.582287847995758057e-01
6.537770032882690430e-01
1.156917959451675415e-01
2.963080704212188721e-01
5.928957462310791016e-01
5.856981873512268066e-01
3.942109048366546631e-01
6.336277723312377930e-01
6.395787000656127930e-01
7.680100202560424805e-01
2.250296831130981445e+00
2.204269170761108398e+00
1.965792775154113770e+00
2.022036314010620117e+00
2.246599197387695312e+00
2.645518541336059570e+00
3.283976554870605469e+00
2.489172458648681641e+00
1.506913661956787109e+00
2.077471971511840820e+00
1.410615921020507812e+00
1.131585359573364258e+00
1.887585163116455078e+00
2.468269348144531250e+00
1.495673179626464844e+00
1.476330041885375977e+00
1.612848877906799316e+00
1.246594071388244629e+00
1.308295130729675293e+00
1.478873372077941895e+00
1.341637253761291504e+00
1.354323863983154297e+00
1.359123587608337402e+00
1.344523787498474121e+00
1.361373901367187500e+00
1.244803071022033691e+00
1.668795585632324219e+00
1.244786143302917480e+00
1.244258403778076172e+00
1.140226006507873535e+00
1.411550521850585938e+00
2.166408538818359375e+00
4.627065658569335938e+00
3.124083757400512695e+00
3.080384731292724609e+00
2.437240839004516602e+00
1.592913150787353516e+00
1.987264752388000488e+00
3.249334096908569336e+00
2.943035364151000977e+00
2.966819763183593750e+00
2.735945701599121094e+00
2.434407711029052734e+00
6.894061565399169922e-01
5.807369947433471680e-01
5.672053694725036621e-01
5.886255502700805664e-01
4.747452735900878906e-01
3.281218111515045166e-01
5.753076672554016113e-01
5.931956171989440918e-01
3.354377448558807373e-01
4.114694893360137939e-01
4.487777948379516602e-01
5.715796947479248047e-01
4.537096321582794189e-01
2.760291993618011475e-01
6.881483197212219238e-01
7.500483989715576172e-01
7.124180197715759277e-01
7.644835114479064941e-01
7.646008133888244629e-01
1.278413534164428711e+00
8.699928522109985352e-01
8.596538305282592773e-01
6.737017035484313965e-01
9.977753758430480957e-01
1.083702087402343750e+00
1.196162223815917969e+00
1.333040714263916016e+00
1.118093609809875488e+00
1.709527611732482910e+00
1.680130362510681152e+00
1.730311393737792969e+00
1.757889509201049805e+00
1.664005756378173828e+00
1.668580412864685059e+00
2.508724212646484375e+00
1.173255562782287598e+00
2.395162343978881836e+00
2.577108144760131836e+00
3.197856664657592773e+00
2.571969509124755859e+00
3.290805578231811523e+00
3.151724815368652344e+00
1.257442593574523926e+00
1.077719807624816895e+00
1.328248858451843262e+00
9.689950942993164062e-01
1.378793120384216309e+00
1.898423075675964355e+00
1.840127348899841309e+00
1.158000946044921875e+00
6.709459424018859863e-01
8.465747237205505371e-01
9.413320422172546387e-01
6.487206816673278809e-01
4.350879490375518799e-01
1.050430655479431152e+00
6.034718155860900879e-01
2.095941752195358276e-01
2.334138453006744385e-01
3.504574894905090332e-01
4.863160550594329834e-01
5.468335747718811035e-01
1.068854451179504395e+00
4.013870656490325928e-01
3.481391668319702148e-01
2.417908161878585815e-01
2.256760597229003906e-01
2.891242504119873047e-01
2.842453122138977051e-01
2.549291551113128662e-01
2.277781069278717041e-01
3.687828481197357178e-01
3.109451830387115479e-01
3.065626323223114014e-01
5.966072678565979004e-01
1.271216511726379395e+00
1.136649489402770996e+00
8.825615644454956055e-01
4.821656644344329834e-02
2.491698116064071655e-01
2.493677139282226562e-01
3.854288160800933838e-01
2.703205645084381104e-01
3.014164268970489502e-01
6.434089541435241699e-01
3.195967972278594971e-01
4.512465894222259521e-01
4.757375121116638184e-01
2.854814827442169189e-01
2.418012320995330811e-01
2.950866818428039551e-01
4.156560599803924561e-01
3.243737816810607910e-01
2.918611168861389160e-01
2.932321429252624512e-01
4.699691236019134521e-01
5.100178122520446777e-01
6.979588270187377930e-01
3.673887848854064941e-01
5.271500349044799805e-01
2.123704671859741211e+00
2.013628005981445312e+00
2.783757686614990234e+00
2.618068218231201172e+00
2.884372472763061523e+00
2.810418605804443359e+00
2.268417835235595703e+00
1.999578833580017090e+00
2.163811922073364258e+00
2.744655132293701172e+00
1.499474883079528809e+00
1.437923669815063477e+00
1.223278164863586426e+00
1.407238125801086426e+00
1.395089864730834961e+00
1.524396419525146484e+00
1.647846579551696777e+00
1.588588714599609375e+00
1.967611670494079590e+00
1.810836434364318848e+00
1.514110565185546875e+00
1.334869980812072754e+00
1.684255838394165039e+00
1.427888154983520508e+00
1.539905667304992676e+00
1.358165383338928223e+00
1.499037742614746094e+00
1.489562153816223145e+00
1.480943679809570312e+00
9.575835466384887695e-01
4.326813817024230957e-01
5.537482500076293945e-01
2.647508978843688965e-01
5.252727270126342773e-01
4.036979973316192627e-01
4.723469018936157227e-01
2.855571210384368896e-01
4.989662170410156250e-01
4.380057454109191895e-01
3.651261031627655029e-01
3.887473344802856445e-01
4.704444110393524170e-01
3.595279455184936523e-01
3.134920895099639893e-01
3.426547348499298096e-01
3.645787537097930908e-01
3.727098405361175537e-01
3.174012899398803711e-01
3.674641549587249756e-01
4.081419408321380615e-01
4.387230575084686279e-01
4.977423548698425293e-01
3.163402378559112549e-01
4.469879269599914551e-01
2.720350623130798340e-01
2.920965552330017090e-01
2.556418180465698242e-01
3.491456508636474609e-01
3.319810926914215088e-01
2.964144349098205566e-01
3.608343005180358887e-01
1.473976969718933105e+00
7.830073237419128418e-01
1.091834545135498047e+00
1.304683566093444824e+00
1.024466753005981445e+00
7.931335568428039551e-01
2.200365781784057617e+00
2.243459224700927734e+00
2.459382057189941406e+00
2.520976066589355469e+00
1.906848192214965820e+00
1.818968653678894043e+00
2.654695987701416016e+00
1.907439470291137695e+00
1.920026540756225586e+00
1.950924038887023926e+00
1.972960710525512695e+00
1.942606210708618164e+00
2.765806913375854492e+00
2.289924144744873047e+00
1.860769152641296387e+00
1.683049201965332031e+00
1.799502491950988770e+00
2.692828416824340820e+00
2.469538450241088867e+00
2.860991239547729492e+00
2.426052093505859375e+00
2.652096986770629883e+00
2.349798440933227539e+00
2.484501361846923828e+00
2.175958395004272461e+00
1.438859462738037109e+00
8.604353070259094238e-01
7.773896455764770508e-01
7.280860543251037598e-01
6.543177962303161621e-01
7.147519588470458984e-01
6.085366010665893555e-01
7.239077091217041016e-01
6.001269817352294922e-01
5.142924189567565918e-01
4.953766167163848877e-01
5.889717340469360352e-01
5.253676176071166992e-01
5.479395389556884766e-01
5.085179805755615234e-01
5.730899572372436523e-01
4.822385609149932861e-01
3.684421479701995850e-01
3.629470467567443848e-01
4.043393731117248535e-01
4.077779352664947510e-01
3.696638047695159912e-01
2.561519145965576172e-01
3.640097081661224365e-01
4.070781767368316650e-01
2.936328649520874023e-01
3.453392684459686279e-01
3.918265402317047119e-01
3.865419328212738037e-01
4.020997285842895508e-01
2.327107787132263184e-01
2.732764482498168945e-01
3.489751815795898438e-01
4.785308241844177246e-01
3.546605110168457031e-01
3.304795920848846436e-01
3.626107275485992432e-01
5.514255166053771973e-01
5.188618898391723633e-01
4.067624211311340332e-01
5.017839074134826660e-01
1.424554824829101562e+00
1.563894152641296387e+00
1.252975821495056152e+00
1.210960745811462402e+00
4.048579633235931396e-01
2.913688421249389648e-01
4.539248049259185791e-01
3.925372660160064697e-01
4.996813237667083740e-01
4.572485089302062988e-01
6.792565584182739258e-01
8.709299564361572266e-01
2.325732946395874023e+00
2.495394468307495117e+00
2.437593460083007812e+00
2.460189819335937500e+00
2.548853635787963867e+00
2.713307380676269531e+00
2.633386611938476562e+00
2.146928787231445312e+00
1.354681015014648438e+00
1.632192850112915039e+00
1.515840649604797363e+00
1.291375637054443359e+00
1.728113651275634766e+00
1.669203400611877441e+00
1.440216541290283203e+00
1.355317473411560059e+00
1.517313957214355469e+00
1.236932396888732910e+00
1.414414048194885254e+00
1.292321801185607910e+00
1.368113756179809570e+00
1.433389306068420410e+00
1.591116786003112793e+00
1.576614260673522949e+00
1.576896071434020996e+00
1.715195655822753906e+00
1.530140995979309082e+00
1.205177307128906250e+00
1.322777390480041504e+00
1.383902311325073242e+00
1.327484130859375000e+00
1.425899624824523926e+00
1.515508770942687988e+00
1.541593551635742188e+00
1.462357044219970703e+00
1.365955233573913574e+00
1.687917470932006836e+00
1.274769425392150879e+00
1.448495984077453613e+00
8.076281547546386719e-01
3.618816137313842773e-01
3.830161988735198975e-01
2.383108735084533691e-01
3.118143379688262939e-01
4.320506751537322998e-01
4.439166486263275146e-01
3.565512299537658691e-01
3.139051496982574463e-01
4.698227345943450928e-01
2.766793668270111084e-01
2.573609650135040283e-01
1.775027960538864136e-01
2.644792795181274414e-01
3.871271312236785889e-01
1.134514808654785156e+00
7.392955422401428223e-01
8.620124459266662598e-01
8.638579845428466797e-01
1.027314066886901855e+00
9.366251826286315918e-01
1.047061681747436523e+00
8.227709531784057617e-01
8.738326430320739746e-01
1.295427918434143066e+00
1.158667564392089844e+00
1.111903429031372070e+00
1.321346640586853027e+00
1.528286933898925781e+00
1.469464182853698730e+00
1.789148688316345215e+00
2.147683620452880859e+00
1.903689861297607422e+00
1.886643886566162109e+00
1.865996122360229492e+00
1.501669526100158691e+00
1.531134843826293945e+00
3.007089376449584961e+00
2.530416250228881836e+00
3.088385105133056641e+00
4.253665924072265625e+00
3.077397584915161133e+00
2.500001668930053711e+00
2.417768239974975586e+00
1.951681613922119141e+00
1.107327103614807129e+00
1.361186742782592773e+00
2.518224954605102539e+00
1.607911348342895508e+00
9.327185153961181641e-01
1.206874489784240723e+00
1.318366885185241699e+00
9.226325154304504395e-01
1.331337690353393555e+00
1.263116121292114258e+00
1.013287425041198730e+00
7.841439843177795410e-01
6.081544756889343262e-01
6.574822664260864258e-01
6.400397419929504395e-01
4.624125063419342041e-01
4.877994656562805176e-01
4.772828817367553711e-01
5.243865847587585449e-01
4.407182037830352783e-01
4.647047817707061768e-01
5.132033824920654297e-01
4.622806608676910400e-01
5.010145306587219238e-01
4.859736859798431396e-01
4.202060997486114502e-01
4.912369251251220703e-01
5.208014249801635742e-01
5.429690480232238770e-01
4.240283966064453125e-01
4.717718660831451416e-01
4.463725686073303223e-01
4.853188693523406982e-01
3.641796410083770752e-01
4.490652978420257568e-01
4.959705770015716553e-01
4.311538338661193848e-01
1.352419734001159668e+00
1.246970057487487793e+00
1.187426209449768066e+00
1.185771703720092773e+00
3.077941536903381348e-01
3.674751222133636475e-01
5.011962652206420898e-01
4.807589650154113770e-01
6.403209567070007324e-01
4.781863093376159668e-01
5.184123516082763672e-01
6.034750938415527344e-01
6.419559717178344727e-01
5.093684792518615723e-01
5.799413323402404785e-01
6.929900050163269043e-01
7.014642953872680664e-01
6.855356097221374512e-01
5.161293745040893555e-01
2.921414971351623535e-01
7.721439599990844727e-01
5.932947993278503418e-01
8.112048506736755371e-01
2.091005563735961914e+00
2.458949804306030273e+00
2.464318275451660156e+00
2.469412803649902344e+00
2.821468353271484375e+00
2.565312623977661133e+00
2.658839225769042969e+00
2.067938327789306641e+00
1.881925344467163086e+00
1.270124554634094238e+00
1.499398112297058105e+00
1.662065386772155762e+00
1.397379755973815918e+00
1.390610337257385254e+00
1.196024060249328613e+00
1.385253071784973145e+00
1.257954359054565430e+00
1.286716222763061523e+00
1.418414235115051270e+00
1.369213700294494629e+00
1.287264466285705566e+00
1.386257052421569824e+00
1.248805999755859375e+00
1.296975135803222656e+00
1.187004923820495605e+00
1.301698684692382812e+00
1.376666426658630371e+00
1.390832901000976562e+00
1.478312849998474121e+00
1.333331823348999023e+00
1.244885921478271484e+00
1.343499422073364258e+00
1.467683911323547363e+00
1.240431785583496094e+00
1.361462950706481934e+00
1.213596820831298828e+00
2.277928590774536133e+00
1.346477746963500977e+00
1.146578788757324219e+00
7.370737195014953613e-01
7.833107113838195801e-01
1.503661155700683594e+00
5.198332667350769043e-01
3.781833052635192871e-01
4.637840986251831055e-01
8.719685077667236328e-01
4.591345787048339844e-01
3.496708273887634277e-01
3.908280134201049805e-01
3.210169076919555664e-01
3.571153283119201660e-01
3.303124010562896729e-01
2.887717485427856445e-01
3.596271574497222900e-01
2.840959131717681885e-01
3.308326303958892822e-01
3.538582324981689453e-01
3.225274682044982910e-01
3.920030593872070312e-01
6.006644964218139648e-01
6.249657273292541504e-01
6.290859580039978027e-01
6.936267018318176270e-01
7.121036648750305176e-01
6.884714961051940918e-01
6.238901615142822266e-01
7.257959246635437012e-01
7.282745838165283203e-01
9.311320185661315918e-01
3.027566671371459961e+00
3.553579092025756836e+00
2.957164049148559570e+00
3.111469984054565430e+00
3.355861425399780273e+00
2.292129755020141602e+00
2.310311555862426758e+00
2.986196517944335938e+00
2.642183303833007812e+00
2.266413927078247070e+00
3.450222730636596680e+00
2.760273694992065430e+00
1.396205782890319824e+00
1.728190898895263672e+00
1.940114736557006836e+00
1.620609998703002930e+00
2.957772731781005859e+00
1.965503334999084473e+00
2.909283161163330078e+00
1.978240847587585449e+00
1.025066494941711426e+00
1.211359024047851562e+00
1.602176308631896973e+00
9.226478338241577148e-01
6.660039424896240234e-01
1.348190307617187500e+00
8.757699728012084961e-01
5.919753313064575195e-01
1.083101987838745117e+00
6.284955739974975586e-01
3.136565387248992920e-01
3.629993796348571777e-01
4.476772844791412354e-01
4.841141998767852783e-01
2.196653634309768677e-01
3.238562941551208496e-01
4.303353726863861084e-01
3.375296592712402344e-01
2.799839079380035400e-01
3.233360350131988525e-01
3.488246798515319824e-01
4.115413129329681396e-01
2.514894902706146240e-01
3.696196675300598145e-01
3.544864654541015625e-01
2.533692717552185059e-01
4.460206329822540283e-01
2.053993940353393555e-01
1.141566276550292969e+00
1.098138213157653809e+00
9.549741744995117188e-01
2.221834957599639893e-01
2.333976626396179199e-01
3.839536309242248535e-01
3.024067580699920654e-01
3.583062887191772461e-01
3.812022209167480469e-01
3.971922695636749268e-01
2.944428324699401855e-01
3.301449120044708252e-01
4.572032690048217773e-01
1.322097629308700562e-01
2.527204751968383789e-01
3.130568265914916992e-01
4.135288000106811523e-01
3.039836287498474121e-01
2.173917144536972046e-01
4.691745042800903320e-01
4.490050077438354492e-01
5.865172147750854492e-01
6.265558004379272461e-01
4.583300948143005371e-01
3.688850998878479004e-01
4.708659648895263672e-01
1.598016619682312012e+00
1.912856459617614746e+00
2.319517374038696289e+00
2.255378723144531250e+00
2.729519605636596680e+00
2.235301256179809570e+00
2.161010503768920898e+00
2.382321357727050781e+00
2.146393299102783203e+00
1.826540589332580566e+00
1.632855534553527832e+00
1.660090208053588867e+00
1.551129221916198730e+00
1.509306192398071289e+00
1.458691239356994629e+00
1.507790684700012207e+00
1.423177838325500488e+00
1.487715005874633789e+00
1.478665947914123535e+00
1.345660448074340820e+00
1.389543533325195312e+00
1.307852983474731445e+00
1.282150030136108398e+00
1.278825759887695312e+00
1.392206668853759766e+00
1.253713965415954590e+00
1.476709961891174316e+00
1.411010861396789551e+00
1.423682451248168945e+00
1.155965805053710938e+00
1.376560091972351074e+00
1.452036142349243164e+00
1.306857228279113770e+00
1.526092529296875000e+00
1.397915601730346680e+00
1.539286732673645020e+00
1.242046475410461426e+00
1.620897769927978516e+00
2.067283630371093750e+00
1.380230188369750977e+00
1.457951188087463379e+00
1.415542244911193848e+00
1.620419502258300781e+00
1.488098144531250000e+00
1.331576466560363770e+00
2.091675043106079102e+00
1.467065811157226562e+00
1.243801593780517578e+00
1.291806817054748535e+00
1.582892775535583496e+00
1.215094447135925293e+00
1.842690706253051758e+00
1.753505229949951172e+00
1.750136375427246094e+00
1.730019450187683105e+00
1.592925310134887695e+00
1.642968654632568359e+00
1.676974654197692871e+00
1.525441527366638184e+00
1.630237340927124023e+00
1.049513578414916992e+00
1.604317545890808105e+00
9.929684996604919434e-01
1.557230591773986816e+00
9.575608372688293457e-01
6.996691823005676270e-01
5.005313158035278320e-01
6.247248053550720215e-01
5.037047863006591797e-01
8.982421755790710449e-01
1.307578921318054199e+00
1.273623108863830566e+00
1.186750769615173340e+00
1.532497048377990723e+00
1.548178791999816895e+00
1.454481720924377441e+00
1.213274717330932617e+00
1.518904566764831543e+00
1.693642854690551758e+00
1.636267304420471191e+00
1.691208600997924805e+00
1.801036000251770020e+00
2.839679718017578125e+00
1.779163241386413574e+00
1.164154410362243652e+00
1.024570345878601074e+00
1.490431785583496094e+00
1.129021883010864258e+00
2.403467178344726562e+00
2.152090072631835938e+00
1.872444510459899902e+00
1.954079151153564453e+00
1.721747756004333496e+00
8.854637145996093750e-01
5.533592700958251953e-01
3.008103966712951660e-01
3.776110112667083740e-01
3.800803422927856445e-01
4.396818578243255615e-01
2.663168311119079590e-01
3.961189091205596924e-01
3.154598474502563477e-01
3.068808615207672119e-01
3.052677810192108154e-01
4.316348731517791748e-01
3.883408308029174805e-01
2.986899912357330322e-01
2.551530897617340088e-01
2.506488561630249023e-01
3.130052983760833740e-01
3.477187156677246094e-01
3.384539186954498291e-01
2.875353097915649414e-01
3.578959703445434570e-01
3.837677836418151855e-01
3.360089659690856934e-01
3.119269907474517822e-01
3.177400529384613037e-01
3.431558012962341309e-01
2.535071372985839844e-01
5.559829473495483398e-01
3.351767957210540771e-01
3.189403414726257324e-01
3.144807517528533936e-01
3.875500559806823730e-01
3.711732625961303711e-01
3.214694261550903320e-01
2.256053388118743896e-01
2.814916968345642090e-01
5.110550522804260254e-01
4.189276993274688721e-01
3.826582431793212891e-01
4.758463203907012939e-01
3.500233292579650879e-01
3.613109290599822998e-01
4.795737862586975098e-01
4.288144111633300781e-01
1.413411378860473633e+00
1.563162088394165039e+00
1.560174942016601562e+00
1.134672522544860840e+00
5.475634932518005371e-01
4.799577891826629639e-01
6.539310216903686523e-01
5.345230102539062500e-01
1.876713037490844727e+00
2.188010692596435547e+00
2.547911643981933594e+00
2.600748538970947266e+00
2.059525251388549805e+00
2.574399948120117188e+00
2.351438283920288086e+00
2.463265895843505859e+00
2.300937652587890625e+00
2.337583303451538086e+00
2.321538209915161133e+00
1.314008951187133789e+00
1.734657168388366699e+00
1.516204953193664551e+00
2.434505701065063477e+00
1.410546302795410156e+00
1.446292757987976074e+00
1.746989965438842773e+00
1.492820262908935547e+00
1.630081653594970703e+00
6.431469321250915527e-01
2.597168207168579102e+00
9.811998605728149414e-01
7.369350194931030273e-01
8.576762080192565918e-01
2.075386285781860352e+00
1.808971166610717773e+00
2.771375894546508789e+00
2.767736196517944336e+00
3.162411689758300781e+00
2.542519807815551758e+00
1.733199238777160645e+00
2.552768945693969727e+00
1.733467340469360352e+00
1.107588291168212891e+00
1.378211498260498047e+00
6.141983270645141602e-01
4.678393602371215820e-01
2.084501981735229492e+00
8.343842029571533203e-01
7.933619022369384766e-01
1.797432184219360352e+00
1.751194596290588379e+00
1.538383364677429199e+00
7.784002423286437988e-01
1.383550643920898438e+00
2.148798227310180664e+00
5.436060428619384766e-01
4.772258698940277100e-01
6.472112536430358887e-01
6.219673752784729004e-01
1.725272059440612793e+00
1.807736635208129883e+00
1.414630889892578125e+00
1.197499036788940430e+00
1.495601892471313477e+00
1.611100196838378906e+00
1.584369301795959473e+00
1.471440076828002930e+00
1.484409570693969727e+00
1.592829108238220215e+00
1.447039365768432617e+00
1.383299231529235840e+00
1.791286945343017578e+00
1.866970300674438477e+00
1.975924253463745117e+00
2.211968183517456055e+00
2.256798028945922852e+00
3.235690355300903320e+00
4.887209415435791016e+00
4.633149147033691406e+00
5.586179256439208984e+00
4.749624252319335938e+00
3.841550350189208984e+00
4.391714572906494141e+00
3.236407279968261719e+00
2.701241016387939453e+00
3.110466003417968750e+00
3.113951921463012695e+00
2.976025342941284180e+00
2.689656496047973633e+00
2.770889043807983398e+00
1.976248145103454590e+00
1.639693498611450195e+00
1.904295563697814941e+00
1.506461024284362793e+00
1.877261877059936523e+00
1.901484966278076172e+00
2.366310358047485352e+00
1.797527313232421875e+00
1.641936421394348145e+00
1.844558715820312500e+00
1.814324617385864258e+00
1.544287443161010742e+00
2.077867746353149414e+00
1.245035529136657715e+00
1.012189865112304688e+00
7.514635920524597168e-01
6.912242174148559570e-01
7.214879393577575684e-01
5.646197795867919922e-01
8.088445663452148438e-01
7.799497246742248535e-01
5.552204251289367676e-01
6.141232252120971680e-01
8.546052575111389160e-01
4.973229765892028809e-01
5.189687609672546387e-01
3.399680256843566895e-01
2.536625564098358154e-01
4.080983698368072510e-01
4.925619065761566162e-01
2.435716390609741211e-01
3.509325087070465088e-01
4.428739845752716064e-01
8.984935283660888672e-01
1.087987303733825684e+00
1.163381814956665039e+00
9.298731088638305664e-01
2.690405249595642090e-01
2.467615902423858643e-01
4.479335546493530273e-01
3.736743927001953125e-01
3.666849136352539062e-01
3.986712992191314697e-01
2.548916041851043701e-01
2.999247908592224121e-01
1.125944927334785461e-01
3.128337264060974121e-01
4.813790023326873779e-01
3.464227616786956787e-01
5.029052495956420898e-01
4.808976650238037109e-01
2.191473096609115601e-01
2.233944684267044067e-01
2.792416512966156006e-01
4.899248182773590088e-01
3.994431793689727783e-01
3.651222884654998779e-01
4.374742507934570312e-01
2.417275011539459229e-01
5.374572277069091797e-01
5.151582956314086914e-01
5.055933594703674316e-01
7.447550296783447266e-01
1.389186620712280273e+00
1.548933625221252441e+00
1.662705421447753906e+00
2.069568157196044922e+00
2.007983446121215820e+00
2.722516775131225586e+00
1.858304738998413086e+00
1.731608390808105469e+00
1.933884143829345703e+00
1.500329494476318359e+00
1.559991598129272461e+00
1.668786525726318359e+00
1.301661729812622070e+00
1.421528577804565430e+00
1.506814360618591309e+00
1.090736985206604004e+00
1.287526726722717285e+00
1.493946552276611328e+00
3.667802810668945312e-01
3.119722306728363037e-01
3.700796067714691162e-01
4.026851952075958252e-01
3.226623237133026123e-01
4.113305211067199707e-01
5.427111387252807617e-01
2.978186309337615967e-01
-2.776008844375610352e-02
3.277314901351928711e-01
5.661771893501281738e-01
2.906306982040405273e-01
3.800537586212158203e-01
4.776866137981414795e-01
4.628631174564361572e-01
4.030272662639617920e-01
4.532346129417419434e-01
5.752819180488586426e-01
3.062572777271270752e-01
4.030061662197113037e-01
4.143735468387603760e-01
4.341722130775451660e-01
2.679674327373504639e-01
4.450977444648742676e-01
4.436740875244140625e-01
4.298389852046966553e-01
2.961359322071075439e-01
4.029897153377532959e-01
2.823973298072814941e-01
3.524578511714935303e-01
3.246777653694152832e-01
3.871849775314331055e-01
3.991238474845886230e-01
3.813957571983337402e-01
3.322003781795501709e-01
3.299083709716796875e-01
4.081575572490692139e-01
3.858454525470733643e-01
4.624089598655700684e-01
3.374414145946502686e-01
4.242537021636962891e-01
5.116519927978515625e-01
4.259791374206542969e-01
4.467513859272003174e-01
4.537970721721649170e-01
3.335396051406860352e-01
1.667822241783142090e+00
1.209161043167114258e+00
1.350426197052001953e+00
6.609227061271667480e-01
2.034069746732711792e-01
4.326811134815216064e-01
1.827904134988784790e-01
5.582341551780700684e-01
4.120640158653259277e-01
4.011598527431488037e-01
5.584183335304260254e-01
4.997969865798950195e-01
4.060990810394287109e-01
4.244370758533477783e-01
3.894605338573455811e-01
5.321328639984130859e-01
6.067793369293212891e-01
4.305927455425262451e-01
3.720536530017852783e-01
1.602499723434448242e+00
1.616410851478576660e+00
1.393507003784179688e+00
1.423065662384033203e+00
1.393563985824584961e+00
6.375783681869506836e-01
9.849407076835632324e-01
1.487901329994201660e+00
2.139756202697753906e+00
1.843044281005859375e+00
1.839113116264343262e+00
1.406003952026367188e+00
8.473008275032043457e-01
4.316354393959045410e-01
2.661710083484649658e-01
4.619660079479217529e-01
4.644252061843872070e-01
4.123953878879547119e-01
1.704266816377639771e-01
2.564191520214080811e-01
3.966443538665771484e-01
3.804273605346679688e-01
2.339560091495513916e-01
5.998460054397583008e-01
3.896052539348602295e-01
2.193073928356170654e-01
3.377700448036193848e-01
3.808579742908477783e-01
1.973707824945449829e-01
2.609532773494720459e-01
4.271934032440185547e-01
2.631997764110565186e-01
2.403997778892517090e-01
2.536140382289886475e-01
2.394566088914871216e-01
3.039710223674774170e-01
3.660780489444732666e-01
4.484836757183074951e-01
3.051710426807403564e-01
2.801620662212371826e-01
3.629486858844757080e-01
2.441943883895874023e-01
2.851487398147583008e-01
4.225063323974609375e-01
4.651030600070953369e-01
3.388217687606811523e-01
3.568360209465026855e-01
3.757953643798828125e-01
4.166529476642608643e-01
2.986146211624145508e-01
3.865123391151428223e-01
3.151731491088867188e-01
3.301416337490081787e-01
2.978907227516174316e-01
3.407420814037322998e-01
3.715523481369018555e-01
3.473804593086242676e-01
4.048653841018676758e-01
8.931952118873596191e-01
1.178780794143676758e+00
2.134230852127075195e+00
2.590291738510131836e+00
2.016421794891357422e+00
2.150458812713623047e+00
2.310752868652343750e+00
1.999460697174072266e+00
2.288124799728393555e+00
2.292754173278808594e+00
2.009692192077636719e+00
1.771935343742370605e+00
2.499849796295166016e+00
2.195876598358154297e+00
2.433374881744384766e+00
2.379156351089477539e+00
1.367893338203430176e+00
1.583553910255432129e+00
1.576105833053588867e+00
1.425755739212036133e+00
1.410089373588562012e+00
1.755268216133117676e+00
3.046340465545654297e+00
2.506800651550292969e+00
3.255877017974853516e+00
3.201965332031250000e+00
2.529212713241577148e+00
1.774415135383605957e+00
2.779667377471923828e+00
2.612025976181030273e+00
2.434403181076049805e+00
3.221009254455566406e+00
2.008219480514526367e+00
2.108019828796386719e+00
2.245270967483520508e+00
1.966795325279235840e+00
1.846674442291259766e+00
1.878586530685424805e+00
2.337400674819946289e+00
1.973560690879821777e+00
1.919027805328369141e+00
1.800422906875610352e+00
1.903738021850585938e+00
1.496210336685180664e+00
2.347339391708374023e+00
2.180423021316528320e+00
1.363733410835266113e+00
1.765867590904235840e+00
1.509484648704528809e+00
1.673183560371398926e+00
1.756588816642761230e+00
1.937390923500061035e+00
2.960366725921630859e+00
2.543989896774291992e+00
7.765887379646301270e-01
4.575700163841247559e-01
6.717805862426757812e-01
7.073737978935241699e-01
4.346573650836944580e-01
1.118558764457702637e+00
8.825486898422241211e-01
7.611044049263000488e-01
9.575923085212707520e-01
7.621207833290100098e-01
7.852995991706848145e-01
8.120756745338439941e-01
6.586633324623107910e-01
9.125596880912780762e-01
8.396989703178405762e-01
1.040188670158386230e+00
1.027457118034362793e+00
3.376284360885620117e+00
4.397522926330566406e+00
4.670591354370117188e+00
3.239467382431030273e+00
3.188965082168579102e+00
3.293288230895996094e+00
1.823203682899475098e+00
1.392199754714965820e+00
2.145884990692138672e+00
3.670005798339843750e+00
2.950866460800170898e+00
1.186705350875854492e+00
8.240606188774108887e-01
1.835886478424072266e+00
1.760343432426452637e+00
1.699638962745666504e+00
1.914058685302734375e+00
1.597414970397949219e+00
1.804353475570678711e+00
2.515296220779418945e+00
2.430782556533813477e+00
2.845082044601440430e+00
2.143642187118530273e+00
1.828100681304931641e+00
1.867420077323913574e+00
1.148212075233459473e+00
6.255295276641845703e-01
4.001733660697937012e-01
1.752354651689529419e-01
5.150760412216186523e-01
3.317653834819793701e-01
4.260767102241516113e-01
3.133468329906463623e-01
4.395952224731445312e-01
3.148376345634460449e-01
3.060950040817260742e-01
1.960743069648742676e-01
2.749698162078857422e-01
3.537781834602355957e-01
4.033948481082916260e-01
3.741222918033599854e-01
3.093507587909698486e-01
3.443371653556823730e-01
4.950981438159942627e-01
3.340162634849548340e-01
3.309269249439239502e-01
3.261058032512664795e-01
4.268230795860290527e-01
4.376614689826965332e-01
2.786350548267364502e-01
2.263327986001968384e-01
2.903952300548553467e-01
3.531792759895324707e-01
3.784335553646087646e-01
2.627642452716827393e-01
2.897894680500030518e-01
2.102002054452896118e-01
1.608198285102844238e-01
2.282276302576065063e-01
3.299105465412139893e-01
1.940799653530120850e-01
3.010140657424926758e-01
3.767327964305877686e-01
3.562732934951782227e-01
3.955690860748291016e-01
4.710109531879425049e-01
7.448035478591918945e-01
5.654410123825073242e-01
6.344744563102722168e-01
5.547187924385070801e-01
3.851544559001922607e-01
6.410108804702758789e-01
5.471518039703369141e-01
5.765731930732727051e-01
7.765278816223144531e-01
1.662453532218933105e+00
1.683550834655761719e+00
2.627852916717529297e+00
2.268605947494506836e+00
2.338794708251953125e+00
2.533939123153686523e+00
2.530178070068359375e+00
2.502736568450927734e+00
2.075578927993774414e+00
2.145944118499755859e+00
1.898888468742370605e+00
1.789305448532104492e+00
1.357393503189086914e+00
1.102751016616821289e+00
1.263454675674438477e+00
1.148243904113769531e+00
1.288579583168029785e+00
1.241490364074707031e+00
1.177516460418701172e+00
1.697204709053039551e+00
1.348967194557189941e+00
1.542923450469970703e+00
1.537914872169494629e+00
1.595558524131774902e+00
1.527098417282104492e+00
1.531525731086730957e+00
1.424326539039611816e+00
1.309602022171020508e+00
1.941174626350402832e+00
2.530864477157592773e+00
1.610973238945007324e+00
1.271518588066101074e+00
1.686902761459350586e+00
1.853010773658752441e+00
1.071577548980712891e+00
8.488247990608215332e-01
4.582966566085815430e-01
4.749990999698638916e-01
6.187250614166259766e-01
1.835446238517761230e+00
4.111129045486450195e-01
5.078724622726440430e-01
6.230144500732421875e-01
6.274013519287109375e-01
1.583126544952392578e+00
1.641376972198486328e+00
1.691818475723266602e+00
2.463165044784545898e+00
4.297707378864288330e-01
4.532792866230010986e-01
4.798837900161743164e-01
4.409111738204956055e-01
4.826129674911499023e-01
7.488004565238952637e-01
9.453237056732177734e-01
4.683996438980102539e-01
8.282852768898010254e-01
6.884040236473083496e-01
5.444686412811279297e-01
4.617557823657989502e-01
7.327818870544433594e-01
1.141122817993164062e+00
1.221912622451782227e+00
1.638136386871337891e+00
6.496038436889648438e-01
6.653406023979187012e-01
8.732814788818359375e-01
1.550578832626342773e+00
1.575742125511169434e+00
1.874328136444091797e+00
1.851807713508605957e+00
1.996728539466857910e+00
2.147028684616088867e+00
3.113306045532226562e+00
2.683058977127075195e+00
2.652020215988159180e+00
2.562000274658203125e+00
2.266659259796142578e+00
1.894238352775573730e+00
1.825356245040893555e+00
3.303425073623657227e+00
2.814766883850097656e+00
3.173090219497680664e+00
2.677320003509521484e+00
2.708438396453857422e+00
2.342891454696655273e+00
2.034714937210083008e+00
1.272350192070007324e+00
1.123291373252868652e+00
1.129047155380249023e+00
8.509145379066467285e-01
1.210689425468444824e+00
7.348784208297729492e-01
8.103625774383544922e-01
7.543958425521850586e-01
7.379847764968872070e-01
3.819853365421295166e-01
6.506495475769042969e-01
6.691371798515319824e-01
6.986306309700012207e-01
5.398202538490295410e-01
6.471813917160034180e-01
3.922944366931915283e-01
2.795590460300445557e-01
4.040055274963378906e-01
5.288760662078857422e-01
3.762832581996917725e-01
4.735159277915954590e-01
4.168311357498168945e-01
4.386687874794006348e-01
2.215204536914825439e-01
2.721474468708038330e-01
3.117597997188568115e-01
4.437313675880432129e-01
2.665100693702697754e-01
1.680050343275070190e-01
3.297227919101715088e-01
3.613197207450866699e-01
2.097860574722290039e-01
4.020597040653228760e-01
1.168424010276794434e+00
1.075481057167053223e+00
1.057574152946472168e+00
1.027422904968261719e+00
1.760086864233016968e-01
6.779565662145614624e-02
3.822152912616729736e-01
3.595342338085174561e-01
3.897310495376586914e-01
4.671453535556793213e-01
2.788093984127044678e-01
3.368693590164184570e-01
3.062268495559692383e-01
2.697893679141998291e-01
4.274631142616271973e-01
3.385786414146423340e-01
3.661989271640777588e-01
4.753584265708923340e-01
3.773897886276245117e-01
5.123136639595031738e-01
5.065482854843139648e-01
6.840829253196716309e-01
5.438823699951171875e-01
7.001614570617675781e-01
2.240341901779174805e+00
1.898618459701538086e+00
2.085849046707153320e+00
2.085434436798095703e+00
2.764363288879394531e+00
1.845332980155944824e+00
3.428695440292358398e+00
2.745060205459594727e+00
2.025156497955322266e+00
1.818684339523315430e+00
1.131517291069030762e+00
1.907530188560485840e+00
1.153606295585632324e+00
2.156896829605102539e+00
1.970544219017028809e+00
1.235842227935791016e+00
1.349631071090698242e+00
1.539846420288085938e+00
1.538731217384338379e+00
1.530946493148803711e+00
1.406652688980102539e+00
1.372998356819152832e+00
1.708404064178466797e+00
1.298005461692810059e+00
1.643416047096252441e+00
1.377045512199401855e+00
1.397664427757263184e+00
1.386125802993774414e+00
1.339982509613037109e+00
1.419641971588134766e+00
1.435465097427368164e+00
1.357925534248352051e+00
1.343694090843200684e+00
1.279014945030212402e+00
2.028439521789550781e+00
1.463257789611816406e+00
1.472231984138488770e+00
1.674650073051452637e+00
1.270914196968078613e+00
2.082740545272827148e+00
2.997588634490966797e+00
1.578924655914306641e+00
1.611650228500366211e+00
1.902081131935119629e+00
1.591870307922363281e+00
1.229432463645935059e+00
1.799833059310913086e+00
3.009977340698242188e+00
1.870908260345458984e+00
1.079761028289794922e+00
1.565879225730895996e+00
1.474560499191284180e+00
1.578785061836242676e+00
1.410100340843200684e+00
2.030853271484375000e+00
1.292305588722229004e+00
5.418655276298522949e-01
6.289667487144470215e-01
1.176425576210021973e+00
7.527890801429748535e-01
8.344061374664306641e-01
2.356474161148071289e+00
2.367407798767089844e+00
2.446074962615966797e+00
2.278262138366699219e+00
2.265860080718994141e+00
7.341841459274291992e-01
9.183867573738098145e-01
2.171373605728149414e+00
2.173763990402221680e+00
2.783667802810668945e+00
2.527887344360351562e+00
2.264534235000610352e+00
1.812761902809143066e+00
1.425875425338745117e+00
1.871584177017211914e+00
1.619645953178405762e+00
1.757844209671020508e+00
1.562110900878906250e+00
2.084224224090576172e+00
2.872582674026489258e+00
2.803677797317504883e+00
2.520111560821533203e+00
1.863065481185913086e+00
1.764281153678894043e+00
1.640546798706054688e+00
2.046550989151000977e+00
2.301462650299072266e+00
1.894080996513366699e+00
1.297311425209045410e+00
8.241880536079406738e-01
6.995625495910644531e-01
5.445821285247802734e-01
6.733777523040771484e-01
3.949172794818878174e-01
5.373097658157348633e-01
3.083094656467437744e-01
2.922366261482238770e-01
4.512542486190795898e-01
3.335015177726745605e-01
3.635083734989166260e-01
2.382045239210128784e-01
2.550733387470245361e-01
4.025360941886901855e-01
3.092548251152038574e-01
3.495398163795471191e-01
3.339419960975646973e-01
4.571273624897003174e-01
1.854332685470581055e-01
2.588723301887512207e-01
2.376119196414947510e-01
2.961246967315673828e-01
3.132163584232330322e-01
2.835416793823242188e-01
3.428148031234741211e-01
2.519653439521789551e-01
3.437094688415527344e-01
4.266764521598815918e-01
2.669003903865814209e-01
2.670234441757202148e-01
2.029135972261428833e-01
3.682017624378204346e-01
1.707523167133331299e-01
1.773799955844879150e-01
2.009022682905197144e-01
5.743957757949829102e-01
1.850884556770324707e-01
4.370894134044647217e-01
2.206142842769622803e-01
3.640379309654235840e-01
4.099117815494537354e-01
3.747206330299377441e-01
4.287247657775878906e-01
1.492358207702636719e+00
1.300374269485473633e+00
1.477533102035522461e+00
1.065445423126220703e+00
4.585677385330200195e-01
5.029488801956176758e-01
6.239307522773742676e-01
4.252892434597015381e-01
6.017592549324035645e-01
1.774678826332092285e+00
9.511855840682983398e-01
2.339236497879028320e+00
2.035752058029174805e+00
2.075235605239868164e+00
2.953495502471923828e+00
2.056360483169555664e+00
2.391689538955688477e+00
2.945211648941040039e+00
1.962415337562561035e+00
2.118175983428955078e+00
1.988427400588989258e+00
2.165683031082153320e+00
1.860129356384277344e+00
1.014645814895629883e+00
1.966845512390136719e+00
1.050407886505126953e+00
1.394493699073791504e+00
8.060293197631835938e-01
1.009457707405090332e+00
7.742641568183898926e-01
7.487176656723022461e-01
8.487855792045593262e-01
1.259470105171203613e+00
1.016497015953063965e+00
7.606063485145568848e-01
6.631590723991394043e-01
3.179522156715393066e-01
4.867863953113555908e-01
6.381427049636840820e-01
1.523558735847473145e+00
1.506101489067077637e+00
1.425146937370300293e+00
4.469144642353057861e-01
5.113345980644226074e-01
5.972993969917297363e-01
5.571231842041015625e-01
5.921131968498229980e-01
5.139886736869812012e-01
6.516587734222412109e-01
4.588571786880493164e-01
7.497556805610656738e-01
3.050887882709503174e-01
4.121670722961425781e-01
4.950120747089385986e-01
4.251489043235778809e-01
1.960852593183517456e-01
4.852780401706695557e-01
3.936533927917480469e-01
3.365185260772705078e-01
3.545122146606445312e-01
3.553490340709686279e-01
2.465858906507492065e-01
3.195438981056213379e-01
3.616160154342651367e-01
3.596564829349517822e-01
3.544264137744903564e-01
4.603186845779418945e-01
5.836161375045776367e-01
4.539209604263305664e-01
7.192288041114807129e-01
6.554862856864929199e-01
6.599578857421875000e-01
6.297399997711181641e-01
1.293214321136474609e+00
1.586415410041809082e+00
1.909046769142150879e+00
1.768688917160034180e+00
1.815430283546447754e+00
1.804255604743957520e+00
1.757797360420227051e+00
2.090794563293457031e+00
2.353832960128784180e+00
2.353677749633789062e+00
2.558198690414428711e+00
2.875299215316772461e+00
3.077348947525024414e+00
3.088015556335449219e+00
2.623453378677368164e+00
1.976438403129577637e+00
1.489910721778869629e+00
1.334064960479736328e+00
2.538440465927124023e+00
1.823189735412597656e+00
1.506842851638793945e+00
1.600009918212890625e+00
1.469379782676696777e+00
1.460571646690368652e+00
1.390200853347778320e+00
1.687401652336120605e+00
1.607822179794311523e+00
1.309476494789123535e+00
1.092956423759460449e+00
1.283051013946533203e+00
1.133398175239562988e+00
1.154116392135620117e+00
8.890736103057861328e-01
1.133231043815612793e+00
1.848616957664489746e+00
1.592374324798583984e+00
1.503637075424194336e+00
1.448380589485168457e+00
5.184066295623779297e-01
5.021953582763671875e-01
5.178132057189941406e-01
4.528026282787322998e-01
3.490872681140899658e-01
4.632655084133148193e-01
5.156055688858032227e-01
3.431437313556671143e-01
3.506216704845428467e-01
3.736938536167144775e-01
3.493627309799194336e-01
2.651675343513488770e-01
2.136771380901336670e-01
3.634741306304931641e-01
3.380855321884155273e-01
2.456333935260772705e-01
2.099491357803344727e-01
3.956540524959564209e-01
2.173736244440078735e-01
2.821810543537139893e-01
2.907775938510894775e-01
2.845569550991058350e-01
1.842861771583557129e-01
2.776861488819122314e-01
3.350721001625061035e-01
2.384298294782638550e-01
2.553559243679046631e-01
4.236180484294891357e-01
3.635733425617218018e-01
3.807220160961151123e-01
3.716375827789306641e-01
5.013667345046997070e-01
4.759704768657684326e-01
4.306505918502807617e-01
4.939403533935546875e-01
