1.892747879028320312e+00
1.428337693214416504e+00
1.349720358848571777e+00
1.776503205299377441e+00
1.289449214935302734e+00
1.412757635116577148e+00
2.024399995803833008e+00
1.961249828338623047e+00
1.096212148666381836e+00
1.443839073181152344e+00
1.700910568237304688e+00
1.195937752723693848e+00
1.535393238067626953e+00
1.416172981262207031e+00
1.168313026428222656e+00
1.172239780426025391e+00
1.161750912666320801e+00
1.154682755470275879e+00
9.062660932540893555e-01
1.172080755233764648e+00
1.223277091979980469e+00
1.162509083747863770e+00
1.186592340469360352e+00
1.010081291198730469e+00
3.881593942642211914e-01
5.121157765388488770e-01
4.176161289215087891e-01
4.954229295253753662e-01
3.700976967811584473e-01
3.152789473533630371e-01
4.274384379386901855e-01
1.181360721588134766e+00
4.992561936378479004e-01
4.262101948261260986e-01
4.344750642776489258e-01
2.108802497386932373e-01
2.268560528755187988e-01
6.196202635765075684e-01
4.468807578086853027e-01
3.981995880603790283e-01
6.212196350097656250e-01
4.995933473110198975e-01
3.182972967624664307e-01
4.170391559600830078e-01
4.169813394546508789e-01
3.127366900444030762e-01
2.711376547813415527e-01
4.259654283523559570e-01
3.755601942539215088e-01
4.646954834461212158e-01
3.984213471412658691e-01
3.188199996948242188e-01
2.229583710432052612e-01
2.280733138322830200e-01
4.668835997581481934e-01
2.834605574607849121e-01
1.562413811683654785e+00
1.621289491653442383e+00
2.192426919937133789e+00
1.754598855972290039e+00
1.482026934623718262e+00
5.756974816322326660e-01
5.651310086250305176e-01
5.080081224441528320e-01
8.891199231147766113e-01
3.434479832649230957e-01
5.825307369232177734e-01
6.939550638198852539e-01
4.670636653900146484e-01
3.903469443321228027e-01
3.256683349609375000e-01
6.338719725608825684e-01
4.801260828971862793e-01
4.665801823139190674e-01
5.901119709014892578e-01
4.242972731590270996e-01
6.106764674186706543e-01
1.917529344558715820e+00
1.701670289039611816e+00
2.285896301269531250e+00
1.751077890396118164e+00
1.888214230537414551e+00
1.457748651504516602e+00
1.629889249801635742e+00
1.536498069763183594e+00
1.333200216293334961e+00
1.446693420410156250e+00
1.389667630195617676e+00
1.476361274719238281e+00
1.405805468559265137e+00
1.555381536483764648e+00
1.423968553543090820e+00
1.425164222717285156e+00
1.379553794860839844e+00
1.617045044898986816e+00
1.572730302810668945e+00
1.701992392539978027e+00
1.861775636672973633e+00
2.186489343643188477e+00
1.394363284111022949e+00
1.323899507522583008e+00
1.637579321861267090e+00
1.510175347328186035e+00
1.426528692245483398e+00
1.524428486824035645e+00
1.468408107757568359e+00
1.491527915000915527e+00
1.345984101295471191e+00
1.382992267608642578e+00
1.476969003677368164e+00
8.801248669624328613e-01
3.542987108230590820e-01
4.620465934276580811e-01
2.542680203914642334e-01
2.888276576995849609e-01
2.839736640453338623e-01
3.648141920566558838e-01
3.135214149951934814e-01
3.485777378082275391e-01
4.246906042098999023e-01
2.474364191293716431e-01
2.429666966199874878e-01
6.313250660896301270e-01
1.068271756172180176e+00
3.119278252124786377e-01
5.890111923217773438e-01
2.121430188417434692e-01
2.692332267761230469e-01
1.016816616058349609e+00
1.574456810951232910e+00
1.485531568527221680e+00
1.191310405731201172e+00
1.530892491340637207e+00
1.196070671081542969e+00
1.334182262420654297e+00
1.257137179374694824e+00
1.343958616256713867e+00
1.161554098129272461e+00
1.257787942886352539e+00
1.283723115921020508e+00
1.102426171302795410e+00
9.143871068954467773e-01
1.273827075958251953e+00
1.862869739532470703e+00
1.249163985252380371e+00
1.424987673759460449e+00
1.749388813972473145e+00
2.160327196121215820e+00
1.361126422882080078e+00
1.606465935707092285e+00
1.251307129859924316e+00
1.397334694862365723e+00
1.546381831169128418e+00
2.006591081619262695e+00
1.900155305862426758e+00
7.640509605407714844e-01
4.587500095367431641e-01
4.126031696796417236e-01
2.810402810573577881e-01
6.241415143013000488e-01
5.255005359649658203e-01
4.619596898555755615e-01
4.407894611358642578e-01
2.067369818687438965e-01
2.254518419504165649e-01
2.399431318044662476e-01
2.593728303909301758e-01
2.535422146320343018e-01
2.681971490383148193e-01
1.430679321289062500e+00
1.346352577209472656e+00
1.536287307739257812e+00
1.742018938064575195e+00
1.916150808334350586e+00
8.842601776123046875e-01
2.631005644798278809e-01
4.170934259891510010e-01
2.796558141708374023e-01
1.906625181436538696e-01
5.196534991264343262e-01
2.598823904991149902e-01
3.213438987731933594e-01
5.593255758285522461e-01
4.923363327980041504e-01
2.708476781845092773e-01
4.266101121902465820e-01
4.627241492271423340e-01
4.868436753749847412e-01
4.130502045154571533e-01
2.955844700336456299e-01
3.357480168342590332e-01
1.399100542068481445e+00
7.732858657836914062e-01
6.000165343284606934e-01
3.621737957000732422e-01
2.064168453216552734e-01
1.612462997436523438e+00
7.741925716400146484e-01
5.702155232429504395e-01
1.592026829719543457e+00
1.725608110427856445e+00
1.668962001800537109e+00
1.121318459510803223e+00
1.432392477989196777e+00
1.432138323783874512e+00
1.183706998825073242e+00
1.359035611152648926e+00
5.052304267883300781e-01
8.967672586441040039e-01
2.615086138248443604e-01
5.221557021141052246e-01
5.931506156921386719e-01
6.347474455833435059e-01
6.028674244880676270e-01
5.369553565979003906e-01
3.345266580581665039e-01
4.903967976570129395e-01
3.609715998172760010e-01
3.440118134021759033e-01
3.620718419551849365e-01
2.017933577299118042e-01
3.464282453060150146e-01
2.617763876914978027e-01
3.379857540130615234e-01
5.209006071090698242e-01
1.189102530479431152e-01
4.484960138797760010e-01
5.991385579109191895e-01
1.278698921203613281e+00
2.888490557670593262e-01
3.092910051345825195e-01
4.049182832241058350e-01
2.789552211761474609e-01
2.682936191558837891e-01
4.176350533962249756e-01
3.225233554840087891e-01
5.164051651954650879e-01
4.410320520401000977e-01
3.536011278629302979e-01
4.625056982040405273e-01
4.970236718654632568e-01
4.489551186561584473e-01
3.787696063518524170e-01
5.074300765991210938e-01
6.023916006088256836e-01
3.136447668075561523e-01
3.314191997051239014e-01
4.085980355739593506e-01
3.755029141902923584e-01
2.628152370452880859e-01
4.426974654197692871e-01
3.259761631488800049e-01
1.780951172113418579e-01
1.390708923339843750e+00
1.803038001060485840e+00
1.613035559654235840e+00
1.072890758514404297e+00
9.309804439544677734e-01
4.437974095344543457e-01
1.918912976980209351e-01
1.239360570907592773e+00
1.353576660156250000e+00
9.305018782615661621e-01
9.073830842971801758e-01
1.531756520271301270e+00
1.054070949554443359e+00
1.135094523429870605e+00
1.329690337181091309e+00
1.373789787292480469e+00
9.906274080276489258e-01
1.247170805931091309e+00
1.233826279640197754e+00
1.329553604125976562e+00
1.647883534431457520e+00
1.327965497970581055e+00
1.303842663764953613e+00
9.476976394653320312e-01
1.305893182754516602e+00
1.524224519729614258e+00
2.016349077224731445e+00
1.219339132308959961e+00
1.388488292694091797e+00
1.590880990028381348e+00
2.497469663619995117e+00
2.205929756164550781e+00
2.409229993820190430e+00
2.014539957046508789e+00
2.238759994506835938e+00
1.279594063758850098e+00
4.405375719070434570e-01
7.203208208084106445e-01
7.164856791496276855e-01
6.920813322067260742e-01
6.657608151435852051e-01
7.610589265823364258e-01
4.747844636440277100e-01
1.419706106185913086e+00
1.188594341278076172e+00
1.053564190864562988e+00
1.321653008460998535e+00
1.359583258628845215e+00
1.056494474411010742e+00
1.258999466896057129e+00
1.783554077148437500e+00
5.471293330192565918e-01
4.233228564262390137e-01
5.485321283340454102e-01
4.961435496807098389e-01
6.128484010696411133e-01
6.564943790435791016e-01
3.593470454216003418e-01
3.726281821727752686e-01
2.973214089870452881e-01
4.891345798969268799e-01
1.684540063142776489e-01
2.256557792425155640e-01
4.354113936424255371e-01
2.359374612569808960e-01
3.751748204231262207e-01
5.332514643669128418e-01
4.045663475990295410e-01
3.299999237060546875e-01
7.059156298637390137e-01
3.523630201816558838e-01
4.326827526092529297e-01
5.276892185211181641e-01
5.299699902534484863e-01
4.419590532779693604e-01
1.274026274681091309e+00
9.955647587776184082e-01
4.130203425884246826e-01
5.429397225379943848e-01
4.876213073730468750e-01
3.091289997100830078e-01
1.409136056900024414e+00
1.952436804771423340e+00
2.237687826156616211e+00
2.036327123641967773e+00
1.395032644271850586e+00
1.757282614707946777e+00
2.515959978103637695e+00
1.111212372779846191e+00
1.526639580726623535e+00
2.468383312225341797e+00
1.836856484413146973e+00
1.639189124107360840e+00
1.315838336944580078e+00
3.255554676055908203e+00
1.932038426399230957e+00
1.227514863014221191e+00
1.261695981025695801e+00
1.891920924186706543e+00
1.050448536872863770e+00
5.963430404663085938e-01
8.438978791236877441e-01
3.805537223815917969e-01
9.452430903911590576e-02
4.286979138851165771e-01
3.896222412586212158e-01
3.431804478168487549e-01
5.235865116119384766e-01
3.610193133354187012e-01
4.044868350028991699e-01
4.642152488231658936e-01
6.370792388916015625e-01
3.829655051231384277e-01
4.238088428974151611e-01
3.789052963256835938e-01
9.971863031387329102e-01
6.098306179046630859e-01
4.664815068244934082e-01
2.847789525985717773e-01
2.348065376281738281e-01
3.047574162483215332e-01
4.386369884014129639e-01
4.235196709632873535e-01
4.255685508251190186e-01
5.336187481880187988e-01
3.376395702362060547e-01
3.207789957523345947e-01
6.229755282402038574e-01
4.890611171722412109e-01
3.995001912117004395e-01
4.498717188835144043e-01
3.063940405845642090e-01
3.471601009368896484e-01
3.860948681831359863e-01
3.748900294303894043e-01
4.872246682643890381e-01
1.679693907499313354e-01
3.720873892307281494e-01
3.224671483039855957e-01
1.423687100410461426e+00
1.284502387046813965e+00
3.115698397159576416e-01
6.623924374580383301e-01
9.723993539810180664e-01
6.827883124351501465e-01
6.800253987312316895e-01
1.487781882286071777e+00
1.516756176948547363e+00
1.419646024703979492e+00
1.948497176170349121e+00
2.004509925842285156e+00
1.401583313941955566e+00
1.374011516571044922e+00
1.572798013687133789e+00
6.518714427947998047e-01
1.668335914611816406e+00
1.762052416801452637e+00
1.731237053871154785e+00
1.419811844825744629e+00
1.684652924537658691e+00
1.671919465065002441e+00
1.588327288627624512e+00
2.595177650451660156e+00
2.337106227874755859e+00
2.583819150924682617e+00
3.559570074081420898e+00
3.446402549743652344e+00
2.081238985061645508e+00
8.415036201477050781e-01
1.052708983421325684e+00
9.215931296348571777e-01
8.877491354942321777e-01
1.351918935775756836e+00
6.728467941284179688e-01
3.052664101123809814e-01
5.006927251815795898e-01
2.910303175449371338e-01
2.509108781814575195e-01
3.784941434860229492e-01
4.066154956817626953e-01
4.046855568885803223e-01
1.501994371414184570e+00
3.355959057807922363e-01
3.640782237052917480e-01
3.888690173625946045e-01
4.765403270721435547e-01
3.700815141201019287e-01
4.746548235416412354e-01
4.412014484405517578e-01
1.365100264549255371e+00
1.494027972221374512e+00
1.516776800155639648e+00
1.065547108650207520e+00
3.273433446884155273e-01
3.406782150268554688e-01
3.507329523563385010e-01
1.606635898351669312e-01
3.666747510433197021e-01
6.373935937881469727e-01
2.419201880693435669e-01
1.932447850704193115e-01
3.345279991626739502e-01
3.688217699527740479e-01
2.904613018035888672e-01
1.230797529220581055e+00
4.275930225849151611e-01
1.975884139537811279e-01
2.661808729171752930e-01
2.782981991767883301e-01
3.610491752624511719e-01
2.961685657501220703e-01
2.256598770618438721e-01
7.231538891792297363e-01
5.981121063232421875e-01
2.028968781232833862e-01
3.818227946758270264e-01
6.246116161346435547e-01
4.287107884883880615e-01
4.794978499412536621e-01
7.523645162582397461e-01
2.113762140274047852e+00
1.981940150260925293e+00
2.074152469635009766e+00
2.230159997940063477e+00
2.038602352142333984e+00
1.457195758819580078e+00
2.253319501876831055e+00
2.118948221206665039e+00
2.016836881637573242e+00
4.099197864532470703e+00
4.344611167907714844e+00
3.980983972549438477e+00
2.992307186126708984e+00
2.175058364868164062e+00
1.585463523864746094e+00
2.153182268142700195e+00
1.557940244674682617e+00
2.943345069885253906e+00
2.592776536941528320e+00
3.712371826171875000e+00
5.009906768798828125e+00
3.179109334945678711e+00
3.352861881256103516e+00
3.000236988067626953e+00
1.298720359802246094e+00
1.597783088684082031e+00
5.089447498321533203e+00
4.714500427246093750e+00
3.052679061889648438e+00
2.894998073577880859e+00
1.929162502288818359e+00
4.467683732509613037e-01
-5.736869294196367264e-03
1.060068726539611816e+00
1.267503023147583008e+00
2.619774103164672852e+00
2.762550354003906250e+00
2.293868780136108398e+00
4.849120974540710449e-01
1.059390902519226074e+00
1.520544171333312988e+00
3.375937223434448242e+00
2.430557727813720703e+00
1.262030363082885742e+00
1.539082050323486328e+00
9.977180957794189453e-01
2.072125487029552460e-02
1.224300622940063477e+00
1.610032320022583008e+00
6.923488974571228027e-01
4.459433257579803467e-01
1.102475523948669434e+00
1.976460337638854980e+00
1.352198719978332520e+00
1.885355114936828613e-01
7.498743534088134766e-01
1.753094643354415894e-01
5.008725523948669434e-01
1.098845720291137695e+00
7.725672125816345215e-01
6.182048320770263672e-01
6.120666861534118652e-01
6.545674800872802734e-01
5.261802673339843750e-01
1.276793837547302246e+00
1.602452874183654785e+00
1.055687069892883301e+00
7.740300297737121582e-01
1.110914468765258789e+00
1.191770911216735840e+00
1.229313492774963379e+00
1.436517834663391113e+00
2.907732248306274414e+00
2.355750799179077148e+00
2.267504692077636719e+00
4.464850425720214844e+00
4.784049034118652344e+00
4.609310150146484375e+00
4.112517833709716797e+00
2.178506374359130859e+00
2.995992660522460938e+00
5.498471260070800781e+00
4.152187824249267578e+00
5.380518913269042969e+00
4.286069869995117188e+00
4.115548133850097656e+00
3.042750358581542969e+00
3.284620523452758789e+00
2.693912029266357422e+00
2.486163139343261719e+00
3.375494480133056641e+00
2.968089580535888672e+00
2.116115093231201172e+00
2.262015342712402344e+00
2.540976524353027344e+00
2.270622491836547852e+00
1.812718033790588379e+00
1.642335772514343262e+00
1.901834964752197266e+00
5.911809802055358887e-01
-6.805741786956787109e-02
-1.345157474279403687e-01
2.700774371623992920e-01
5.603879690170288086e-01
5.737823247909545898e-01
3.385207951068878174e-01
6.995403766632080078e-01
5.853388309478759766e-01
1.540237069129943848e+00
1.586042940616607666e-01
3.053417801856994629e-01
8.079343438148498535e-01
2.322190403938293457e-01
1.672556400299072266e-01
7.077734470367431641e-01
3.306780457496643066e-01
7.217053323984146118e-02
3.017886579036712646e-01
6.780058741569519043e-01
5.520663857460021973e-01
9.199109673500061035e-02
3.125396072864532471e-01
5.224509239196777344e-01
1.772437691688537598e-01
4.001714587211608887e-01
6.877955794334411621e-01
4.965618252754211426e-01
2.534550428390502930e-01
4.023499786853790283e-01
1.336816668510437012e+00
2.449103295803070068e-01
3.679822087287902832e-01
4.192889630794525146e-01
3.223539590835571289e-01
3.256505429744720459e-01
3.480933904647827148e-01
4.838888943195343018e-01
1.690720915794372559e-01
4.540303349494934082e-01
5.986964702606201172e-01
6.407216787338256836e-01
2.892371714115142822e-01
7.053611278533935547e-01
8.907995820045471191e-01
1.677801847457885742e+00
2.476319074630737305e+00
2.977758407592773438e+00
2.881763935089111328e+00
2.671923398971557617e+00
2.796468496322631836e+00
2.077099561691284180e+00
1.584120392799377441e+00
2.315551757812500000e+00
1.214203596115112305e+00
1.482632160186767578e+00
2.307065725326538086e+00
1.347852349281311035e+00
1.745039224624633789e+00
2.139586925506591797e+00
1.597604155540466309e+00
1.668887972831726074e+00
1.600370883941650391e+00
1.322245121002197266e+00
1.167308211326599121e+00
1.289774894714355469e+00
1.396749258041381836e+00
1.733820915222167969e+00
1.476657867431640625e+00
1.138329982757568359e+00
1.455978870391845703e+00
1.373988151550292969e+00
1.385020613670349121e+00
1.585345029830932617e+00
1.606560826301574707e+00
1.430294990539550781e+00
1.323496580123901367e+00
1.681762576103210449e+00
2.058397531509399414e+00
1.301162004470825195e+00
2.182052135467529297e+00
1.677448511123657227e+00
1.481794476509094238e+00
1.778188824653625488e+00
2.565199375152587891e+00
1.404003500938415527e+00
1.751096725463867188e+00
1.632476210594177246e+00
1.459018826484680176e+00
1.432881951332092285e+00
1.603074550628662109e+00
1.094470500946044922e+00
1.492886424064636230e+00
1.898820757865905762e+00
1.632733583450317383e+00
1.405072808265686035e+00
1.410011768341064453e+00
1.503560066223144531e+00
1.856896400451660156e+00
1.664362072944641113e+00
1.357010006904602051e+00
8.166319727897644043e-01
1.202027916908264160e+00
1.194931507110595703e+00
4.404339790344238281e-01
6.493385434150695801e-01
1.140171408653259277e+00
8.351324796676635742e-01
7.755422592163085938e-01
6.311074495315551758e-01
9.627497792243957520e-01
1.408518433570861816e+00
1.259427905082702637e+00
1.074745893478393555e+00
1.278455734252929688e+00
1.131814122200012207e+00
1.446626067161560059e+00
1.704712271690368652e+00
1.599929332733154297e+00
1.524153828620910645e+00
2.753776311874389648e+00
1.626832842826843262e+00
1.918889403343200684e+00
2.031408786773681641e+00
1.629189252853393555e+00
1.299775600433349609e+00
2.722623586654663086e+00
2.491403102874755859e+00
2.587018966674804688e+00
2.663174152374267578e+00
2.554436445236206055e+00
2.526525020599365234e+00
1.574392914772033691e+00
1.702648878097534180e+00
2.113370180130004883e+00
2.107752084732055664e+00
1.552783608436584473e+00
1.922151923179626465e+00
2.125092983245849609e+00
1.584589123725891113e+00
7.354274392127990723e-01
7.982759475708007812e-01
7.088257074356079102e-01
2.312608063220977783e-01
2.430804520845413208e-01
1.674806773662567139e-01
1.512028276920318604e-01
4.057430326938629150e-01
2.860905230045318604e-01
3.222259581089019775e-01
1.809139400720596313e-01
4.591841697692871094e-01
4.415026903152465820e-01
2.707191109657287598e-01
2.289427518844604492e-01
2.350041568279266357e-01
3.303296566009521484e-01
3.482041358947753906e-01
1.183519721031188965e+00
1.017606019973754883e+00
3.935722708702087402e-01
1.346340417861938477e+00
1.478873133659362793e+00
1.460218310356140137e+00
1.295177936553955078e+00
3.109928667545318604e-01
7.286241054534912109e-01
2.465135306119918823e-01
3.440986871719360352e-01
3.572531938552856445e-01
3.426391184329986572e-01
1.808308959007263184e-01
1.760802268981933594e-01
5.063775181770324707e-01
1.683229804039001465e-01
1.974941343069076538e-01
3.630144596099853516e-01
6.631206870079040527e-01
2.754303216934204102e-01
1.009961247444152832e+00
1.372949600219726562e+00
6.100235581398010254e-01
4.396031796932220459e-01
3.046943843364715576e-01
6.275680065155029297e-01
2.442524880170822144e-01
4.880908131599426270e-01
5.765783786773681641e-01
6.908035278320312500e-01
1.444698810577392578e+00
2.029190301895141602e+00
2.078661680221557617e+00
2.424052953720092773e+00
2.327850580215454102e+00
2.938737392425537109e+00
2.105242013931274414e+00
2.353819608688354492e+00
1.890795111656188965e+00
2.020433902740478516e+00
1.508031368255615234e+00
1.090678334236145020e+00
2.400145053863525391e+00
2.076072216033935547e+00
1.277507305145263672e+00
1.308120250701904297e+00
1.612148046493530273e+00
1.491832256317138672e+00
1.515876650810241699e+00
6.772978901863098145e-01
3.204179286956787109e+00
1.051319599151611328e+00
4.357929527759552002e-01
1.636712908744812012e+00
5.103237032890319824e-01
7.787845730781555176e-01
1.449986815452575684e+00
2.355082988739013672e+00
3.279233932495117188e+00
3.436835527420043945e+00
2.527702569961547852e+00
1.765443921089172363e+00
1.941453099250793457e+00
2.192697763442993164e+00
1.850947856903076172e+00
2.327985763549804688e+00
2.162332773208618164e+00
1.388260483741760254e+00
2.276740312576293945e+00
2.003299713134765625e+00
9.772136211395263672e-01
5.915110111236572266e-01
7.018726468086242676e-01
7.796660661697387695e-01
4.974296092987060547e-01
1.500853061676025391e+00
5.674479007720947266e-01
2.968159914016723633e-01
4.888857007026672363e-01
8.808550238609313965e-01
1.501497387886047363e+00
2.045707702636718750e+00
2.032891273498535156e+00
2.056631803512573242e+00
2.091461181640625000e+00
1.735180139541625977e+00
1.608969569206237793e+00
2.929169416427612305e+00
1.658157587051391602e+00
1.206456542015075684e+00
1.382856130599975586e+00
1.315442562103271484e+00
1.353515267372131348e+00
1.395799279212951660e+00
1.612983226776123047e+00
1.400496959686279297e+00
2.385407209396362305e+00
1.478220462799072266e+00
1.500414967536926270e+00
1.321057915687561035e+00
1.408683776855468750e+00
2.286786794662475586e+00
3.648096323013305664e+00
3.354824781417846680e+00
2.267409563064575195e+00
1.774260759353637695e+00
1.947029590606689453e+00
1.360258102416992188e+00
1.832141995429992676e+00
3.208141803741455078e+00
1.590953707695007324e+00
1.278017759323120117e+00
1.345961093902587891e+00
1.085797786712646484e+00
8.119542598724365234e-01
1.348274827003479004e+00
1.756115794181823730e+00
2.871845006942749023e+00
7.100027203559875488e-01
6.511152386665344238e-01
6.747496128082275391e-01
6.646904945373535156e-01
2.091594636440277100e-01
5.759024620056152344e-01
1.504068970680236816e+00
1.139487266540527344e+00
1.955690264701843262e+00
6.367527842521667480e-01
9.043446779251098633e-01
8.036115169525146484e-01
6.204195618629455566e-01
3.405461013317108154e-01
5.115231871604919434e-01
3.537436425685882568e-01
5.022693872451782227e-01
4.377952218055725098e-01
6.585353016853332520e-01
1.361473441123962402e+00
6.211510896682739258e-01
4.996508955955505371e-01
4.199448823928833008e-01
4.520971179008483887e-01
2.624868452548980713e-01
2.041585445404052734e-01
3.314345479011535645e-01
2.893997132778167725e-01
1.234276667237281799e-01
4.774599373340606689e-01
3.389445543289184570e-01
4.391095340251922607e-01
5.756922364234924316e-01
4.646962881088256836e-01
4.529438018798828125e-01
5.265333056449890137e-01
5.977270007133483887e-01
5.738785266876220703e-01
5.707798600196838379e-01
5.289637446403503418e-01
4.348673224449157715e-01
4.413716495037078857e-01
1.252413153648376465e+00
5.696056485176086426e-01
2.167486846446990967e-01
3.666720390319824219e-01
3.316414952278137207e-01
4.894215762615203857e-01
3.609187006950378418e-01
3.942120075225830078e-01
4.161752164363861084e-01
3.373599946498870850e-01
2.493243962526321411e-01
3.524578511714935303e-01
3.238765597343444824e-01
4.078826606273651123e-01
2.761369347572326660e-01
4.233719110488891602e-01
3.216015696525573730e-01
1.609639763832092285e+00
1.360426306724548340e+00
1.137467145919799805e+00
4.177841544151306152e-01
1.068494319915771484e+00
4.613405168056488037e-01
4.797297418117523193e-01
6.303528547286987305e-01
1.490553498268127441e+00
5.484178662300109863e-01
4.269708395004272461e-01
4.601684808731079102e-01
4.044038057327270508e-01
1.279708147048950195e+00
2.252563476562500000e+00
2.559389829635620117e+00
1.523170590400695801e+00
2.008270263671875000e+00
1.765648126602172852e+00
1.956762075424194336e+00
1.745807528495788574e+00
2.333908081054687500e+00
1.809801459312438965e+00
1.766701102256774902e+00
2.162688970565795898e+00
2.127466201782226562e+00
1.792694091796875000e+00
2.090005636215209961e+00
2.513714790344238281e+00
2.618510484695434570e+00
2.359299421310424805e+00
2.285221338272094727e+00
1.424909234046936035e+00
1.169447302818298340e+00
1.110196113586425781e+00
2.474739074707031250e+00
1.271781682968139648e+00
8.969736695289611816e-01
4.932011067867279053e-01
6.967651247978210449e-01
9.216488003730773926e-01
1.465712070465087891e+00
1.485839843750000000e+00
2.280391693115234375e+00
1.261421084403991699e+00
8.594540357589721680e-01
9.804022312164306641e-01
1.357826590538024902e+00
2.021911621093750000e+00
1.751399874687194824e+00
1.893758177757263184e+00
2.146401166915893555e+00
1.875345110893249512e+00
1.797071695327758789e+00
1.138831377029418945e+00
8.867303133010864258e-01
8.614785075187683105e-01
1.611333131790161133e+00
1.017640829086303711e+00
1.245746850967407227e+00
1.161696553230285645e+00
1.140762090682983398e+00
1.263877868652343750e+00
1.827121973037719727e+00
1.742217659950256348e+00
1.728217482566833496e+00
1.658361434936523438e+00
1.714241266250610352e+00
1.888984680175781250e+00
2.485114336013793945e+00
2.241093397140502930e+00
2.296338558197021484e+00
1.456892371177673340e+00
1.091216444969177246e+00
2.444777965545654297e+00
2.311761140823364258e+00
2.472552537918090820e+00
2.675384759902954102e+00
2.587201118469238281e+00
1.878435254096984863e+00
1.777603983879089355e+00
1.823058962821960449e+00
1.621567964553833008e+00
1.546963691711425781e+00
2.054372072219848633e+00
2.028795480728149414e+00
1.343533754348754883e+00
1.768557906150817871e+00
1.830320954322814941e+00
1.414369344711303711e+00
1.219791054725646973e+00
1.818482041358947754e+00
1.400100708007812500e+00
9.028939008712768555e-01
8.204329013824462891e-01
8.726789951324462891e-01
8.101750612258911133e-01
3.339907824993133545e-01
2.550176978111267090e-01
3.481451869010925293e-01
3.933680653572082520e-01
1.558219194412231445e-01
4.477877318859100342e-01
4.350153207778930664e-01
4.412907958030700684e-01
3.790670037269592285e-01
3.509039878845214844e-01
3.924920558929443359e-01
3.256620466709136963e-01
1.125448793172836304e-01
2.456660121679306030e-01
3.719516992568969727e-01
1.067620754241943359e+00
3.070307970046997070e-01
2.674381732940673828e-01
4.465907514095306396e-01
4.466258287429809570e-01
4.655679166316986084e-01
3.948988914489746094e-01
5.559654235839843750e-01
4.411861002445220947e-01
1.711752176284790039e+00
1.190878748893737793e+00
1.337358832359313965e+00
6.693931818008422852e-01
4.047017395496368408e-01
1.839205324649810791e-01
4.224545061588287354e-01
5.260917544364929199e-01
3.676215112209320068e-01
3.593569099903106689e-01
3.776406049728393555e-01
4.819455444812774658e-01
2.918561697006225586e-01
3.601487576961517334e-01
3.882629871368408203e-01
4.319873750209808350e-01
4.535073339939117432e-01
7.332023382186889648e-01
4.230756163597106934e-01
1.410893321037292480e+00
1.938135385513305664e+00
2.662027597427368164e+00
2.930613279342651367e+00
2.574208736419677734e+00
2.414248466491699219e+00
2.328165292739868164e+00
1.840445876121520996e+00
2.234045505523681641e+00
1.858507275581359863e+00
1.732718229293823242e+00
1.759229779243469238e+00
1.616032242774963379e+00
1.875827431678771973e+00
1.759459257125854492e+00
1.829986810684204102e+00
1.271164178848266602e+00
1.419151902198791504e+00
1.572998046875000000e+00
1.348394274711608887e+00
1.109907388687133789e+00
1.390670895576477051e+00
1.669300436973571777e+00
1.170256376266479492e+00
1.292603850364685059e+00
1.444623470306396484e+00
1.403399467468261719e+00
1.249964952468872070e+00
1.316462755203247070e+00
1.487714648246765137e+00
1.393968582153320312e+00
1.093088030815124512e+00
1.110341668128967285e+00
1.331315517425537109e+00
1.536992549896240234e+00
1.638194203376770020e+00
1.490964174270629883e+00
1.517471313476562500e+00
1.632810115814208984e+00
1.641580104827880859e+00
1.584472656250000000e+00
1.632753610610961914e+00
2.152692317962646484e+00
3.394938468933105469e+00
1.996627926826477051e+00
1.361570715904235840e+00
1.575582265853881836e+00
1.773600459098815918e+00
1.219573974609375000e+00
7.978392839431762695e-01
1.071614027023315430e+00
2.307512760162353516e+00
9.726817011833190918e-01
3.419492244720458984e-01
5.407348871231079102e-01
3.568664491176605225e-01
3.555348813533782959e-01
6.525526046752929688e-01
4.337169229984283447e-01
5.889881849288940430e-01
4.853580594062805176e-01
5.592877864837646484e-01
4.130153954029083252e-01
5.134615898132324219e-01
7.426249980926513672e-01
8.689866065979003906e-01
7.465728521347045898e-01
1.453870177268981934e+00
1.171294689178466797e+00
1.283798694610595703e+00
1.404311656951904297e+00
2.037644147872924805e+00
2.211400747299194336e+00
2.318095445632934570e+00
2.442962408065795898e+00
2.306770086288452148e+00
1.983650803565979004e+00
1.234649181365966797e+00
1.859004974365234375e+00
2.872500658035278320e+00
3.826116800308227539e+00
3.480834722518920898e+00
2.779621601104736328e+00
2.523130893707275391e+00
2.610119819641113281e+00
2.702168464660644531e+00
2.901576995849609375e+00
3.132399797439575195e+00
2.937942028045654297e+00
2.778789281845092773e+00
2.408587694168090820e+00
2.447625398635864258e+00
2.602938652038574219e+00
2.482011556625366211e+00
2.348450660705566406e+00
2.023890733718872070e+00
8.443038463592529297e-01
1.123334646224975586e+00
6.029685735702514648e-01
3.485166132450103760e-01
3.001243472099304199e-01
1.930035799741744995e-01
4.752896428108215332e-01
9.596184492111206055e-01
1.964087039232254028e-01
2.962370812892913818e-01
4.405194818973541260e-01
4.335944056510925293e-01
4.117230474948883057e-01
1.414386332035064697e-01
4.202044308185577393e-01
3.416871726512908936e-01
3.415202498435974121e-01
3.408988714218139648e-01
4.233713746070861816e-01
4.424760043621063232e-01
2.025484889745712280e-01
4.187818765640258789e-01
4.466954469680786133e-01
2.822972834110260010e-01
4.503003954887390137e-01
3.254093229770660400e-01
1.756978631019592285e-01
3.230671584606170654e-01
3.144569098949432373e-01
3.295495808124542236e-01
3.010241985321044922e-01
2.460283786058425903e-01
2.324248999357223511e-01
2.828095853328704834e-01
1.484643220901489258e-01
4.340370595455169678e-01
3.659314215183258057e-01
2.642103731632232666e-01
1.816126257181167603e-01
6.105408072471618652e-01
4.910151660442352295e-01
1.753385215997695923e-01
4.901561439037322998e-01
7.069160938262939453e-01
4.028729498386383057e-01
1.814602732658386230e+00
1.572796583175659180e+00
1.368965864181518555e+00
1.754016995429992676e+00
2.496008634567260742e+00
2.466849565505981445e+00
1.883925437927246094e+00
2.157630205154418945e+00
2.639301538467407227e+00
2.426844835281372070e+00
1.632892608642578125e+00
1.932740688323974609e+00
2.176766157150268555e+00
1.814855813980102539e+00
1.440850853919982910e+00
1.652602195739746094e+00
2.512189149856567383e+00
1.561814308166503906e+00
1.584287285804748535e+00
2.474383831024169922e+00
1.522130727767944336e+00
1.894206047058105469e+00
1.933053612709045410e+00
1.072116971015930176e+00
9.438597559928894043e-01
1.310450673103332520e+00
1.749101042747497559e+00
7.908440232276916504e-01
1.261395573616027832e+00
8.735308647155761719e-01
1.044664978981018066e+00
2.263200998306274414e+00
1.304772377014160156e+00
1.939756393432617188e+00
1.411238670349121094e+00
2.447455883026123047e+00
2.535694360733032227e+00
1.567595601081848145e+00
6.771183609962463379e-01
6.523007154464721680e-01
7.320365905761718750e-01
7.082819342613220215e-01
6.740624308586120605e-01
1.880756020545959473e+00
1.788305282592773438e+00
5.303627252578735352e-01
2.632614672183990479e-01
7.278733253479003906e-01
4.642344415187835693e-01
8.968379497528076172e-01
1.305659651756286621e+00
4.240621030330657959e-01
5.368627309799194336e-01
4.294327795505523682e-01
3.581368923187255859e-01
5.097319483757019043e-01
5.985144376754760742e-01
4.482608437538146973e-01
6.147503852844238281e-01
4.775928854942321777e-01
3.560233116149902344e-01
8.525445461273193359e-01
1.477750420570373535e+00
4.136077165603637695e-01
8.687689900398254395e-01
1.017488479614257812e+00
7.527019381523132324e-01
2.376019716262817383e+00
1.903694748878479004e+00
2.637153625488281250e+00
2.809835433959960938e+00
2.976298332214355469e+00
2.390076398849487305e+00
3.049917697906494141e+00
2.495010852813720703e+00
2.793167352676391602e+00
2.968725442886352539e+00
2.548960685729980469e+00
3.182763576507568359e+00
2.204223871231079102e+00
2.556259632110595703e+00
2.692507266998291016e+00
2.302386999130249023e+00
2.866779804229736328e+00
2.767895698547363281e+00
2.819108724594116211e+00
4.051492691040039062e+00
3.732402086257934570e+00
4.096005439758300781e+00
3.542384862899780273e+00
3.277575731277465820e+00
2.490552425384521484e+00
2.698015928268432617e+00
2.518901586532592773e+00
2.814279556274414062e+00
2.465347528457641602e+00
2.843943595886230469e+00
2.175810575485229492e+00
2.037262678146362305e+00
2.330491065979003906e+00
2.239930391311645508e+00
2.298389196395874023e+00
2.382030963897705078e+00
2.019264936447143555e+00
7.142920494079589844e-01
4.890619516372680664e-01
7.294480204582214355e-01
1.070776462554931641e+00
7.444304823875427246e-01
1.232272148132324219e+00
9.643422365188598633e-01
8.773545622825622559e-01
5.373366475105285645e-01
4.600078463554382324e-01
4.045364558696746826e-01
2.890472114086151123e-01
2.217822223901748657e-01
2.286648154258728027e-01
3.746770620346069336e-01
2.152321040630340576e-01
2.967781424522399902e-01
3.055547773838043213e-01
3.405751585960388184e-01
1.485547721385955811e-01
4.052959978580474854e-01
3.031111955642700195e-01
5.228341221809387207e-01
2.183091193437576294e-01
4.085700809955596924e-01
3.865948319435119629e-01
3.273260891437530518e-01
2.741096913814544678e-01
2.829729318618774414e-01
4.013722836971282959e-01
2.292119115591049194e-01
2.247087657451629639e-01
4.523676335811614990e-01
4.055550098419189453e-01
2.039458453655242920e-01
5.358778685331344604e-02
3.648410439491271973e-01
3.475169539451599121e-01
3.599538803100585938e-01
5.098317265510559082e-01
5.387131571769714355e-01
7.382901310920715332e-01
5.019229054450988770e-01
3.394083380699157715e-01
1.665637373924255371e+00
2.269490242004394531e+00
2.729326486587524414e+00
2.538890123367309570e+00
2.677822828292846680e+00
2.641443252563476562e+00
2.645398139953613281e+00
2.946754693984985352e+00
2.494516849517822266e+00
2.237867593765258789e+00
1.679355740547180176e+00
3.048187017440795898e+00
1.732211947441101074e+00
1.634924411773681641e+00
1.420505881309509277e+00
1.838585853576660156e+00
1.514781594276428223e+00
1.686257004737854004e+00
2.271256208419799805e+00
5.495688438415527344e+00
3.878125905990600586e+00
3.355401039123535156e+00
3.322366714477539062e+00
1.951099395751953125e+00
2.399661064147949219e+00
1.613568425178527832e+00
3.413604497909545898e+00
4.705029010772705078e+00
3.122750997543334961e+00
2.869992971420288086e+00
2.602622270584106445e+00
1.371084928512573242e+00
1.187769651412963867e+00
1.431574821472167969e+00
1.532236456871032715e+00
1.327192783355712891e+00
1.288821339607238770e+00
1.783292889595031738e+00
1.956113815307617188e+00
1.506177663803100586e+00
1.480352163314819336e+00
2.649223804473876953e+00
2.817417144775390625e+00
3.240033388137817383e+00
2.894265651702880859e+00
2.201377868652343750e+00
1.008315205574035645e+00
1.684895038604736328e+00
1.544401168823242188e+00
2.088606119155883789e+00
1.915655851364135742e+00
1.707267642021179199e+00
2.034056901931762695e+00
1.667288541793823242e+00
1.482899069786071777e+00
1.368294119834899902e+00
1.689347982406616211e+00
1.596005320549011230e+00
2.007728576660156250e+00
1.695049762725830078e+00
1.798651337623596191e+00
1.810358047485351562e+00
1.692240238189697266e+00
9.823839664459228516e-01
8.645489811897277832e-01
1.779618024826049805e+00
1.597543001174926758e+00
1.594066858291625977e+00
1.745821475982666016e+00
1.667883872985839844e+00
1.983843445777893066e+00
1.520479559898376465e+00
1.762363314628601074e+00
1.808985114097595215e+00
1.424495100975036621e+00
1.429257512092590332e+00
1.412763118743896484e+00
1.376129150390625000e+00
4.490524232387542725e-01
4.044120311737060547e-01
3.441414535045623779e-01
7.150899767875671387e-01
2.195373624563217163e-01
2.783774137496948242e-01
2.302425205707550049e-01
4.312579929828643799e-01
6.834985017776489258e-01
5.122966766357421875e-01
1.130324974656105042e-02
4.852815866470336914e-01
6.969534158706665039e-01
1.195914745330810547e+00
3.191752433776855469e-01
7.042809128761291504e-01
5.646129250526428223e-01
3.178176283836364746e-01
1.123107969760894775e-01
2.792687714099884033e-01
1.370194435119628906e+00
1.439175248146057129e+00
1.395542740821838379e+00
1.073282480239868164e+00
1.153965950012207031e+00
1.565893925726413727e-02
6.969024538993835449e-01
8.909264802932739258e-01
2.435943782329559326e-01
9.832147359848022461e-01
9.132660627365112305e-01
3.462659716606140137e-01
2.301940172910690308e-01
3.028998672962188721e-01
1.352371722459793091e-01
3.765307664871215820e-01
3.324078619480133057e-01
4.147351086139678955e-01
3.079210519790649414e-01
2.871455252170562744e-01
2.936663329601287842e-01
4.128136634826660156e-01
4.270176887512207031e-01
3.769723474979400635e-01
5.018757581710815430e-01
4.919728636741638184e-01
2.373496145009994507e-01
4.469821751117706299e-01
2.474416196346282959e-01
4.540092051029205322e-01
4.211141765117645264e-01
3.577824831008911133e-01
3.616346418857574463e-01
4.566197097301483154e-01
4.703893065452575684e-01
5.318185091018676758e-01
5.184735059738159180e-01
5.049991011619567871e-01
4.470838606357574463e-01
4.108086526393890381e-01
4.304940700531005859e-01
4.133007526397705078e-01
1.496713042259216309e+00
1.490896940231323242e+00
1.594599485397338867e+00
1.461003303527832031e+00
1.260786294937133789e+00
1.636907309293746948e-01
4.385794103145599365e-01
1.465565085411071777e+00
3.184551894664764404e-01
5.367281436920166016e-01
1.591594219207763672e+00
8.939330577850341797e-01
8.001272082328796387e-01
7.972790598869323730e-01
8.560321927070617676e-01
9.935929179191589355e-01
1.013221383094787598e+00
1.114286184310913086e+00
1.155670523643493652e+00
1.380214333534240723e+00
8.437482118606567383e-01
1.184757232666015625e+00
1.100984692573547363e+00
1.224690914154052734e+00
1.101210594177246094e+00
1.117892980575561523e+00
1.421507716178894043e+00
2.109346628189086914e+00
1.736007452011108398e+00
1.873905539512634277e+00
2.215781211853027344e+00
2.767383098602294922e+00
2.028963327407836914e+00
1.876334309577941895e+00
2.951936960220336914e+00
2.414757251739501953e+00
2.591032266616821289e+00
2.504228115081787109e+00
2.022260189056396484e+00
1.886902928352355957e+00
5.925262570381164551e-01
9.468638896942138672e-01
7.014900445938110352e-01
7.984061241149902344e-01
5.918234586715698242e-01
2.093866825103759766e+00
1.389839768409729004e+00
2.794095993041992188e+00
2.592443943023681641e+00
1.634142518043518066e+00
1.519991040229797363e+00
1.101520299911499023e+00
1.184851884841918945e+00
2.323569536209106445e+00
3.074777364730834961e+00
2.572058916091918945e+00
2.844467639923095703e+00
3.776111364364624023e+00
1.578125596046447754e+00
1.429505348205566406e+00
1.816257238388061523e+00
2.031290531158447266e+00
2.110482454299926758e+00
2.804905414581298828e+00
4.078726291656494141e+00
3.054025411605834961e+00
2.808501005172729492e+00
3.128880262374877930e+00
2.279370307922363281e+00
1.931749820709228516e+00
2.329597234725952148e+00
2.543850421905517578e+00
1.813133120536804199e+00
1.570549607276916504e+00
1.511439204216003418e+00
1.524996161460876465e+00
1.570793271064758301e+00
1.903931260108947754e+00
2.346486568450927734e+00
1.908598661422729492e+00
7.974624037742614746e-01
7.663967013359069824e-01
1.674669742584228516e+00
2.164582729339599609e+00
2.505769252777099609e+00
2.248863220214843750e+00
2.305508375167846680e+00
1.510660529136657715e+00
1.682727456092834473e+00
1.192626357078552246e+00
1.787848114967346191e+00
1.149782061576843262e+00
7.390326857566833496e-01
9.193946123123168945e-01
6.174143552780151367e-01
8.035300970077514648e-01
6.375347375869750977e-01
4.971692264080047607e-01
5.890827775001525879e-01
7.418007850646972656e-01
6.837909817695617676e-01
5.588642954826354980e-01
4.727909564971923828e-01
3.228878974914550781e-01
4.314948022365570068e-01
3.219636529684066772e-02
1.525788009166717529e-01
4.636363685131072998e-01
2.035615593194961548e-01
9.689709544181823730e-01
1.242231011390686035e+00
1.232283711433410645e+00
1.990000158548355103e-01
1.219702884554862976e-01
1.969341486692428589e-01
3.345628380775451660e-01
2.815742194652557373e-01
1.602984964847564697e-01
2.078870981931686401e-01
2.924306988716125488e-01
3.644907474517822266e-01
4.497905671596527100e-01
4.584326148033142090e-01
2.967252433300018311e-01
3.345074653625488281e-01
4.648996591567993164e-01
3.380109667778015137e-01
4.954103231430053711e-01
4.130915999412536621e-01
5.398169159889221191e-01
2.340760529041290283e-01
5.536476373672485352e-01
3.127731382846832275e-01
3.343035280704498291e-01
4.734592139720916748e-01
2.531861662864685059e-01
3.368940353393554688e-01
4.262335002422332764e-01
1.248173415660858154e-01
1.975171566009521484e-01
4.883276522159576416e-01
4.502603709697723389e-01
3.049761354923248291e-01
4.420596361160278320e-01
3.068342506885528564e-01
2.113810330629348755e-01
4.104701280593872070e-01
6.779395341873168945e-01
1.916816115379333496e+00
2.071407794952392578e+00
2.343285560607910156e+00
2.611020803451538086e+00
2.433084249496459961e+00
2.400888919830322266e+00
2.473488569259643555e+00
2.179720163345336914e+00
2.526849031448364258e+00
2.759840965270996094e+00
1.955516815185546875e+00
1.404775381088256836e+00
2.206656932830810547e+00
2.911558389663696289e+00
1.568027019500732422e+00
1.664818644523620605e+00
2.051661014556884766e+00
1.611598968505859375e+00
1.264573454856872559e+00
1.535504817962646484e+00
3.356787919998168945e+00
2.090271472930908203e+00
1.418297767639160156e+00
1.226496934890747070e+00
1.763942122459411621e+00
1.404016733169555664e+00
1.418972253799438477e+00
1.543020844459533691e+00
1.353531122207641602e+00
1.597581863403320312e+00
1.378933787345886230e+00
1.647116303443908691e+00
1.517336726188659668e+00
1.562565922737121582e+00
1.741125583648681641e+00
1.793218255043029785e+00
1.235905289649963379e+00
6.172942519187927246e-01
1.152364373207092285e+00
5.562825202941894531e-01
1.000384449958801270e+00
9.101405143737792969e-01
1.245609521865844727e+00
1.021421194076538086e+00
1.136534929275512695e+00
8.537840247154235840e-01
1.264627456665039062e+00
1.412068605422973633e+00
1.560250043869018555e+00
1.695439577102661133e+00
1.953562498092651367e+00
2.215623617172241211e+00
1.517987966537475586e+00
1.691298961639404297e+00
2.130230426788330078e+00
6.178246736526489258e-01
1.063189864158630371e+00
1.304788589477539062e+00
1.291506886482238770e+00
1.657240390777587891e+00
2.075671911239624023e+00
2.789270877838134766e+00
2.722144365310668945e+00
2.859261751174926758e+00
2.832277297973632812e+00
2.052473068237304688e+00
1.141220927238464355e+00
1.857121109962463379e+00
2.243935823440551758e+00
2.458422660827636719e+00
2.241677999496459961e+00
2.582765579223632812e+00
2.529535293579101562e+00
2.946652889251708984e+00
2.546529769897460938e+00
2.750367879867553711e+00
2.483709335327148438e+00
3.071929693222045898e+00
1.762143135070800781e+00
2.441983222961425781e+00
3.688598632812500000e+00
1.878263711929321289e+00
1.967904686927795410e+00
1.120161771774291992e+00
1.156916618347167969e+00
8.836355209350585938e-01
1.313348412513732910e+00
2.127008676528930664e+00
2.331232309341430664e+00
7.245882749557495117e-01
6.511793732643127441e-01
2.012084275484085083e-01
5.195964500308036804e-02
4.827774465084075928e-01
4.027951061725616455e-01
3.127202391624450684e-01
3.565134108066558838e-01
4.833749830722808838e-01
9.221065044403076172e-02
9.348715543746948242e-01
8.080946803092956543e-01
8.109899759292602539e-01
6.902380585670471191e-01
7.342526912689208984e-01
6.699824929237365723e-01
6.737716197967529297e-01
9.573741555213928223e-01
7.645862698554992676e-01
8.426702022552490234e-01
1.023421645164489746e+00
1.364644765853881836e+00
1.474117279052734375e+00
6.427651047706604004e-01
2.864147722721099854e-01
5.099520683288574219e-01
3.111112713813781738e-01
3.185250759124755859e-01
3.607780933380126953e-01
2.457688003778457642e-01
5.146065354347229004e-01
4.112921655178070068e-01
4.064820110797882080e-01
5.793901085853576660e-01
5.273153185844421387e-01
4.474360644817352295e-01
2.664791047573089600e-01
1.960915774106979370e-01
5.579342842102050781e-01
3.900298178195953369e-01
2.865110039710998535e-01
3.334924578666687012e-01
3.627707958221435547e-01
2.304607033729553223e-01
5.523887276649475098e-01
4.596430361270904541e-01
5.822026133537292480e-01
4.721386134624481201e-01
7.253491878509521484e-01
4.563598930835723877e-01
3.650770485401153564e-01
3.891699910163879395e-01
3.823742866516113281e-01
5.390396118164062500e-01
3.388138115406036377e-01
1.469992876052856445e+00
1.956678986549377441e+00
2.256066799163818359e+00
2.075592279434204102e+00
2.672750234603881836e+00
1.868995904922485352e+00
2.014743089675903320e+00
1.724893808364868164e+00
1.814552903175354004e+00
1.545658707618713379e+00
1.491834163665771484e+00
1.481613039970397949e+00
1.914674520492553711e+00
9.871079921722412109e-01
5.992298722267150879e-01
1.027370214462280273e+00
8.074285984039306641e-01
1.303231954574584961e+00
7.932791113853454590e-01
1.182422786951065063e-01
1.808678954839706421e-01
2.980343401432037354e-01
4.001429378986358643e-01
5.996631979942321777e-01
7.305679917335510254e-01
8.047556281089782715e-01
5.879071354866027832e-01
1.459535479545593262e+00
1.461025238037109375e+00
1.696159601211547852e+00
9.602063894271850586e-01
9.327034354209899902e-01
1.267359972000122070e+00
1.803665399551391602e+00
9.368348717689514160e-01
6.376268863677978516e-01
1.639444589614868164e+00
1.754902362823486328e+00
1.958259940147399902e+00
2.120616436004638672e+00
2.667530775070190430e+00
2.451497316360473633e+00
2.081319332122802734e+00
2.270272254943847656e+00
1.869282007217407227e+00
1.643349647521972656e+00
1.633642792701721191e+00
2.477200984954833984e+00
2.501965522766113281e+00
2.578760385513305664e+00
2.690140247344970703e+00
2.352146148681640625e+00
1.342466354370117188e+00
1.183936953544616699e+00
2.038017988204956055e+00
2.550663709640502930e+00
2.059865951538085938e+00
2.845959901809692383e+00
3.653725862503051758e+00
4.350985527038574219e+00
2.850658416748046875e+00
2.556818008422851562e+00
3.326488971710205078e+00
3.249357938766479492e+00
2.274706363677978516e+00
1.557279944419860840e+00
2.411193370819091797e+00
1.597995519638061523e+00
1.701996803283691406e+00
2.008209466934204102e+00
1.764683246612548828e+00
2.085372447967529297e+00
1.876094698905944824e+00
2.359871149063110352e+00
2.828315019607543945e+00
2.963038682937622070e+00
2.330785036087036133e+00
1.783687233924865723e+00
2.027097940444946289e+00
1.927934885025024414e+00
1.825227379798889160e+00
1.745729088783264160e+00
1.986351966857910156e+00
1.958065390586853027e+00
1.765830636024475098e+00
2.001476049423217773e+00
2.037172794342041016e+00
1.649997115135192871e+00
1.755742192268371582e+00
1.710940599441528320e+00
1.726116538047790527e+00
1.604561805725097656e+00
1.663371443748474121e+00
1.841313123703002930e+00
1.559337615966796875e+00
2.006907939910888672e+00
2.009682655334472656e+00
1.953319907188415527e+00
1.790238738059997559e+00
1.994040131568908691e+00
1.767437696456909180e+00
1.768908500671386719e+00
1.922661781311035156e+00
2.289708852767944336e+00
2.097712755203247070e+00
2.897512435913085938e+00
1.737905740737915039e+00
2.014054775238037109e+00
1.990573048591613770e+00
2.256068468093872070e+00
2.298639535903930664e+00
1.776434898376464844e+00
1.533357977867126465e+00
1.776004552841186523e+00
1.636227488517761230e+00
1.679578542709350586e+00
1.885678291320800781e+00
1.717427968978881836e+00
6.348921656608581543e-01
4.343144595623016357e-01
8.047863245010375977e-01
7.046761512756347656e-01
5.643514394760131836e-01
1.614817142486572266e+00
1.652231574058532715e+00
5.900366306304931641e-01
4.813726842403411865e-01
4.045945703983306885e-01
3.242655098438262939e-01
4.379270672798156738e-01
9.089388251304626465e-01
5.184502005577087402e-01
4.177392125129699707e-01
3.430299758911132812e-01
3.102089464664459229e-01
4.207526445388793945e-01
3.765080273151397705e-01
4.720675945281982422e-01
5.329801440238952637e-01
3.322077691555023193e-01
3.673035502433776855e-01
4.862028360366821289e-01
3.228270411491394043e-01
3.181194067001342773e-01
4.714769423007965088e-01
3.532395958900451660e-01
4.244891405105590820e-01
3.731914460659027100e-01
3.391778171062469482e-01
4.747501909732818604e-01
3.439816534519195557e-01
1.727151274681091309e-01
3.591239154338836670e-01
2.549006640911102295e-01
3.246467709541320801e-01
1.295692920684814453e+00
9.107934236526489258e-01
3.829186260700225830e-01
5.115599036216735840e-01
1.276840806007385254e+00
1.173805117607116699e+00
1.431203961372375488e+00
1.604358434677124023e+00
1.771928787231445312e+00
1.098061203956604004e+00
1.073709487915039062e+00
1.371723532676696777e+00
1.092708945274353027e+00
3.408177495002746582e-01
4.682209193706512451e-01
6.407257914543151855e-01
5.028378367424011230e-01
4.866164624691009521e-01
4.340932667255401611e-01
2.254949331283569336e+00
2.089643716812133789e+00
1.392010092735290527e+00
1.740387797355651855e+00
1.493088960647583008e+00
1.265174627304077148e+00
5.720749497413635254e-01
1.377246618270874023e+00
9.362828731536865234e-01
1.240019798278808594e+00
1.198037862777709961e+00
1.888029456138610840e+00
1.606534481048583984e+00
1.866490602493286133e+00
2.013482093811035156e+00
1.629296183586120605e+00
1.946003437042236328e+00
1.476880431175231934e+00
9.222013354301452637e-01
1.795593857765197754e+00
3.820991277694702148e+00
4.193827152252197266e+00
3.210542201995849609e+00
3.352068901062011719e+00
4.008975028991699219e+00
3.995712041854858398e+00
3.651647806167602539e+00
2.394193172454833984e+00
2.194113254547119141e+00
2.923321962356567383e+00
2.774832963943481445e+00
2.535450220108032227e+00
2.732696771621704102e+00
2.328823804855346680e+00
2.396663188934326172e+00
2.613489389419555664e+00
2.779509782791137695e+00
2.942163705825805664e+00
2.559352397918701172e+00
2.842751979827880859e+00
2.953616619110107422e+00
2.825150489807128906e+00
2.204166650772094727e+00
2.047054767608642578e+00
2.159735679626464844e+00
2.338330745697021484e+00
1.555326700210571289e+00
1.189676284790039062e+00
1.142457127571105957e+00
1.874492406845092773e+00
1.894348859786987305e+00
2.798467874526977539e+00
3.120283126831054688e+00
1.833142757415771484e+00
2.706915378570556641e+00
3.026013612747192383e+00
2.722658157348632812e+00
2.372519254684448242e+00
1.875036716461181641e+00
3.293812751770019531e+00
3.518825769424438477e+00
1.334931969642639160e+00
1.603763341903686523e+00
1.221282720565795898e+00
8.732609152793884277e-01
8.642359375953674316e-01
1.170177459716796875e+00
5.496674776077270508e-01
4.952091574668884277e-01
3.220570981502532959e-01
3.368559181690216064e-01
3.323985338211059570e-01
3.318234980106353760e-01
3.475186228752136230e-01
3.914236128330230713e-01
4.033205509185791016e-01
2.378591597080230713e-01
1.208086609840393066e-01
3.187065422534942627e-01
3.057863749563694000e-02
-4.342533275485038757e-02
3.995064795017242432e-01
3.506022095680236816e-01
1.608129739761352539e-01
4.454962909221649170e-01
4.548186361789703369e-01
4.219748377799987793e-01
3.685550689697265625e-01
4.869834780693054199e-01
3.983750045299530029e-01
4.911684095859527588e-01
3.439312279224395752e-01
3.835027217864990234e-01
4.907216131687164307e-01
2.791525721549987793e-01
4.421541988849639893e-01
1.299993753433227539e+00
1.257268786430358887e+00
1.336957335472106934e+00
1.578993201255798340e-01
2.306909561157226562e-01
2.673534750938415527e-01
9.685962647199630737e-02
4.216242730617523193e-01
1.840022057294845581e-01
4.810728132724761963e-01
3.496190309524536133e-01
1.057626008987426758e-01
4.810451269149780273e-01
7.018367648124694824e-01
5.928044319152832031e-01
6.414579153060913086e-01
5.014851689338684082e-01
6.906212568283081055e-01
2.617374420166015625e+00
1.622398138046264648e+00
1.697812914848327637e+00
1.956740379333496094e+00
2.256012201309204102e+00
2.675995588302612305e+00
4.037866592407226562e+00
2.481634378433227539e+00
1.645735383033752441e+00
2.317696332931518555e+00
1.886834979057312012e+00
1.451213955879211426e+00
1.415854454040527344e+00
1.775690793991088867e+00
1.124261736869812012e+00
1.344527840614318848e+00
1.506536960601806641e+00
1.061585903167724609e+00
1.474963665008544922e+00
1.505395412445068359e+00
1.121945500373840332e+00
1.501916527748107910e+00
1.366464138031005859e+00
1.036273479461669922e+00
1.021460413932800293e+00
1.174700140953063965e+00
1.473775148391723633e+00
1.450292944908142090e+00
1.115957856178283691e+00
1.126675605773925781e+00
1.495212674140930176e+00
2.131168365478515625e+00
4.314721584320068359e+00
3.122884750366210938e+00
3.860542535781860352e+00
2.599310636520385742e+00
2.432587623596191406e+00
1.963186383247375488e+00
3.116214752197265625e+00
2.879585504531860352e+00
3.006871700286865234e+00
3.536246299743652344e+00
2.566325426101684570e+00
7.432916164398193359e-01
4.854370057582855225e-01
4.213416874408721924e-01
2.124409675598144531e-01
3.453954458236694336e-01
7.290728092193603516e-01
7.447402477264404297e-01
3.577032685279846191e-01
2.847247011959552765e-02
2.260529398918151855e-01
3.851253986358642578e-01
6.896276473999023438e-01
2.858323156833648682e-01
4.332613646984100342e-01
7.737055420875549316e-01
5.381460189819335938e-01
7.062960863113403320e-01
9.399727582931518555e-01
6.881461143493652344e-01
1.380886435508728027e+00
8.795037269592285156e-01
6.746544837951660156e-01
1.122477293014526367e+00
9.983643889427185059e-01
1.349409580230712891e+00
1.233523130416870117e+00
1.396022915840148926e+00
1.090987801551818848e+00
1.692495703697204590e+00
1.657455921173095703e+00
1.638228416442871094e+00
1.706214547157287598e+00
1.662800192832946777e+00
1.775343418121337891e+00
2.491082906723022461e+00
1.226326942443847656e+00
2.515971899032592773e+00
2.269160985946655273e+00
2.799606323242187500e+00
2.332358598709106445e+00
3.825067520141601562e+00
3.371267318725585938e+00
1.467283964157104492e+00
1.513917684555053711e+00
1.553836107254028320e+00
1.222070217132568359e+00
1.334241271018981934e+00
1.527055978775024414e+00
2.461243629455566406e+00
2.112163543701171875e+00
7.591174840927124023e-01
1.328851342201232910e+00
1.122664213180541992e+00
4.922683537006378174e-01
6.639364361763000488e-01
1.041720151901245117e+00
8.188280463218688965e-01
3.934697508811950684e-01
1.624101400375366211e-01
2.297979444265365601e-01
2.226524800062179565e-01
2.430396080017089844e-01
3.618445992469787598e-01
3.164833188056945801e-01
3.999228477478027344e-01
2.244670130312442780e-02
2.801283597946166992e-01
2.093617469072341919e-01
1.524135172367095947e-01
3.067059814929962158e-01
3.103733956813812256e-01
3.382735550403594971e-01
3.318599462509155273e-01
3.764633536338806152e-01
9.547153711318969727e-01
1.560187339782714844e+00
9.921832084655761719e-01
9.240114688873291016e-01
1.491747796535491943e-01
2.148793339729309082e-01
1.098441928625106812e-01
2.009650319814682007e-01
9.951015561819076538e-02
3.080564737319946289e-01
2.082653492689132690e-01
3.085679113864898682e-01
5.138494372367858887e-01
4.242016077041625977e-01
2.468739598989486694e-01
2.211602926254272461e-01
2.349008172750473022e-01
4.081740081310272217e-01
3.369496762752532959e-01
2.473201900720596313e-01
1.990641653537750244e-01
4.357005655765533447e-01
5.621625185012817383e-01
4.217517375946044922e-01
3.530819714069366455e-01
5.749796032905578613e-01
1.959323525428771973e+00
1.786714911460876465e+00
2.614063024520874023e+00
2.574436187744140625e+00
2.399607896804809570e+00
3.002305984497070312e+00
2.261505365371704102e+00
2.437632083892822266e+00
2.241405963897705078e+00
2.546833992004394531e+00
1.396838665008544922e+00
1.400542020797729492e+00
1.160156726837158203e+00
1.502071976661682129e+00
1.422512054443359375e+00
1.603456377983093262e+00
1.505794167518615723e+00
1.425213217735290527e+00
2.027053594589233398e+00
1.650163531303405762e+00
1.429996252059936523e+00
1.448161840438842773e+00
1.528314948081970215e+00
1.418399691581726074e+00
1.505728363990783691e+00
1.294643163681030273e+00
1.336912274360656738e+00
1.491466045379638672e+00
1.562726497650146484e+00
1.193761706352233887e+00
3.623147010803222656e-01
7.869334816932678223e-01
2.815985977649688721e-01
3.750574886798858643e-01
4.200769960880279541e-01
3.506638705730438232e-01
2.053179740905761719e-01
5.715550184249877930e-01
4.791788160800933838e-01
4.847808182239532471e-01
4.338155984878540039e-01
4.699817299842834473e-01
4.437727630138397217e-01
2.220305502414703369e-01
3.329470157623291016e-01
2.914817631244659424e-01
3.330278694629669189e-01
4.344465732574462891e-01
1.427370458841323853e-01
3.920765221118927002e-01
4.484729766845703125e-01
2.148977071046829224e-01
1.663478314876556396e-01
4.659708440303802490e-01
4.893056154251098633e-01
3.461990952491760254e-01
2.727521061897277832e-01
4.759069085121154785e-01
5.030699968338012695e-01
3.177578747272491455e-01
4.448924362659454346e-01
1.506611585617065430e+00
5.649648904800415039e-01
9.411532878875732422e-01
1.010365486145019531e+00
1.114973068237304688e+00
8.080916404724121094e-01
2.214709043502807617e+00
2.091627836227416992e+00
2.498435974121093750e+00
2.570719480514526367e+00
2.341521501541137695e+00
1.968551278114318848e+00
2.539725542068481445e+00
2.256074666976928711e+00
2.035521030426025391e+00
2.078690528869628906e+00
2.082985162734985352e+00
2.078204154968261719e+00
3.043826103210449219e+00
2.267997026443481445e+00
1.633187532424926758e+00
1.913007736206054688e+00
1.782843351364135742e+00
2.593317985534667969e+00
2.602478981018066406e+00
3.029395103454589844e+00
2.290563583374023438e+00
2.584702730178833008e+00
2.502629518508911133e+00
2.535277366638183594e+00
2.365900754928588867e+00
1.687073469161987305e+00
7.899049520492553711e-01
8.455301523208618164e-01
7.568698525428771973e-01
7.166687250137329102e-01
6.731485724449157715e-01
6.753948330879211426e-01
7.743573188781738281e-01
6.313754916191101074e-01
3.730330169200897217e-01
3.755906224250793457e-01
5.645372867584228516e-01
4.668964743614196777e-01
2.738232612609863281e-01
3.349251747131347656e-01
3.437796533107757568e-01
4.748592972755432129e-01
4.138300120830535889e-01
3.872721195220947266e-01
4.446372687816619873e-01
2.970352470874786377e-01
3.103635311126708984e-01
3.145523071289062500e-01
2.404567897319793701e-01
3.961904644966125488e-01
3.436993360519409180e-01
2.974683344364166260e-01
3.941399157047271729e-01
3.963055610656738281e-01
3.547855019569396973e-01
3.631073832511901855e-01
4.466206431388854980e-01
4.196691215038299561e-01
3.580135405063629150e-01
3.022858798503875732e-01
5.655596852302551270e-01
4.302775561809539795e-01
2.910278439521789551e-01
4.538422822952270508e-01
3.300155401229858398e-01
4.809664785861968994e-01
1.575632929801940918e+00
1.698732256889343262e+00
1.191167116165161133e+00
1.307581663131713867e+00
7.699714899063110352e-01
3.969524502754211426e-01
3.166313469409942627e-01
2.394404262304306030e-01
4.869533181190490723e-01
4.684539139270782471e-01
5.304247140884399414e-01
7.380300164222717285e-01
2.087454080581665039e+00
2.227441549301147461e+00
2.151532173156738281e+00
2.440870523452758789e+00
2.730721235275268555e+00
2.741720438003540039e+00
3.018300533294677734e+00
2.390956163406372070e+00
1.647783994674682617e+00
1.748735427856445312e+00
1.260149836540222168e+00
1.479500293731689453e+00
1.683120489120483398e+00
1.665345549583435059e+00
1.202844738960266113e+00
1.279137134552001953e+00
1.398215651512145996e+00
1.159806132316589355e+00
1.328108549118041992e+00
1.062805414199829102e+00
1.270358562469482422e+00
1.537531971931457520e+00
1.611681818962097168e+00
1.322818756103515625e+00
1.220776200294494629e+00
1.404517769813537598e+00
1.595724940299987793e+00
1.178002119064331055e+00
1.197729468345642090e+00
1.528504610061645508e+00
1.463718533515930176e+00
1.351222991943359375e+00
1.382401943206787109e+00
1.503077626228332520e+00
1.350575804710388184e+00
1.327230334281921387e+00
1.958442568778991699e+00
1.212754964828491211e+00
1.365849614143371582e+00
1.027699470520019531e+00
5.188183188438415527e-01
4.505808055400848389e-01
3.141378760337829590e-01
2.749851644039154053e-01
3.334573805332183838e-01
5.319873094558715820e-01
4.084146618843078613e-01
1.115989685058593750e-01
3.029179573059082031e-01
4.107477962970733643e-01
1.619721353054046631e-01
3.344079554080963135e-01
2.427233010530471802e-01
3.776967823505401611e-01
1.284342288970947266e+00
7.341019511222839355e-01
9.961672425270080566e-01
1.109081625938415527e+00
8.777421116828918457e-01
1.082056641578674316e+00
9.288860559463500977e-01
9.012961983680725098e-01
7.540082931518554688e-01
1.093704462051391602e+00
1.324787616729736328e+00
1.180670738220214844e+00
1.303334236145019531e+00
1.537880063056945801e+00
1.539027690887451172e+00
1.789091348648071289e+00
2.157542467117309570e+00
2.082583427429199219e+00
1.983975052833557129e+00
1.745021104812622070e+00
1.424554586410522461e+00
1.558864474296569824e+00
3.008544921875000000e+00
2.005187988281250000e+00
2.554266929626464844e+00
4.258533477783203125e+00
3.277030944824218750e+00
2.516195774078369141e+00
2.805696249008178711e+00
1.689950942993164062e+00
1.363415122032165527e+00
1.230459809303283691e+00
1.755679726600646973e+00
2.530827283859252930e+00
1.492190480232238770e+00
1.354097723960876465e+00
1.306831121444702148e+00
1.028997540473937988e+00
1.132053136825561523e+00
1.249405741691589355e+00
7.863110303878784180e-01
7.851663827896118164e-01
8.532802462577819824e-01
6.450543403625488281e-01
7.948247790336608887e-01
5.801120996475219727e-01
6.516529917716979980e-01
6.077395081520080566e-01
5.461823344230651855e-01
3.850760459899902344e-01
3.994911313056945801e-01
5.977297425270080566e-01
5.296245813369750977e-01
3.462522923946380615e-01
4.712883532047271729e-01
2.834498584270477295e-01
4.339745640754699707e-01
4.988952279090881348e-01
4.539521932601928711e-01
3.353067338466644287e-01
4.400636553764343262e-01
4.694549143314361572e-01
4.054834544658660889e-01
3.900125622749328613e-01
5.333235859870910645e-01
5.623595714569091797e-01
6.050730943679809570e-01
1.474190115928649902e+00
1.121791481971740723e+00
1.342306256294250488e+00
1.173713326454162598e+00
2.007994800806045532e-01
4.896408617496490479e-01
5.914882421493530273e-01
4.660328030586242676e-01
5.397056341171264648e-01
6.646249890327453613e-01
6.955114006996154785e-01
5.162675380706787109e-01
5.075846910476684570e-01
3.556889295578002930e-01
5.450826287269592285e-01
6.007584929466247559e-01
6.989647746086120605e-01
5.399742722511291504e-01
3.703945577144622803e-01
3.270750045776367188e-01
4.804747402667999268e-01
4.057200253009796143e-01
6.670666337013244629e-01
2.045636177062988281e+00
2.886232137680053711e+00
2.588479995727539062e+00
2.506570339202880859e+00
2.329923868179321289e+00
2.424379825592041016e+00
2.598264694213867188e+00
2.539529800415039062e+00
2.239989042282104492e+00
1.213725924491882324e+00
1.270497322082519531e+00
1.561249732971191406e+00
1.281809329986572266e+00
1.421753287315368652e+00
1.378076076507568359e+00
1.238620758056640625e+00
1.228728890419006348e+00
1.104830861091613770e+00
1.298524856567382812e+00
1.329572558403015137e+00
1.167710900306701660e+00
1.173438191413879395e+00
1.043579339981079102e+00
1.301770448684692383e+00
1.105299353599548340e+00
1.223408341407775879e+00
1.353462576866149902e+00
1.478318572044372559e+00
1.411889076232910156e+00
1.246113538742065430e+00
1.192886471748352051e+00
1.420174002647399902e+00
1.435596346855163574e+00
1.239553809165954590e+00
1.192269206047058105e+00
1.442840218544006348e+00
2.513978481292724609e+00
1.574556589126586914e+00
1.066087126731872559e+00
8.310273289680480957e-01
1.017261743545532227e+00
1.289357423782348633e+00
3.909803926944732666e-01
5.718120932579040527e-01
4.622600972652435303e-01
1.164758324623107910e+00
3.900413513183593750e-01
2.888298630714416504e-01
4.005439579486846924e-01
3.519228100776672363e-01
3.014441132545471191e-01
2.472938895225524902e-01
3.818296492099761963e-01
2.688152194023132324e-01
3.537151515483856201e-01
4.327389299869537354e-01
4.086747765541076660e-01
4.928225874900817871e-01
3.907452225685119629e-01
6.326188445091247559e-01
5.956073999404907227e-01
5.659406781196594238e-01
6.006187200546264648e-01
6.582818031311035156e-01
5.045262575149536133e-01
6.493939161300659180e-01
4.978446066379547119e-01
7.879972457885742188e-01
1.145600199699401855e+00
2.823995113372802734e+00
3.632737159729003906e+00
3.382739543914794922e+00
3.471766948699951172e+00
3.439967870712280273e+00
2.385118246078491211e+00
2.320361137390136719e+00
3.200555801391601562e+00
2.731218814849853516e+00
2.737755298614501953e+00
3.735889673233032227e+00
3.287225484848022461e+00
1.616082668304443359e+00
1.965927600860595703e+00
2.050087451934814453e+00
1.831703424453735352e+00
2.623167991638183594e+00
1.496572971343994141e+00
3.056494951248168945e+00
2.369219303131103516e+00
1.092376112937927246e+00
1.281520128250122070e+00
1.878917932510375977e+00
4.670417606830596924e-01
7.323915362358093262e-01
1.203372120857238770e+00
7.865982651710510254e-01
7.788133025169372559e-01
1.016724348068237305e+00
5.476073622703552246e-01
4.626696109771728516e-01
3.022483289241790771e-01
4.670266807079315186e-01
4.328173398971557617e-01
4.286647439002990723e-01
3.976190388202667236e-01
5.401200652122497559e-01
4.262439310550689697e-01
2.198942303657531738e-01
3.124565482139587402e-01
2.220609784126281738e-01
3.040096759796142578e-01
2.593040466308593750e-01
4.903951585292816162e-01
3.448434174060821533e-01
4.179656207561492920e-01
3.672199547290802002e-01
2.340785264968872070e-01
1.700373530387878418e+00
1.147643089294433594e+00
9.963133335113525391e-01
4.379045963287353516e-01
2.836439311504364014e-01
3.800943195819854736e-01
3.288868069648742676e-01
3.283259868621826172e-01
3.843173384666442871e-01
4.112565219402313232e-01
1.727115660905838013e-01
3.908855617046356201e-01
4.837085604667663574e-01
1.576147973537445068e-01
3.196425735950469971e-01
2.121410965919494629e-01
4.235207438468933105e-01
1.487965285778045654e-01
3.756344914436340332e-01
5.546069741249084473e-01
4.196159541606903076e-01
4.277163743972778320e-01
5.322065949440002441e-01
4.737897515296936035e-01
2.309063971042633057e-01
3.615883290767669678e-01
1.621649384498596191e+00
2.143374204635620117e+00
2.035200119018554688e+00
2.296405553817749023e+00
3.027351379394531250e+00
2.115908861160278320e+00
1.915142416954040527e+00
2.129203081130981445e+00
1.812245488166809082e+00
1.763831853866577148e+00
1.842858433723449707e+00
1.557847857475280762e+00
1.347812652587890625e+00
1.194013833999633789e+00
1.433129429817199707e+00
1.175670981407165527e+00
1.330623745918273926e+00
1.256811022758483887e+00
1.187118649482727051e+00
1.231117606163024902e+00
1.046923875808715820e+00
1.257349610328674316e+00
1.295920133590698242e+00
1.322483301162719727e+00
1.692424416542053223e+00
1.258678436279296875e+00
1.182844400405883789e+00
1.461635112762451172e+00
1.305545687675476074e+00
1.270342469215393066e+00
1.514264702796936035e+00
1.389003515243530273e+00
1.213835000991821289e+00
1.396575212478637695e+00
1.655556917190551758e+00
1.398063302040100098e+00
1.289228320121765137e+00
1.700119733810424805e+00
2.698423862457275391e+00
1.542554616928100586e+00
1.613181948661804199e+00
1.710638761520385742e+00
1.842344522476196289e+00
1.348333120346069336e+00
1.395152330398559570e+00
2.036149024963378906e+00
1.435814261436462402e+00
1.470101118087768555e+00
1.354562878608703613e+00
1.430496215820312500e+00
1.088513851165771484e+00
1.742665529251098633e+00
1.835530757904052734e+00
1.623225688934326172e+00
1.392539978027343750e+00
1.668053627014160156e+00
1.861637949943542480e+00
1.839009284973144531e+00
1.675897479057312012e+00
1.487910151481628418e+00
1.129102826118469238e+00
1.875289678573608398e+00
1.101079821586608887e+00
1.527848720550537109e+00
1.072888612747192383e+00
6.917746067047119141e-01
8.896853923797607422e-01
9.177551865577697754e-01
5.623940825462341309e-01
1.089073777198791504e+00
1.661721706390380859e+00
1.395363450050354004e+00
1.425426483154296875e+00
1.366575241088867188e+00
1.551728606224060059e+00
1.257667899131774902e+00
1.074595451354980469e+00
1.468950748443603516e+00
1.995963454246520996e+00
1.451952576637268066e+00
1.610780000686645508e+00
2.241513252258300781e+00
3.030089378356933594e+00
1.530466318130493164e+00
1.230208158493041992e+00
7.714524269104003906e-01
1.595412731170654297e+00
1.050397753715515137e+00
2.189770936965942383e+00
2.395014524459838867e+00
1.741938829421997070e+00
2.119645595550537109e+00
1.873226284980773926e+00
1.163484573364257812e+00
5.632857680320739746e-01
4.854095876216888428e-01
4.496502280235290527e-01
4.201504588127136230e-01
3.375282883644104004e-01
1.961828470230102539e-01
2.147162556648254395e-01
2.140581458806991577e-01
3.949868977069854736e-01
3.321548700332641602e-01
3.837296962738037109e-01
3.814412355422973633e-01
2.628958225250244141e-01
5.287480354309082031e-01
2.705765962600708008e-01
2.123491466045379639e-01
2.888638377189636230e-01
4.678955674171447754e-01
1.550928205251693726e-01
2.669116258621215820e-01
1.984614282846450806e-01
2.804972827434539795e-01
3.114149868488311768e-01
2.036281675100326538e-01
4.015559256076812744e-01
2.290803492069244385e-01
1.049202203750610352e+00
1.447168439626693726e-01
2.657571136951446533e-01
3.123378753662109375e-01
2.658670246601104736e-01
5.307837724685668945e-01
4.545897543430328369e-01
3.680849969387054443e-01
3.727484941482543945e-01
6.058673858642578125e-01
3.011713922023773193e-01
3.801028132438659668e-01
5.081449151039123535e-01
2.323297858238220215e-01
3.816810846328735352e-01
2.574925124645233154e-01
4.555616974830627441e-01
1.488024115562438965e+00
1.369821667671203613e+00
1.323291063308715820e+00
1.144588232040405273e+00
4.709144830703735352e-01
2.949819862842559814e-01
5.045646429061889648e-01
3.727791905403137207e-01
1.355627775192260742e+00
2.106101751327514648e+00
2.500604629516601562e+00
2.541697978973388672e+00
2.345819234848022461e+00
2.626736164093017578e+00
2.128390550613403320e+00
2.498563766479492188e+00
2.045733690261840820e+00
2.239516496658325195e+00
1.982698559761047363e+00
1.540659785270690918e+00
1.838263988494873047e+00
1.628395438194274902e+00
2.714843988418579102e+00
1.723004221916198730e+00
1.396197199821472168e+00
1.639867305755615234e+00
1.798895597457885742e+00
1.745574474334716797e+00
8.187732696533203125e-01
2.449364662170410156e+00
1.440678954124450684e+00
5.943076014518737793e-01
9.352464675903320312e-01
1.975975751876831055e+00
1.727785587310791016e+00
2.323303937911987305e+00
3.225972414016723633e+00
3.414217472076416016e+00
2.600911855697631836e+00
1.654154896736145020e+00
2.515322685241699219e+00
1.753064513206481934e+00
8.820997476577758789e-01
1.349299669265747070e+00
4.575009346008300781e-01
7.282649874687194824e-01
2.578432559967041016e+00
5.271385312080383301e-01
7.553640007972717285e-01
1.618517518043518066e+00
1.692806601524353027e+00
1.501931071281433105e+00
8.210268616676330566e-01
1.288777112960815430e+00
2.136815309524536133e+00
7.093232274055480957e-01
5.708062052726745605e-01
5.356522798538208008e-01
5.874738097190856934e-01
1.632601499557495117e+00
1.437958478927612305e+00
1.161627292633056641e+00
1.055339813232421875e+00
1.525774598121643066e+00
1.492538809776306152e+00
1.369683146476745605e+00
1.338860869407653809e+00
1.419950604438781738e+00
1.659674644470214844e+00
1.454219698905944824e+00
1.396499514579772949e+00
1.737624287605285645e+00
2.034544467926025391e+00
2.088618755340576172e+00
2.135745525360107422e+00
2.563307762145996094e+00
3.211349248886108398e+00
5.088770866394042969e+00
3.990251779556274414e+00
4.363803863525390625e+00
4.575020313262939453e+00
3.628851413726806641e+00
4.164058685302734375e+00
3.678353548049926758e+00
3.538727998733520508e+00
2.802070379257202148e+00
3.268546342849731445e+00
3.335487604141235352e+00
2.462320327758789062e+00
2.925401687622070312e+00
2.290545701980590820e+00
1.640258193016052246e+00
1.804534673690795898e+00
1.950091242790222168e+00
1.987192869186401367e+00
2.049705505371093750e+00
2.751182556152343750e+00
1.856980204582214355e+00
1.766473889350891113e+00
1.568089008331298828e+00
1.611589193344116211e+00
1.332590341567993164e+00
1.727942347526550293e+00
1.315008640289306641e+00
7.745555043220520020e-01
9.582008123397827148e-01
6.512240171432495117e-01
6.230240464210510254e-01
8.435119390487670898e-01
9.646432399749755859e-01
5.313993692398071289e-01
3.796237111091613770e-01
1.041162014007568359e+00
6.508449912071228027e-01
3.545286655426025391e-01
3.953774869441986084e-01
4.428775608539581299e-01
2.017533332109451294e-01
3.177647292613983154e-01
2.616609930992126465e-01
1.406289488077163696e-01
2.177242040634155273e-01
3.893111348152160645e-01
1.192281842231750488e+00
1.192640900611877441e+00
1.052656888961791992e+00
9.695764183998107910e-01
2.010672688484191895e-01
4.431760311126708984e-01
5.156722068786621094e-01
2.936238348484039307e-01
3.426911830902099609e-01
4.803324937820434570e-01
5.106871724128723145e-01
4.030157625675201416e-01
1.603560596704483032e-01
3.598069548606872559e-01
5.072535872459411621e-01
4.356737136840820312e-01
5.474031567573547363e-01
5.206975340843200684e-01
2.607956826686859131e-01
4.174505770206451416e-01
3.174895346164703369e-01
8.568602800369262695e-02
2.228092700242996216e-01
3.069290816783905029e-01
2.279710769653320312e-01
-1.830042153596878052e-02
3.945395648479461670e-01
3.012889921665191650e-01
2.728345990180969238e-01
3.713454008102416992e-01
1.401541352272033691e+00
1.639093279838562012e+00
1.493043661117553711e+00
1.964047551155090332e+00
2.635898828506469727e+00
2.225264549255371094e+00
1.817139029502868652e+00
1.901422142982482910e+00
1.780202984809875488e+00
1.632013797760009766e+00
1.698152780532836914e+00
1.338592767715454102e+00
1.139042139053344727e+00
1.232386946678161621e+00
1.616898179054260254e+00
1.131836652755737305e+00
1.315735816955566406e+00
1.373772978782653809e+00
2.918438315391540527e-01
3.217517733573913574e-01
4.616779386997222900e-01
2.100785076618194580e-01
3.424946665763854980e-01
5.086736679077148438e-01
4.682121574878692627e-01
8.809013664722442627e-02
9.509415924549102783e-02
3.456180095672607422e-01
3.419870436191558838e-01
1.174062788486480713e-01
4.016348719596862793e-01
5.877443552017211914e-01
3.505737185478210449e-01
3.236257731914520264e-01
5.484071969985961914e-01
4.462478458881378174e-01
3.632997870445251465e-01
3.756870925426483154e-01
5.063989162445068359e-01
3.646859228610992432e-01
2.496152222156524658e-01
4.244726896286010742e-01
4.439062476158142090e-01
4.895747900009155273e-01
3.006185293197631836e-01
5.255915522575378418e-01
3.475397229194641113e-01
2.617122530937194824e-01
2.510791718959808350e-01
2.172576785087585449e-01
3.553967475891113281e-01
4.019988477230072021e-01
2.885053157806396484e-01
2.138210386037826538e-01
3.904039561748504639e-01
5.124331712722778320e-01
3.785048425197601318e-01
2.186851948499679565e-01
5.193078517913818359e-01
3.013684749603271484e-01
4.488594532012939453e-01
6.884149909019470215e-01
5.287801027297973633e-01
1.121052280068397522e-01
1.596420884132385254e+00
1.246598720550537109e+00
1.287169575691223145e+00
8.207508325576782227e-01
4.372453987598419189e-01
5.011809468269348145e-01
3.361460268497467041e-01
6.678236722946166992e-01
5.060272216796875000e-01
3.831414580345153809e-01
4.150215387344360352e-01
3.892804384231567383e-01
4.670951962471008301e-01
3.694034218788146973e-01
2.833248674869537354e-01
7.608645558357238770e-01
6.814937591552734375e-01
3.776118159294128418e-01
2.671317160129547119e-01
1.866774320602416992e+00
1.766826152801513672e+00
1.453924775123596191e+00
1.503454208374023438e+00
1.536216020584106445e+00
5.238877534866333008e-01
1.018065690994262695e+00
1.264945983886718750e+00
1.880783677101135254e+00
1.863390564918518066e+00
1.671835303306579590e+00
1.269803881645202637e+00
7.490186095237731934e-01
4.018201529979705811e-01
2.586412727832794189e-01
2.060796916484832764e-01
4.870245754718780518e-01
4.414525032043457031e-01
1.372040957212448120e-01
3.522818982601165771e-01
5.365529656410217285e-01
9.477045387029647827e-02
2.038649916648864746e-01
5.067917108535766602e-01
4.379369318485260010e-01
2.872074842453002930e-01
2.145298570394515991e-01
3.095593452453613281e-01
1.475403308868408203e-01
1.828734725713729858e-01
5.239957571029663086e-01
2.840772867202758789e-01
1.564849764108657837e-01
3.895682394504547119e-01
3.507011532783508301e-01
1.966548413038253784e-01
3.580357432365417480e-01
4.837425351142883301e-01
1.901510506868362427e-01
3.735735416412353516e-01
2.785399556159973145e-01
2.772969305515289307e-01
1.608910858631134033e-01
4.074328541755676270e-01
4.831737875938415527e-01
2.387250363826751709e-01
4.712461233139038086e-01
5.779954791069030762e-01
2.362907677888870239e-01
3.686299026012420654e-01
2.986636757850646973e-01
2.153220027685165405e-01
5.103977397084236145e-03
3.089228868484497070e-01
4.278893172740936279e-01
2.481435835361480713e-01
3.206082284450531006e-01
5.781276226043701172e-01
1.227033376693725586e+00
1.018074274063110352e+00
2.158250808715820312e+00
2.575411081314086914e+00
2.111988782882690430e+00
1.726775765419006348e+00
2.377754449844360352e+00
1.911775708198547363e+00
1.632239699363708496e+00
2.283500909805297852e+00
2.090853214263916016e+00
1.709408640861511230e+00
2.673659086227416992e+00
2.909253358840942383e+00
2.402322530746459961e+00
2.515812635421752930e+00
1.306420087814331055e+00
2.014792919158935547e+00
1.785613656044006348e+00
1.513844728469848633e+00
1.706538081169128418e+00
1.490594625473022461e+00
2.311315298080444336e+00
2.759044885635375977e+00
3.184305191040039062e+00
3.090652465820312500e+00
2.953788280487060547e+00
1.658732652664184570e+00
2.541985511779785156e+00
2.151223897933959961e+00
2.687408924102783203e+00
2.976988077163696289e+00
1.437485456466674805e+00
1.853689432144165039e+00
2.450877904891967773e+00
1.752912163734436035e+00
1.768791437149047852e+00
1.809934616088867188e+00
2.093370676040649414e+00
1.846567749977111816e+00
1.870677471160888672e+00
1.746540665626525879e+00
1.977895498275756836e+00
1.667953848838806152e+00
2.478009462356567383e+00
2.289816379547119141e+00
1.257087945938110352e+00
1.572808623313903809e+00
1.468828797340393066e+00
1.699500322341918945e+00
2.080219268798828125e+00
2.315169811248779297e+00
2.707365751266479492e+00
2.385421037673950195e+00
4.904880821704864502e-01
5.741466283798217773e-01
1.191313982009887695e+00
1.107514858245849609e+00
9.776343703269958496e-01
9.409543275833129883e-01
5.501345396041870117e-01
6.881042122840881348e-01
8.376887440681457520e-01
8.363574743270874023e-01
9.850298166275024414e-01
8.935208320617675781e-01
9.681999087333679199e-01
7.103384733200073242e-01
7.855882048606872559e-01
1.104218006134033203e+00
1.409975051879882812e+00
3.426421880722045898e+00
4.040141582489013672e+00
5.536939620971679688e+00
3.810358762741088867e+00
3.269322395324707031e+00
3.501405954360961914e+00
2.002739667892456055e+00
1.535684823989868164e+00
1.943935036659240723e+00
3.426454067230224609e+00
3.037899494171142578e+00
1.719098806381225586e+00
1.698526382446289062e+00
1.983620047569274902e+00
1.782599329948425293e+00
1.786582350730895996e+00
1.739144444465637207e+00
1.766508221626281738e+00
1.900581002235412598e+00
2.712918043136596680e+00
2.371207475662231445e+00
2.294398784637451172e+00
2.015245914459228516e+00
1.569458365440368652e+00
1.801009416580200195e+00
1.168700337409973145e+00
5.166367292404174805e-01
4.349780380725860596e-01
3.106261193752288818e-01
2.166826277971267700e-01
2.096766829490661621e-01
1.344280391931533813e-01
3.508812487125396729e-01
2.005508691072463989e-01
2.965117394924163818e-01
5.418480038642883301e-01
4.143116176128387451e-01
1.085594967007637024e-01
3.387483060359954834e-01
3.392079472541809082e-01
9.301156550645828247e-02
3.217005133628845215e-01
9.102572500705718994e-02
3.456514477729797363e-01
2.721351087093353271e-01
2.947673797607421875e-01
3.940089046955108643e-01
9.308283030986785889e-02
4.658768475055694580e-01
3.735601007938385010e-01
1.554359942674636841e-01
2.414980828762054443e-01
1.292897909879684448e-01
2.938439249992370605e-01
3.358154594898223877e-01
3.948657512664794922e-01
2.645028531551361084e-01
9.228684753179550171e-02
3.806800842285156250e-01
4.664096832275390625e-01
1.522279530763626099e-01
4.913265407085418701e-01
4.008386135101318359e-01
1.523633599281311035e-01
1.763831079006195068e-01
2.172319144010543823e-01
6.340578198432922363e-01
2.930238246917724609e-01
5.610381364822387695e-01
2.542721331119537354e-01
5.709741711616516113e-01
8.647043704986572266e-01
4.982565641403198242e-01
2.628346979618072510e-01
4.636878967285156250e-01
1.710825443267822266e+00
1.738873124122619629e+00
2.295163631439208984e+00
1.572422504425048828e+00
2.190909862518310547e+00
2.320032119750976562e+00
2.217465877532958984e+00
2.266979455947875977e+00
1.723870396614074707e+00
2.240460157394409180e+00
2.303445816040039062e+00
1.441921949386596680e+00
1.273282408714294434e+00
1.181832432746887207e+00
1.267427086830139160e+00
9.758067131042480469e-01
1.224872350692749023e+00
1.353553056716918945e+00
1.374556899070739746e+00
1.872405886650085449e+00
1.362333297729492188e+00
1.374891877174377441e+00
1.313912510871887207e+00
1.496752023696899414e+00
1.482890605926513672e+00
1.556830644607543945e+00
1.248529434204101562e+00
1.388686180114746094e+00
2.055850505828857422e+00
2.287782430648803711e+00
1.554187774658203125e+00
1.509449601173400879e+00
1.634197592735290527e+00
1.773252606391906738e+00
1.122848987579345703e+00
5.982077717781066895e-01
5.235522389411926270e-01
6.627375483512878418e-01
5.937692523002624512e-01
2.002959012985229492e+00
4.618695080280303955e-01
4.982636868953704834e-01
6.074010133743286133e-01
7.545691132545471191e-01
1.507921695709228516e+00
1.546287775039672852e+00
1.928337812423706055e+00
1.983388662338256836e+00
7.187244892120361328e-01
4.545952379703521729e-01
2.389393746852874756e-01
6.319442391395568848e-01
3.121580481529235840e-01
6.448180675506591797e-01
9.004330635070800781e-01
7.100476622581481934e-01
8.020921945571899414e-01
6.543202400207519531e-01
7.093078494071960449e-01
6.947187185287475586e-01
8.722695112228393555e-01
1.552901983261108398e+00
1.207788109779357910e+00
1.215327739715576172e+00
3.678564131259918213e-01
6.684544086456298828e-01
7.882521748542785645e-01
1.280015587806701660e+00
1.528277397155761719e+00
2.107499599456787109e+00
2.101983785629272461e+00
2.039329290390014648e+00
2.165868043899536133e+00
3.190988302230834961e+00
2.461342573165893555e+00
2.273007392883300781e+00
2.831254959106445312e+00
2.455436706542968750e+00
1.300537347793579102e+00
1.680691957473754883e+00
3.061753034591674805e+00
2.699400424957275391e+00
3.289976596832275391e+00
2.660053730010986328e+00
2.689392328262329102e+00
1.966064333915710449e+00
2.288443803787231445e+00
1.336977601051330566e+00
1.330455422401428223e+00
1.301587104797363281e+00
1.408485651016235352e+00
1.088761568069458008e+00
7.422026395797729492e-01
7.901639938354492188e-01
7.084784507751464844e-01
6.179929375648498535e-01
6.094229817390441895e-01
8.441396355628967285e-01
5.067831873893737793e-01
4.745407998561859131e-01
6.426047682762145996e-01
5.649635195732116699e-01
4.876793920993804932e-01
1.174613758921623230e-01
4.410583674907684326e-01
7.768598198890686035e-01
4.428926408290863037e-01
3.258163630962371826e-01
3.608329296112060547e-01
2.774449288845062256e-01
3.359993696212768555e-01
2.383256703615188599e-01
2.701064944267272949e-01
2.328908592462539673e-01
9.286382794380187988e-02
2.757954001426696777e-01
5.752912163734436035e-01
2.677284181118011475e-01
2.401163578033447266e-01
3.350901901721954346e-01
1.468881487846374512e+00
1.173966884613037109e+00
1.039961218833923340e+00
9.765108227729797363e-01
1.510252058506011963e-01
1.348586380481719971e-01
2.608217000961303711e-01
4.164600074291229248e-01
1.935112178325653076e-01
4.300130307674407959e-01
3.092041015625000000e-01
3.183740675449371338e-01
3.636183142662048340e-01
4.003805816173553467e-01
3.046921789646148682e-01
1.944804191589355469e-01
2.540512084960937500e-01
5.952360033988952637e-01
2.490889579057693481e-01
2.735872864723205566e-01
4.448721706867218018e-01
4.337944984436035156e-01
1.448264867067337036e-01
6.214468479156494141e-01
1.840570211410522461e+00
1.535713076591491699e+00
1.522956848144531250e+00
1.860241174697875977e+00
2.697545528411865234e+00
1.776551723480224609e+00
3.756248950958251953e+00
2.981463432312011719e+00
1.852769255638122559e+00
1.959475040435791016e+00
1.738846540451049805e+00
1.577009797096252441e+00
1.285459160804748535e+00
1.777661204338073730e+00
1.262350797653198242e+00
1.155950188636779785e+00
1.504079461097717285e+00
1.514659047126770020e+00
1.579090714454650879e+00
1.478013873100280762e+00
1.414543986320495605e+00
1.197190046310424805e+00
1.920470118522644043e+00
1.208223104476928711e+00
1.449103116989135742e+00
1.452280402183532715e+00
1.430859923362731934e+00
1.161882996559143066e+00
1.222832202911376953e+00
1.418805360794067383e+00
1.574204325675964355e+00
1.294643998146057129e+00
1.332966685295104980e+00
1.497911691665649414e+00
2.176532268524169922e+00
1.775864839553833008e+00
1.641309618949890137e+00
1.927435159683227539e+00
1.221897006034851074e+00
2.051789045333862305e+00
2.716170787811279297e+00
1.709667682647705078e+00
1.500777125358581543e+00
1.760053515434265137e+00
1.551439762115478516e+00
1.353985905647277832e+00
1.684464097023010254e+00
2.892621755599975586e+00
2.360728740692138672e+00
1.454942464828491211e+00
1.505039095878601074e+00
1.483550071716308594e+00
1.357965826988220215e+00
1.447096109390258789e+00
1.780455946922302246e+00
1.594386816024780273e+00
2.366780787706375122e-01
6.938788890838623047e-01
1.418000340461730957e+00
8.495317101478576660e-01
1.046555519104003906e+00
2.770346164703369141e+00
2.228094339370727539e+00
2.093483924865722656e+00
2.167003154754638672e+00
2.391658067703247070e+00
9.010056257247924805e-01
1.190343976020812988e+00
2.562728404998779297e+00
2.781643867492675781e+00
2.526141166687011719e+00
2.709300279617309570e+00
2.220914125442504883e+00
1.740172028541564941e+00
1.319103956222534180e+00
2.076712369918823242e+00
2.017397403717041016e+00
1.888757228851318359e+00
1.538420081138610840e+00
2.156779527664184570e+00
2.973697662353515625e+00
2.669210433959960938e+00
2.675187110900878906e+00
1.928097724914550781e+00
2.090065956115722656e+00
1.754385948181152344e+00
2.222642421722412109e+00
2.017016887664794922e+00
2.208117723464965820e+00
1.521136879920959473e+00
6.730403304100036621e-01
8.422058820724487305e-01
6.310803294181823730e-01
6.093846559524536133e-01
3.616766035556793213e-01
3.641667664051055908e-01
3.892933130264282227e-01
3.680340051651000977e-01
3.454551994800567627e-01
3.519025444984436035e-01
4.609529376029968262e-01
3.196661472320556641e-01
2.784481346607208252e-01
2.658799290657043457e-01
4.007130563259124756e-01
4.316781759262084961e-01
2.805222272872924805e-01
4.149743914604187012e-01
2.130689173936843872e-01
9.707918018102645874e-02
3.777940869331359863e-01
2.291469573974609375e-01
3.731341660022735596e-01
1.638905405998229980e-01
3.386822342872619629e-01
3.679761886596679688e-01
3.762564063072204590e-01
4.133947491645812988e-01
3.378456830978393555e-01
2.875947654247283936e-01
3.196551799774169922e-01
2.912729084491729736e-01
1.219308152794837952e-01
2.176597863435745239e-01
4.844738245010375977e-01
4.432569146156311035e-01
1.815350502729415894e-01
3.763589262962341309e-01
2.262494713068008423e-01
2.172886580228805542e-01
-1.106807403266429901e-02
1.771319359540939331e-01
4.804240465164184570e-01
1.472023129463195801e+00
1.424854755401611328e+00
1.353724360466003418e+00
1.310300946235656738e+00
4.252171516418457031e-01
3.890145719051361084e-01
6.114450097084045410e-01
3.562472462654113770e-01
2.667296230792999268e-01
1.647540688514709473e+00
1.057272195816040039e+00
2.355592250823974609e+00
1.764314055442810059e+00
1.692803859710693359e+00
2.680153369903564453e+00
1.977553129196166992e+00
2.699951171875000000e+00
3.277418375015258789e+00
2.214513778686523438e+00
1.742021679878234863e+00
1.725874781608581543e+00
1.715613365173339844e+00
1.981700778007507324e+00
7.944719791412353516e-01
1.372628688812255859e+00
2.444189786911010742e+00
1.569723367691040039e+00
6.779460906982421875e-01
1.173777222633361816e+00
1.089458107948303223e+00
6.000453233718872070e-01
8.576852679252624512e-01
1.042240023612976074e+00
8.604871034622192383e-01
5.037807226181030273e-01
5.350816249847412109e-01
4.180812835693359375e-01
4.895693063735961914e-01
7.014308571815490723e-01
2.057023525238037109e+00
1.691537499427795410e+00
1.390574932098388672e+00
6.057723164558410645e-01
3.549132347106933594e-01
7.791096568107604980e-01
5.506862998008728027e-01
5.742723941802978516e-01
5.539475083351135254e-01
5.120250582695007324e-01
4.473889172077178955e-01
5.638197064399719238e-01
4.166228175163269043e-01
4.516075551509857178e-01
5.032799839973449707e-01
4.376918971538543701e-01
1.567787975072860718e-01
5.438004136085510254e-01
4.204135835170745850e-01
8.134897053241729736e-02
2.456676661968231201e-01
1.507678329944610596e-01
3.169876635074615479e-01
3.870709538459777832e-01
4.563911259174346924e-01
3.534912168979644775e-01
3.256554603576660156e-01
6.647471785545349121e-01
5.280534625053405762e-01
4.044117331504821777e-01
9.855264425277709961e-01
7.953748703002929688e-01
8.740050792694091797e-01
6.861183643341064453e-01
1.400053024291992188e+00
1.626149535179138184e+00
2.211225509643554688e+00
1.699029445648193359e+00
1.926879286766052246e+00
1.764605164527893066e+00
1.780432343482971191e+00
1.947468996047973633e+00
2.193295717239379883e+00
2.818412303924560547e+00
2.346477270126342773e+00
2.618139028549194336e+00
2.523992776870727539e+00
2.895841836929321289e+00
2.560818433761596680e+00
1.860286951065063477e+00
1.115171551704406738e+00
1.398096680641174316e+00
2.530373096466064453e+00
1.922307610511779785e+00
1.888189315795898438e+00
1.828626990318298340e+00
1.857750415802001953e+00
1.752223849296569824e+00
1.321847915649414062e+00
1.599671602249145508e+00
1.476813793182373047e+00
1.138732433319091797e+00
8.495289683341979980e-01
1.333764076232910156e+00
1.310962438583374023e+00
9.503130912780761719e-01
9.820026755332946777e-01
1.175561547279357910e+00
2.107550859451293945e+00
1.642794966697692871e+00
1.730292201042175293e+00
1.726238250732421875e+00
5.281669497489929199e-01
2.049679607152938843e-01
4.798796772956848145e-01
4.087361991405487061e-01
3.945710957050323486e-01
3.785440325736999512e-01
5.740342140197753906e-01
1.852521002292633057e-01
3.214003741741180420e-01
4.699954390525817871e-01
3.166790306568145752e-01
2.693426012992858887e-01
2.673482596874237061e-01
3.865318000316619873e-01
2.083695083856582642e-01
2.547068595886230469e-01
3.754464387893676758e-01
3.891779184341430664e-01
1.634078621864318848e-01
2.505622208118438721e-01
2.847874760627746582e-01
3.078248500823974609e-01
2.629558369517326355e-02
4.466447532176971436e-01
3.759337961673736572e-01
3.045080006122589111e-01
3.736447989940643311e-01
4.490063786506652832e-01
3.771085739135742188e-01
3.413629233837127686e-01
2.040187567472457886e-01
2.883356511592864990e-01
2.905544936656951904e-01
2.974110543727874756e-01
4.265470802783966064e-01
