1.792953133583068848e+00
1.384318947792053223e+00
1.518560051918029785e+00
1.516902804374694824e+00
1.298791885375976562e+00
1.496921896934509277e+00
1.863883376121520996e+00
1.744702339172363281e+00
1.254990458488464355e+00
1.562627315521240234e+00
1.506468772888183594e+00
1.280452489852905273e+00
1.362979888916015625e+00
1.425647139549255371e+00
1.019080758094787598e+00
1.170210361480712891e+00
1.208217859268188477e+00
1.271765232086181641e+00
9.175224900245666504e-01
8.988372683525085449e-01
1.133363604545593262e+00
1.052453756332397461e+00
1.009317636489868164e+00
9.481995701789855957e-01
4.600264728069305420e-01
4.768530726432800293e-01
3.887670636177062988e-01
5.336859226226806641e-01
3.915535509586334229e-01
2.808985710144042969e-01
3.729384541511535645e-01
9.937606453895568848e-01
4.801647365093231201e-01
4.633702039718627930e-01
5.010323524475097656e-01
2.649753987789154053e-01
3.611741662025451660e-01
4.246401786804199219e-01
4.871619045734405518e-01
4.186146855354309082e-01
4.975241720676422119e-01
5.527776479721069336e-01
3.718472719192504883e-01
4.013648629188537598e-01
4.157051146030426025e-01
3.711428344249725342e-01
2.869670987129211426e-01
3.512309789657592773e-01
3.505331277847290039e-01
4.744316935539245605e-01
4.095228612422943115e-01
4.124474823474884033e-01
3.621099293231964111e-01
3.951505124568939209e-01
4.667569696903228760e-01
3.377596139907836914e-01
1.654818534851074219e+00
1.675643920898437500e+00
1.967345714569091797e+00
1.722259998321533203e+00
1.539150595664978027e+00
5.274060368537902832e-01
5.657479763031005859e-01
2.925244271755218506e-01
5.657808780670166016e-01
4.410400092601776123e-01
5.321205258369445801e-01
6.194270253181457520e-01
5.711364746093750000e-01
5.461233854293823242e-01
3.318794071674346924e-01
6.926572322845458984e-01
5.963833332061767578e-01
5.492143630981445312e-01
4.544965624809265137e-01
5.940636396408081055e-01
8.151233792304992676e-01
1.825989603996276855e+00
1.752615809440612793e+00
2.016344785690307617e+00
1.733188629150390625e+00
1.900148510932922363e+00
1.777628660202026367e+00
1.720093488693237305e+00
1.547048091888427734e+00
1.260669231414794922e+00
1.286993622779846191e+00
1.193031787872314453e+00
1.533195257186889648e+00
1.409488797187805176e+00
1.488675117492675781e+00
1.497324824333190918e+00
1.535920262336730957e+00
1.498383402824401855e+00
1.456354618072509766e+00
1.579579710960388184e+00
1.568485021591186523e+00
1.543879270553588867e+00
2.134420156478881836e+00
1.365873456001281738e+00
1.516469717025756836e+00
1.592374324798583984e+00
1.387734413146972656e+00
1.435699462890625000e+00
1.360952854156494141e+00
1.499622106552124023e+00
1.366555452346801758e+00
1.113795757293701172e+00
1.460534334182739258e+00
1.354653000831604004e+00
5.841969847679138184e-01
3.695854246616363525e-01
2.365451306104660034e-01
1.450158953666687012e-01
3.091254532337188721e-01
3.659582734107971191e-01
2.924866080284118652e-01
3.179278075695037842e-01
4.320638477802276611e-01
3.174396455287933350e-01
2.520045340061187744e-01
3.412626087665557861e-01
5.440610647201538086e-01
1.141996860504150391e+00
4.352916181087493896e-01
6.488541960716247559e-01
4.718283116817474365e-01
4.768456816673278809e-01
8.467355966567993164e-01
1.452232480049133301e+00
1.547471046447753906e+00
1.479542136192321777e+00
1.377901434898376465e+00
1.181103229522705078e+00
1.377980947494506836e+00
1.254000186920166016e+00
1.263496875762939453e+00
1.213945150375366211e+00
1.354127883911132812e+00
1.232497453689575195e+00
1.274267554283142090e+00
1.182450771331787109e+00
1.143188357353210449e+00
1.860660791397094727e+00
1.399137735366821289e+00
1.400231122970581055e+00
1.496010780334472656e+00
2.229886293411254883e+00
1.295536160469055176e+00
1.484151959419250488e+00
1.374750494956970215e+00
1.248875617980957031e+00
1.331233620643615723e+00
1.959963202476501465e+00
1.687099575996398926e+00
7.302952408790588379e-01
6.785570979118347168e-01
4.588122367858886719e-01
5.846135616302490234e-01
6.605376005172729492e-01
5.754724144935607910e-01
5.026615858078002930e-01
5.353751778602600098e-01
3.313202559947967529e-01
5.148496627807617188e-01
1.867996454238891602e-01
4.194101095199584961e-01
2.879754900932312012e-01
2.550278306007385254e-01
1.180635929107666016e+00
1.365496873855590820e+00
1.233522295951843262e+00
1.706868886947631836e+00
1.850472569465637207e+00
7.495393753051757812e-01
2.960578203201293945e-01
4.187218546867370605e-01
4.363759458065032959e-01
2.805663645267486572e-01
4.611003994941711426e-01
3.375526964664459229e-01
4.152065515518188477e-01
4.687715768814086914e-01
5.507569909095764160e-01
5.056673288345336914e-01
3.256466984748840332e-01
4.489271640777587891e-01
5.638386011123657227e-01
3.615584671497344971e-01
4.210418164730072021e-01
4.674844145774841309e-01
1.135022163391113281e+00
5.880030989646911621e-01
5.418905019760131836e-01
3.105883002281188965e-01
3.216662406921386719e-01
1.465988636016845703e+00
5.730674862861633301e-01
4.917415380477905273e-01
1.561497449874877930e+00
1.561993598937988281e+00
1.849545836448669434e+00
1.236819982528686523e+00
1.483812332153320312e+00
1.453316807746887207e+00
1.229598283767700195e+00
1.426287174224853516e+00
4.573976099491119385e-01
8.029564023017883301e-01
2.568360567092895508e-01
4.957768023014068604e-01
6.056804656982421875e-01
6.303811073303222656e-01
6.178567409515380859e-01
4.098375141620635986e-01
3.457273840904235840e-01
4.590668678283691406e-01
5.398550629615783691e-01
4.038191437721252441e-01
2.722535133361816406e-01
5.267359018325805664e-01
3.650255203247070312e-01
3.106305003166198730e-01
5.161362290382385254e-01
2.915861904621124268e-01
3.335256278514862061e-01
3.728430569171905518e-01
5.667484402656555176e-01
1.215697169303894043e+00
3.291765153408050537e-01
3.718796074390411377e-01
2.470304816961288452e-01
3.681935369968414307e-01
2.756726145744323730e-01
4.550450444221496582e-01
3.907548189163208008e-01
5.750730633735656738e-01
6.008385419845581055e-01
3.712886571884155273e-01
4.157303571701049805e-01
5.133256316184997559e-01
4.727687537670135498e-01
3.988201618194580078e-01
6.258409023284912109e-01
5.394167304039001465e-01
4.440227448940277100e-01
4.167853593826293945e-01
4.894051253795623779e-01
2.969228625297546387e-01
2.953235208988189697e-01
3.879444897174835205e-01
2.513439655303955078e-01
2.658727765083312988e-01
1.349704504013061523e+00
1.779452681541442871e+00
1.469989299774169922e+00
1.034127831459045410e+00
8.527564406394958496e-01
4.407423138618469238e-01
4.261016547679901123e-01
8.852666616439819336e-01
1.495646238327026367e+00
1.236761331558227539e+00
1.199639201164245605e+00
1.626588582992553711e+00
1.318799972534179688e+00
1.026684522628784180e+00
1.421494007110595703e+00
1.168450951576232910e+00
1.055113077163696289e+00
1.332454919815063477e+00
1.235370278358459473e+00
1.276362776756286621e+00
1.647690892219543457e+00
1.228121161460876465e+00
1.181084156036376953e+00
9.195203781127929688e-01
1.307325124740600586e+00
1.352746129035949707e+00
1.803705453872680664e+00
1.248360276222229004e+00
1.438265800476074219e+00
1.457226276397705078e+00
2.359863042831420898e+00
2.399736166000366211e+00
2.278350591659545898e+00
2.144398927688598633e+00
2.282942295074462891e+00
1.290118336677551270e+00
3.339907824993133545e-01
6.601004004478454590e-01
7.071093320846557617e-01
6.349281072616577148e-01
6.786664724349975586e-01
7.389613986015319824e-01
3.918328285217285156e-01
1.347170710563659668e+00
9.787159562110900879e-01
8.523880839347839355e-01
1.215665102005004883e+00
1.374343991279602051e+00
1.145816445350646973e+00
1.316811323165893555e+00
1.575991749763488770e+00
6.577804684638977051e-01
5.063078999519348145e-01
4.449730217456817627e-01
5.892269015312194824e-01
4.316060841083526611e-01
5.178458094596862793e-01
3.015781641006469727e-01
3.040880560874938965e-01
2.273601144552230835e-01
4.479206800460815430e-01
3.208804130554199219e-01
3.442905545234680176e-01
3.558092415332794189e-01
2.504021525382995605e-01
2.914691567420959473e-01
4.106447398662567139e-01
3.409912288188934326e-01
2.974984943866729736e-01
5.696755051612854004e-01
4.715166687965393066e-01
4.906185567378997803e-01
4.163838028907775879e-01
4.918193817138671875e-01
3.397569656372070312e-01
9.851948022842407227e-01
9.399744272232055664e-01
6.079329848289489746e-01
3.662288188934326172e-01
4.469794332981109619e-01
3.400146365165710449e-01
1.292282104492187500e+00
1.982389688491821289e+00
2.233481645584106445e+00
1.984194040298461914e+00
1.420528054237365723e+00
1.993564367294311523e+00
2.685260534286499023e+00
1.199412465095520020e+00
1.235485434532165527e+00
2.486969470977783203e+00
1.710741877555847168e+00
1.439898371696472168e+00
1.399502038955688477e+00
3.175217390060424805e+00
1.363017916679382324e+00
1.327434062957763672e+00
1.408257842063903809e+00
1.611734390258789062e+00
5.764164328575134277e-01
4.993883073329925537e-01
8.241156935691833496e-01
3.710096180438995361e-01
1.884590387344360352e-01
5.409700870513916016e-01
4.714484214782714844e-01
4.204387962818145752e-01
4.272654950618743896e-01
3.888473808765411377e-01
3.443105816841125488e-01
4.110791683197021484e-01
5.787298083305358887e-01
3.345910608768463135e-01
3.815448582172393799e-01
4.115632474422454834e-01
8.013257980346679688e-01
6.167825460433959961e-01
5.009745359420776367e-01
4.011576473712921143e-01
3.933458626270294189e-01
3.915850520133972168e-01
4.232118427753448486e-01
3.391805589199066162e-01
3.623349666595458984e-01
3.907230198383331299e-01
3.076173663139343262e-01
3.595282137393951416e-01
4.863500297069549561e-01
4.340362548828125000e-01
3.053149282932281494e-01
5.268803238868713379e-01
3.982886672019958496e-01
3.670554757118225098e-01
3.847397267818450928e-01
4.536416530609130859e-01
5.281823277473449707e-01
5.024189949035644531e-01
3.633757233619689941e-01
3.471060991287231445e-01
1.332023262977600098e+00
1.346409559249877930e+00
4.592104852199554443e-01
4.874428510665893555e-01
9.951635003089904785e-01
7.520665526390075684e-01
7.474452853202819824e-01
1.417097210884094238e+00
1.264512062072753906e+00
1.535593867301940918e+00
1.992600560188293457e+00
2.440993070602416992e+00
1.325067758560180664e+00
1.450641632080078125e+00
1.534636139869689941e+00
6.553599238395690918e-01
1.375342011451721191e+00
1.747532367706298828e+00
1.523669242858886719e+00
1.434979081153869629e+00
1.703829646110534668e+00
1.424438357353210449e+00
1.668968200683593750e+00
2.765409469604492188e+00
2.328393459320068359e+00
2.797219753265380859e+00
3.327802658081054688e+00
3.383295774459838867e+00
1.807640194892883301e+00
9.853107333183288574e-01
1.037108659744262695e+00
1.138836026191711426e+00
7.057426571846008301e-01
1.183599472045898438e+00
4.551519155502319336e-01
2.764304876327514648e-01
4.121418595314025879e-01
1.867007017135620117e-01
3.100272119045257568e-01
4.146997332572937012e-01
4.217363893985748291e-01
4.449480772018432617e-01
1.131931185722351074e+00
5.064743161201477051e-01
4.194586277008056641e-01
4.513658285140991211e-01
4.336793720722198486e-01
5.774335861206054688e-01
5.114669799804687500e-01
4.521009325981140137e-01
1.438479304313659668e+00
1.594973921775817871e+00
1.480639934539794922e+00
1.003325343132019043e+00
4.620402753353118896e-01
3.033225238323211670e-01
3.958132863044738770e-01
2.309488803148269653e-01
2.634823918342590332e-01
5.237191915512084961e-01
2.048177570104598999e-01
3.035226166248321533e-01
3.468275964260101318e-01
3.935788571834564209e-01
2.532365918159484863e-01
1.160641312599182129e+00
3.933096826076507568e-01
3.284035623073577881e-01
2.695062458515167236e-01
3.251864910125732422e-01
3.515837490558624268e-01
3.371061682701110840e-01
5.042738318443298340e-01
5.542460083961486816e-01
4.971862137317657471e-01
3.652930259704589844e-01
3.575596511363983154e-01
7.058863043785095215e-01
5.022529363632202148e-01
5.132804512977600098e-01
8.721036314964294434e-01
2.524041414260864258e+00
2.332053661346435547e+00
2.412789583206176758e+00
2.252550363540649414e+00
2.006339311599731445e+00
1.697134256362915039e+00
1.966989159584045410e+00
1.918457984924316406e+00
1.703478336334228516e+00
3.367843866348266602e+00
3.900214910507202148e+00
4.700601100921630859e+00
3.912937164306640625e+00
2.702001810073852539e+00
1.734370231628417969e+00
2.035580635070800781e+00
1.835625529289245605e+00
3.781280040740966797e+00
3.049390792846679688e+00
3.958852052688598633e+00
4.995779037475585938e+00
3.147573947906494141e+00
3.333820104598999023e+00
2.887394189834594727e+00
1.464828372001647949e+00
1.816844582557678223e+00
5.759278774261474609e+00
4.419282913208007812e+00
2.520424127578735352e+00
3.139683008193969727e+00
1.914648771286010742e+00
5.391996502876281738e-01
6.083860993385314941e-01
1.383743643760681152e+00
3.042853832244873047e+00
3.413192510604858398e+00
3.153051376342773438e+00
2.169154644012451172e+00
1.396226048469543457e+00
1.406150579452514648e+00
1.874615430831909180e+00
4.850545883178710938e+00
2.782359600067138672e+00
1.842958807945251465e+00
1.197124361991882324e+00
1.112308859825134277e+00
5.588086247444152832e-01
1.822065353393554688e+00
6.764799952507019043e-01
6.088282465934753418e-01
6.743220090866088867e-01
8.103699684143066406e-01
2.530038356781005859e+00
2.295681476593017578e+00
7.496101260185241699e-01
6.838663816452026367e-01
5.578054189682006836e-01
6.328049302101135254e-01
8.076802492141723633e-01
3.712831735610961914e-01
6.697081327438354492e-01
7.531728148460388184e-01
9.693360328674316406e-01
5.373769402503967285e-01
1.297984957695007324e+00
1.830931901931762695e+00
1.339480876922607422e+00
7.277560234069824219e-01
8.162713050842285156e-01
1.504522085189819336e+00
1.302750110626220703e+00
1.368146657943725586e+00
3.190690994262695312e+00
2.396269321441650391e+00
2.668405771255493164e+00
3.199706792831420898e+00
3.990369081497192383e+00
3.542396783828735352e+00
3.234091043472290039e+00
2.776632785797119141e+00
2.619597196578979492e+00
4.879598140716552734e+00
4.154445648193359375e+00
4.495981216430664062e+00
4.524668216705322266e+00
4.352109432220458984e+00
2.954241514205932617e+00
3.299218416213989258e+00
2.816923618316650391e+00
3.083840131759643555e+00
2.693508625030517578e+00
2.243422985076904297e+00
2.435645103454589844e+00
1.363811969757080078e+00
3.184257984161376953e+00
1.660251617431640625e+00
2.085832357406616211e+00
1.884612560272216797e+00
1.581839084625244141e+00
4.212139546871185303e-01
2.535512745380401611e-01
7.905044555664062500e-01
3.550971448421478271e-01
4.865895807743072510e-01
6.321794390678405762e-01
3.692219555377960205e-01
7.163132429122924805e-01
7.483046054840087891e-01
1.347212910652160645e+00
5.660864710807800293e-01
3.071700334548950195e-01
3.493476510047912598e-01
4.426774680614471436e-01
4.908509850502014160e-01
4.611327350139617920e-01
6.800555586814880371e-01
1.801730543375015259e-01
5.110775232315063477e-01
6.032971739768981934e-01
3.565706908702850342e-01
3.149922192096710205e-01
2.928508818149566650e-01
4.342300295829772949e-01
3.876065313816070557e-01
2.491966784000396729e-01
4.620490670204162598e-01
3.081943392753601074e-01
4.092237949371337891e-01
3.163210451602935791e-01
1.407576441764831543e+00
5.602199435234069824e-01
3.834682106971740723e-01
7.457620501518249512e-01
3.342155516147613525e-01
3.040044605731964111e-01
4.383434355258941650e-01
5.373873114585876465e-01
2.146595120429992676e-01
1.850676238536834717e-01
7.022194266319274902e-01
7.285254001617431641e-01
4.691007733345031738e-01
8.631063699722290039e-01
1.166951060295104980e+00
1.795559048652648926e+00
3.044525623321533203e+00
2.934381008148193359e+00
2.742880344390869141e+00
2.860860109329223633e+00
2.511964559555053711e+00
2.328872680664062500e+00
1.960819244384765625e+00
2.589646100997924805e+00
1.297392368316650391e+00
1.687456488609313965e+00
2.388840675354003906e+00
1.442998051643371582e+00
1.927930235862731934e+00
2.392302036285400391e+00
1.379813551902770996e+00
1.339094161987304688e+00
1.521979689598083496e+00
1.603439927101135254e+00
1.277778983116149902e+00
1.373697638511657715e+00
1.578388452529907227e+00
1.449443221092224121e+00
1.396989941596984863e+00
1.397274136543273926e+00
1.419469237327575684e+00
1.255400538444519043e+00
1.464872479438781738e+00
1.395347595214843750e+00
1.428210735321044922e+00
1.401473641395568848e+00
1.263732552528381348e+00
1.491288900375366211e+00
1.926177859306335449e+00
1.292805314064025879e+00
2.121045827865600586e+00
1.575392007827758789e+00
1.553947687149047852e+00
1.783138751983642578e+00
2.700444221496582031e+00
1.261934757232666016e+00
1.345198869705200195e+00
1.623830080032348633e+00
1.259594798088073730e+00
1.268108010292053223e+00
1.535538196563720703e+00
1.145252704620361328e+00
1.433226466178894043e+00
1.899802565574645996e+00
1.676102519035339355e+00
1.378911018371582031e+00
1.409463047981262207e+00
1.507118940353393555e+00
1.690284848213195801e+00
1.457021474838256836e+00
1.472739100456237793e+00
6.082298755645751953e-01
9.963325262069702148e-01
1.201210260391235352e+00
5.260092616081237793e-01
5.336900353431701660e-01
1.121366977691650391e+00
8.736904263496398926e-01
7.705276012420654297e-01
6.591539382934570312e-01
9.884902834892272949e-01
1.041157960891723633e+00
1.099180102348327637e+00
9.615796208381652832e-01
1.201783657073974609e+00
8.822214603424072266e-01
1.485586285591125488e+00
1.421400308609008789e+00
1.524086356163024902e+00
1.702137947082519531e+00
2.758899688720703125e+00
1.583159923553466797e+00
1.684017896652221680e+00
1.952722311019897461e+00
1.583721637725830078e+00
1.363824129104614258e+00
2.592989444732666016e+00
2.583479881286621094e+00
2.685540676116943359e+00
2.628969669342041016e+00
2.650892496109008789e+00
2.475051879882812500e+00
1.392221450805664062e+00
1.409572958946228027e+00
2.021769523620605469e+00
1.995093226432800293e+00
1.758034229278564453e+00
1.856822848320007324e+00
1.783085584640502930e+00
1.518069148063659668e+00
6.871319413185119629e-01
8.662207126617431641e-01
6.375290155410766602e-01
2.897960543632507324e-01
3.589720726013183594e-01
3.560416996479034424e-01
1.963220834732055664e-01
3.803448379039764404e-01
3.204752802848815918e-01
3.137977123260498047e-01
2.245305925607681274e-01
4.425829052925109863e-01
5.404654741287231445e-01
2.520333230495452881e-01
3.230134248733520508e-01
3.920786976814270020e-01
3.276300728321075439e-01
4.452811181545257568e-01
7.484575510025024414e-01
1.031700968742370605e+00
3.942405283451080322e-01
1.036343455314636230e+00
1.446471214294433594e+00
1.498806118965148926e+00
1.090766668319702148e+00
2.561850845813751221e-01
6.192474961280822754e-01
3.494523763656616211e-01
3.016274869441986084e-01
4.905226230621337891e-01
3.135123848915100098e-01
2.241126000881195068e-01
2.668258249759674072e-01
3.805334270000457764e-01
2.773884534835815430e-01
2.868908941745758057e-01
4.660259485244750977e-01
5.071825385093688965e-01
2.066931277513504028e-01
5.620353221893310547e-01
1.192392826080322266e+00
7.194154858589172363e-01
4.550110399723052979e-01
4.138352274894714355e-01
5.818936824798583984e-01
2.643293440341949463e-01
6.289683580398559570e-01
7.209222316741943359e-01
9.641898870468139648e-01
1.708340525627136230e+00
2.332411050796508789e+00
2.532047986984252930e+00
2.455237627029418945e+00
2.868556976318359375e+00
2.604738712310791016e+00
2.437634229660034180e+00
2.149369001388549805e+00
1.848821163177490234e+00
2.006936311721801758e+00
1.648727774620056152e+00
1.198152184486389160e+00
2.341501235961914062e+00
1.757187247276306152e+00
1.267830371856689453e+00
1.392409205436706543e+00
1.642886757850646973e+00
1.364249706268310547e+00
1.473370909690856934e+00
7.847927808761596680e-01
2.749150514602661133e+00
9.762893915176391602e-01
5.767859220504760742e-01
1.513832449913024902e+00
6.755104660987854004e-01
6.993632912635803223e-01
1.381809830665588379e+00
2.313962221145629883e+00
2.890538454055786133e+00
3.190252304077148438e+00
2.365119934082031250e+00
1.707210659980773926e+00
2.131047725677490234e+00
2.035268545150756836e+00
1.863885641098022461e+00
2.467807531356811523e+00
2.078054666519165039e+00
1.602172017097473145e+00
2.180591821670532227e+00
1.918154835700988770e+00
1.027386188507080078e+00
5.719639658927917480e-01
6.060447692871093750e-01
5.642437338829040527e-01
6.531007885932922363e-01
1.637606024742126465e+00
6.839579343795776367e-01
3.296553790569305420e-01
4.936761260032653809e-01
8.075179457664489746e-01
1.454863548278808594e+00
2.298813819885253906e+00
2.369189977645874023e+00
2.174272537231445312e+00
2.015269517898559570e+00
1.486381769180297852e+00
1.566981077194213867e+00
2.912659883499145508e+00
1.649921774864196777e+00
1.328294157981872559e+00
1.467612624168395996e+00
1.274174571037292480e+00
1.180045247077941895e+00
1.339108109474182129e+00
1.819769501686096191e+00
1.804931759834289551e+00
2.084842681884765625e+00
1.415130496025085449e+00
1.349843740463256836e+00
1.329452753067016602e+00
1.101560115814208984e+00
2.381390094757080078e+00
3.727036237716674805e+00
3.162675380706787109e+00
2.236400604248046875e+00
2.081589460372924805e+00
2.033889770507812500e+00
1.237220764160156250e+00
1.658002972602844238e+00
3.592124938964843750e+00
1.056937217712402344e+00
8.538832664489746094e-01
1.234003901481628418e+00
1.189591288566589355e+00
5.834906101226806641e-01
1.287160873413085938e+00
1.660167813301086426e+00
2.713376998901367188e+00
6.803634166717529297e-01
5.045443773269653320e-01
4.103232026100158691e-01
3.520765900611877441e-01
2.416241616010665894e-01
6.044678688049316406e-01
1.932756543159484863e+00
9.347761273384094238e-01
1.755608081817626953e+00
7.593477368354797363e-01
7.148331403732299805e-01
7.789188623428344727e-01
5.482243299484252930e-01
2.844248414039611816e-01
3.411217033863067627e-01
2.755070626735687256e-01
3.698981702327728271e-01
4.466680586338043213e-01
4.477066099643707275e-01
1.362513899803161621e+00
6.343741416931152344e-01
4.347192943096160889e-01
5.714374184608459473e-01
4.321953952312469482e-01
4.407554864883422852e-01
3.728419542312622070e-01
5.062876343727111816e-01
3.898198604583740234e-01
2.665602266788482666e-01
2.078983336687088013e-01
3.553786277770996094e-01
4.112704992294311523e-01
3.122696280479431152e-01
5.407792925834655762e-01
3.723565340042114258e-01
4.073659777641296387e-01
5.799232125282287598e-01
4.976968467235565186e-01
5.039923191070556641e-01
4.263763129711151123e-01
4.420533478260040283e-01
4.911448359489440918e-01
1.411836504936218262e+00
7.212061882019042969e-01
2.987700104713439941e-01
4.316389858722686768e-01
4.603162109851837158e-01
4.835254549980163574e-01
5.174527168273925781e-01
6.497532129287719727e-01
5.551845431327819824e-01
4.431681036949157715e-01
4.398761689662933350e-01
3.169092833995819092e-01
2.729719281196594238e-01
4.390495121479034424e-01
3.902370333671569824e-01
2.114254236221313477e-01
4.113678038120269775e-01
1.213787555694580078e+00
1.403657913208007812e+00
1.133937358856201172e+00
5.356632471084594727e-01
1.126603841781616211e+00
2.858161628246307373e-01
5.425768494606018066e-01
8.028607368469238281e-01
1.359225273132324219e+00
5.553668141365051270e-01
5.852187871932983398e-01
6.119742989540100098e-01
5.655382871627807617e-01
1.477852940559387207e+00
2.139767885208129883e+00
2.416529417037963867e+00
1.447931528091430664e+00
1.975897669792175293e+00
1.720856666564941406e+00
1.569526672363281250e+00
1.582128286361694336e+00
2.111238718032836914e+00
1.687137961387634277e+00
1.756486654281616211e+00
2.208353996276855469e+00
2.351913690567016602e+00
1.848467588424682617e+00
2.179595947265625000e+00
2.234969377517700195e+00
2.414683103561401367e+00
2.191850900650024414e+00
2.212439298629760742e+00
1.545078516006469727e+00
1.127522349357604980e+00
1.096405148506164551e+00
2.452888011932373047e+00
1.349727749824523926e+00
9.346966743469238281e-01
5.164777636528015137e-01
7.497263550758361816e-01
8.401725888252258301e-01
1.420770645141601562e+00
1.473908066749572754e+00
2.530913352966308594e+00
1.294864058494567871e+00
8.495815992355346680e-01
9.959243535995483398e-01
1.594740629196166992e+00
2.279313325881958008e+00
1.612945437431335449e+00
1.922744274139404297e+00
2.065653085708618164e+00
1.887724161148071289e+00
1.769603848457336426e+00
1.024810433387756348e+00
9.916552901268005371e-01
6.554728150367736816e-01
1.582396388053894043e+00
9.019677042961120605e-01
1.058672547340393066e+00
1.199415802955627441e+00
1.158852577209472656e+00
1.292344808578491211e+00
1.672031283378601074e+00
1.641998171806335449e+00
1.707170605659484863e+00
1.716816663742065430e+00
1.540198445320129395e+00
1.720104813575744629e+00
2.505181074142456055e+00
2.314989566802978516e+00
2.078154802322387695e+00
1.365003228187561035e+00
1.066308379173278809e+00
2.730007648468017578e+00
2.605719804763793945e+00
2.431444168090820312e+00
2.500696182250976562e+00
2.239789485931396484e+00
2.090433835983276367e+00
1.683888554573059082e+00
1.640004277229309082e+00
1.531843423843383789e+00
1.324599862098693848e+00
2.138591289520263672e+00
2.176769018173217773e+00
1.610975980758666992e+00
2.042742967605590820e+00
1.718501806259155273e+00
1.264244914054870605e+00
1.426481723785400391e+00
1.932389497756958008e+00
1.301494240760803223e+00
9.665188789367675781e-01
7.335003018379211426e-01
8.114359378814697266e-01
7.346665859222412109e-01
3.220307826995849609e-01
3.101716637611389160e-01
3.051970601081848145e-01
3.508346378803253174e-01
2.215262055397033691e-01
3.813869655132293701e-01
3.154642283916473389e-01
2.808371782302856445e-01
4.101025760173797607e-01
4.324980080127716064e-01
3.923906385898590088e-01
3.916620910167694092e-01
2.469507157802581787e-01
3.099847435951232910e-01
2.275519818067550659e-01
1.094129323959350586e+00
4.342637360095977783e-01
2.482496649026870728e-01
4.188207983970642090e-01
4.515513777732849121e-01
4.561592340469360352e-01
3.131766021251678467e-01
3.996756076812744141e-01
4.861471951007843018e-01
1.651659846305847168e+00
1.152250885963439941e+00
1.062263965606689453e+00
4.932419359683990479e-01
3.580834269523620605e-01
2.309285998344421387e-01
2.426035255193710327e-01
3.894797265529632568e-01
2.886552512645721436e-01
2.863147258758544922e-01
4.839829206466674805e-01
5.627079606056213379e-01
3.770304620265960693e-01
4.465743005275726318e-01
5.941738486289978027e-01
7.390812039375305176e-01
4.721487462520599365e-01
3.948509395122528076e-01
5.206158161163330078e-01
1.651394486427307129e+00
2.070828199386596680e+00
2.711649417877197266e+00
3.116369485855102539e+00
2.437368631362915039e+00
2.791422605514526367e+00
2.541998147964477539e+00
2.368800640106201172e+00
2.226912975311279297e+00
1.767914533615112305e+00
1.712085485458374023e+00
1.539548039436340332e+00
1.551939129829406738e+00
2.008567571640014648e+00
1.799859285354614258e+00
1.694689869880676270e+00
1.194871783256530762e+00
1.746624588966369629e+00
1.719573616981506348e+00
1.342355370521545410e+00
1.200834751129150391e+00
1.610897302627563477e+00
1.646049022674560547e+00
1.221789002418518066e+00
1.202594161033630371e+00
1.270565032958984375e+00
1.459166526794433594e+00
1.293177843093872070e+00
1.290733098983764648e+00
1.424471259117126465e+00
1.289854645729064941e+00
1.149401664733886719e+00
1.219063878059387207e+00
1.303702354431152344e+00
1.572172522544860840e+00
1.656185150146484375e+00
1.552381277084350586e+00
1.611828446388244629e+00
1.588084101676940918e+00
1.474609255790710449e+00
1.549125790596008301e+00
1.486383080482482910e+00
1.984412193298339844e+00
3.047014474868774414e+00
1.689147591590881348e+00
1.378131985664367676e+00
1.567927837371826172e+00
1.610330700874328613e+00
1.518116831779479980e+00
6.833897233009338379e-01
9.930282831192016602e-01
1.200585126876831055e+00
9.465516805648803711e-01
4.309636056423187256e-01
7.107109427452087402e-01
5.082726478576660156e-01
6.098875999450683594e-01
4.766716361045837402e-01
5.637906193733215332e-01
3.189485669136047363e-01
6.340728998184204102e-01
5.536561608314514160e-01
3.606270551681518555e-01
7.498803734779357910e-01
8.202218413352966309e-01
6.831682324409484863e-01
7.527986764907836914e-01
1.191622376441955566e+00
1.374736189842224121e+00
1.141603589057922363e+00
1.283850789070129395e+00
1.930698037147521973e+00
2.123243331909179688e+00
2.063718080520629883e+00
2.690906763076782227e+00
2.414933681488037109e+00
1.930979251861572266e+00
1.231588244438171387e+00
1.891664624214172363e+00
2.716378688812255859e+00
3.409622192382812500e+00
2.534565925598144531e+00
3.013496637344360352e+00
2.419520378112792969e+00
2.768079280853271484e+00
2.478734254837036133e+00
2.816005229949951172e+00
2.921913385391235352e+00
3.002662658691406250e+00
2.958087444305419922e+00
2.398633241653442383e+00
2.281466722488403320e+00
2.681770324707031250e+00
2.486864566802978516e+00
2.372590065002441406e+00
2.199374198913574219e+00
9.354920983314514160e-01
9.980623126029968262e-01
6.795257329940795898e-01
4.505555927753448486e-01
3.235432505607604980e-01
3.680373132228851318e-01
2.853893935680389404e-01
1.176178574562072754e+00
4.247640669345855713e-01
3.299843072891235352e-01
5.609419345855712891e-01
4.341110885143280029e-01
3.723124265670776367e-01
3.185302913188934326e-01
4.760812222957611084e-01
4.054568707942962646e-01
4.071294367313385010e-01
3.328842520713806152e-01
4.174933433532714844e-01
2.825187444686889648e-01
2.748278379440307617e-01
3.246796727180480957e-01
4.925476610660552979e-01
3.153321146965026855e-01
3.187372386455535889e-01
3.158907294273376465e-01
2.640275657176971436e-01
2.674047350883483887e-01
2.715756595134735107e-01
4.338353276252746582e-01
2.950118780136108398e-01
2.678059935569763184e-01
3.214466869831085205e-01
2.721145451068878174e-01
1.424401849508285522e-01
3.027778863906860352e-01
5.586841702461242676e-01
1.548886299133300781e-01
3.483861386775970459e-01
5.287962555885314941e-01
5.320229530334472656e-01
4.079876244068145752e-01
4.963461160659790039e-01
8.331132531166076660e-01
5.581269264221191406e-01
1.690780997276306152e+00
1.683233737945556641e+00
1.569156289100646973e+00
1.590993404388427734e+00
2.708717346191406250e+00
2.501785516738891602e+00
2.206271171569824219e+00
2.049333095550537109e+00
2.657523393630981445e+00
2.143573760986328125e+00
1.954659700393676758e+00
1.928139567375183105e+00
2.152809619903564453e+00
1.801219344139099121e+00
1.450358390808105469e+00
1.782187938690185547e+00
2.358711719512939453e+00
1.351568937301635742e+00
1.631239175796508789e+00
2.612331867218017578e+00
1.614612936973571777e+00
1.948568701744079590e+00
2.010008096694946289e+00
9.295644164085388184e-01
8.251662850379943848e-01
1.072219014167785645e+00
1.748273253440856934e+00
7.715930342674255371e-01
1.227614402770996094e+00
9.639450907707214355e-01
8.113216161727905273e-01
2.166103601455688477e+00
1.576912760734558105e+00
2.169669151306152344e+00
1.496056914329528809e+00
2.214325189590454102e+00
2.573306322097778320e+00
1.403943538665771484e+00
5.967720150947570801e-01
7.146538496017456055e-01
5.963255167007446289e-01
5.551376342773437500e-01
6.531851887702941895e-01
1.766294121742248535e+00
9.028201699256896973e-01
5.097264647483825684e-01
3.158358931541442871e-01
5.824353098869323730e-01
3.417387008666992188e-01
5.865454077720642090e-01
1.108633756637573242e+00
4.763849377632141113e-01
6.052147746086120605e-01
3.803692460060119629e-01
4.459224939346313477e-01
5.015920400619506836e-01
4.653198719024658203e-01
5.222628712654113770e-01
5.061269998550415039e-01
5.296967029571533203e-01
5.170791745185852051e-01
7.149057388305664062e-01
1.454259634017944336e+00
6.760167479515075684e-01
7.797014117240905762e-01
8.053882122039794922e-01
8.260560035705566406e-01
2.615127801895141602e+00
2.293867349624633789e+00
2.703456878662109375e+00
2.735861778259277344e+00
2.950225114822387695e+00
2.598766326904296875e+00
2.755243539810180664e+00
2.645207643508911133e+00
2.973915338516235352e+00
2.952641963958740234e+00
2.401732206344604492e+00
2.550872325897216797e+00
2.160402536392211914e+00
2.520933628082275391e+00
2.537694454193115234e+00
2.582444190979003906e+00
2.780221223831176758e+00
2.623825311660766602e+00
2.780983209609985352e+00
3.787165403366088867e+00
3.849751234054565430e+00
4.411416530609130859e+00
3.545843124389648438e+00
3.051241636276245117e+00
2.464560747146606445e+00
2.272558689117431641e+00
2.622510194778442383e+00
2.645910978317260742e+00
2.472350597381591797e+00
2.407383441925048828e+00
2.285374402999877930e+00
2.319571495056152344e+00
2.271143913269042969e+00
2.148886919021606445e+00
2.162341594696044922e+00
2.257754325866699219e+00
1.825116395950317383e+00
7.033204436302185059e-01
4.928971230983734131e-01
7.303188443183898926e-01
7.330411672592163086e-01
6.931001543998718262e-01
1.188013315200805664e+00
6.492425799369812012e-01
7.042866349220275879e-01
5.438878536224365234e-01
5.481958389282226562e-01
4.838691651821136475e-01
3.861850500106811523e-01
2.672013342380523682e-01
3.457731604576110840e-01
5.927389264106750488e-01
2.774123251438140869e-01
3.289166688919067383e-01
3.209651112556457520e-01
4.703407883644104004e-01
7.704646140336990356e-02
3.497166037559509277e-01
3.412110805511474609e-01
5.251962542533874512e-01
3.291548788547515869e-01
3.740666508674621582e-01
5.115972161293029785e-01
3.578704595565795898e-01
2.023637592792510986e-01
2.448922395706176758e-01
4.439311921596527100e-01
3.357184231281280518e-01
3.068339824676513672e-01
4.901336729526519775e-01
4.295246005058288574e-01
4.010589718818664551e-01
3.025114536285400391e-01
4.476290345191955566e-01
6.541349291801452637e-01
5.180097222328186035e-01
6.166484951972961426e-01
6.694400310516357422e-01
1.022232532501220703e+00
5.079132914543151855e-01
5.195920467376708984e-01
1.840985774993896484e+00
2.063335657119750977e+00
2.556402683258056641e+00
2.449351549148559570e+00
2.445171594619750977e+00
2.611903190612792969e+00
2.680695295333862305e+00
3.001188039779663086e+00
1.815631747245788574e+00
2.268050432205200195e+00
1.931809544563293457e+00
2.798185110092163086e+00
1.666065335273742676e+00
1.841687440872192383e+00
1.383285880088806152e+00
1.570282816886901855e+00
1.272466182708740234e+00
1.491977214813232422e+00
2.272835254669189453e+00
5.220423698425292969e+00
3.691071271896362305e+00
2.990450620651245117e+00
2.711889982223510742e+00
1.805418252944946289e+00
1.451648354530334473e+00
2.228501081466674805e+00
4.165202140808105469e+00
5.929340362548828125e+00
3.360191583633422852e+00
2.545381307601928711e+00
2.554491281509399414e+00
1.892739653587341309e+00
1.402590870857238770e+00
1.582792401313781738e+00
1.995239019393920898e+00
1.854266166687011719e+00
1.552894592285156250e+00
1.820191860198974609e+00
2.118542671203613281e+00
1.533622503280639648e+00
1.822199106216430664e+00
3.058933019638061523e+00
2.728415966033935547e+00
2.522209644317626953e+00
2.746649742126464844e+00
1.934676051139831543e+00
1.132819890975952148e+00
1.599036335945129395e+00
2.026705503463745117e+00
2.239748001098632812e+00
1.769502997398376465e+00
1.555096149444580078e+00
1.877766966819763184e+00
1.687282681465148926e+00
1.259080886840820312e+00
1.555819749832153320e+00
1.989677667617797852e+00
1.881094336509704590e+00
1.683513760566711426e+00
1.659243822097778320e+00
1.856331467628479004e+00
1.607736110687255859e+00
1.566425204277038574e+00
1.123111605644226074e+00
6.196065545082092285e-01
1.663922905921936035e+00
1.683851480484008789e+00
1.641403317451477051e+00
2.078875780105590820e+00
1.887535572052001953e+00
1.946953177452087402e+00
1.446215152740478516e+00
1.736672043800354004e+00
2.104585409164428711e+00
1.790112137794494629e+00
1.329237341880798340e+00
9.686302542686462402e-01
1.185243010520935059e+00
5.220008492469787598e-01
8.408510088920593262e-01
5.092854499816894531e-01
7.475576996803283691e-01
4.586274921894073486e-01
5.551590323448181152e-01
-2.700851298868656158e-02
6.012973785400390625e-01
3.424921929836273193e-01
5.163404345512390137e-01
2.462588846683502197e-01
4.551818072795867920e-01
4.502066671848297119e-01
8.115172982215881348e-01
3.368521034717559814e-01
2.862272858619689941e-01
4.009625017642974854e-01
3.513540625572204590e-01
2.718895077705383301e-01
2.843253314495086670e-01
1.266014933586120605e+00
1.255403041839599609e+00
1.171862840652465820e+00
8.913614749908447266e-01
1.097873210906982422e+00
-1.560110505670309067e-02
7.562076449394226074e-01
9.122102260589599609e-01
3.740924000740051270e-01
8.284132480621337891e-01
8.043981790542602539e-01
4.080819189548492432e-01
3.620918393135070801e-01
5.827085971832275391e-01
1.697343140840530396e-01
2.732575237751007080e-01
3.622793257236480713e-01
5.658112764358520508e-01
2.606764435768127441e-01
4.430121183395385742e-01
3.097712099552154541e-01
5.876135826110839844e-01
2.446386963129043579e-01
4.031741917133331299e-01
5.681885480880737305e-01
5.661982893943786621e-01
2.635865509510040283e-01
5.832255482673645020e-01
3.895794749259948730e-01
3.336251378059387207e-01
4.319498240947723389e-01
4.167425930500030518e-01
4.169479012489318848e-01
5.277062058448791504e-01
4.778220057487487793e-01
5.374512076377868652e-01
4.752660691738128662e-01
5.822917222976684570e-01
3.954802751541137695e-01
3.378360867500305176e-01
4.296827614307403564e-01
4.710315167903900146e-01
1.350020527839660645e+00
1.455935478210449219e+00
1.560884356498718262e+00
1.268049359321594238e+00
1.143697381019592285e+00
2.192492783069610596e-01
4.098572432994842529e-01
1.248875379562377930e+00
4.310823082923889160e-01
4.326534271240234375e-01
1.512223124504089355e+00
7.926643490791320801e-01
1.001808404922485352e+00
8.394742012023925781e-01
7.812840342521667480e-01
9.358679056167602539e-01
1.138374924659729004e+00
1.137160420417785645e+00
1.102035045623779297e+00
1.517418980598449707e+00
8.851775527000427246e-01
1.138494491577148438e+00
1.155180454254150391e+00
1.141474723815917969e+00
1.171268701553344727e+00
1.124567866325378418e+00
1.513501286506652832e+00
1.903368592262268066e+00
1.877367615699768066e+00
1.816057443618774414e+00
1.949988484382629395e+00
2.538615465164184570e+00
1.675998806953430176e+00
1.929267764091491699e+00
2.925921201705932617e+00
2.499764204025268555e+00
2.685190439224243164e+00
2.577770709991455078e+00
2.029404163360595703e+00
1.723902106285095215e+00
5.495373010635375977e-01
8.579662442207336426e-01
7.065013647079467773e-01
5.974852442741394043e-01
7.570406198501586914e-01
1.872871041297912598e+00
1.158873915672302246e+00
3.040918588638305664e+00
2.616713047027587891e+00
1.680653095245361328e+00
1.666682600975036621e+00
9.379523992538452148e-01
1.109902739524841309e+00
2.110057353973388672e+00
3.554231643676757812e+00
2.578613519668579102e+00
2.835942506790161133e+00
3.844152688980102539e+00
1.657556414604187012e+00
1.662229776382446289e+00
1.980653524398803711e+00
1.997707009315490723e+00
2.101566314697265625e+00
2.606151819229125977e+00
3.887120246887207031e+00
3.502014160156250000e+00
2.733080148696899414e+00
2.792613267898559570e+00
2.168255805969238281e+00
1.811387896537780762e+00
2.144199848175048828e+00
2.733351707458496094e+00
1.782333016395568848e+00
1.254272103309631348e+00
1.551651835441589355e+00
1.493958950042724609e+00
1.584933638572692871e+00
1.942121028900146484e+00
2.206311464309692383e+00
1.628495216369628906e+00
5.940157175064086914e-01
6.371337771415710449e-01
1.621451139450073242e+00
2.997036457061767578e+00
1.790101766586303711e+00
1.807385206222534180e+00
1.947279095649719238e+00
1.608392834663391113e+00
1.330068349838256836e+00
1.194030284881591797e+00
1.575260519981384277e+00
9.882301688194274902e-01
6.423320174217224121e-01
7.398259043693542480e-01
5.836816430091857910e-01
7.752768993377685547e-01
5.649769306182861328e-01
4.532883465290069580e-01
5.507575869560241699e-01
6.082405447959899902e-01
6.435596942901611328e-01
4.344545304775238037e-01
4.949049055576324463e-01
2.893202304840087891e-01
3.599264621734619141e-01
5.552703142166137695e-02
2.665171921253204346e-01
2.958785593509674072e-01
1.309275329113006592e-01
9.594236016273498535e-01
1.293758034706115723e+00
1.328373074531555176e+00
2.887257039546966553e-01
3.513559699058532715e-01
2.728428244590759277e-01
4.692411124706268311e-01
2.214979827404022217e-01
2.917251586914062500e-01
-1.802467973902821541e-03
2.217249274253845215e-01
3.802911341190338135e-01
3.588240444660186768e-01
4.372270107269287109e-01
3.627822995185852051e-01
2.504092752933502197e-01
3.368408381938934326e-01
2.631693482398986816e-01
3.378399312496185303e-01
5.859232544898986816e-01
3.965832293033599854e-01
3.382911086082458496e-01
4.251968562602996826e-01
3.573463857173919678e-01
2.841753959655761719e-01
2.525140643119812012e-01
2.254608869552612305e-01
4.260646700859069824e-01
5.043859481811523438e-01
2.705976963043212891e-01
2.294512093067169189e-01
5.448011159896850586e-01
3.209163248538970947e-01
3.022162616252899170e-01
3.497409820556640625e-01
4.348366260528564453e-01
5.268729329109191895e-01
4.937342405319213867e-01
5.548865795135498047e-01
1.758726000785827637e+00
2.114270210266113281e+00
2.375539779663085938e+00
2.195629596710205078e+00
2.522512197494506836e+00
2.637157917022705078e+00
2.386451721191406250e+00
2.361827373504638672e+00
1.989071369171142578e+00
2.659963607788085938e+00
2.317853689193725586e+00
1.748377203941345215e+00
2.622986316680908203e+00
2.717086791992187500e+00
1.340797424316406250e+00
1.765385270118713379e+00
1.855189323425292969e+00
1.540047883987426758e+00
1.314190387725830078e+00
1.819225430488586426e+00
3.269477605819702148e+00
2.054349660873413086e+00
1.235608458518981934e+00
1.406043171882629395e+00
1.624660611152648926e+00
1.336246252059936523e+00
1.368407845497131348e+00
1.642658710479736328e+00
1.451491594314575195e+00
1.627263665199279785e+00
1.456346154212951660e+00
1.266631722450256348e+00
1.736249923706054688e+00
1.599531888961791992e+00
1.554265618324279785e+00
1.748695969581604004e+00
1.204530715942382812e+00
6.267007589340209961e-01
1.124245524406433105e+00
6.343171596527099609e-01
7.721634507179260254e-01
8.877156972885131836e-01
1.119297742843627930e+00
1.038303732872009277e+00
1.228144288063049316e+00
8.478119969367980957e-01
1.224392890930175781e+00
1.522683620452880859e+00
1.522988080978393555e+00
1.687486052513122559e+00
1.963294625282287598e+00
2.393691539764404297e+00
1.589059114456176758e+00
1.622513890266418457e+00
1.850337505340576172e+00
6.727500557899475098e-01
1.175633907318115234e+00
1.237286210060119629e+00
1.247346401214599609e+00
1.678234457969665527e+00
1.850688815116882324e+00
2.788312435150146484e+00
2.789736270904541016e+00
3.141123533248901367e+00
3.197386264801025391e+00
1.874126195907592773e+00
1.373497247695922852e+00
1.953943252563476562e+00
2.348824739456176758e+00
2.348646879196166992e+00
2.126290798187255859e+00
2.612161874771118164e+00
2.309183120727539062e+00
3.376494884490966797e+00
2.551656246185302734e+00
2.834803819656372070e+00
2.569933414459228516e+00
2.832237243652343750e+00
1.742550969123840332e+00
2.731986284255981445e+00
3.561958312988281250e+00
1.516439557075500488e+00
1.999920129776000977e+00
7.444090843200683594e-01
8.869041204452514648e-01
9.095404744148254395e-01
1.182241082191467285e+00
2.259490013122558594e+00
1.704737186431884766e+00
4.148751497268676758e-01
8.699949979782104492e-01
2.484522163867950439e-01
1.858586668968200684e-01
5.848278999328613281e-01
3.890951573848724365e-01
3.185056149959564209e-01
3.584090769290924072e-01
4.823994636535644531e-01
2.937776148319244385e-01
6.597363948822021484e-01
8.056220412254333496e-01
7.713090777397155762e-01
6.107252240180969238e-01
6.224687099456787109e-01
6.807172298431396484e-01
7.117635011672973633e-01
7.779214382171630859e-01
8.305805325508117676e-01
8.298752903938293457e-01
1.002865076065063477e+00
1.556639313697814941e+00
1.520965814590454102e+00
6.422733664512634277e-01
3.246835172176361084e-01
5.598197579383850098e-01
4.108851253986358643e-01
3.847449421882629395e-01
2.262842804193496704e-01
1.829025298357009888e-01
3.849554657936096191e-01
4.173603951930999756e-01
3.021488189697265625e-01
3.773807585239410400e-01
4.211514592170715332e-01
4.478666782379150391e-01
1.196670383214950562e-01
1.052895113825798035e-01
4.682157039642333984e-01
3.540026843547821045e-01
4.842962026596069336e-01
4.375951290130615234e-01
5.966338515281677246e-01
4.948703646659851074e-01
6.065074205398559570e-01
4.034819900989532471e-01
6.962591409683227539e-01
7.111629247665405273e-01
8.468611836433410645e-01
5.073645710945129395e-01
2.984134256839752197e-01
4.630100429058074951e-01
3.950485587120056152e-01
5.377296805381774902e-01
4.370488524436950684e-01
1.878682732582092285e+00
1.708884358406066895e+00
2.576865434646606445e+00
1.910960555076599121e+00
2.514300107955932617e+00
1.636648774147033691e+00
1.925813913345336914e+00
1.403891444206237793e+00
1.652022957801818848e+00
1.500692963600158691e+00
1.358279109001159668e+00
1.523030042648315430e+00
1.751347541809082031e+00
9.071169495582580566e-01
8.445187211036682129e-01
1.095654129981994629e+00
9.417470097541809082e-01
9.790152907371520996e-01
7.475618124008178711e-01
3.352603912353515625e-01
3.117959797382354736e-01
3.737708926200866699e-01
6.002536416053771973e-01
4.846698045730590820e-01
6.538027524948120117e-01
7.938783168792724609e-01
6.850981712341308594e-01
1.509617328643798828e+00
1.623308420181274414e+00
1.583894014358520508e+00
7.023048996925354004e-01
7.515581250190734863e-01
1.281942009925842285e+00
1.817377448081970215e+00
9.566713571548461914e-01
6.912733316421508789e-01
1.496574044227600098e+00
1.864086508750915527e+00
1.989398360252380371e+00
1.814500808715820312e+00
2.453462362289428711e+00
2.282897233963012695e+00
1.969496846199035645e+00
2.569711208343505859e+00
1.896853208541870117e+00
1.721981763839721680e+00
1.642174124717712402e+00
2.183334112167358398e+00
2.707825660705566406e+00
2.360810041427612305e+00
3.152852535247802734e+00
2.822070837020874023e+00
1.196263909339904785e+00
1.127454400062561035e+00
1.588530063629150391e+00
2.467524766921997070e+00
1.953342676162719727e+00
3.026357889175415039e+00
3.271036386489868164e+00
4.036575794219970703e+00
2.483580350875854492e+00
2.825685262680053711e+00
3.815345287322998047e+00
3.358460664749145508e+00
2.807732343673706055e+00
2.069632053375244141e+00
2.265559434890747070e+00
1.483011484146118164e+00
1.651711106300354004e+00
1.917789101600646973e+00
1.653985261917114258e+00
1.835301518440246582e+00
1.692112565040588379e+00
2.710199117660522461e+00
2.615580558776855469e+00
2.682813882827758789e+00
2.156220674514770508e+00
1.751143574714660645e+00
1.942144393920898438e+00
1.806394934654235840e+00
1.772484302520751953e+00
1.903341174125671387e+00
1.911014556884765625e+00
1.686794161796569824e+00
1.638319134712219238e+00
1.842752695083618164e+00
1.927551388740539551e+00
1.603535890579223633e+00
1.673143029212951660e+00
1.718949437141418457e+00
1.609638333320617676e+00
1.629769563674926758e+00
1.579117536544799805e+00
1.642382144927978516e+00
1.502173423767089844e+00
1.523531913757324219e+00
1.946979761123657227e+00
1.607209324836730957e+00
1.626140713691711426e+00
1.985043168067932129e+00
1.782430529594421387e+00
1.960314035415649414e+00
2.021291971206665039e+00
2.176272630691528320e+00
1.846138834953308105e+00
2.764687061309814453e+00
1.686691164970397949e+00
1.820816636085510254e+00
1.696503043174743652e+00
1.936774849891662598e+00
1.939347743988037109e+00
1.752126812934875488e+00
1.503263950347900391e+00
1.693406820297241211e+00
1.557179331779479980e+00
1.939181923866271973e+00
1.605971813201904297e+00
1.628776669502258301e+00
7.916287779808044434e-01
5.795729160308837891e-01
7.039196491241455078e-01
6.087251305580139160e-01
7.512654066085815430e-01
1.333842754364013672e+00
1.281871318817138672e+00
6.178843975067138672e-01
5.152711868286132812e-01
4.805704057216644287e-01
3.364398479461669922e-01
3.366624116897583008e-01
5.982447266578674316e-01
5.056133270263671875e-01
2.532047927379608154e-01
3.907635807991027832e-01
5.159640908241271973e-01
2.014299035072326660e-01
2.111699730157852173e-01
4.607561230659484863e-01
4.160883128643035889e-01
4.014613628387451172e-01
5.813940167427062988e-01
4.443275332450866699e-01
2.931869328022003174e-01
2.225047349929809570e-01
4.819734990596771240e-01
4.476021826267242432e-01
4.365206658840179443e-01
3.168462216854095459e-01
2.778133153915405273e-01
3.441151380538940430e-01
3.918468356132507324e-01
2.179659605026245117e-01
3.319136798381805420e-01
3.021751344203948975e-01
4.199174642562866211e-01
1.520244121551513672e+00
1.113720655441284180e+00
5.235160589218139648e-01
6.948733329772949219e-01
1.434678912162780762e+00
9.663716554641723633e-01
1.531789898872375488e+00
1.859015464782714844e+00
1.867215633392333984e+00
1.486234545707702637e+00
1.359417080879211426e+00
1.574455738067626953e+00
1.141756296157836914e+00
3.052718937397003174e-01
6.227954030036926270e-01
5.502581596374511719e-01
5.193330645561218262e-01
4.783606231212615967e-01
6.088493466377258301e-01
2.122750759124755859e+00
1.886316418647766113e+00
1.528307795524597168e+00
1.866378784179687500e+00
1.328584671020507812e+00
1.469790935516357422e+00
5.458824634552001953e-01
1.106575727462768555e+00
7.413910031318664551e-01
1.063235163688659668e+00
1.092803239822387695e+00
1.869966745376586914e+00
1.703183650970458984e+00
1.617113351821899414e+00
2.089263439178466797e+00
1.698411822319030762e+00
1.777611613273620605e+00
1.414207696914672852e+00
8.165525197982788086e-01
1.801658272743225098e+00
3.980057239532470703e+00
3.841394424438476562e+00
3.374880552291870117e+00
3.589707612991333008e+00
3.483901262283325195e+00
3.483652353286743164e+00
3.946407556533813477e+00
2.661723136901855469e+00
2.260209798812866211e+00
2.765476942062377930e+00
2.672989130020141602e+00
2.323856115341186523e+00
2.431883335113525391e+00
2.643357038497924805e+00
2.303704977035522461e+00
2.265465021133422852e+00
2.859710216522216797e+00
2.761220216751098633e+00
2.704305410385131836e+00
2.677589178085327148e+00
2.567777633666992188e+00
2.673142433166503906e+00
1.807742953300476074e+00
2.180243968963623047e+00
2.167300224304199219e+00
2.494742870330810547e+00
1.454793334007263184e+00
1.170810937881469727e+00
1.315534830093383789e+00
1.884725570678710938e+00
1.780448555946350098e+00
2.989153385162353516e+00
3.114503383636474609e+00
1.713792324066162109e+00
2.840908050537109375e+00
3.049223423004150391e+00
3.209388971328735352e+00
2.473603487014770508e+00
1.854371905326843262e+00
3.551568508148193359e+00
2.750914812088012695e+00
1.483565926551818848e+00
1.264079809188842773e+00
1.255208134651184082e+00
9.603360295295715332e-01
7.753416299819946289e-01
1.123244285583496094e+00
4.976516366004943848e-01
2.299116849899291992e-01
2.829172909259796143e-01
3.499961793422698975e-01
1.316900700330734253e-01
2.782170772552490234e-01
3.992907702922821045e-01
4.176084697246551514e-01
5.358970761299133301e-01
2.414183169603347778e-01
2.927590608596801758e-01
2.718533277511596680e-01
1.923353374004364014e-01
-5.647732689976692200e-02
2.077500522136688232e-01
3.366892635822296143e-01
2.335018217563629150e-01
4.284068346023559570e-01
3.843310475349426270e-01
4.448274970054626465e-01
3.310697078704833984e-01
2.633911073207855225e-01
3.691764473915100098e-01
3.277544975280761719e-01
1.322544366121292114e-01
4.725423455238342285e-01
4.071329832077026367e-01
2.944107651710510254e-01
3.592743873596191406e-01
1.232138991355895996e+00
1.474075317382812500e+00
1.353257298469543457e+00
2.926806509494781494e-01
2.272702157497406006e-01
3.071176707744598389e-01
1.023725569248199463e-01
3.585803806781768799e-01
1.344823092222213745e-01
5.988902449607849121e-01
4.574395418167114258e-01
3.188057541847229004e-01
4.170035421848297119e-01
4.299839735031127930e-01
5.098673701286315918e-01
5.951583981513977051e-01
4.841057062149047852e-01
6.620723009109497070e-01
2.051636457443237305e+00
1.887363433837890625e+00
1.840353965759277344e+00
2.022856712341308594e+00
2.270912170410156250e+00
2.489475727081298828e+00
3.212132453918457031e+00
2.271178960800170898e+00
1.814024686813354492e+00
2.230231523513793945e+00
1.418908476829528809e+00
1.191876649856567383e+00
1.650386333465576172e+00
2.160195589065551758e+00
1.166415691375732422e+00
1.577133417129516602e+00
1.544037699699401855e+00
1.233710050582885742e+00
1.181166648864746094e+00
1.640621900558471680e+00
1.268584609031677246e+00
1.432749271392822266e+00
1.331529259681701660e+00
1.232044339179992676e+00
1.010548830032348633e+00
1.212701320648193359e+00
1.589553594589233398e+00
1.275964736938476562e+00
1.044611334800720215e+00
1.198251366615295410e+00
1.271036982536315918e+00
2.450479269027709961e+00
4.807940959930419922e+00
4.021970272064208984e+00
3.376530647277832031e+00
2.390756130218505859e+00
2.131686449050903320e+00
1.510092377662658691e+00
3.547675371170043945e+00
2.606864213943481445e+00
2.901236057281494141e+00
2.916718244552612305e+00
2.620450735092163086e+00
7.610131502151489258e-01
1.795840263366699219e-01
4.956068694591522217e-01
2.561160027980804443e-01
2.547348141670227051e-01
7.291100621223449707e-01
6.946924328804016113e-01
3.138029277324676514e-01
2.939110994338989258e-01
3.506287932395935059e-01
3.024412989616394043e-01
5.549715161323547363e-01
4.704112410545349121e-01
3.703986704349517822e-01
5.134747624397277832e-01
5.333155989646911621e-01
5.184353590011596680e-01
8.539671301841735840e-01
8.138734698295593262e-01
1.414172291755676270e+00
9.100421071052551270e-01
8.068836927413940430e-01
9.101465344429016113e-01
8.405149579048156738e-01
1.082998394966125488e+00
1.342614650726318359e+00
1.351933717727661133e+00
1.063918471336364746e+00
1.604271769523620605e+00
1.705686450004577637e+00
1.675282597541809082e+00
1.725571155548095703e+00
1.557234644889831543e+00
1.429481267929077148e+00
2.437813758850097656e+00
1.240498900413513184e+00
2.431631088256835938e+00
2.276145696640014648e+00
2.700486183166503906e+00
2.654101133346557617e+00
3.551683425903320312e+00
2.959646224975585938e+00
1.337355852127075195e+00
1.233421206474304199e+00
1.279749989509582520e+00
1.121335625648498535e+00
1.497512578964233398e+00
1.693919897079467773e+00
2.002829551696777344e+00
1.550484776496887207e+00
5.965146422386169434e-01
1.104095220565795898e+00
1.002276539802551270e+00
5.835264921188354492e-01
5.246796011924743652e-01
1.070598006248474121e+00
7.488588094711303711e-01
4.974192082881927490e-01
2.601397633552551270e-01
2.271183580160140991e-01
3.825220167636871338e-01
4.361125528812408447e-01
4.287017583847045898e-01
3.340944051742553711e-01
5.491565465927124023e-01
2.721529304981231689e-01
1.531267166137695312e-01
1.853839308023452759e-01
3.981919288635253906e-01
2.540641129016876221e-01
3.161776959896087646e-01
4.494279325008392334e-01
1.889642030000686646e-01
3.181446194648742676e-01
6.390291452407836914e-01
1.316505789756774902e+00
1.279789805412292480e+00
8.053320050239562988e-01
2.405195534229278564e-01
4.689418077468872070e-01
3.657543361186981201e-01
1.993072926998138428e-01
2.413566559553146362e-01
3.405935168266296387e-01
2.936758995056152344e-01
3.226751983165740967e-01
4.001152515411376953e-01
4.200468361377716064e-01
2.382629066705703735e-01
1.846109777688980103e-01
2.453094124794006348e-01
3.269615471363067627e-01
3.204736411571502686e-01
2.503021061420440674e-01
2.182392328977584839e-01
5.346786975860595703e-01
5.123780965805053711e-01
7.440352439880371094e-01
5.240911245346069336e-01
6.432033777236938477e-01
1.999665498733520508e+00
1.858050584793090820e+00
3.026418209075927734e+00
2.677042722702026367e+00
3.053509473800659180e+00
3.130132913589477539e+00
2.336994171142578125e+00
2.246058702468872070e+00
2.222152709960937500e+00
2.829948186874389648e+00
1.524441123008728027e+00
1.320804119110107422e+00
1.395822882652282715e+00
1.441064357757568359e+00
1.350976824760437012e+00
1.457484126091003418e+00
1.539590239524841309e+00
1.741423010826110840e+00
2.146865367889404297e+00
1.664836764335632324e+00
1.381126523017883301e+00
1.338686823844909668e+00
1.569351792335510254e+00
1.473359346389770508e+00
1.495502114295959473e+00
1.222546935081481934e+00
1.482350587844848633e+00
1.427317500114440918e+00
1.622714519500732422e+00
9.575325846672058105e-01
5.158498287200927734e-01
5.056679248809814453e-01
3.341554999351501465e-01
4.959075450897216797e-01
3.841734528541564941e-01
5.375512242317199707e-01
2.394338548183441162e-01
4.667813479900360107e-01
3.603030741214752197e-01
4.872035682201385498e-01
4.647472798824310303e-01
4.613931477069854736e-01
3.867946565151214600e-01
3.491083681583404541e-01
2.906740009784698486e-01
2.650233507156372070e-01
3.904324769973754883e-01
4.161305129528045654e-01
4.030492007732391357e-01
5.399542450904846191e-01
5.175492167472839355e-01
4.604351818561553955e-01
1.855283826589584351e-01
4.206904172897338867e-01
4.099148213863372803e-01
4.068539440631866455e-01
2.670769095420837402e-01
3.708624243736267090e-01
4.711729586124420166e-01
3.492813408374786377e-01
4.453115463256835938e-01
1.620615243911743164e+00
8.073244690895080566e-01
9.674453139305114746e-01
1.232411384582519531e+00
1.075996637344360352e+00
8.550936579704284668e-01
2.390229701995849609e+00
2.219276905059814453e+00
2.499487161636352539e+00
2.593552350997924805e+00
2.100103616714477539e+00
1.957971334457397461e+00
2.585740566253662109e+00
2.147103786468505859e+00
1.770435214042663574e+00
2.017785549163818359e+00
2.161173343658447266e+00
2.001888751983642578e+00
2.900655269622802734e+00
2.455492019653320312e+00
1.733288288116455078e+00
1.606052398681640625e+00
1.886995553970336914e+00
2.836545705795288086e+00
2.633424997329711914e+00
2.847831964492797852e+00
2.364662408828735352e+00
2.424462318420410156e+00
2.510881185531616211e+00
2.643731355667114258e+00
2.284355401992797852e+00
1.677726745605468750e+00
1.033550024032592773e+00
8.270523548126220703e-01
8.053476810455322266e-01
6.965472102165222168e-01
8.257564306259155273e-01
6.287373304367065430e-01
8.552359342575073242e-01
6.151105165481567383e-01
5.175297856330871582e-01
5.310658216476440430e-01
5.452681779861450195e-01
5.229922533035278320e-01
3.593818545341491699e-01
5.118184089660644531e-01
4.880675375461578369e-01
4.654928147792816162e-01
3.694757819175720215e-01
2.735135555267333984e-01
4.021613895893096924e-01
3.190804123878479004e-01
2.684098482131958008e-01
2.257223725318908691e-01
3.424817919731140137e-01
4.207194745540618896e-01
2.331720888614654541e-01
1.425517499446868896e-01
2.952240109443664551e-01
4.450558125972747803e-01
4.148266315460205078e-01
3.279332220554351807e-01
3.166412115097045898e-01
3.398496210575103760e-01
4.859723150730133057e-01
3.390848934650421143e-01
3.016022741794586182e-01
3.592116236686706543e-01
4.386262893676757812e-01
5.600458979606628418e-01
4.293653368949890137e-01
5.127212405204772949e-01
1.497699022293090820e+00
1.717819571495056152e+00
1.282830834388732910e+00
1.161072492599487305e+00
5.591742992401123047e-01
3.223698437213897705e-01
3.935635089874267578e-01
2.750484943389892578e-01
5.835859775543212891e-01
4.422473907470703125e-01
7.877998948097229004e-01
8.448911905288696289e-01
2.317163467407226562e+00
2.468822002410888672e+00
2.562604188919067383e+00
2.401999235153198242e+00
2.432131767272949219e+00
2.602217197418212891e+00
2.827823877334594727e+00
2.220102787017822266e+00
1.160579681396484375e+00
1.693766951560974121e+00
1.304989814758300781e+00
1.285921931266784668e+00
1.743347167968750000e+00
1.694189667701721191e+00
1.324089527130126953e+00
1.312670588493347168e+00
1.447907209396362305e+00
1.195796251296997070e+00
1.209620475769042969e+00
1.110918879508972168e+00
1.395413637161254883e+00
1.476638674736022949e+00
1.592622399330139160e+00
1.473873257637023926e+00
1.430635213851928711e+00
1.594497203826904297e+00
1.391900539398193359e+00
1.223950028419494629e+00
1.287072777748107910e+00
1.458890795707702637e+00
1.355484604835510254e+00
1.321891546249389648e+00
1.485445141792297363e+00
1.561198949813842773e+00
1.450262188911437988e+00
1.352293014526367188e+00
1.792317509651184082e+00
1.185501217842102051e+00
1.344294548034667969e+00
7.350497841835021973e-01
3.319301009178161621e-01
3.853600323200225830e-01
2.975061535835266113e-01
3.235958814620971680e-01
3.330007493495941162e-01
3.087756931781768799e-01
2.477497160434722900e-01
2.361608445644378662e-01
4.269044995307922363e-01
3.251418173313140869e-01
1.550125181674957275e-01
2.277386486530303955e-01
1.878889203071594238e-01
3.533020913600921631e-01
1.227192878723144531e+00
7.482343912124633789e-01
7.834823131561279297e-01
8.118478655815124512e-01
1.000395178794860840e+00
9.698455929756164551e-01
8.296088576316833496e-01
8.173369765281677246e-01
9.604983329772949219e-01
1.365007042884826660e+00
1.308024048805236816e+00
1.219796299934387207e+00
1.349521875381469727e+00
1.484647870063781738e+00
1.441930174827575684e+00
1.707463622093200684e+00
2.160497903823852539e+00
1.918232321739196777e+00
2.203085899353027344e+00
1.908990859985351562e+00
1.521951436996459961e+00
1.280297160148620605e+00
3.095667839050292969e+00
2.435002565383911133e+00
3.125986099243164062e+00
4.105170249938964844e+00
3.143477678298950195e+00
2.633996248245239258e+00
2.340975284576416016e+00
1.863254666328430176e+00
1.133398413658142090e+00
1.271611213684082031e+00
2.164766788482666016e+00
2.135325670242309570e+00
1.540592074394226074e+00
1.474001049995422363e+00
1.268845915794372559e+00
9.281530976295471191e-01
1.324597358703613281e+00
1.196643233299255371e+00
7.479257583618164062e-01
6.755515933036804199e-01
7.030935287475585938e-01
8.133080005645751953e-01
7.354028224945068359e-01
4.482147991657257080e-01
5.905573964118957520e-01
5.351063013076782227e-01
5.572972893714904785e-01
4.804136157035827637e-01
4.624511599540710449e-01
6.564554572105407715e-01
5.340282917022705078e-01
4.511002004146575928e-01
4.104216098785400391e-01
3.966547846794128418e-01
4.116443693637847900e-01
5.768259167671203613e-01
4.793188571929931641e-01
4.671332836151123047e-01
4.683042466640472412e-01
4.028195142745971680e-01
3.394946753978729248e-01
3.098342716693878174e-01
4.288289248943328857e-01
5.425291657447814941e-01
5.366319417953491211e-01
1.474356532096862793e+00
1.194288253784179688e+00
1.315825462341308594e+00
1.036811232566833496e+00
4.570623934268951416e-01
3.628272414207458496e-01
5.469525456428527832e-01
3.449341356754302979e-01
5.762859582901000977e-01
5.285742878913879395e-01
5.819208621978759766e-01
5.075958967208862305e-01
6.850553750991821289e-01
5.598518252372741699e-01
6.724915504455566406e-01
7.315194010734558105e-01
7.128168344497680664e-01
6.041710376739501953e-01
5.454778671264648438e-01
4.242506921291351318e-01
5.087959170341491699e-01
7.399944663047790527e-01
7.027503252029418945e-01
2.293249607086181641e+00
2.769206523895263672e+00
2.639617204666137695e+00
2.379038810729980469e+00
2.552871704101562500e+00
2.519490242004394531e+00
2.653467416763305664e+00
2.214306354522705078e+00
2.107089281082153320e+00
1.271999955177307129e+00
1.482273340225219727e+00
1.424780488014221191e+00
1.361564397811889648e+00
1.340276360511779785e+00
1.172024607658386230e+00
1.229240417480468750e+00
1.215024828910827637e+00
1.315268516540527344e+00
1.481420278549194336e+00
1.606103062629699707e+00
1.236145377159118652e+00
1.302453875541687012e+00
1.141999363899230957e+00
1.376767516136169434e+00
1.351154446601867676e+00
1.349248051643371582e+00
1.359933495521545410e+00
1.401847481727600098e+00
1.437368392944335938e+00
1.253553628921508789e+00
1.199860334396362305e+00
1.245318889617919922e+00
1.468717813491821289e+00
1.181439876556396484e+00
1.288727283477783203e+00
1.280390024185180664e+00
2.457963705062866211e+00
1.469885468482971191e+00
1.105957984924316406e+00
7.896281480789184570e-01
7.076163887977600098e-01
1.424953699111938477e+00
4.311532974243164062e-01
3.933239281177520752e-01
4.529701173305511475e-01
8.840644359588623047e-01
4.696999490261077881e-01
3.325350582599639893e-01
4.141816794872283936e-01
4.549079835414886475e-01
2.647988796234130859e-01
3.621559739112854004e-01
3.061728477478027344e-01
2.820196151733398438e-01
3.482693731784820557e-01
3.720448911190032959e-01
4.130792617797851562e-01
3.424637019634246826e-01
3.607345223426818848e-01
5.550861358642578125e-01
6.243292689323425293e-01
6.017466187477111816e-01
6.582417488098144531e-01
7.352860569953918457e-01
6.942859292030334473e-01
6.295220851898193359e-01
5.741101503372192383e-01
6.913489699363708496e-01
1.031219959259033203e+00
2.756377935409545898e+00
3.615792274475097656e+00
2.730109453201293945e+00
2.929728269577026367e+00
3.164271354675292969e+00
2.336620092391967773e+00
2.408171892166137695e+00
3.161282300949096680e+00
2.572783946990966797e+00
2.285824060440063477e+00
3.542480945587158203e+00
3.156318187713623047e+00
1.606168627738952637e+00
1.634590029716491699e+00
1.839730978012084961e+00
1.691237092018127441e+00
3.027406692504882812e+00
1.624825358390808105e+00
2.365733385086059570e+00
2.364322900772094727e+00
9.433088302612304688e-01
1.152836084365844727e+00
1.744831919670104980e+00
7.284998893737792969e-01
6.880233287811279297e-01
1.279424428939819336e+00
6.837367415428161621e-01
6.496490836143493652e-01
1.028093576431274414e+00
5.988768339157104492e-01
3.527330458164215088e-01
3.134879767894744873e-01
3.514921963214874268e-01
3.285968005657196045e-01
2.849472761154174805e-01
6.011458039283752441e-01
4.606654047966003418e-01
4.415799677371978760e-01
3.885935544967651367e-01
2.198289930820465088e-01
3.116559088230133057e-01
4.139925539493560791e-01
4.348442852497100830e-01
3.605124950408935547e-01
3.978002369403839111e-01
2.832149565219879150e-01
3.397032618522644043e-01
2.999067008495330811e-01
1.291903257369995117e+00
1.212406039237976074e+00
9.081560373306274414e-01
2.662971019744873047e-01
3.324887156486511230e-01
3.251694738864898682e-01
4.762763679027557373e-01
3.914060592651367188e-01
4.899034202098846436e-01
3.168116807937622070e-01
1.856306195259094238e-01
4.393370151519775391e-01
4.675211608409881592e-01
2.210320085287094116e-01
1.598306149244308472e-01
2.274977117776870728e-01
3.980414271354675293e-01
2.575966715812683105e-01
3.950299322605133057e-01
4.400850534439086914e-01
3.974893987178802490e-01
5.313352346420288086e-01
5.533910989761352539e-01
4.069383740425109863e-01
3.505665659904479980e-01
5.257757306098937988e-01
1.611156344413757324e+00
2.144815683364868164e+00
2.086395263671875000e+00
2.450254201889038086e+00
2.666982650756835938e+00
2.180758237838745117e+00
2.106092214584350586e+00
2.526198863983154297e+00
1.908749938011169434e+00
1.811921596527099609e+00
1.811057567596435547e+00
1.887136816978454590e+00
1.421914458274841309e+00
1.494136810302734375e+00
1.328101754188537598e+00
1.361063122749328613e+00
1.519787669181823730e+00
1.456603765487670898e+00
1.282465457916259766e+00
1.316127181053161621e+00
1.440715909004211426e+00
1.365100502967834473e+00
1.422147512435913086e+00
1.128328204154968262e+00
1.323500990867614746e+00
1.223152041435241699e+00
1.282244086265563965e+00
1.385562300682067871e+00
1.324392914772033691e+00
1.008558392524719238e+00
1.469852566719055176e+00
1.401561379432678223e+00
1.243704199790954590e+00
1.425125241279602051e+00
1.457241058349609375e+00
1.720568299293518066e+00
1.351811766624450684e+00
1.512017369270324707e+00
2.179920196533203125e+00
1.634855151176452637e+00
1.493409395217895508e+00
1.490187644958496094e+00
1.651998519897460938e+00
1.294349074363708496e+00
1.326739192008972168e+00
2.101384639739990234e+00
1.698728680610656738e+00
1.410301446914672852e+00
1.240435123443603516e+00
1.483451962471008301e+00
1.109691143035888672e+00
1.765887379646301270e+00
1.887580275535583496e+00
1.653267383575439453e+00
1.616217017173767090e+00
1.545420765876770020e+00
1.800203919410705566e+00
1.867983102798461914e+00
1.533505201339721680e+00
1.499094128608703613e+00
1.121534109115600586e+00
1.830682516098022461e+00
1.094058513641357422e+00
1.511161327362060547e+00
9.197641015052795410e-01
7.708395719528198242e-01
7.027226686477661133e-01
7.014634609222412109e-01
4.907101094722747803e-01
9.471763372421264648e-01
1.242318987846374512e+00
1.236122131347656250e+00
1.060448646545410156e+00
1.370553970336914062e+00
1.438861966133117676e+00
1.322771668434143066e+00
1.043335318565368652e+00
1.698262453079223633e+00
1.888900279998779297e+00
1.591216564178466797e+00
1.706100583076477051e+00
1.928573012351989746e+00
2.818113803863525391e+00
1.703663825988769531e+00
1.291113615036010742e+00
1.110852479934692383e+00
1.555557250976562500e+00
1.280448198318481445e+00
2.400049924850463867e+00
2.215217828750610352e+00
1.931298017501831055e+00
2.013765096664428711e+00
1.861176371574401855e+00
1.085098028182983398e+00
5.502718687057495117e-01
2.990183532238006592e-01
4.507504701614379883e-01
4.176010489463806152e-01
4.297109842300415039e-01
3.060876131057739258e-01
3.112982213497161865e-01
3.183998167514801025e-01
3.491034507751464844e-01
3.038816750049591064e-01
4.162160456180572510e-01
4.747935235500335693e-01
3.367553353309631348e-01
4.150442779064178467e-01
3.250982165336608887e-01
3.817715346813201904e-01
4.371834397315979004e-01
3.736135661602020264e-01
3.266630470752716064e-01
2.580305635929107666e-01
3.252267837524414062e-01
4.586124122142791748e-01
3.015992641448974609e-01
2.060791552066802979e-01
3.572967648506164551e-01
3.285063505172729492e-01
5.854449272155761719e-01
2.197070270776748657e-01
3.330835103988647461e-01
4.040669202804565430e-01
2.944938242435455322e-01
5.437672138214111328e-01
3.820990920066833496e-01
2.558287382125854492e-01
4.388746321201324463e-01
5.910943746566772461e-01
4.835257232189178467e-01
3.085893094539642334e-01
4.168681204319000244e-01
3.904291987419128418e-01
3.880925178527832031e-01
5.531306862831115723e-01
4.997605383396148682e-01
1.407345056533813477e+00
1.258498430252075195e+00
1.475089192390441895e+00
1.082855939865112305e+00
5.469270348548889160e-01
4.920734763145446777e-01
5.154225230216979980e-01
4.898214936256408691e-01
1.645853519439697266e+00
2.022251129150390625e+00
2.537069082260131836e+00
2.618438243865966797e+00
2.167037725448608398e+00
2.653665304183959961e+00
2.587824821472167969e+00
2.827186822891235352e+00
2.045189142227172852e+00
2.529114007949829102e+00
1.986049652099609375e+00
1.343088865280151367e+00
1.651822924613952637e+00
1.552459359169006348e+00
2.851919174194335938e+00
1.377556443214416504e+00
1.241832137107849121e+00
1.768980264663696289e+00
1.535469412803649902e+00
1.589287757873535156e+00
6.790208816528320312e-01
2.689289331436157227e+00
1.293533325195312500e+00
3.869056701660156250e-01
9.605961441993713379e-01
1.888190984725952148e+00
2.004056215286254883e+00
2.588300466537475586e+00
3.012593746185302734e+00
3.176985502243041992e+00
2.560297250747680664e+00
1.503693461418151855e+00
2.495928049087524414e+00
1.819796442985534668e+00
1.026483774185180664e+00
1.230936527252197266e+00
6.946888566017150879e-01
5.008851885795593262e-01
2.376517772674560547e+00
5.188660025596618652e-01
9.451875090599060059e-01
1.897101879119873047e+00
1.540643811225891113e+00
1.454406023025512695e+00
1.100288033485412598e+00
1.124231219291687012e+00
2.036032438278198242e+00
6.401214003562927246e-01
7.300129532814025879e-01
6.369078755378723145e-01
4.974975883960723877e-01
1.817726373672485352e+00
1.701756358146667480e+00
1.362150669097900391e+00
1.137544155120849609e+00
1.418728113174438477e+00
1.730889201164245605e+00
1.495518565177917480e+00
1.389289736747741699e+00
1.459875106811523438e+00
1.738427400588989258e+00
1.483324766159057617e+00
1.296128749847412109e+00
1.727672934532165527e+00
2.070229530334472656e+00
2.047887563705444336e+00
2.084166765213012695e+00
2.315974473953247070e+00
3.249328851699829102e+00
5.054011821746826172e+00
4.658857822418212891e+00
4.185016155242919922e+00
4.006377220153808594e+00
4.224496364593505859e+00
4.147737503051757812e+00
3.651301622390747070e+00
3.605602979660034180e+00
2.704046249389648438e+00
3.090052127838134766e+00
2.630047082901000977e+00
2.616266727447509766e+00
2.852487802505493164e+00
1.901403546333312988e+00
1.806500434875488281e+00
1.620013594627380371e+00
1.675379395484924316e+00
1.847769498825073242e+00
1.413056969642639160e+00
2.432360172271728516e+00
1.543620586395263672e+00
1.735041141510009766e+00
1.649353504180908203e+00
1.906736373901367188e+00
1.526734948158264160e+00
1.837592244148254395e+00
1.351489663124084473e+00
8.708425164222717285e-01
8.889395594596862793e-01
8.512716889381408691e-01
6.091521978378295898e-01
6.078453063964843750e-01
1.003801345825195312e+00
4.874551892280578613e-01
5.111125707626342773e-01
6.741246581077575684e-01
6.232005357742309570e-01
4.134166836738586426e-01
5.972102880477905273e-01
4.874963164329528809e-01
2.407278716564178467e-01
3.735318779945373535e-01
3.899500668048858643e-01
4.419966042041778564e-02
1.485750526189804077e-01
2.479843348264694214e-01
8.323895931243896484e-01
1.034385204315185547e+00
1.044318556785583496e+00
9.899575114250183105e-01
3.404926657676696777e-01
2.878910601139068604e-01
3.863703608512878418e-01
3.966306447982788086e-01
3.739635646343231201e-01
3.418669998645782471e-01
4.910916388034820557e-01
2.434732317924499512e-01
3.313317596912384033e-01
3.284123539924621582e-01
3.708783388137817383e-01
4.076981842517852783e-01
5.311083197593688965e-01
4.938427805900573730e-01
4.355618655681610107e-01
5.137905478477478027e-01
1.129686385393142700e-01
3.206728994846343994e-01
2.004146426916122437e-01
4.975025355815887451e-01
3.352530002593994141e-01
2.421923726797103882e-01
4.421752989292144775e-01
1.106738090515136719e+00
5.498730540275573730e-01
4.650967419147491455e-01
1.544525861740112305e+00
1.730450391769409180e+00
1.706595540046691895e+00
2.248884439468383789e+00
2.640711784362792969e+00
2.432429313659667969e+00
1.719955682754516602e+00
1.633576512336730957e+00
1.783180713653564453e+00
1.559562087059020996e+00
1.460486888885498047e+00
1.406027197837829590e+00
1.447233438491821289e+00
1.368305325508117676e+00
1.494635701179504395e+00
9.692587852478027344e-01
1.275615215301513672e+00
1.381640672683715820e+00
3.410586714744567871e-01
3.881232142448425293e-01
5.354571342468261719e-01
3.423272073268890381e-01
1.435113698244094849e-01
3.193073570728302002e-01
6.786779761314392090e-01
2.538716793060302734e-01
2.323911711573600769e-02
3.720533847808837891e-01
3.880242407321929932e-01
1.580988615751266479e-01
3.976552188396453857e-01
5.364644527435302734e-01
3.303386867046356201e-01
2.533108890056610107e-01
3.873203694820404053e-01
5.413529872894287109e-01
3.300215601921081543e-01
2.693760395050048828e-01
4.272920787334442139e-01
3.662882745265960693e-01
2.019501328468322754e-01
3.775676786899566650e-01
3.662249743938446045e-01
4.276790916919708252e-01
2.312501072883605957e-01
3.193520307540893555e-01
3.444536328315734863e-01
2.921190261840820312e-01
2.918926179409027100e-01
3.045099079608917236e-01
2.063535153865814209e-01
3.386304378509521484e-01
3.142236769199371338e-01
2.483151704072952271e-01
3.462807834148406982e-01
5.543101429939270020e-01
4.038709402084350586e-01
3.135685622692108154e-01
5.577832460403442383e-01
4.173637032508850098e-01
4.716750979423522949e-01
4.732114076614379883e-01
3.885502517223358154e-01
3.169523179531097412e-01
1.818169116973876953e+00
1.243904590606689453e+00
1.253285884857177734e+00
7.032486200332641602e-01
2.532352209091186523e-01
3.424639701843261719e-01
2.913551330566406250e-01
4.115374684333801270e-01
3.910083472728729248e-01
4.527064263820648193e-01
2.737048566341400146e-01
4.622280299663543701e-01
2.627554833889007568e-01
5.019182562828063965e-01
3.695237338542938232e-01
5.824196934700012207e-01
6.244797706604003906e-01
2.908705174922943115e-01
2.449703514575958252e-01
1.628682971000671387e+00
1.803750753402709961e+00
1.266281723976135254e+00
1.529861927032470703e+00
1.340999722480773926e+00
5.431110262870788574e-01
1.151428341865539551e+00
1.326814055442810059e+00
2.022108793258666992e+00
1.915313243865966797e+00
1.950185060501098633e+00
1.209407448768615723e+00
6.921202540397644043e-01
4.187892675399780273e-01
1.089498102664947510e-01
2.822852134704589844e-01
5.320876240730285645e-01
2.245067507028579712e-01
1.921895146369934082e-01
4.497209489345550537e-01
4.899993538856506348e-01
2.461210191249847412e-01
2.866173386573791504e-01
5.191666483879089355e-01
3.679128587245941162e-01
1.482436656951904297e-01
3.129439055919647217e-01
3.695122301578521729e-01
1.307304501533508301e-01
2.435614913702011108e-01
4.166576266288757324e-01
4.270201623439788818e-01
2.511734664440155029e-01
2.437478750944137573e-01
3.171811699867248535e-01
2.347056567668914795e-01
3.336262404918670654e-01
5.084253549575805664e-01
2.454851120710372925e-01
4.000752568244934082e-01
3.065574169158935547e-01
2.930772900581359863e-01
2.254485487937927246e-01
4.399348497390747070e-01
5.607363581657409668e-01
3.171008825302124023e-01
4.653949737548828125e-01
5.564618110656738281e-01
3.403736948966979980e-01
3.662131726741790771e-01
3.499443829059600830e-01
2.432076334953308105e-01
2.411455959081649780e-01
2.224735021591186523e-01
3.035012185573577881e-01
3.476022183895111084e-01
2.894978225231170654e-01
3.301643729209899902e-01
9.294767379760742188e-01
1.093858957290649414e+00
2.059213161468505859e+00
2.642093181610107422e+00
1.973734974861145020e+00
2.146065950393676758e+00
2.114238023757934570e+00
2.057678222656250000e+00
2.305547952651977539e+00
2.302245378494262695e+00
2.189373016357421875e+00
1.787809133529663086e+00
2.301090240478515625e+00
2.282000303268432617e+00
2.091258049011230469e+00
2.314088344573974609e+00
1.477607011795043945e+00
1.779822826385498047e+00
1.614334225654602051e+00
1.489225745201110840e+00
1.746076107025146484e+00
1.770416259765625000e+00
2.731815338134765625e+00
2.349743843078613281e+00
3.240971565246582031e+00
3.459545612335205078e+00
2.513318300247192383e+00
1.810090541839599609e+00
2.652187824249267578e+00
2.708721160888671875e+00
2.240966558456420898e+00
3.043634891510009766e+00
1.876427769660949707e+00
2.118948459625244141e+00
2.445241689682006836e+00
1.877612709999084473e+00
1.820004701614379883e+00
1.847763180732727051e+00
2.240003824234008789e+00
1.915938377380371094e+00
1.843503713607788086e+00
1.751280665397644043e+00
1.855973482131958008e+00
1.675785303115844727e+00
2.200562238693237305e+00
2.321629762649536133e+00
1.200412988662719727e+00
1.503985166549682617e+00
1.565591454505920410e+00
1.567962646484375000e+00
2.101203680038452148e+00
2.047638177871704102e+00
3.084280014038085938e+00
2.540089845657348633e+00
7.578601837158203125e-01
4.710002839565277100e-01
7.521964907646179199e-01
7.172468304634094238e-01
6.544463634490966797e-01
1.170716047286987305e+00
6.245775818824768066e-01
6.276436448097229004e-01
8.819838166236877441e-01
8.554053306579589844e-01
7.134319543838500977e-01
6.346046328544616699e-01
6.639991998672485352e-01
7.102894186973571777e-01
5.648114085197448730e-01
9.601899385452270508e-01
1.158343791961669922e+00
3.543206214904785156e+00
4.297335624694824219e+00
4.075370311737060547e+00
3.713781118392944336e+00
3.112293004989624023e+00
3.245641708374023438e+00
1.773728489875793457e+00
1.496171712875366211e+00
1.767742753028869629e+00
4.206047534942626953e+00
2.964249610900878906e+00
1.194315314292907715e+00
1.629014372825622559e+00
1.774550795555114746e+00
1.470735192298889160e+00
1.375521540641784668e+00
1.481537938117980957e+00
1.905683636665344238e+00
1.931061506271362305e+00
2.450528621673583984e+00
2.334727764129638672e+00
2.799960851669311523e+00
2.101389169692993164e+00
1.484317302703857422e+00
1.802857160568237305e+00
1.389333605766296387e+00
3.064450323581695557e-01
4.651553928852081299e-01
1.797726005315780640e-01
4.446156024932861328e-01
1.752554625272750854e-01
2.695246040821075439e-01
1.222339645028114319e-01
6.284207105636596680e-01
5.485085844993591309e-01
4.216993749141693115e-01
2.886963784694671631e-01
1.561601608991622925e-01
1.651089191436767578e-01
4.434970021247863770e-01
3.380340039730072021e-01
2.597171068191528320e-01
2.089325040578842163e-01
1.904610544443130493e-01
2.891110777854919434e-01
2.713040411472320557e-01
3.656855523586273193e-01
1.956886500120162964e-01
3.773643076419830322e-01
3.788439035415649414e-01
2.658886834979057312e-02
3.659341633319854736e-01
3.368189334869384766e-01
3.288604915142059326e-01
2.861483693122863770e-01
2.816498577594757080e-01
1.431969702243804932e-01
2.472689449787139893e-01
3.674825429916381836e-01
4.832486212253570557e-01
4.899445548653602600e-02
2.582021653652191162e-01
4.992770254611968994e-01
3.587059080600738525e-01
2.377947419881820679e-01
6.053666472434997559e-01
6.104941964149475098e-01
8.134444952011108398e-01
5.834582448005676270e-01
1.678263247013092041e-01
4.824109673500061035e-01
6.859769225120544434e-01
4.432966411113739014e-01
4.549713134765625000e-01
7.032524943351745605e-01
1.675246477127075195e+00
2.094559907913208008e+00
2.304047822952270508e+00
1.984290719032287598e+00
2.394596815109252930e+00
2.115515232086181641e+00
2.400871992111206055e+00
2.419444322586059570e+00
2.009930133819580078e+00
2.393351316452026367e+00
2.112160921096801758e+00
1.499990463256835938e+00
1.478715777397155762e+00
1.283387064933776855e+00
1.345168113708496094e+00
1.155272841453552246e+00
1.424662828445434570e+00
1.255947351455688477e+00
1.381721019744873047e+00
1.732727050781250000e+00
1.621139526367187500e+00
1.472339153289794922e+00
1.377055644989013672e+00
1.419280648231506348e+00
1.364779829978942871e+00
1.545109391212463379e+00
1.296779513359069824e+00
1.375545859336853027e+00
1.876588940620422363e+00
2.478756904602050781e+00
1.562731981277465820e+00
1.432174205780029297e+00
1.720914721488952637e+00
1.907907605171203613e+00
1.040540933609008789e+00
7.135363817214965820e-01
5.822618007659912109e-01
6.376740336418151855e-01
5.581069588661193848e-01
2.070876121520996094e+00
4.477345645427703857e-01
3.280919194221496582e-01
5.037094950675964355e-01
7.447468042373657227e-01
1.546235442161560059e+00
1.762639045715332031e+00
1.666753292083740234e+00
2.891107082366943359e+00
5.653817653656005859e-01
4.702741801738739014e-01
4.776778519153594971e-01
5.351356267929077148e-01
5.239186882972717285e-01
1.002904534339904785e+00
7.596387863159179688e-01
2.797594070434570312e-01
5.349607467651367188e-01
5.735669136047363281e-01
5.805761218070983887e-01
6.040734648704528809e-01
8.612145781517028809e-01
1.184127449989318848e+00
1.061711430549621582e+00
1.233891248703002930e+00
7.751900553703308105e-01
6.848180294036865234e-01
7.533658146858215332e-01
1.450999021530151367e+00
1.436661005020141602e+00
1.732824802398681641e+00
2.003077268600463867e+00
2.001195669174194336e+00
1.986880183219909668e+00
3.343960523605346680e+00
2.554473638534545898e+00
2.703371763229370117e+00
2.686702966690063477e+00
2.541678190231323242e+00
1.882655501365661621e+00
1.534168839454650879e+00
3.216212749481201172e+00
2.651668310165405273e+00
3.471997737884521484e+00
2.628530502319335938e+00
2.580902814865112305e+00
2.205937862396240234e+00
2.351602315902709961e+00
1.178908348083496094e+00
1.312889575958251953e+00
1.427556514739990234e+00
1.136733174324035645e+00
1.159415006637573242e+00
8.708485364913940430e-01
7.941441535949707031e-01
8.127378821372985840e-01
6.592304110527038574e-01
5.666080713272094727e-01
7.330447435379028320e-01
5.026775002479553223e-01
7.634695768356323242e-01
4.128882288932800293e-01
6.220877170562744141e-01
3.937901854515075684e-01
1.658758372068405151e-01
5.010296106338500977e-01
6.464969515800476074e-01
3.975338041782379150e-01
3.690448999404907227e-01
3.380186557769775391e-01
3.755399286746978760e-01
2.836310565471649170e-01
2.758354246616363525e-01
2.682741582393646240e-01
3.790283501148223877e-01
2.577293515205383301e-01
3.423855900764465332e-01
4.906840622425079346e-01
1.518867015838623047e-01
2.814804613590240479e-01
4.134575128555297852e-01
1.361632108688354492e+00
1.043098807334899902e+00
1.016638755798339844e+00
8.767608404159545898e-01
1.490448564291000366e-01
1.016492117196321487e-02
2.298124730587005615e-01
3.740112781524658203e-01
3.086268603801727295e-01
3.973912894725799561e-01
3.388154506683349609e-01
4.032934308052062988e-01
3.009534776210784912e-01
1.543053388595581055e-01
3.892448246479034424e-01
2.435842454433441162e-01
5.583347082138061523e-01
4.959560632705688477e-01
5.143310427665710449e-01
5.866720676422119141e-01
4.215949475765228271e-01
5.972256660461425781e-01
3.622702956199645996e-01
7.140595912933349609e-01
1.805408954620361328e+00
1.742276072502136230e+00
1.895138502120971680e+00
2.026755332946777344e+00
2.482479095458984375e+00
1.847337722778320312e+00
3.289997100830078125e+00
2.682120561599731445e+00
1.787107229232788086e+00
2.214685916900634766e+00
1.329984784126281738e+00
1.650168180465698242e+00
1.275365591049194336e+00
1.947187542915344238e+00
1.522345304489135742e+00
1.209283232688903809e+00
1.252227306365966797e+00
1.272941946983337402e+00
1.537172913551330566e+00
1.505207061767578125e+00
1.426694989204406738e+00
1.160728812217712402e+00
1.681993126869201660e+00
1.319768309593200684e+00
1.503138422966003418e+00
1.315028071403503418e+00
1.466478943824768066e+00
1.248103737831115723e+00
1.298627376556396484e+00
1.576871871948242188e+00
1.485603332519531250e+00
1.282843232154846191e+00
1.185602903366088867e+00
1.373749494552612305e+00
2.030685663223266602e+00
1.676148295402526855e+00
1.453856706619262695e+00
1.883201241493225098e+00
1.055103182792663574e+00
1.989855527877807617e+00
2.704724788665771484e+00
1.842925548553466797e+00
1.788992404937744141e+00
1.769556760787963867e+00
1.706141948699951172e+00
1.244173765182495117e+00
1.785996794700622559e+00
3.184898138046264648e+00
2.056605815887451172e+00
1.198329210281372070e+00
1.480755090713500977e+00
1.444676160812377930e+00
1.487743735313415527e+00
1.450332164764404297e+00
1.909301400184631348e+00
1.393852114677429199e+00
4.710435867309570312e-01
6.382271647453308105e-01
1.393295049667358398e+00
9.721872210502624512e-01
7.649936079978942871e-01
2.415119409561157227e+00
2.399812221527099609e+00
2.266843318939208984e+00
2.195381879806518555e+00
2.142827987670898438e+00
7.740514278411865234e-01
1.012168288230895996e+00
2.339843988418579102e+00
2.564760923385620117e+00
2.548624753952026367e+00
2.242374181747436523e+00
2.245152473449707031e+00
1.530296325683593750e+00
1.397496223449707031e+00
1.883578181266784668e+00
1.619910717010498047e+00
1.880989551544189453e+00
1.613807201385498047e+00
2.510441541671752930e+00
2.755169153213500977e+00
2.657476902008056641e+00
2.538529872894287109e+00
1.969969987869262695e+00
2.006864547729492188e+00
1.828193426132202148e+00
2.028892517089843750e+00
2.007038354873657227e+00
2.246132612228393555e+00
1.239306330680847168e+00
7.108820080757141113e-01
8.557227253913879395e-01
7.791513204574584961e-01
9.098749160766601562e-01
4.696048498153686523e-01
3.796176612377166748e-01
4.020454585552215576e-01
5.302534103393554688e-01
5.283429026603698730e-01
4.471581280231475830e-01
4.147255122661590576e-01
3.825143277645111084e-01
2.970925569534301758e-01
4.282193481922149658e-01
4.329475164413452148e-01
3.854803442955017090e-01
3.452038466930389404e-01
4.569245278835296631e-01
2.540323138236999512e-01
2.232450842857360840e-01
3.458932042121887207e-01
2.957480847835540771e-01
3.069225251674652100e-01
2.092035859823226929e-01
3.194315135478973389e-01
4.447699189186096191e-01
1.886385679244995117e-01
2.904719710350036621e-01
3.058277666568756104e-01
1.632771193981170654e-01
1.673422604799270630e-01
2.327477782964706421e-01
2.974244654178619385e-01
2.306745052337646484e-01
4.047565460205078125e-01
6.139858961105346680e-01
1.664051264524459839e-01
4.055160880088806152e-01
1.988273411989212036e-01
4.899497628211975098e-01
2.376812696456909180e-01
3.683070242404937744e-01
4.190803766250610352e-01
1.661144733428955078e+00
1.302585721015930176e+00
1.444602131843566895e+00
1.068436145782470703e+00
4.775915145874023438e-01
5.120469927787780762e-01
5.388258099555969238e-01
5.609378218650817871e-01
4.605201482772827148e-01
1.797545909881591797e+00
1.145762801170349121e+00
2.526947736740112305e+00
1.865943193435668945e+00
2.168375730514526367e+00
2.587405920028686523e+00
1.811610698699951172e+00
2.544070243835449219e+00
3.087489366531372070e+00
1.798528909683227539e+00
2.169586420059204102e+00
1.937767028808593750e+00
2.032861948013305664e+00
1.978550076484680176e+00
1.042565464973449707e+00
1.777981638908386230e+00
1.219098448753356934e+00
1.557782649993896484e+00
7.252444624900817871e-01
1.048207163810729980e+00
9.662543535232543945e-01
6.594009399414062500e-01
1.022675514221191406e+00
1.103604555130004883e+00
8.807157874107360840e-01
4.680309593677520752e-01
8.500719666481018066e-01
3.520267009735107422e-01
6.243342161178588867e-01
5.373399257659912109e-01
1.812570095062255859e+00
1.507163882255554199e+00
1.274358510971069336e+00
4.227086007595062256e-01
3.385032415390014648e-01
8.335471153259277344e-01
5.937051177024841309e-01
3.646757602691650391e-01
4.790288805961608887e-01
5.660207271575927734e-01
5.812032818794250488e-01
6.211061477661132812e-01
3.071472644805908203e-01
3.002959191799163818e-01
5.881053209304809570e-01
4.773678481578826904e-01
2.698033452033996582e-01
3.837820291519165039e-01
3.730746805667877197e-01
2.016294449567794800e-01
3.221758008003234863e-01
3.332060277462005615e-01
3.809599280357360840e-01
3.429244458675384521e-01
4.681477248668670654e-01
2.941536605358123779e-01
3.576224148273468018e-01
3.973474204540252686e-01
5.747210979461669922e-01
5.792374014854431152e-01
7.110626101493835449e-01
6.739130616188049316e-01
8.301436305046081543e-01
6.132655739784240723e-01
1.372917294502258301e+00
1.513273835182189941e+00
2.231445074081420898e+00
1.761295437812805176e+00
2.112546443939208984e+00
1.682849645614624023e+00
1.717565298080444336e+00
1.759760975837707520e+00
2.000377416610717773e+00
2.665044307708740234e+00
2.492870807647705078e+00
2.881917715072631836e+00
3.055026292800903320e+00
2.977230787277221680e+00
2.578554153442382812e+00
2.157928466796875000e+00
1.422877430915832520e+00
1.428519725799560547e+00
2.372627019882202148e+00
1.709962606430053711e+00
1.525457143783569336e+00
1.422757029533386230e+00
1.524002790451049805e+00
1.552091836929321289e+00
1.388863444328308105e+00
1.498165249824523926e+00
1.738605856895446777e+00
1.169760346412658691e+00
1.029094338417053223e+00
1.395817041397094727e+00
1.311057209968566895e+00
9.840016365051269531e-01
9.660118222236633301e-01
1.039073467254638672e+00
1.917601704597473145e+00
1.481804370880126953e+00
1.438794016838073730e+00
1.546597003936767578e+00
5.256337523460388184e-01
5.303394794464111328e-01
4.423814415931701660e-01
5.313240289688110352e-01
3.721076548099517822e-01
5.159981250762939453e-01
5.315073728561401367e-01
3.570358455181121826e-01
2.516986429691314697e-01
4.714925587177276611e-01
3.507187068462371826e-01
2.416776120662689209e-01
2.213236540555953979e-01
3.585754334926605225e-01
2.961101830005645752e-01
2.272392362356185913e-01
3.184645175933837891e-01
4.504917263984680176e-01
1.709943413734436035e-01
2.586571574211120605e-01
3.098008036613464355e-01
3.557094931602478027e-01
1.159321814775466919e-01
3.714032173156738281e-01
3.507924377918243408e-01
2.735088765621185303e-01
1.861667633056640625e-01
3.820859193801879883e-01
3.692764937877655029e-01
2.602576315402984619e-01
2.838305830955505371e-01
4.695368707180023193e-01
3.987379074096679688e-01
3.297850191593170166e-01
5.087251663208007812e-01
