1.817019224166870117e+00
1.219284296035766602e+00
1.330427408218383789e+00
1.684793829917907715e+00
1.023130774497985840e+00
1.244568705558776855e+00
1.826932549476623535e+00
1.592888593673706055e+00
1.024476885795593262e+00
1.454211950302124023e+00
1.512756824493408203e+00
1.235699534416198730e+00
1.427674412727355957e+00
1.401294350624084473e+00
1.287379503250122070e+00
1.165645003318786621e+00
1.363321900367736816e+00
1.213815212249755859e+00
1.094899535179138184e+00
1.312903761863708496e+00
1.314836502075195312e+00
1.216724753379821777e+00
8.589510917663574219e-01
1.231286287307739258e+00
4.494978487491607666e-01
4.028902351856231689e-01
1.604171842336654663e-01
4.363948702812194824e-01
2.632896900177001953e-01
2.149862349033355713e-01
2.432731389999389648e-01
9.744287729263305664e-01
5.622359514236450195e-01
3.418954908847808838e-01
4.252313971519470215e-01
2.266644537448883057e-01
2.580804526805877686e-01
6.621062755584716797e-01
4.635086357593536377e-01
1.910347342491149902e-01
4.513312876224517822e-01
4.689108133316040039e-01
3.747324347496032715e-01
4.899911582469940186e-01
4.829923212528228760e-01
3.697849512100219727e-01
2.266482859849929810e-01
4.118724167346954346e-01
3.810065090656280518e-01
3.521412611007690430e-01
3.015148341655731201e-01
4.323689043521881104e-01
3.093737661838531494e-01
9.507853537797927856e-02
5.434616208076477051e-01
3.791815936565399170e-01
1.356796503067016602e+00
1.377550601959228516e+00
2.186821222305297852e+00
1.755855083465576172e+00
1.699056506156921387e+00
6.799001693725585938e-01
3.770543038845062256e-01
3.011694848537445068e-01
8.792795538902282715e-01
2.146951407194137573e-01
7.120099067687988281e-01
6.861029863357543945e-01
5.775481462478637695e-01
3.298634290695190430e-01
3.773103058338165283e-01
6.990217566490173340e-01
5.927479863166809082e-01
4.675762355327606201e-01
8.294134736061096191e-01
4.330092072486877441e-01
5.606461763381958008e-01
1.989471197128295898e+00
1.687567114830017090e+00
2.406149387359619141e+00
2.053441762924194336e+00
2.166184902191162109e+00
1.813155055046081543e+00
1.972488403320312500e+00
1.854704141616821289e+00
1.628454446792602539e+00
1.356529235839843750e+00
1.559190988540649414e+00
1.309563636779785156e+00
1.294302105903625488e+00
1.454192280769348145e+00
1.364175796508789062e+00
1.196916580200195312e+00
1.290216207504272461e+00
1.460269331932067871e+00
1.293973803520202637e+00
1.452668786048889160e+00
1.803903937339782715e+00
2.308629274368286133e+00
1.293684363365173340e+00
1.376574039459228516e+00
1.540706038475036621e+00
1.412634611129760742e+00
1.483153104782104492e+00
1.702510118484497070e+00
1.394381284713745117e+00
1.294128656387329102e+00
1.126534461975097656e+00
1.337617874145507812e+00
1.428685545921325684e+00
8.447086811065673828e-01
3.558689951896667480e-01
4.510555267333984375e-01
4.001166224479675293e-01
3.418256044387817383e-01
4.825266301631927490e-01
2.428628206253051758e-01
2.814009785652160645e-01
3.640072345733642578e-01
3.814056217670440674e-01
1.774386614561080933e-01
2.528983652591705322e-01
4.902109801769256592e-01
8.936055302619934082e-01
2.376960664987564087e-01
6.689850091934204102e-01
1.701827347278594971e-01
1.942710131406784058e-01
1.072445988655090332e+00
1.259273767471313477e+00
1.625997662544250488e+00
1.343912243843078613e+00
1.768698811531066895e+00
1.402719616889953613e+00
1.219944596290588379e+00
1.365609288215637207e+00
1.258838772773742676e+00
1.231817960739135742e+00
1.475548267364501953e+00
1.316605567932128906e+00
1.118382811546325684e+00
1.050728559494018555e+00
1.286923766136169434e+00
1.955625891685485840e+00
1.150475621223449707e+00
1.486096143722534180e+00
1.528271079063415527e+00
2.236769199371337891e+00
1.580523490905761719e+00
1.493528366088867188e+00
1.356397390365600586e+00
1.492695569992065430e+00
1.690355539321899414e+00
1.986606597900390625e+00
1.820557832717895508e+00
1.102215409278869629e+00
6.496923565864562988e-01
4.050385951995849609e-01
4.791999161243438721e-01
7.329403162002563477e-01
5.184291005134582520e-01
5.914405584335327148e-01
5.110648870468139648e-01
2.995586097240447998e-01
2.620551586151123047e-01
3.847660422325134277e-01
3.798629939556121826e-01
3.603310585021972656e-01
2.469285130500793457e-01
1.387029528617858887e+00
1.357921600341796875e+00
1.253749132156372070e+00
1.759890913963317871e+00
1.984417080879211426e+00
7.428423762321472168e-01
3.010899722576141357e-01
6.340509653091430664e-01
1.284157037734985352e-01
3.233061730861663818e-01
3.954372406005859375e-01
1.663957983255386353e-01
4.020624458789825439e-01
6.646896600723266602e-01
5.833225846290588379e-01
3.576572239398956299e-01
4.949438273906707764e-01
4.393392205238342285e-01
4.419176578521728516e-01
3.058604001998901367e-01
3.919644057750701904e-01
3.913896381855010986e-01
1.211676478385925293e+00
7.187277674674987793e-01
5.342037081718444824e-01
6.555797457695007324e-01
4.200090169906616211e-01
1.754518032073974609e+00
7.543531060218811035e-01
3.716715574264526367e-01
1.626477003097534180e+00
1.682424306869506836e+00
2.097201108932495117e+00
1.345866560935974121e+00
1.478491067886352539e+00
1.570493936538696289e+00
1.369979739189147949e+00
1.505388021469116211e+00
5.395795702934265137e-01
7.089419364929199219e-01
4.402075707912445068e-01
6.136822104454040527e-01
6.829429268836975098e-01
6.149520874023437500e-01
6.497022509574890137e-01
5.790066123008728027e-01
2.446370571851730347e-01
5.197368264198303223e-01
3.027085363864898682e-01
2.102306336164474487e-01
3.423126637935638428e-01
3.592313528060913086e-01
2.847060561180114746e-01
1.851399838924407959e-01
4.022565186023712158e-01
3.911339044570922852e-01
2.066076099872589111e-01
3.646535575389862061e-01
6.366880536079406738e-01
1.045818448066711426e+00
3.675686120986938477e-01
2.684926092624664307e-01
3.309633731842041016e-01
3.303395211696624756e-01
1.763337701559066772e-01
3.514549434185028076e-01
2.593410313129425049e-01
3.417387008666992188e-01
3.684673607349395752e-01
2.908899784088134766e-01
3.961339890956878662e-01
4.984739422798156738e-01
3.355183303356170654e-01
3.525987267494201660e-01
4.225167334079742432e-01
4.031903743743896484e-01
3.327381610870361328e-01
3.222725391387939453e-01
5.667673349380493164e-01
4.335387647151947021e-01
2.433010935783386230e-01
2.911029458045959473e-01
3.763608336448669434e-01
2.607526481151580811e-01
1.283311367034912109e+00
1.685728192329406738e+00
1.733961582183837891e+00
1.088604331016540527e+00
1.255192995071411133e+00
3.023341298103332520e-01
4.074931442737579346e-01
1.226974725723266602e+00
1.430249810218811035e+00
1.044487714767456055e+00
1.160146594047546387e+00
1.593394279479980469e+00
1.363952040672302246e+00
1.250940203666687012e+00
1.360993504524230957e+00
1.279502749443054199e+00
1.158193349838256836e+00
1.371360898017883301e+00
1.336788177490234375e+00
1.108991980552673340e+00
1.579432845115661621e+00
1.273020982742309570e+00
1.306500673294067383e+00
1.013673305511474609e+00
1.311235070228576660e+00
1.436197161674499512e+00
2.011788606643676758e+00
1.295770525932312012e+00
1.399042606353759766e+00
1.436310887336730957e+00
2.439046144485473633e+00
2.142916440963745117e+00
2.175318717956542969e+00
2.089269399642944336e+00
2.212088346481323242e+00
1.157523512840270996e+00
7.510910630226135254e-01
8.082793951034545898e-01
6.825967431068420410e-01
5.831893682479858398e-01
6.121075153350830078e-01
6.457845568656921387e-01
5.292488336563110352e-01
1.286930561065673828e+00
1.041348457336425781e+00
1.168584704399108887e+00
1.149582624435424805e+00
1.367747545242309570e+00
1.202200293540954590e+00
1.259422063827514648e+00
1.699001669883728027e+00
6.052827835083007812e-01
5.085231661796569824e-01
5.617006421089172363e-01
4.696599245071411133e-01
4.106954336166381836e-01
3.916637301445007324e-01
2.341889888048171997e-01
2.087033689022064209e-01
1.487619876861572266e-01
3.205884993076324463e-01
1.610020995140075684e-01
3.315715789794921875e-01
3.332583904266357422e-01
2.599270641803741455e-01
3.910201489925384521e-01
3.999157249927520752e-01
3.630248904228210449e-01
3.762577772140502930e-01
6.078606247901916504e-01
2.236806154251098633e-01
3.530721068382263184e-01
6.096014380455017090e-01
4.895317554473876953e-01
7.116982340812683105e-01
1.396006464958190918e+00
1.050725340843200684e+00
4.245319068431854248e-01
3.104646801948547363e-01
4.254627525806427002e-01
3.954364061355590820e-01
1.573922276496887207e+00
2.161526918411254883e+00
2.229391336441040039e+00
1.887179851531982422e+00
1.534269928932189941e+00
1.897290229797363281e+00
2.869580984115600586e+00
1.202026009559631348e+00
1.599837422370910645e+00
2.467524290084838867e+00
1.532664895057678223e+00
1.564401507377624512e+00
1.588307023048400879e+00
3.372271299362182617e+00
1.426797032356262207e+00
1.246567726135253906e+00
1.362815618515014648e+00
1.457219123840332031e+00
8.326162695884704590e-01
3.962244391441345215e-01
1.001224637031555176e+00
6.008319854736328125e-01
3.892579674720764160e-01
3.664653599262237549e-01
4.943709671497344971e-01
3.027652800083160400e-01
5.331037044525146484e-01
3.850648105144500732e-01
4.052378833293914795e-01
4.636064767837524414e-01
5.370510220527648926e-01
2.574566006660461426e-01
4.248071014881134033e-01
1.971764564514160156e-01
9.522112607955932617e-01
7.040262818336486816e-01
3.098005354404449463e-01
2.229753732681274414e-01
3.439942598342895508e-01
3.573000729084014893e-01
4.334058165550231934e-01
2.890661358833312988e-01
2.026457935571670532e-01
6.297602653503417969e-01
3.487323224544525146e-01
3.357277512550354004e-01
6.012669801712036133e-01
4.300802052021026611e-01
2.729469835758209229e-01
3.574299812316894531e-01
5.477463006973266602e-01
2.346365898847579956e-01
2.138797044754028320e-01
4.197140932083129883e-01
3.642972409725189209e-01
3.276056647300720215e-01
2.241915464401245117e-01
4.376781880855560303e-01
1.354165434837341309e+00
1.080357193946838379e+00
7.074680924415588379e-01
8.354433178901672363e-01
8.733110427856445312e-01
7.012463808059692383e-01
7.504485845565795898e-01
9.836713671684265137e-01
1.536933422088623047e+00
1.451697707176208496e+00
1.919102907180786133e+00
2.292867183685302734e+00
1.423629283905029297e+00
1.333439230918884277e+00
1.428256511688232422e+00
9.558024406433105469e-01
1.649093151092529297e+00
1.675255537033081055e+00
1.721916079521179199e+00
1.695456027984619141e+00
1.665122985839843750e+00
1.545576214790344238e+00
1.399353981018066406e+00
2.787772178649902344e+00
2.382239818572998047e+00
2.732309103012084961e+00
3.379273414611816406e+00
3.303584337234497070e+00
2.118795633316040039e+00
9.729670286178588867e-01
1.175832986831665039e+00
9.756444096565246582e-01
1.126570105552673340e+00
1.226718068122863770e+00
8.964679241180419922e-01
2.251634895801544189e-01
5.099106431007385254e-01
3.348673582077026367e-01
3.878110051155090332e-01
2.552388906478881836e-01
2.255074828863143921e-01
5.151130557060241699e-01
1.208473086357116699e+00
4.866984188556671143e-01
4.697876572608947754e-01
4.894520044326782227e-01
4.172822833061218262e-01
5.297279357910156250e-01
2.726841270923614502e-01
3.506592214107513428e-01
1.280788898468017578e+00
1.471892714500427246e+00
1.482839584350585938e+00
1.096152901649475098e+00
6.149655580520629883e-01
2.356323897838592529e-01
2.733471691608428955e-01
2.744928896427154541e-01
3.294040262699127197e-01
4.453340172767639160e-01
3.938216865062713623e-01
2.735952138900756836e-01
5.211486816406250000e-01
2.904360890388488770e-01
4.039493501186370850e-01
1.117335557937622070e+00
3.594141900539398193e-01
1.150295808911323547e-01
3.622815310955047607e-01
3.924690186977386475e-01
4.640971124172210693e-01
2.828583717346191406e-01
3.442859053611755371e-01
5.882440209388732910e-01
5.739229321479797363e-01
4.577829837799072266e-01
4.841084480285644531e-01
6.567383408546447754e-01
6.426697373390197754e-01
5.335727334022521973e-01
6.150801181793212891e-01
1.875081658363342285e+00
2.162282943725585938e+00
2.221699476242065430e+00
2.433092117309570312e+00
2.363218545913696289e+00
1.784933567047119141e+00
1.841112136840820312e+00
2.629607200622558594e+00
2.093574523925781250e+00
4.315274715423583984e+00
4.889085292816162109e+00
4.792609691619873047e+00
3.632611989974975586e+00
1.890198707580566406e+00
1.339213967323303223e+00
1.896831035614013672e+00
1.330261588096618652e+00
2.193663835525512695e+00
2.422001123428344727e+00
3.616221189498901367e+00
4.401211261749267578e+00
2.930045843124389648e+00
2.911588668823242188e+00
2.768013000488281250e+00
1.294926047325134277e+00
1.206204652786254883e+00
4.385124683380126953e+00
3.912178516387939453e+00
3.189846277236938477e+00
3.352508544921875000e+00
2.015031337738037109e+00
8.344776630401611328e-01
2.895627915859222412e-01
9.256988167762756348e-01
2.655253410339355469e+00
2.641511917114257812e+00
3.261865377426147461e+00
2.141275644302368164e+00
2.652777135372161865e-01
1.098160982131958008e+00
1.481180191040039062e+00
5.281395435333251953e+00
3.325605869293212891e+00
2.028587818145751953e+00
2.250332355499267578e+00
7.276937961578369141e-01
-4.494526088237762451e-01
8.755753636360168457e-01
1.253169059753417969e+00
1.494252979755401611e-01
8.492627739906311035e-01
7.195190787315368652e-01
1.495371937751770020e+00
1.558216214179992676e+00
4.134098291397094727e-01
9.259458184242248535e-01
4.527042210102081299e-01
1.504390597343444824e+00
1.343606352806091309e+00
7.262248992919921875e-01
2.265271246433258057e-01
3.196143507957458496e-01
6.754879951477050781e-01
1.014877676963806152e+00
8.441908955574035645e-01
1.255799055099487305e+00
9.027097225189208984e-01
8.219763636589050293e-01
1.226907491683959961e+00
1.498759150505065918e+00
1.349060058593750000e+00
1.691774249076843262e+00
2.998790264129638672e+00
2.823928833007812500e+00
2.910875558853149414e+00
4.064293384552001953e+00
4.237233638763427734e+00
4.361845970153808594e+00
3.194764375686645508e+00
2.850735664367675781e+00
2.109458446502685547e+00
5.043175697326660156e+00
4.200804233551025391e+00
4.872766017913818359e+00
4.317545413970947266e+00
3.507404327392578125e+00
3.465899229049682617e+00
4.607944965362548828e+00
2.963613033294677734e+00
2.478826999664306641e+00
2.321966886520385742e+00
3.230587959289550781e+00
2.512464523315429688e+00
1.744304895401000977e+00
2.268200635910034180e+00
2.300765991210937500e+00
2.086234569549560547e+00
2.315448522567749023e+00
9.990074038505554199e-01
1.009254336357116699e+00
7.322123050689697266e-01
6.202531456947326660e-01
3.379972577095031738e-01
3.324360847473144531e-01
1.990060508251190186e-01
4.432242810726165771e-01
4.704367220401763916e-01
5.200194120407104492e-01
1.199092030525207520e+00
5.290106534957885742e-01
3.922017812728881836e-01
5.442131757736206055e-01
5.932419300079345703e-01
3.203451037406921387e-01
8.130849003791809082e-01
1.766673475503921509e-01
1.975807361304759979e-02
-8.492320775985717773e-02
1.107664227485656738e+00
5.416775345802307129e-01
7.349305599927902222e-02
6.598690748214721680e-01
4.043443202972412109e-01
3.190291523933410645e-01
3.070963025093078613e-01
8.090257644653320312e-01
7.475423216819763184e-01
8.916755914688110352e-01
7.246008515357971191e-01
1.525867462158203125e+00
4.838513433933258057e-01
4.353264272212982178e-01
4.515703022480010986e-01
2.375455945730209351e-01
3.208357393741607666e-01
3.554959595203399658e-01
4.477611482143402100e-01
6.681438535451889038e-02
1.531815379858016968e-01
5.786168575286865234e-01
6.204532384872436523e-01
3.141745924949645996e-01
7.869466543197631836e-01
6.000850200653076172e-01
1.638657450675964355e+00
2.870599269866943359e+00
2.867677450180053711e+00
2.613738059997558594e+00
2.953651428222656250e+00
2.790130376815795898e+00
1.793970346450805664e+00
1.986851096153259277e+00
2.988696098327636719e+00
1.724315762519836426e+00
1.356018543243408203e+00
2.124224662780761719e+00
1.457258582115173340e+00
1.630102276802062988e+00
2.011446952819824219e+00
1.351794481277465820e+00
1.633172392845153809e+00
1.531882286071777344e+00
1.408014178276062012e+00
1.071420550346374512e+00
1.261443018913269043e+00
1.443328976631164551e+00
1.406310081481933594e+00
1.437440752983093262e+00
1.377943634986877441e+00
1.408915162086486816e+00
1.401553153991699219e+00
1.032998085021972656e+00
1.293280005455017090e+00
1.563418030738830566e+00
1.282745361328125000e+00
1.267720937728881836e+00
1.592924952507019043e+00
1.920693755149841309e+00
1.559661507606506348e+00
2.172153949737548828e+00
1.389229416847229004e+00
1.442134976387023926e+00
1.764912724494934082e+00
2.450693130493164062e+00
1.485207557678222656e+00
1.735953688621520996e+00
1.565142393112182617e+00
1.381372690200805664e+00
1.273041486740112305e+00
1.577616930007934570e+00
1.491830587387084961e+00
1.415744304656982422e+00
1.878697514533996582e+00
1.732153296470642090e+00
1.459960937500000000e+00
1.537407279014587402e+00
1.529443144798278809e+00
1.710204601287841797e+00
1.634114503860473633e+00
1.412799119949340820e+00
8.570849895477294922e-01
1.089329242706298828e+00
1.179697155952453613e+00
4.677020609378814697e-01
5.131946206092834473e-01
1.193772912025451660e+00
1.016548275947570801e+00
9.547842144966125488e-01
6.656514406204223633e-01
1.095410108566284180e+00
1.351633071899414062e+00
9.144843816757202148e-01
9.208566546440124512e-01
1.265949487686157227e+00
9.463765025138854980e-01
1.503223419189453125e+00
2.051691293716430664e+00
1.433545231819152832e+00
1.513594508171081543e+00
2.616311550140380859e+00
1.739653706550598145e+00
2.171643495559692383e+00
2.054824590682983398e+00
1.531491398811340332e+00
1.221145749092102051e+00
2.468951702117919922e+00
2.575510501861572266e+00
2.844779253005981445e+00
2.891711711883544922e+00
2.699167251586914062e+00
2.469712257385253906e+00
1.437497258186340332e+00
1.553759098052978516e+00
2.021728515625000000e+00
2.043087720870971680e+00
1.893188595771789551e+00
1.980808377265930176e+00
1.991882443428039551e+00
1.498917937278747559e+00
6.049889326095581055e-01
8.778449296951293945e-01
6.753410696983337402e-01
1.539227068424224854e-01
2.970056533813476562e-01
3.161152005195617676e-01
8.219922333955764771e-02
3.095845580101013184e-01
3.347760736942291260e-01
3.127692937850952148e-01
2.147072106599807739e-01
5.384927988052368164e-01
4.538261294364929199e-01
3.061490058898925781e-01
2.707953155040740967e-01
4.865038096904754639e-01
4.598370790481567383e-01
4.236800074577331543e-01
1.116371989250183105e+00
7.591939568519592285e-01
2.415912747383117676e-01
1.069786906242370605e+00
1.591726303100585938e+00
1.441725969314575195e+00
1.142000794410705566e+00
3.272282481193542480e-01
4.151402115821838379e-01
2.611758410930633545e-01
3.539368808269500732e-01
3.166595697402954102e-01
3.005976974964141846e-01
3.710808753967285156e-01
3.269749581813812256e-01
5.443250536918640137e-01
2.847811579704284668e-01
3.049029707908630371e-01
4.552706182003021240e-01
5.623793005943298340e-01
2.268587946891784668e-01
8.159012198448181152e-01
8.759259581565856934e-01
4.431617856025695801e-01
3.287045359611511230e-01
1.960948556661605835e-01
5.903134346008300781e-01
3.794951438903808594e-01
4.943509399890899658e-01
5.745382905006408691e-01
7.479046583175659180e-01
1.637116432189941406e+00
2.381948232650756836e+00
2.194776535034179688e+00
2.632297277450561523e+00
2.360600709915161133e+00
2.882370948791503906e+00
2.252130746841430664e+00
2.331786394119262695e+00
1.908112645149230957e+00
1.806229591369628906e+00
1.865242958068847656e+00
1.360980272293090820e+00
2.654997348785400391e+00
2.336506843566894531e+00
1.533443570137023926e+00
1.351772546768188477e+00
1.388211727142333984e+00
1.205468416213989258e+00
1.512452006340026855e+00
5.403766632080078125e-01
2.956398248672485352e+00
1.189466595649719238e+00
7.471366524696350098e-01
1.466898322105407715e+00
8.870392441749572754e-01
4.926945865154266357e-01
1.306151390075683594e+00
2.523649215698242188e+00
3.405091762542724609e+00
3.400937080383300781e+00
2.201873779296875000e+00
1.503714919090270996e+00
1.737448334693908691e+00
1.888610363006591797e+00
1.930182218551635742e+00
2.286551713943481445e+00
1.984288334846496582e+00
1.528414368629455566e+00
1.887315750122070312e+00
1.772324562072753906e+00
1.051333785057067871e+00
7.242374420166015625e-01
7.211118936538696289e-01
7.525185942649841309e-01
6.567364335060119629e-01
1.526525855064392090e+00
5.011348724365234375e-01
3.336232304573059082e-01
5.562304854393005371e-01
8.367757201194763184e-01
1.472562313079833984e+00
2.427135944366455078e+00
1.859312772750854492e+00
2.544709682464599609e+00
2.049643993377685547e+00
1.479204177856445312e+00
1.713000655174255371e+00
2.835425138473510742e+00
1.576182842254638672e+00
1.162331938743591309e+00
1.494749188423156738e+00
1.250137567520141602e+00
1.180016994476318359e+00
1.419971942901611328e+00
1.813847064971923828e+00
1.444986343383789062e+00
2.393573760986328125e+00
1.512899875640869141e+00
1.350820660591125488e+00
1.272186517715454102e+00
1.299223065376281738e+00
2.383739471435546875e+00
3.507893085479736328e+00
3.023714780807495117e+00
2.011724948883056641e+00
1.989751100540161133e+00
1.701553583145141602e+00
1.271462082862854004e+00
1.699603319168090820e+00
3.245565414428710938e+00
1.618591785430908203e+00
1.297955036163330078e+00
1.219885110855102539e+00
1.217888832092285156e+00
9.452127218246459961e-01
1.142846941947937012e+00
1.744431853294372559e+00
3.061828136444091797e+00
8.525536060333251953e-01
3.633422851562500000e-01
6.103960871696472168e-01
4.347226023674011230e-01
2.308551371097564697e-01
4.306579828262329102e-01
1.835162878036499023e+00
1.393847107887268066e+00
1.957072854042053223e+00
8.823675513267517090e-01
9.926924705505371094e-01
9.615448117256164551e-01
4.696947336196899414e-01
3.883002698421478271e-01
4.138582646846771240e-01
3.607761859893798828e-01
4.522747099399566650e-01
4.401423335075378418e-01
6.429342031478881836e-01
1.158545851707458496e+00
6.371790170669555664e-01
6.650075912475585938e-01
6.213048696517944336e-01
5.197628140449523926e-01
3.924682140350341797e-01
1.374664157629013062e-01
2.468794435262680054e-01
2.298437207937240601e-01
3.093743324279785156e-01
3.257461786270141602e-01
4.876517057418823242e-01
2.257769256830215454e-01
3.574160039424896240e-01
5.017762780189514160e-01
4.939726889133453369e-01
4.289309084415435791e-01
5.602840781211853027e-01
5.061492323875427246e-01
4.232875108718872070e-01
2.934651374816894531e-01
3.406680822372436523e-01
4.369260668754577637e-01
1.200587868690490723e+00
5.586880445480346680e-01
2.465379238128662109e-01
3.834032416343688965e-01
5.161976218223571777e-01
3.199476599693298340e-01
3.248885273933410645e-01
4.793142080307006836e-01
2.801398634910583496e-01
3.659785687923431396e-01
4.121720194816589355e-01
3.181596994400024414e-01
3.364143669605255127e-01
3.465943634510040283e-01
5.540357828140258789e-01
3.386570215225219727e-01
1.002510413527488708e-01
1.561689853668212891e+00
1.467011809349060059e+00
1.183807492256164551e+00
4.314808249473571777e-01
9.098579287528991699e-01
4.782263040542602539e-01
4.603277146816253662e-01
7.824963927268981934e-01
1.450584053993225098e+00
4.311724603176116943e-01
3.811030089855194092e-01
3.668035864830017090e-01
3.952464461326599121e-01
1.501335144042968750e+00
2.715932130813598633e+00
2.508567094802856445e+00
1.513496041297912598e+00
1.954663515090942383e+00
1.834012508392333984e+00
1.538237571716308594e+00
1.626981973648071289e+00
2.091556549072265625e+00
1.802470326423645020e+00
1.793634295463562012e+00
2.495213747024536133e+00
2.172546863555908203e+00
1.787162542343139648e+00
2.376421451568603516e+00
2.243210792541503906e+00
2.550058364868164062e+00
2.173668622970581055e+00
2.312394380569458008e+00
1.611335277557373047e+00
9.623026847839355469e-01
9.270622134208679199e-01
2.350126028060913086e+00
1.516489744186401367e+00
1.117376089096069336e+00
6.913607716560363770e-01
6.372272372245788574e-01
9.759785532951354980e-01
1.262681365013122559e+00
1.450675845146179199e+00
2.671920299530029297e+00
1.227808237075805664e+00
9.545298218727111816e-01
1.048837900161743164e+00
1.226831555366516113e+00
2.259429693222045898e+00
1.296885013580322266e+00
1.884940743446350098e+00
2.026857137680053711e+00
1.808497309684753418e+00
1.754490971565246582e+00
1.174283504486083984e+00
9.884026050567626953e-01
8.906765580177307129e-01
1.485044121742248535e+00
1.123441338539123535e+00
1.187323927879333496e+00
1.007698297500610352e+00
1.363164663314819336e+00
1.200106501579284668e+00
1.764605164527893066e+00
1.432295680046081543e+00
1.601824402809143066e+00
1.699230313301086426e+00
1.580582618713378906e+00
1.643366456031799316e+00
2.547428846359252930e+00
2.108603000640869141e+00
2.149759292602539062e+00
1.447877883911132812e+00
1.068562507629394531e+00
2.343054056167602539e+00
2.362386941909790039e+00
2.574340343475341797e+00
2.701494932174682617e+00
2.535459041595458984e+00
2.379875898361206055e+00
1.736562490463256836e+00
1.912859201431274414e+00
1.475581169128417969e+00
1.515143990516662598e+00
2.302105665206909180e+00
2.136334180831909180e+00
1.700480699539184570e+00
1.764571189880371094e+00
1.511806845664978027e+00
1.618825912475585938e+00
1.513860583305358887e+00
1.961528897285461426e+00
1.449139237403869629e+00
1.050773620605468750e+00
8.307143449783325195e-01
8.706775307655334473e-01
9.067384004592895508e-01
3.341102898120880127e-01
2.962535321712493896e-01
2.966342568397521973e-01
4.320893287658691406e-01
3.347283899784088135e-01
6.130616664886474609e-01
4.178192317485809326e-01
4.330629408359527588e-01
4.428227245807647705e-01
6.102370619773864746e-01
4.360103011131286621e-01
2.382919639348983765e-01
2.520711421966552734e-01
3.060533404350280762e-01
5.658839344978332520e-01
1.245646476745605469e+00
2.416337579488754272e-01
2.018928527832031250e-01
3.951658606529235840e-01
2.699340879917144775e-01
5.462080836296081543e-01
3.430658876895904541e-01
4.652047455310821533e-01
5.890753269195556641e-01
1.721395730972290039e+00
1.277604937553405762e+00
1.553377032279968262e+00
9.318789243698120117e-01
3.962625265121459961e-01
2.352886646986007690e-01
2.374482899904251099e-01
5.211719870567321777e-01
3.822438120841979980e-01
2.673329114913940430e-01
3.230268657207489014e-01
5.118846893310546875e-01
2.955521047115325928e-01
4.372555315494537354e-01
4.349276125431060791e-01
3.075633645057678223e-01
3.685885071754455566e-01
4.814165532588958740e-01
4.336733520030975342e-01
1.342915892601013184e+00
1.885944962501525879e+00
2.549530506134033203e+00
2.767304658889770508e+00
2.579322814941406250e+00
2.644759416580200195e+00
2.532674074172973633e+00
2.461041927337646484e+00
2.380545854568481445e+00
1.652553677558898926e+00
1.676827788352966309e+00
1.819798588752746582e+00
1.788751006126403809e+00
2.016595363616943359e+00
1.769392251968383789e+00
1.801264047622680664e+00
1.424864888191223145e+00
1.415889501571655273e+00
1.392624378204345703e+00
1.216422677040100098e+00
1.229746341705322266e+00
1.407581567764282227e+00
1.484194159507751465e+00
1.284537196159362793e+00
1.392621874809265137e+00
1.384815931320190430e+00
1.398573398590087891e+00
1.144031763076782227e+00
1.398941278457641602e+00
1.309596538543701172e+00
1.265674829483032227e+00
1.198881864547729492e+00
1.185599327087402344e+00
1.450987815856933594e+00
1.452621936798095703e+00
1.650552392005920410e+00
1.386278152465820312e+00
1.400025844573974609e+00
1.560639500617980957e+00
1.501205801963806152e+00
1.608864307403564453e+00
1.461244463920593262e+00
1.926043033599853516e+00
3.119256258010864258e+00
1.437448382377624512e+00
1.367933869361877441e+00
1.573213815689086914e+00
1.598883390426635742e+00
1.434505224227905273e+00
8.137235641479492188e-01
9.388988614082336426e-01
2.741459846496582031e+00
1.098581194877624512e+00
2.686554193496704102e-01
5.780919790267944336e-01
5.571506023406982422e-01
3.071387708187103271e-01
4.806734621524810791e-01
5.343824028968811035e-01
6.582477688789367676e-01
7.658869028091430664e-01
6.495844125747680664e-01
4.847018718719482422e-01
6.174946427345275879e-01
9.172347187995910645e-01
6.385678648948669434e-01
8.998185396194458008e-01
1.058545589447021484e+00
1.110863804817199707e+00
1.387303590774536133e+00
1.242193460464477539e+00
1.941188573837280273e+00
2.087060213088989258e+00
2.602639675140380859e+00
2.271886825561523438e+00
2.123585939407348633e+00
1.925474047660827637e+00
1.430256962776184082e+00
1.937910914421081543e+00
2.833998203277587891e+00
3.832449674606323242e+00
2.818813323974609375e+00
2.637187719345092773e+00
2.614335060119628906e+00
2.579425096511840820e+00
2.655584573745727539e+00
2.600546121597290039e+00
3.103025436401367188e+00
2.983731746673583984e+00
3.083733797073364258e+00
2.135577678680419922e+00
2.474224328994750977e+00
2.870703220367431641e+00
2.708686351776123047e+00
2.406130790710449219e+00
2.193198680877685547e+00
1.149568557739257812e+00
9.570249319076538086e-01
8.428316116333007812e-01
5.576056241989135742e-01
4.304458498954772949e-01
3.665122389793395996e-01
5.574896931648254395e-01
9.736053943634033203e-01
3.943449556827545166e-01
2.857424318790435791e-01
3.276876211166381836e-01
5.081676840782165527e-01
3.150149881839752197e-01
2.414591610431671143e-01
4.765428006649017334e-01
3.028787374496459961e-01
1.076034456491470337e-01
2.542164921760559082e-01
3.648714721202850342e-01
4.230246245861053467e-01
2.000287175178527832e-01
2.560164928436279297e-01
2.779424190521240234e-01
2.161763757467269897e-01
3.530981540679931641e-01
1.345656365156173706e-01
8.265560120344161987e-02
2.523180842399597168e-01
2.655271589756011963e-01
3.980491161346435547e-01
3.040891587734222412e-01
3.075710237026214600e-01
2.034568488597869873e-01
2.237831354141235352e-01
2.315444946289062500e-01
3.039902150630950928e-01
2.822917997837066650e-01
9.665048867464065552e-02
2.996183633804321289e-01
5.763059258460998535e-01
3.877109587192535400e-01
1.611498445272445679e-01
5.404046177864074707e-01
5.587225556373596191e-01
3.508535623550415039e-01
1.582005739212036133e+00
1.594581365585327148e+00
1.357380270957946777e+00
1.846995115280151367e+00
2.421339035034179688e+00
2.394319057464599609e+00
1.915504574775695801e+00
2.111724615097045898e+00
2.325232028961181641e+00
2.153162956237792969e+00
1.873228788375854492e+00
1.912592530250549316e+00
2.404438018798828125e+00
1.795682072639465332e+00
1.763504385948181152e+00
1.832991957664489746e+00
2.538058757781982422e+00
1.533268690109252930e+00
1.626904129981994629e+00
2.263688087463378906e+00
1.542032122611999512e+00
1.770916223526000977e+00
1.828146457672119141e+00
7.910159230232238770e-01
8.845266103744506836e-01
1.081107974052429199e+00
1.629423618316650391e+00
8.877653479576110840e-01
1.104921579360961914e+00
9.499362111091613770e-01
1.035602211952209473e+00
2.138259887695312500e+00
1.078960418701171875e+00
1.928242683410644531e+00
1.213747739791870117e+00
2.187626123428344727e+00
2.520751476287841797e+00
1.502895832061767578e+00
8.061288595199584961e-01
6.180529594421386719e-01
5.308572053909301758e-01
7.075505852699279785e-01
5.893124341964721680e-01
1.858925819396972656e+00
2.005938768386840820e+00
3.339830935001373291e-01
3.893615901470184326e-01
8.730646371841430664e-01
6.522439718246459961e-01
7.458683848381042480e-01
1.062113523483276367e+00
5.092056989669799805e-01
3.996462821960449219e-01
5.352422595024108887e-01
5.087701678276062012e-01
5.099040865898132324e-01
4.706359803676605225e-01
5.284723043441772461e-01
9.167451858520507812e-01
5.977193117141723633e-01
3.523218929767608643e-01
4.878934621810913086e-01
1.288804054260253906e+00
6.290509104728698730e-01
6.516757607460021973e-01
7.492458224296569824e-01
7.977115511894226074e-01
2.807261228561401367e+00
2.381061792373657227e+00
2.666825771331787109e+00
2.959475278854370117e+00
3.092741489410400391e+00
2.447418689727783203e+00
3.186491489410400391e+00
2.560776710510253906e+00
3.010592937469482422e+00
3.021854639053344727e+00
2.700885772705078125e+00
3.156029701232910156e+00
2.229612350463867188e+00
2.497257947921752930e+00
2.478454351425170898e+00
2.160084009170532227e+00
2.978055238723754883e+00
2.846133947372436523e+00
2.803160429000854492e+00
4.009203433990478516e+00
3.684647083282470703e+00
4.012598991394042969e+00
3.545178651809692383e+00
3.660195827484130859e+00
3.170239448547363281e+00
2.785756349563598633e+00
2.759086132049560547e+00
2.798676252365112305e+00
2.935191869735717773e+00
2.743359565734863281e+00
2.379935264587402344e+00
1.980051279067993164e+00
2.268188714981079102e+00
2.121175527572631836e+00
2.218258380889892578e+00
2.756976366043090820e+00
1.980916023254394531e+00
9.247502088546752930e-01
6.415966153144836426e-01
9.933925271034240723e-01
7.994403243064880371e-01
9.292284250259399414e-01
9.587271213531494141e-01
1.069678902626037598e+00
8.468699455261230469e-01
5.611121654510498047e-01
5.427541732788085938e-01
4.590287804603576660e-01
2.594169676303863525e-01
3.835016489028930664e-01
4.583802521228790283e-01
2.531894445419311523e-01
2.405222952365875244e-01
3.345164954662322998e-01
3.647944629192352295e-01
4.576684236526489258e-01
1.916114389896392822e-01
2.778547108173370361e-01
4.753814637660980225e-01
3.962819874286651611e-01
1.620998680591583252e-01
3.580516576766967773e-01
5.177172422409057617e-01
3.711077570915222168e-01
2.906021773815155029e-01
3.499188721179962158e-01
5.745511651039123535e-01
2.970530688762664795e-01
4.108445346355438232e-01
3.022570908069610596e-01
3.110992312431335449e-01
1.142892390489578247e-01
1.611388772726058960e-01
2.616971731185913086e-01
2.776510417461395264e-01
3.759008944034576416e-01
4.622803926467895508e-01
5.618289113044738770e-01
6.554624438285827637e-01
1.094489470124244690e-01
2.625427842140197754e-01
1.406007766723632812e+00
2.608644247055053711e+00
2.963326215744018555e+00
2.746517181396484375e+00
2.490069150924682617e+00
2.499968290328979492e+00
3.023486375808715820e+00
3.393281459808349609e+00
2.659314632415771484e+00
2.437749147415161133e+00
1.817075371742248535e+00
3.508709430694580078e+00
2.028286457061767578e+00
1.983636498451232910e+00
1.420389413833618164e+00
1.476074576377868652e+00
1.266983866691589355e+00
1.384058833122253418e+00
1.738824009895324707e+00
4.548910140991210938e+00
3.400658845901489258e+00
2.613352298736572266e+00
2.646396875381469727e+00
1.676595330238342285e+00
1.658478260040283203e+00
2.057298898696899414e+00
3.080564498901367188e+00
4.138020515441894531e+00
3.101413488388061523e+00
2.423380374908447266e+00
2.686811923980712891e+00
9.384394884109497070e-01
1.524279117584228516e+00
1.261958837509155273e+00
1.634695649147033691e+00
1.851397395133972168e+00
1.398240089416503906e+00
1.656740427017211914e+00
2.149222135543823242e+00
1.899423718452453613e+00
1.709338188171386719e+00
2.793108701705932617e+00
2.916692018508911133e+00
3.502560853958129883e+00
2.782583951950073242e+00
1.992082595825195312e+00
9.041936397552490234e-01
1.480660796165466309e+00
1.482481837272644043e+00
1.983119010925292969e+00
1.601549506187438965e+00
1.654595613479614258e+00
1.572415113449096680e+00
1.451347947120666504e+00
1.515507459640502930e+00
1.629071712493896484e+00
1.248804092407226562e+00
1.524511218070983887e+00
1.629622101783752441e+00
1.935894131660461426e+00
1.734765410423278809e+00
1.526744365692138672e+00
1.321902394294738770e+00
1.240186214447021484e+00
6.952082514762878418e-01
1.778803348541259766e+00
1.310575127601623535e+00
1.640989661216735840e+00
2.264671564102172852e+00
1.943677663803100586e+00
1.932344555854797363e+00
1.438995480537414551e+00
1.798678278923034668e+00
1.815766334533691406e+00
1.549312949180603027e+00
1.167088627815246582e+00
1.655849337577819824e+00
1.117060542106628418e+00
7.104352116584777832e-01
6.062124967575073242e-01
4.921537637710571289e-01
8.201158046722412109e-01
3.961126208305358887e-01
3.840610682964324951e-01
5.605524182319641113e-01
6.640419363975524902e-01
5.397158265113830566e-01
2.419391125440597534e-01
-7.813764363527297974e-02
2.317157983779907227e-01
6.766600608825683594e-01
1.286795735359191895e+00
5.010814070701599121e-01
3.406453430652618408e-01
7.629175782203674316e-01
4.621578752994537354e-01
3.836956918239593506e-01
5.287066698074340820e-01
1.405264139175415039e+00
1.651881217956542969e+00
1.158894777297973633e+00
1.255189776420593262e+00
1.475530505180358887e+00
-3.194172680377960205e-02
7.358545064926147461e-01
1.317234039306640625e+00
1.233215853571891785e-01
6.570034027099609375e-01
8.014765977859497070e-01
4.922568500041961670e-01
5.409240126609802246e-01
4.640686213970184326e-01
4.263009428977966309e-01
5.801159143447875977e-01
4.382683336734771729e-01
2.251207381486892700e-01
2.759228646755218506e-01
2.327584773302078247e-01
4.526831209659576416e-01
2.837472558021545410e-01
1.751806437969207764e-01
2.419632226228713989e-01
3.458364605903625488e-01
4.190595448017120361e-01
2.232162952423095703e-01
3.503308594226837158e-01
4.015523493289947510e-01
3.932962417602539062e-01
2.336048781871795654e-01
3.195156753063201904e-01
4.416800141334533691e-01
5.834062099456787109e-01
2.028025835752487183e-01
3.705083131790161133e-01
4.810056686401367188e-01
5.843403339385986328e-01
3.492440581321716309e-01
3.488394916057586670e-01
1.271183937788009644e-01
3.295040726661682129e-01
1.095730543136596680e+00
1.191042900085449219e+00
1.303241610527038574e+00
1.388208389282226562e+00
1.352097392082214355e+00
1.936847120523452759e-01
4.001977741718292236e-01
1.310022830963134766e+00
5.037363171577453613e-01
4.492179751396179199e-01
1.699549317359924316e+00
9.172801971435546875e-01
8.230771422386169434e-01
7.639057040214538574e-01
9.314444661140441895e-01
7.660666704177856445e-01
7.670660614967346191e-01
9.492345452308654785e-01
1.024871587753295898e+00
1.494906425476074219e+00
1.003729820251464844e+00
1.215186238288879395e+00
1.156087160110473633e+00
1.347111463546752930e+00
1.147042751312255859e+00
1.106168985366821289e+00
1.299390792846679688e+00
2.171952486038208008e+00
1.578174471855163574e+00
1.723905920982360840e+00
2.128562927246093750e+00
2.949702739715576172e+00
1.559657454490661621e+00
1.687046051025390625e+00
3.082782268524169922e+00
2.363000631332397461e+00
2.916766881942749023e+00
2.406758546829223633e+00
1.797742247581481934e+00
1.722256183624267578e+00
7.589311003684997559e-01
1.034101843833923340e+00
1.008362412452697754e+00
7.560892701148986816e-01
6.175894737243652344e-01
2.526084899902343750e+00
1.400822043418884277e+00
3.017426729202270508e+00
2.379520177841186523e+00
1.675947070121765137e+00
1.673747420310974121e+00
9.852518439292907715e-01
8.696077466011047363e-01
1.872623324394226074e+00
2.893029451370239258e+00
2.602030754089355469e+00
3.100929975509643555e+00
3.437650680541992188e+00
1.165074586868286133e+00
1.252783775329589844e+00
1.594895720481872559e+00
1.733231306076049805e+00
2.236769437789916992e+00
2.745773553848266602e+00
3.708614826202392578e+00
3.266732692718505859e+00
2.530565738677978516e+00
2.171311378479003906e+00
2.109976291656494141e+00
1.988137722015380859e+00
2.121997117996215820e+00
2.497794389724731445e+00
2.141825199127197266e+00
1.258561730384826660e+00
1.549607634544372559e+00
1.659316420555114746e+00
1.569630742073059082e+00
2.045175313949584961e+00
2.301787614822387695e+00
2.154733419418334961e+00
9.654619693756103516e-01
7.958244085311889648e-01
1.662941098213195801e+00
3.030454635620117188e+00
2.209448814392089844e+00
2.723925352096557617e+00
2.633667230606079102e+00
1.283169388771057129e+00
1.347368121147155762e+00
1.364619016647338867e+00
1.545981884002685547e+00
1.399652481079101562e+00
8.248617649078369141e-01
8.179901242256164551e-01
6.714689135551452637e-01
8.092023134231567383e-01
7.592575550079345703e-01
3.719733655452728271e-01
6.148361563682556152e-01
5.590676665306091309e-01
3.928300142288208008e-01
4.516834914684295654e-01
3.886596262454986572e-01
4.091075956821441650e-01
4.867129325866699219e-01
2.973584234714508057e-01
2.422754317522048950e-01
4.396327733993530273e-01
2.991523742675781250e-01
9.523962736129760742e-01
1.195028305053710938e+00
1.453649282455444336e+00
5.305389761924743652e-01
2.943312823772430420e-01
3.905829489231109619e-01
2.736220955848693848e-01
3.563133180141448975e-01
5.283264815807342529e-02
3.865959122776985168e-02
2.400593459606170654e-01
6.176062226295471191e-01
1.653221547603607178e-01
7.461013793945312500e-01
3.995966613292694092e-01
2.235454916954040527e-01
2.416178584098815918e-01
3.643961846828460693e-01
1.800179183483123779e-01
3.440882861614227295e-01
5.755609273910522461e-01
3.848348557949066162e-01
4.678588211536407471e-01
3.900602459907531738e-01
4.466740787029266357e-01
4.125598669052124023e-01
4.239327311515808105e-01
3.656641542911529541e-01
4.048357605934143066e-01
1.505507528781890869e-01
2.665095329284667969e-01
6.961615681648254395e-01
5.144500136375427246e-01
2.506428062915802002e-01
3.342618644237518311e-01
5.172644257545471191e-01
3.057636320590972900e-01
3.445227146148681641e-01
5.588511228561401367e-01
1.474431633949279785e+00
2.409901857376098633e+00
2.084932327270507812e+00
3.019193887710571289e+00
2.516483306884765625e+00
2.623052358627319336e+00
2.848136186599731445e+00
1.987009286880493164e+00
2.114582300186157227e+00
1.867755889892578125e+00
1.956849455833435059e+00
1.581727504730224609e+00
2.437330722808837891e+00
2.747602701187133789e+00
1.388009905815124512e+00
1.752910971641540527e+00
1.550355911254882812e+00
1.398937702178955078e+00
1.611066460609436035e+00
1.577392101287841797e+00
3.113965034484863281e+00
2.196923255920410156e+00
1.121252655982971191e+00
1.663281559944152832e+00
1.707968592643737793e+00
1.405983328819274902e+00
1.303244352340698242e+00
1.309814691543579102e+00
1.255546689033508301e+00
1.220955967903137207e+00
1.147923946380615234e+00
1.400306463241577148e+00
1.425726056098937988e+00
1.469161510467529297e+00
1.718168497085571289e+00
1.798251509666442871e+00
1.276293396949768066e+00
6.644073128700256348e-01
1.264621496200561523e+00
6.382814049720764160e-01
1.004447460174560547e+00
9.923191666603088379e-01
1.123144507408142090e+00
1.218706488609313965e+00
1.313737630844116211e+00
9.913992881774902344e-01
1.151997327804565430e+00
1.310306787490844727e+00
1.568227171897888184e+00
1.643742442131042480e+00
1.904058218002319336e+00
2.435123443603515625e+00
1.542774438858032227e+00
1.639979600906372070e+00
1.956265330314636230e+00
1.018841147422790527e+00
1.167648911476135254e+00
1.288983345031738281e+00
1.257244348526000977e+00
1.609867215156555176e+00
1.733143091201782227e+00
2.749858856201171875e+00
2.744314193725585938e+00
2.672060489654541016e+00
2.653732299804687500e+00
2.135360479354858398e+00
1.398925304412841797e+00
1.716013073921203613e+00
2.324635744094848633e+00
2.500306367874145508e+00
2.255907535552978516e+00
2.194972038269042969e+00
2.483730554580688477e+00
3.658151388168334961e+00
2.813438177108764648e+00
3.055789709091186523e+00
2.645648002624511719e+00
2.525792360305786133e+00
1.874330043792724609e+00
2.255475759506225586e+00
3.789145469665527344e+00
1.464812159538269043e+00
2.059026956558227539e+00
1.049104571342468262e+00
1.191202640533447266e+00
1.163731217384338379e+00
8.524535894393920898e-01
2.025777339935302734e+00
2.475563526153564453e+00
6.792491674423217773e-01
5.707604289054870605e-01
2.797196619212627411e-02
2.080649882555007935e-01
4.223835170269012451e-01
2.832892537117004395e-01
4.679273664951324463e-01
3.191204071044921875e-01
4.419108033180236816e-01
1.534408330917358398e-01
9.357247948646545410e-01
8.981218338012695312e-01
7.245495915412902832e-01
7.250221371650695801e-01
8.336861133575439453e-01
5.303142666816711426e-01
7.116059064865112305e-01
9.509330987930297852e-01
7.700775861740112305e-01
8.324427604675292969e-01
1.031672000885009766e+00
1.439840793609619141e+00
1.419233560562133789e+00
7.266360521316528320e-01
2.527722716331481934e-01
3.907907307147979736e-01
2.875448763370513916e-01
4.248564243316650391e-01
2.777245044708251953e-01
1.038099303841590881e-01
4.144903123378753662e-01
2.722507715225219727e-01
1.442497819662094116e-01
4.099476933479309082e-01
4.245902895927429199e-01
3.744202256202697754e-01
1.487792581319808960e-01
9.680370986461639404e-02
3.044745326042175293e-01
2.927908599376678467e-01
4.115147292613983154e-01
5.065795779228210449e-01
2.500885725021362305e-01
3.220075070858001709e-01
5.273725986480712891e-01
8.056768178939819336e-01
3.886757791042327881e-01
5.398489832878112793e-01
4.919227063655853271e-01
7.606620192527770996e-01
5.658685564994812012e-01
5.294335484504699707e-01
4.205265045166015625e-01
4.827744364738464355e-01
2.422559708356857300e-01
1.333640456199645996e+00
2.140465736389160156e+00
2.384952068328857422e+00
2.004355907440185547e+00
2.665698528289794922e+00
2.106253147125244141e+00
1.998148560523986816e+00
1.728475689888000488e+00
1.652872681617736816e+00
1.404457449913024902e+00
1.607532739639282227e+00
1.619007349014282227e+00
1.912391304969787598e+00
7.977400422096252441e-01
7.684957385063171387e-01
1.123755693435668945e+00
1.016581535339355469e+00
8.970755934715270996e-01
7.793623208999633789e-01
3.620732128620147705e-01
4.008309245109558105e-01
2.998814880847930908e-01
2.433010935783386230e-01
5.558999180793762207e-01
9.024007916450500488e-01
7.866010069847106934e-01
5.757009983062744141e-01
1.590549111366271973e+00
1.401696801185607910e+00
1.665059566497802734e+00
9.396411180496215820e-01
1.028022050857543945e+00
1.330840826034545898e+00
1.717799663543701172e+00
1.114571213722229004e+00
5.410155653953552246e-01
1.697692632675170898e+00
2.043338298797607422e+00
1.854209423065185547e+00
1.916048645973205566e+00
2.573401689529418945e+00
2.476898193359375000e+00
2.068885326385498047e+00
2.173111677169799805e+00
1.928926229476928711e+00
1.626421689987182617e+00
1.454273939132690430e+00
2.267945289611816406e+00
2.366050958633422852e+00
2.455070495605468750e+00
2.973233938217163086e+00
2.512974739074707031e+00
1.194367408752441406e+00
1.111985683441162109e+00
1.328003048896789551e+00
2.504568099975585938e+00
2.272423267364501953e+00
3.195455551147460938e+00
3.369726419448852539e+00
3.800132036209106445e+00
2.298830032348632812e+00
2.763406991958618164e+00
3.569375753402709961e+00
2.675138711929321289e+00
2.696661949157714844e+00
2.124021053314208984e+00
2.307296752929687500e+00
1.542231082916259766e+00
1.658394336700439453e+00
1.852932333946228027e+00
1.925214767456054688e+00
2.088216304779052734e+00
1.708950877189636230e+00
2.449943304061889648e+00
2.515384435653686523e+00
2.926906108856201172e+00
2.483810663223266602e+00
1.882886886596679688e+00
2.056120157241821289e+00
1.733795404434204102e+00
1.743617177009582520e+00
1.714542508125305176e+00
1.808588266372680664e+00
1.628070950508117676e+00
1.790164709091186523e+00
1.686734199523925781e+00
2.122631311416625977e+00
1.457521438598632812e+00
1.765734910964965820e+00
1.647974848747253418e+00
1.592329978942871094e+00
1.840990424156188965e+00
1.824329972267150879e+00
1.955295324325561523e+00
1.631230235099792480e+00
1.875577807426452637e+00
1.948778629302978516e+00
1.615507125854492188e+00
1.690901875495910645e+00
1.872129321098327637e+00
1.714888095855712891e+00
1.703054547309875488e+00
2.072097063064575195e+00
2.034595251083374023e+00
1.848032832145690918e+00
2.746032714843750000e+00
1.966888785362243652e+00
2.053661823272705078e+00
1.724085450172424316e+00
2.085566282272338867e+00
2.029601812362670898e+00
1.536178469657897949e+00
1.605422735214233398e+00
1.912185192108154297e+00
1.653808116912841797e+00
1.702960729598999023e+00
1.776721119880676270e+00
1.814956903457641602e+00
9.001871943473815918e-01
5.499505996704101562e-01
1.043815016746520996e+00
6.065951585769653320e-01
7.707537412643432617e-01
1.531687736511230469e+00
1.580757737159729004e+00
8.259995579719543457e-01
4.336736202239990234e-01
7.422382235527038574e-01
5.738601684570312500e-01
6.512528061866760254e-01
6.785938143730163574e-01
5.244871973991394043e-01
4.186338782310485840e-01
3.805663287639617920e-01
4.836833178997039795e-01
3.688053190708160400e-01
3.534254133701324463e-01
4.898609519004821777e-01
4.963850378990173340e-01
2.409238517284393311e-01
2.854754626750946045e-01
5.522927641868591309e-01
2.320595234632492065e-01
4.357554018497467041e-01
5.020284056663513184e-01
3.802785277366638184e-01
3.834481835365295410e-01
3.192969262599945068e-01
1.904081553220748901e-01
3.811334371566772461e-01
3.692378699779510498e-01
3.113374114036560059e-01
2.395278662443161011e-01
2.843982577323913574e-01
4.693704843521118164e-01
1.321040630340576172e+00
7.891561388969421387e-01
4.214096665382385254e-01
4.568480551242828369e-01
1.143946051597595215e+00
9.141384959220886230e-01
1.274317979812622070e+00
1.363121032714843750e+00
1.640771746635437012e+00
1.072259783744812012e+00
1.099230289459228516e+00
1.212856650352478027e+00
1.085056304931640625e+00
4.412222802639007568e-01
2.781293392181396484e-01
6.117344498634338379e-01
8.156400322914123535e-01
5.065795779228210449e-01
6.893779039382934570e-01
2.986702442169189453e+00
2.461168527603149414e+00
1.450016379356384277e+00
1.642461299896240234e+00
1.719389081001281738e+00
1.212608695030212402e+00
6.389017105102539062e-01
1.435048460960388184e+00
8.998579978942871094e-01
1.062154889106750488e+00
1.179332017898559570e+00
1.986026644706726074e+00
1.630993962287902832e+00
1.721950054168701172e+00
1.988210082054138184e+00
1.654605031013488770e+00
1.579878807067871094e+00
1.402536869049072266e+00
9.725980758666992188e-01
1.959074020385742188e+00
3.283046245574951172e+00
3.735250711441040039e+00
2.917079687118530273e+00
3.103498935699462891e+00
3.223290205001831055e+00
3.668907165527343750e+00
3.701424360275268555e+00
2.246468067169189453e+00
2.506253957748413086e+00
2.587367296218872070e+00
2.300715923309326172e+00
2.294992208480834961e+00
2.526819467544555664e+00
1.941001176834106445e+00
2.236999273300170898e+00
2.219611883163452148e+00
2.798258543014526367e+00
2.458084106445312500e+00
2.447638988494873047e+00
2.371008396148681641e+00
2.876633882522583008e+00
2.405649900436401367e+00
1.938746929168701172e+00
1.812804102897644043e+00
1.871196269989013672e+00
2.214612245559692383e+00
1.370291948318481445e+00
1.170793414115905762e+00
1.227031707763671875e+00
2.094062089920043945e+00
1.707858920097351074e+00
2.558774232864379883e+00
2.771549940109252930e+00
1.754064440727233887e+00
2.507610082626342773e+00
2.771882534027099609e+00
2.977484941482543945e+00
2.503085136413574219e+00
1.717557549476623535e+00
3.488894224166870117e+00
2.764138221740722656e+00
1.358134031295776367e+00
1.309319734573364258e+00
1.475839972496032715e+00
8.883324265480041504e-01
6.508970260620117188e-01
1.232892394065856934e+00
5.921010971069335938e-01
6.351920366287231445e-01
4.283128082752227783e-01
5.668572187423706055e-01
3.309060931205749512e-01
3.144826889038085938e-01
3.140559196472167969e-01
4.143741130828857422e-01
3.999308049678802490e-01
2.989725768566131592e-01
4.375874698162078857e-01
4.321633279323577881e-01
5.814630910754203796e-02
1.572768390178680420e-01
2.357713580131530762e-01
3.077777028083801270e-01
1.309900283813476562e-01
9.546145051717758179e-02
3.617703318595886230e-01
2.604505717754364014e-01
2.333231121301651001e-01
1.937513202428817749e-01
3.387282788753509521e-01
6.181957721710205078e-01
1.248921677470207214e-01
4.979712367057800293e-01
5.846886634826660156e-01
3.645233809947967529e-01
4.937062561511993408e-01
1.359106302261352539e+00
1.378055572509765625e+00
1.119311213493347168e+00
3.916555047035217285e-01
4.924158155918121338e-01
5.442578792572021484e-01
4.030162990093231201e-01
1.757425367832183838e-01
2.058683633804321289e-01
4.984254240989685059e-01
2.705469727516174316e-01
1.777785420417785645e-01
4.927332103252410889e-01
5.195205211639404297e-01
5.578487515449523926e-01
5.130586624145507812e-01
3.312084078788757324e-01
3.897653222084045410e-01
2.482263565063476562e+00
1.867460966110229492e+00
2.060865402221679688e+00
1.766307592391967773e+00
2.160541534423828125e+00
2.453159332275390625e+00
4.610547542572021484e+00
3.440729856491088867e+00
1.621739506721496582e+00
2.278118610382080078e+00
1.801884055137634277e+00
1.201576709747314453e+00
1.779098868370056152e+00
2.040495395660400391e+00
1.459291577339172363e+00
1.161787629127502441e+00
1.183500528335571289e+00
1.233921647071838379e+00
1.459030389785766602e+00
1.236612200736999512e+00
1.331873297691345215e+00
1.372779965400695801e+00
1.362104177474975586e+00
1.079300045967102051e+00
1.289457201957702637e+00
1.360768198966979980e+00
1.232055902481079102e+00
1.323950767517089844e+00
1.157746553421020508e+00
1.188101291656494141e+00
1.579365611076354980e+00
2.448422431945800781e+00
3.661247014999389648e+00
3.157209157943725586e+00
3.015204906463623047e+00
2.172611713409423828e+00
1.504608988761901855e+00
1.155803442001342773e+00
2.608769893646240234e+00
3.401609420776367188e+00
3.347181320190429688e+00
3.020923137664794922e+00
2.408589363098144531e+00
1.178069591522216797e+00
6.405857801437377930e-01
6.053915619850158691e-01
2.516441047191619873e-01
9.364697933197021484e-01
8.046116828918457031e-01
4.817037880420684814e-01
6.034677028656005859e-01
4.065891802310943604e-01
4.506298601627349854e-01
6.407244205474853516e-01
4.904442429542541504e-01
5.453022122383117676e-01
5.588979721069335938e-01
8.526799678802490234e-01
7.505000829696655273e-01
7.554442882537841797e-01
8.019279837608337402e-01
6.551332473754882812e-01
1.348614096641540527e+00
9.673307538032531738e-01
8.194365501403808594e-01
7.045382857322692871e-01
1.005022287368774414e+00
1.045857906341552734e+00
1.418656229972839355e+00
1.593274235725402832e+00
1.161293148994445801e+00
1.486047387123107910e+00
1.848926663398742676e+00
1.463229775428771973e+00
1.617452383041381836e+00
1.858823776245117188e+00
1.804283857345581055e+00
2.677365541458129883e+00
1.440616488456726074e+00
2.287492513656616211e+00
2.750799655914306641e+00
3.177772521972656250e+00
2.570450067520141602e+00
3.710433721542358398e+00
3.051079273223876953e+00
1.310950040817260742e+00
1.118248462677001953e+00
1.176183819770812988e+00
9.404264092445373535e-01
1.910402417182922363e+00
1.718759536743164062e+00
2.905193567276000977e+00
1.957666516304016113e+00
8.636499047279357910e-01
1.228456974029541016e+00
1.130385041236877441e+00
9.882115125656127930e-01
7.715549468994140625e-01
1.093124985694885254e+00
1.004039287567138672e+00
6.174206137657165527e-01
5.561926364898681641e-01
2.885330021381378174e-01
4.430066645145416260e-01
4.778694510459899902e-01
6.138938069343566895e-01
4.940253198146820068e-01
4.557730257511138916e-01
2.929372191429138184e-01
5.052378177642822266e-01
4.977845847606658936e-01
1.927530616521835327e-01
3.432668149471282959e-01
2.702076435089111328e-01
3.804914951324462891e-01
3.667967319488525391e-01
5.435597300529479980e-01
1.067822456359863281e+00
1.400977730751037598e+00
1.118861079216003418e+00
1.200314283370971680e+00
6.903558969497680664e-01
1.981456577777862549e-01
1.364651322364807129e-01
1.492613852024078369e-01
2.437089532613754272e-01
4.263815283775329590e-01
5.008514523506164551e-01
4.033518135547637939e-01
4.666618406772613525e-01
5.176865458488464355e-01
3.996353149414062500e-01
2.545991539955139160e-01
3.628338277339935303e-01
3.639565408229827881e-01
2.787213921546936035e-01
2.294202297925949097e-01
2.399713546037673950e-01
4.350572526454925537e-01
4.022496640682220459e-01
6.772540211677551270e-01
4.163021147251129150e-01
4.787890315055847168e-01
1.598282217979431152e+00
2.273596286773681641e+00
2.842972040176391602e+00
2.777547359466552734e+00
2.487623929977416992e+00
2.660152435302734375e+00
2.040536403656005859e+00
2.246512889862060547e+00
2.427936315536499023e+00
2.634470701217651367e+00
1.702785611152648926e+00
1.348037719726562500e+00
1.304239869117736816e+00
1.509254097938537598e+00
1.328222274780273438e+00
1.685913801193237305e+00
1.566551327705383301e+00
1.488572597503662109e+00
1.885229349136352539e+00
1.353650093078613281e+00
1.340763688087463379e+00
1.570419311523437500e+00
1.383074283599853516e+00
1.690083622932434082e+00
1.603228569030761719e+00
1.243794679641723633e+00
1.534184932708740234e+00
1.320088148117065430e+00
1.628506183624267578e+00
1.200644850730895996e+00
3.188986778259277344e-01
5.856186747550964355e-01
3.533034324645996094e-01
3.156434893608093262e-01
3.525387048721313477e-01
3.662364780902862549e-01
3.841572701930999756e-01
4.955706894397735596e-01
5.163207054138183594e-01
5.032495260238647461e-01
4.837683141231536865e-01
3.872493803501129150e-01
6.147193908691406250e-01
2.444692999124526978e-01
2.706684172153472900e-01
2.306372225284576416e-01
2.763822376728057861e-01
2.326036095619201660e-01
3.115969896316528320e-01
3.913575708866119385e-01
4.173108041286468506e-01
2.708021700382232666e-01
2.388020604848861694e-01
3.422570228576660156e-01
3.707851469516754150e-01
3.654561340808868408e-01
2.766497731208801270e-01
4.346027970314025879e-01
3.623813092708587646e-01
4.471493661403656006e-01
2.657351791858673096e-01
1.519581079483032227e+00
8.132046461105346680e-01
7.857526540756225586e-01
1.113270044326782227e+00
1.139629244804382324e+00
7.993208169937133789e-01
2.364451408386230469e+00
2.243626832962036133e+00
2.142700910568237305e+00
2.368878126144409180e+00
2.081715106964111328e+00
1.910226464271545410e+00
2.800776481628417969e+00
1.793828129768371582e+00
1.556670069694519043e+00
2.093353748321533203e+00
1.856989026069641113e+00
1.955759882926940918e+00
2.653639078140258789e+00
2.084573507308959961e+00
1.533874988555908203e+00
1.768555164337158203e+00
1.713144063949584961e+00
2.698693513870239258e+00
2.770016670227050781e+00
3.059707880020141602e+00
2.416923522949218750e+00
2.527176618576049805e+00
2.096841096878051758e+00
2.625366449356079102e+00
2.291355609893798828e+00
1.548631906509399414e+00
1.173585891723632812e+00
1.004295349121093750e+00
9.903322458267211914e-01
5.454943180084228516e-01
8.342995047569274902e-01
5.442162156105041504e-01
8.122872710227966309e-01
7.030170559883117676e-01
5.285342335700988770e-01
3.137100040912628174e-01
6.203907728195190430e-01
3.797900676727294922e-01
3.344893753528594971e-01
3.414437770843505859e-01
3.809363543987274170e-01
4.615334868431091309e-01
3.128961920738220215e-01
3.789365291595458984e-01
3.796519339084625244e-01
2.728156745433807373e-01
3.343054354190826416e-01
2.464510351419448853e-01
3.123469054698944092e-01
3.941629528999328613e-01
2.402662932872772217e-01
3.810106217861175537e-01
3.462435007095336914e-01
3.920992612838745117e-01
4.637026786804199219e-01
4.544510543346405029e-01
3.624692857265472412e-01
2.894926369190216064e-01
3.369767963886260986e-01
4.577040672302246094e-01
3.943657875061035156e-01
2.456838339567184448e-01
2.495691776275634766e-01
3.278079628944396973e-01
4.916516244411468506e-01
4.335069656372070312e-01
1.324975967407226562e+00
1.679071545600891113e+00
1.442546367645263672e+00
1.180754899978637695e+00
4.516758322715759277e-01
2.077218145132064819e-01
5.289210081100463867e-01
5.022073984146118164e-01
5.033435225486755371e-01
4.762890040874481201e-01
4.814729988574981689e-01
5.243786573410034180e-01
2.612844944000244141e+00
2.237027406692504883e+00
2.454675674438476562e+00
2.248572587966918945e+00
2.669468641281127930e+00
2.624166965484619141e+00
3.071545600891113281e+00
2.369219541549682617e+00
1.809129834175109863e+00
1.456061005592346191e+00
1.247656464576721191e+00
1.620922446250915527e+00
1.766535043716430664e+00
1.632947683334350586e+00
1.179909586906433105e+00
1.019344449043273926e+00
1.288951754570007324e+00
1.098670482635498047e+00
1.311336755752563477e+00
1.116139292716979980e+00
1.363541722297668457e+00
1.480118632316589355e+00
1.537944793701171875e+00
1.344459652900695801e+00
1.331771612167358398e+00
1.407517194747924805e+00
1.390061616897583008e+00
1.212692737579345703e+00
1.128073334693908691e+00
1.395938515663146973e+00
1.448869585990905762e+00
1.472500562667846680e+00
1.424445271492004395e+00
1.594118714332580566e+00
1.271621108055114746e+00
1.277069926261901855e+00
1.829939126968383789e+00
1.252671122550964355e+00
1.255049109458923340e+00
8.592824339866638184e-01
4.219307005405426025e-01
3.800691068172454834e-01
2.437193691730499268e-01
3.913276791572570801e-01
3.359684050083160400e-01
4.466099441051483154e-01
3.246188163757324219e-01
2.520190477371215820e-01
2.507064044475555420e-01
5.366220474243164062e-01
1.140883266925811768e-01
1.814130842685699463e-01
3.467374444007873535e-01
4.583802521228790283e-01
9.600551128387451172e-01
7.481406927108764648e-01
9.157570600509643555e-01
1.048083543777465820e+00
8.214489817619323730e-01
7.481957674026489258e-01
7.464533448219299316e-01
8.887243866920471191e-01
1.084907531738281250e+00
1.109869122505187988e+00
1.126740932464599609e+00
1.139538288116455078e+00
1.563553810119628906e+00
1.572145342826843262e+00
1.597977995872497559e+00
1.739178657531738281e+00
2.134633302688598633e+00
1.956429600715637207e+00
2.105987071990966797e+00
1.725652575492858887e+00
1.312718272209167480e+00
1.895912289619445801e+00
2.816900014877319336e+00
2.495304107666015625e+00
2.950498104095458984e+00
4.086216449737548828e+00
3.129966735839843750e+00
2.565591573715209961e+00
2.669631719589233398e+00
1.703662991523742676e+00
1.056405186653137207e+00
1.194517970085144043e+00
2.527371883392333984e+00
2.627338647842407227e+00
1.418619871139526367e+00
1.679916858673095703e+00
1.621681928634643555e+00
9.088015556335449219e-01
1.084672093391418457e+00
1.462925314903259277e+00
9.821967482566833496e-01
8.083896040916442871e-01
8.162142634391784668e-01
9.910651445388793945e-01
6.144647598266601562e-01
4.968372881412506104e-01
6.566278934478759766e-01
6.035641431808471680e-01
4.868170917034149170e-01
4.047288894653320312e-01
4.007528126239776611e-01
4.880450367927551270e-01
3.775202631950378418e-01
4.329488873481750488e-01
4.527302682399749756e-01
2.333280444145202637e-01
4.988861680030822754e-01
7.875345945358276367e-01
5.482676625251770020e-01
5.831915736198425293e-01
5.786053538322448730e-01
5.426552295684814453e-01
5.311976671218872070e-01
4.864062070846557617e-01
5.347844958305358887e-01
4.833500385284423828e-01
5.761450529098510742e-01
1.423476576805114746e+00
1.174567937850952148e+00
1.292310833930969238e+00
1.369757771492004395e+00
3.129652738571166992e-01
4.361089766025543213e-01
6.635842323303222656e-01
4.993126690387725830e-01
6.206709146499633789e-01
4.221305251121520996e-01
4.255211353302001953e-01
3.113771677017211914e-01
6.385535597801208496e-01
2.281201928853988647e-01
3.145528435707092285e-01
3.780040442943572998e-01
7.073976397514343262e-01
4.411016702651977539e-01
3.266685307025909424e-01
3.162788450717926025e-01
5.373083949089050293e-01
2.846879661083221436e-01
4.468832314014434814e-01
2.651380538940429688e+00
3.077238798141479492e+00
2.706094264984130859e+00
2.629051923751831055e+00
3.012234687805175781e+00
2.525412082672119141e+00
2.718234539031982422e+00
2.509378433227539062e+00
1.978185772895812988e+00
1.377605199813842773e+00
1.664576053619384766e+00
1.653310656547546387e+00
1.578288674354553223e+00
1.344408869743347168e+00
1.074702024459838867e+00
1.204739570617675781e+00
1.144013404846191406e+00
1.190706849098205566e+00
1.251026153564453125e+00
1.188191175460815430e+00
1.147297739982604980e+00
1.017347574234008789e+00
9.263122677803039551e-01
1.264153003692626953e+00
1.435762405395507812e+00
1.248050332069396973e+00
1.161460280418395996e+00
1.343189120292663574e+00
1.181831598281860352e+00
1.217064380645751953e+00
1.183038115501403809e+00
1.212575793266296387e+00
1.431090712547302246e+00
1.207578897476196289e+00
1.280010461807250977e+00
1.320227146148681641e+00
2.344209909439086914e+00
1.339952111244201660e+00
1.183500528335571289e+00
9.434551596641540527e-01
9.837834835052490234e-01
1.432464480400085449e+00
4.441183805465698242e-01
4.055073261260986328e-01
3.269966244697570801e-01
1.104640364646911621e+00
3.432627022266387939e-01
3.150095045566558838e-01
3.052039146423339844e-01
4.497313797473907471e-01
4.084958136081695557e-01
2.640418112277984619e-01
3.576591312885284424e-01
3.138920068740844727e-01
2.781293392181396484e-01
3.507354259490966797e-01
5.194298028945922852e-01
3.192245662212371826e-01
3.999022841453552246e-01
6.512177586555480957e-01
7.721960544586181641e-01
6.372179388999938965e-01
6.922907829284667969e-01
6.207002401351928711e-01
4.468903541564941406e-01
7.548683881759643555e-01
8.378101587295532227e-01
8.670018911361694336e-01
1.013636827468872070e+00
3.178411483764648438e+00
3.122878789901733398e+00
3.211400032043457031e+00
3.201527833938598633e+00
3.148240566253662109e+00
2.390962362289428711e+00
2.208362579345703125e+00
2.893949985504150391e+00
3.085200786590576172e+00
2.673900604248046875e+00
3.203661918640136719e+00
3.017301797866821289e+00
1.438506960868835449e+00
1.926641106605529785e+00
2.196050882339477539e+00
1.803697824478149414e+00
2.860053539276123047e+00
1.438936471939086914e+00
3.144124507904052734e+00
2.297440528869628906e+00
1.058960914611816406e+00
1.528223872184753418e+00
1.572160124778747559e+00
1.078438043594360352e+00
8.543031811714172363e-01
1.215063214302062988e+00
9.811373353004455566e-01
7.368072867393493652e-01
1.111523270606994629e+00
8.306545615196228027e-01
2.929873764514923096e-01
3.517221808433532715e-01
2.564654648303985596e-01
5.109116435050964355e-01
3.606539368629455566e-01
2.691926658153533936e-01
5.339586734771728516e-01
5.726486444473266602e-01
3.330827057361602783e-01
2.118990719318389893e-01
3.585611879825592041e-01
2.033897042274475098e-01
3.121421635150909424e-01
4.845738708972930908e-01
3.890680074691772461e-01
4.264752566814422607e-01
4.314054548740386963e-01
1.693996340036392212e-01
1.344718933105468750e+00
1.377365946769714355e+00
1.067400574684143066e+00
5.897367596626281738e-01
4.017532765865325928e-01
3.215703070163726807e-01
2.108103483915328979e-01
2.100831717252731323e-01
3.054678738117218018e-01
3.021748661994934082e-01
2.678334116935729980e-01
2.691570222377777100e-01
4.820486009120941162e-01
1.618857979774475098e-01
5.900067463517189026e-02
1.650014705955982208e-02
3.820423483848571777e-01
1.111003831028938293e-01
2.531979680061340332e-01
2.946933507919311523e-01
3.220730125904083252e-01
6.138401031494140625e-01
5.269694328308105469e-01
7.191605567932128906e-01
3.430933058261871338e-01
4.676782190799713135e-01
1.997288227081298828e+00
1.868331670761108398e+00
2.409288167953491211e+00
2.665709495544433594e+00
2.821992158889770508e+00
1.910522222518920898e+00
1.740586519241333008e+00
2.115861654281616211e+00
1.467796325683593750e+00
2.033143281936645508e+00
1.716451644897460938e+00
1.736853003501892090e+00
1.828105926513671875e+00
1.219185352325439453e+00
1.296169877052307129e+00
1.250882625579833984e+00
1.220776796340942383e+00
1.078467845916748047e+00
1.114195704460144043e+00
1.345403552055358887e+00
1.063083052635192871e+00
1.209849834442138672e+00
1.366716623306274414e+00
1.201650500297546387e+00
1.499068617820739746e+00
1.227314591407775879e+00
1.202863097190856934e+00
1.501071453094482422e+00
1.251600980758666992e+00
1.360325455665588379e+00
1.377533674240112305e+00
1.211994409561157227e+00
1.144284248352050781e+00
1.218497633934020996e+00
1.320906639099121094e+00
1.639311075210571289e+00
1.215120196342468262e+00
1.260397911071777344e+00
2.212455034255981445e+00
1.483081340789794922e+00
1.475652217864990234e+00
1.322972536087036133e+00
1.635717153549194336e+00
1.501032829284667969e+00
1.250156521797180176e+00
2.065099000930786133e+00
1.683734774589538574e+00
1.427499175071716309e+00
1.488103389739990234e+00
1.484708428382873535e+00
1.099335193634033203e+00
1.694784998893737793e+00
1.725450277328491211e+00
1.527646660804748535e+00
1.613352179527282715e+00
1.982545852661132812e+00
2.296847820281982422e+00
1.820939421653747559e+00
1.543245077133178711e+00
1.617510199546813965e+00
1.103272318840026855e+00
1.629534363746643066e+00
9.837821125984191895e-01
1.320841193199157715e+00
9.173635244369506836e-01
7.913434505462646484e-01
8.264841437339782715e-01
8.426257967948913574e-01
8.636940717697143555e-01
1.049440383911132812e+00
1.427643418312072754e+00
1.250810503959655762e+00
1.293303847312927246e+00
1.720999479293823242e+00
1.739323377609252930e+00
1.389285087585449219e+00
1.211938261985778809e+00
1.664834856986999512e+00
1.822387695312500000e+00
1.701066255569458008e+00
1.718573927879333496e+00
2.081758737564086914e+00
3.590975522994995117e+00
1.830651760101318359e+00
1.574017763137817383e+00
6.936327219009399414e-01
1.709217309951782227e+00
1.157858133316040039e+00
2.239640951156616211e+00
2.062447786331176758e+00
1.927758932113647461e+00
2.265651226043701172e+00
1.964224100112915039e+00
1.224102139472961426e+00
6.134470701217651367e-01
4.849628210067749023e-01
4.109136164188385010e-01
4.696412980556488037e-01
3.259169459342956543e-01
1.548702567815780640e-01
2.693047821521759033e-01
2.627990543842315674e-01
2.938264012336730957e-01
4.555721282958984375e-01
5.438094735145568848e-01
4.123986959457397461e-01
2.679877281188964844e-01
3.370565772056579590e-01
5.603027343750000000e-01
3.896535038948059082e-01
3.477820158004760742e-01
4.599620699882507324e-01
2.771195769309997559e-01
2.207781970500946045e-01
2.436903119087219238e-01
2.473163604736328125e-01
1.870838850736618042e-01
2.424031496047973633e-01
2.858550846576690674e-01
2.736467421054840088e-01
1.000370502471923828e+00
2.745666205883026123e-01
2.694338560104370117e-01
3.115322887897491455e-01
2.046401351690292358e-01
2.491599470376968384e-01
3.774111866950988770e-01
1.521010398864746094e-01
2.555321753025054932e-01
3.125135600566864014e-01
2.512227892875671387e-01
2.694017887115478516e-01
5.237789154052734375e-01
2.646708786487579346e-01
3.637917935848236084e-01
3.749700784683227539e-01
4.433942139148712158e-01
1.447708725929260254e+00
1.319193601608276367e+00
1.275973200798034668e+00
1.228211998939514160e+00
4.584589302539825439e-01
5.182818770408630371e-01
7.030594944953918457e-01
4.169701039791107178e-01
1.598714709281921387e+00
2.239773035049438477e+00
2.627680301666259766e+00
2.733179569244384766e+00
2.308500051498413086e+00
2.537645578384399414e+00
2.407949447631835938e+00
2.590434789657592773e+00
2.360190391540527344e+00
2.149404287338256836e+00
2.074487447738647461e+00
1.279564738273620605e+00
1.473336100578308105e+00
1.357249617576599121e+00
3.049132585525512695e+00
1.373346805572509766e+00
1.203234195709228516e+00
1.233976244926452637e+00
1.419260621070861816e+00
1.506614565849304199e+00
8.267503380775451660e-01
2.227367877960205078e+00
2.180326938629150391e+00
6.073639988899230957e-01
1.057610988616943359e+00
1.809937596321105957e+00
1.675876855850219727e+00
2.287337064743041992e+00
3.519863128662109375e+00
3.338836431503295898e+00
2.074879646301269531e+00
1.681680679321289062e+00
2.716104745864868164e+00
1.804037451744079590e+00
6.840999126434326172e-01
1.031947135925292969e+00
7.546088695526123047e-01
7.924003601074218750e-01
3.068314313888549805e+00
8.286887407302856445e-01
1.025975346565246582e+00
1.535301089286804199e+00
1.461731076240539551e+00
1.473775744438171387e+00
7.585555911064147949e-01
1.283688306808471680e+00
2.704474210739135742e+00
5.693797469139099121e-01
4.529569447040557861e-01
3.422874510288238525e-01
4.234796464443206787e-01
1.553687930107116699e+00
1.165177106857299805e+00
1.191871523857116699e+00
1.387427449226379395e+00
1.737503647804260254e+00
1.662157773971557617e+00
1.517424464225769043e+00
1.502677679061889648e+00
1.434103012084960938e+00
1.409306764602661133e+00
1.426862001419067383e+00
1.402733683586120605e+00
1.741236329078674316e+00
2.107824325561523438e+00
2.275407791137695312e+00
1.989884614944458008e+00
2.550667524337768555e+00
3.195630788803100586e+00
4.887973308563232422e+00
4.891379356384277344e+00
4.721923828125000000e+00
4.714246273040771484e+00
3.804812908172607422e+00
3.756514072418212891e+00
3.405359029769897461e+00
2.974370241165161133e+00
2.482024669647216797e+00
3.197710275650024414e+00
3.409970760345458984e+00
2.827760696411132812e+00
3.208511114120483398e+00
2.756520271301269531e+00
1.617579579353332520e+00
1.935469031333923340e+00
1.811424374580383301e+00
2.034554958343505859e+00
2.100088834762573242e+00
2.573579311370849609e+00
1.872979283332824707e+00
1.902364015579223633e+00
1.655871033668518066e+00
2.134410142898559570e+00
1.532233119010925293e+00
1.819066762924194336e+00
1.063568472862243652e+00
1.219205379486083984e+00
8.468433618545532227e-01
9.456194639205932617e-01
1.103156089782714844e+00
1.019875884056091309e+00
8.986231684684753418e-01
8.210293650627136230e-01
5.656013488769531250e-01
8.385748863220214844e-01
4.415594041347503662e-01
4.240958094596862793e-01
5.804900527000427246e-01
5.898899435997009277e-01
3.999368250370025635e-01
4.021326303482055664e-01
3.277709484100341797e-01
1.720767617225646973e-01
2.592796385288238525e-01
2.443898171186447144e-01
1.397188901901245117e+00
1.285113811492919922e+00
1.214075565338134766e+00
1.327169537544250488e+00
2.557684481143951416e-01
9.815555810928344727e-02
2.129954695701599121e-01
2.860329747200012207e-01
2.641196548938751221e-01
4.520195424556732178e-01
5.916516184806823730e-01
3.483417332172393799e-01
1.450750976800918579e-01
5.144932866096496582e-01
5.800336599349975586e-01
5.811786055564880371e-01
1.775203347206115723e-01
-1.070308536291122437e-01
3.699510693550109863e-01
3.024144172668457031e-01
1.575725823640823364e-01
2.869572341442108154e-01
4.202844798564910889e-01
2.880505919456481934e-01
3.133794367313385010e-01
1.413525640964508057e-01
3.172828555107116699e-01
2.737270593643188477e-01
6.231671199202537537e-02
6.844608485698699951e-02
1.092176556587219238e+00
1.424040913581848145e+00
1.422338008880615234e+00
2.237875699996948242e+00
2.515887498855590820e+00
2.619355916976928711e+00
1.882643461227416992e+00
2.363023996353149414e+00
1.653102874755859375e+00
1.419585466384887695e+00
1.530658721923828125e+00
1.600136518478393555e+00
1.313392758369445801e+00
1.288971185684204102e+00
1.302693128585815430e+00
9.783325195312500000e-01
1.386313557624816895e+00
1.190798997879028320e+00
3.696816265583038330e-01
4.977807402610778809e-01
1.972471624612808228e-01
4.930300712585449219e-01
1.660515367984771729e-01
2.368896752595901489e-01
4.489244222640991211e-01
1.669914126396179199e-01
1.371986120939254761e-01
2.803791463375091553e-01
2.501743733882904053e-01
1.341596990823745728e-01
4.782836139202117920e-01
6.714187264442443848e-01
3.974153995513916016e-01
3.247342109680175781e-01
5.351276993751525879e-01
6.519147753715515137e-01
4.827574193477630615e-01
2.767415940761566162e-01
3.164734542369842529e-01
1.755276471376419067e-01
3.010189831256866455e-01
3.039208650588989258e-01
2.965544760227203369e-01
3.910100162029266357e-01
3.855255842208862305e-01
4.165202975273132324e-01
4.096812903881072998e-01
2.478725016117095947e-01
2.404754310846328735e-01
3.057293593883514404e-01
2.552432715892791748e-01
3.280360102653503418e-01
3.639628291130065918e-01
1.739247292280197144e-01
5.340285301208496094e-01
3.583520650863647461e-01
1.392707973718643188e-01
2.000287175178527832e-01
5.107096433639526367e-01
4.229108989238739014e-01
6.842015981674194336e-01
4.710002839565277100e-01
4.510382711887359619e-01
1.399809867143630981e-01
1.871491312980651855e+00
1.415331244468688965e+00
1.393128156661987305e+00
6.269326806068420410e-01
2.478294670581817627e-01
5.474253296852111816e-01
1.955200731754302979e-01
3.931865990161895752e-01
6.448871493339538574e-01
6.350393891334533691e-01
3.065434396266937256e-01
4.997652173042297363e-01
4.689516723155975342e-01
4.829498529434204102e-01
4.103144407272338867e-01
4.978700876235961914e-01
6.012499332427978516e-01
2.942630350589752197e-01
3.316946625709533691e-01
1.441501736640930176e+00
1.725334882736206055e+00
1.360657930374145508e+00
1.194015741348266602e+00
1.429346919059753418e+00
6.468143463134765625e-01
8.791266083717346191e-01
1.391140103340148926e+00
1.905502200126647949e+00
1.707336187362670898e+00
1.364809751510620117e+00
1.097824692726135254e+00
9.541296362876892090e-01
3.732953369617462158e-01
2.558605372905731201e-01
2.940632104873657227e-01
4.695672988891601562e-01
4.533880949020385742e-01
2.557848989963531494e-01
3.275489211082458496e-01
5.379267334938049316e-01
1.523814499378204346e-01
1.855272948741912842e-01
5.237249135971069336e-01
3.270424008369445801e-01
2.752332389354705811e-01
2.772612869739532471e-01
4.801981747150421143e-01
3.694916665554046631e-01
3.902606070041656494e-01
3.811065554618835449e-01
3.633801043033599854e-01
3.115133941173553467e-01
3.487761616706848145e-01
4.035765826702117920e-01
2.277909964323043823e-01
3.517432808876037598e-01
3.623610138893127441e-01
3.124217391014099121e-01
2.196924984455108643e-01
2.421737313270568848e-01
3.772864639759063721e-01
3.052178919315338135e-01
5.195887684822082520e-01
3.716307282447814941e-01
1.627599000930786133e-01
4.910598397254943848e-01
6.253982782363891602e-01
2.132903933525085449e-01
2.444388866424560547e-01
5.057720541954040527e-01
2.155908942222595215e-01
3.130198270082473755e-02
2.982305884361267090e-01
3.344153463840484619e-01
4.415065050125122070e-01
5.276129841804504395e-01
4.495079815387725830e-01
1.261610746383666992e+00
9.129883646965026855e-01
2.163176298141479492e+00
2.506319046020507812e+00
2.071734666824340820e+00
1.991276979446411133e+00
2.268259048461914062e+00
1.872291088104248047e+00
1.852171421051025391e+00
2.541772603988647461e+00
1.894127130508422852e+00
1.780236124992370605e+00
2.078239202499389648e+00
2.912082195281982422e+00
2.455671787261962891e+00
2.686136484146118164e+00
1.235254287719726562e+00
1.787203907966613770e+00
1.553067326545715332e+00
1.362540245056152344e+00
1.497757077217102051e+00
1.601867437362670898e+00
2.919663906097412109e+00
2.571705102920532227e+00
3.530439376831054688e+00
3.109652996063232422e+00
2.726080894470214844e+00
1.538852095603942871e+00
2.744852781295776367e+00
2.901063919067382812e+00
2.628337621688842773e+00
2.928496122360229492e+00
1.781546592712402344e+00
1.730058670043945312e+00
2.045404911041259766e+00
1.568510770797729492e+00
1.749328851699829102e+00
1.818661928176879883e+00
1.853999972343444824e+00
1.876253724098205566e+00
2.039069890975952148e+00
2.183066129684448242e+00
1.823519706726074219e+00
1.660765051841735840e+00
2.288837671279907227e+00
2.166744947433471680e+00
1.287836432456970215e+00
1.721037268638610840e+00
1.312427997589111328e+00
1.470836877822875977e+00
1.610066294670104980e+00
1.815081954002380371e+00
2.495748281478881836e+00
2.453990697860717773e+00
6.140558123588562012e-01
6.106627583503723145e-01
6.712570190429687500e-01
6.203726530075073242e-01
1.064125657081604004e+00
7.046194076538085938e-01
5.594102740287780762e-01
8.238804936408996582e-01
7.415562868118286133e-01
6.939945816993713379e-01
8.409242033958435059e-01
7.748295664787292480e-01
7.172881960868835449e-01
7.798708081245422363e-01
7.180674672126770020e-01
1.054698109626770020e+00
8.076185584068298340e-01
3.719111442565917969e+00
3.796934127807617188e+00
4.360967636108398438e+00
3.429760456085205078e+00
3.164483547210693359e+00
3.283302307128906250e+00
2.120177745819091797e+00
1.322641134262084961e+00
2.087975978851318359e+00
3.569948673248291016e+00
2.504672050476074219e+00
1.981242775917053223e+00
1.433932304382324219e+00
1.609391927719116211e+00
1.452861785888671875e+00
2.031874179840087891e+00
2.228222608566284180e+00
1.986389756202697754e+00
2.174294710159301758e+00
2.375211238861083984e+00
2.618721723556518555e+00
2.328894615173339844e+00
2.397182464599609375e+00
1.814857125282287598e+00
2.040814876556396484e+00
1.251650929450988770e+00
2.943798005580902100e-01
4.701371490955352783e-01
2.181814014911651611e-01
4.927532374858856201e-01
2.844892442226409912e-01
3.620093464851379395e-01
1.079120784997940063e-01
3.577205240726470947e-01
6.597764492034912109e-01
4.654560983180999756e-01
4.542545378208160400e-01
2.831601500511169434e-01
3.279483020305633545e-01
2.489006519317626953e-01
6.308692693710327148e-01
2.233758270740509033e-01
2.408153116703033447e-01
3.122446835041046143e-01
2.122534811496734619e-01
4.485587775707244873e-01
4.141227602958679199e-01
2.149980217218399048e-01
4.626079499721527100e-01
2.699908316135406494e-01
2.671048641204833984e-01
2.445756494998931885e-01
3.914798200130462646e-01
1.536546349525451660e-01
3.991397321224212646e-01
2.930405437946319580e-01
-4.628417547792196274e-03
1.934939473867416382e-01
4.559731185436248779e-01
5.565676093101501465e-01
1.257451623678207397e-01
4.603822529315948486e-01
2.998135089874267578e-01
-5.401592701673507690e-02
3.509881496429443359e-01
3.412003815174102783e-01
6.791110634803771973e-01
7.346827387809753418e-01
3.966298401355743408e-01
7.833679914474487305e-01
6.254097819328308105e-01
4.009194672107696533e-01
5.496882796287536621e-01
2.779753208160400391e-01
5.848172307014465332e-01
1.487022280693054199e+00
2.286420106887817383e+00
2.484629631042480469e+00
2.290145874023437500e+00
2.300914525985717773e+00
2.211953401565551758e+00
2.458613634109497070e+00
2.735693216323852539e+00
1.626806020736694336e+00
2.283296346664428711e+00
1.995817661285400391e+00
1.271964550018310547e+00
1.207346796989440918e+00
1.414116382598876953e+00
1.387971520423889160e+00
1.333360552787780762e+00
1.047445774078369141e+00
1.444154262542724609e+00
1.435566782951354980e+00
1.765864610671997070e+00
1.380900144577026367e+00
1.248173117637634277e+00
1.692038297653198242e+00
1.374469280242919922e+00
1.538059949874877930e+00
1.800769567489624023e+00
1.444205760955810547e+00
1.446897387504577637e+00
1.912380695343017578e+00
2.301344871520996094e+00
1.635046482086181641e+00
1.381248474121093750e+00
1.726921319961547852e+00
1.835276126861572266e+00
8.125298619270324707e-01
8.192465901374816895e-01
6.475867629051208496e-01
7.626585364341735840e-01
5.306203961372375488e-01
2.368994951248168945e+00
9.176875352859497070e-01
5.892683267593383789e-01
4.869746863842010498e-01
7.537215948104858398e-01
1.687533974647521973e+00
1.642416954040527344e+00
1.890337109565734863e+00
2.909824132919311523e+00
8.251808285713195801e-01
5.107187032699584961e-01
4.493479132652282715e-01
2.986113131046295166e-01
3.154771029949188232e-01
3.370036780834197998e-01
3.943885266780853271e-01
2.930021882057189941e-01
5.769860148429870605e-01
4.710783958435058594e-01
7.487708330154418945e-01
5.619166493415832520e-01
8.540082573890686035e-01
1.146766185760498047e+00
1.178846359252929688e+00
1.213336706161499023e+00
6.763785481452941895e-01
6.868126392364501953e-01
9.802665114402770996e-01
1.526039123535156250e+00
1.537865877151489258e+00
1.856814980506896973e+00
1.933841943740844727e+00
2.022474765777587891e+00
1.825275897979736328e+00
3.927479982376098633e+00
2.499234437942504883e+00
2.144651174545288086e+00
2.473232746124267578e+00
2.450786828994750977e+00
1.702845692634582520e+00
1.248786568641662598e+00
3.021968841552734375e+00
2.853563785552978516e+00
3.268025875091552734e+00
2.557880163192749023e+00
2.944511651992797852e+00
2.150305271148681641e+00
1.948650121688842773e+00
1.696209788322448730e+00
1.775462746620178223e+00
1.423696398735046387e+00
1.143298864364624023e+00
1.565808534622192383e+00
1.290316224098205566e+00
7.302755117416381836e-01
8.766452074050903320e-01
7.828236818313598633e-01
5.620002150535583496e-01
7.633416056632995605e-01
4.897477328777313232e-01
5.893228650093078613e-01
4.565317332744598389e-01
7.136139273643493652e-01
2.522054314613342285e-01
4.503732919692993164e-01
5.988535284996032715e-01
4.917900562286376953e-01
4.795170426368713379e-01
3.482562005519866943e-01
2.718097567558288574e-01
2.643465995788574219e-01
1.536943763494491577e-01
1.893907040357589722e-01
4.006122052669525146e-01
1.038302108645439148e-01
1.240230053663253784e-01
2.672257423400878906e-01
7.751675844192504883e-01
2.036407738924026489e-01
2.947363853454589844e-01
6.033281683921813965e-01
1.521248102188110352e+00
1.468092322349548340e+00
1.078520774841308594e+00
1.039421558380126953e+00
3.171943426132202148e-01
4.597866535186767578e-01
2.175087630748748779e-01
3.753779232501983643e-01
3.126988410949707031e-01
5.106956958770751953e-01
2.946215569972991943e-01
4.070806503295898438e-01
2.681294381618499756e-01
1.983613818883895874e-01
5.590465664863586426e-01
4.536685049533843994e-01
5.459879636764526367e-01
4.264664947986602783e-01
3.149459064006805420e-01
5.425121188163757324e-01
4.149878025054931641e-01
4.878060519695281982e-01
2.371859699487686157e-01
7.200905680656433105e-01
2.076079607009887695e+00
1.746753931045532227e+00
1.838230013847351074e+00
1.656492114067077637e+00
2.708475828170776367e+00
1.931876897811889648e+00
3.766813039779663086e+00
2.864972591400146484e+00
1.273385524749755859e+00
1.632806777954101562e+00
1.707458496093750000e+00
1.328315019607543945e+00
1.543341517448425293e+00
1.637140274047851562e+00
1.082008719444274902e+00
9.886580109596252441e-01
1.590513706207275391e+00
1.460441350936889648e+00
1.526363372802734375e+00
1.503861784934997559e+00
1.163515210151672363e+00
1.551640033721923828e+00
2.159173965454101562e+00
1.285224914550781250e+00
1.197311282157897949e+00
1.210421562194824219e+00
1.297734141349792480e+00
1.094919800758361816e+00
1.249137997627258301e+00
1.556211471557617188e+00
1.681750535964965820e+00
1.121122717857360840e+00
1.347027659416198730e+00
1.480369448661804199e+00
2.305381059646606445e+00
1.295100927352905273e+00
1.375860214233398438e+00
1.824910998344421387e+00
1.295126080513000488e+00
1.865503907203674316e+00
2.821771144866943359e+00
1.480473637580871582e+00
1.710301995277404785e+00
1.578597068786621094e+00
1.424843788146972656e+00
1.380533337593078613e+00
1.633736252784729004e+00
2.621595859527587891e+00
2.451368331909179688e+00
1.866394996643066406e+00
1.621471762657165527e+00
1.597366452217102051e+00
1.170536756515502930e+00
1.499557614326477051e+00
1.916910409927368164e+00
1.576750755310058594e+00
3.688384890556335449e-01
4.721161127090454102e-01
1.455370903015136719e+00
1.237106204032897949e+00
1.076486706733703613e+00
2.518127918243408203e+00
2.301665544509887695e+00
2.334199905395507812e+00
2.426371812820434570e+00
2.336128234863281250e+00
8.837278485298156738e-01
1.131053328514099121e+00
1.962577581405639648e+00
2.418086528778076172e+00
2.517225980758666992e+00
2.423278570175170898e+00
2.398599147796630859e+00
1.897970438003540039e+00
1.657500267028808594e+00
1.855037927627563477e+00
1.830511450767517090e+00
2.097548961639404297e+00
1.902192950248718262e+00
2.241131305694580078e+00
2.843911647796630859e+00
2.707903623580932617e+00
2.466561794281005859e+00
2.156952381134033203e+00
2.204721689224243164e+00
1.896977186203002930e+00
1.865194678306579590e+00
1.813212513923645020e+00
2.163766622543334961e+00
1.356884717941284180e+00
8.902908563613891602e-01
9.625085592269897461e-01
1.037464976310729980e+00
7.973428964614868164e-01
3.915877938270568848e-01
4.221642315387725830e-01
3.331079185009002686e-01
5.012124180793762207e-01
2.462372332811355591e-01
3.668277263641357422e-01
4.736606776714324951e-01
4.542841315269470215e-01
3.168075978755950928e-01
4.249052107334136963e-01
3.467555344104766846e-01
4.056750535964965820e-01
3.473001420497894287e-01
3.071815371513366699e-01
1.564997732639312744e-01
-2.262787893414497375e-02
4.327126145362854004e-01
3.127410709857940674e-01
3.751534223556518555e-01
2.133443951606750488e-01
3.899873495101928711e-01
4.012154936790466309e-01
2.833413183689117432e-01
3.561666607856750488e-01
2.030172049999237061e-01
1.043600440025329590e-01
2.057702392339706421e-01
1.471015065908432007e-01
4.937408119440078735e-02
2.495014667510986328e-01
3.504958748817443848e-01
2.802999317646026611e-01
-2.442596107721328735e-02
4.809818267822265625e-01
3.070729970932006836e-01
2.868393659591674805e-01
1.452488750219345093e-01
1.792101562023162842e-01
5.074429512023925781e-01
1.420384407043457031e+00
1.407450556755065918e+00
1.734959006309509277e+00
1.326730728149414062e+00
4.825633764266967773e-01
5.700850486755371094e-01
5.099879503250122070e-01
5.268819928169250488e-01
3.820319175720214844e-01
1.488505244255065918e+00
8.675374388694763184e-01
2.314703941345214844e+00
1.676876544952392578e+00
2.056733131408691406e+00
2.795019865036010742e+00
2.089623689651489258e+00
2.344957828521728516e+00
3.418569564819335938e+00
1.812804102897644043e+00
1.970227122306823730e+00
1.552477717399597168e+00
2.107573747634887695e+00
1.584389090538024902e+00
7.173682451248168945e-01
1.648790001869201660e+00
2.391988515853881836e+00
1.221535801887512207e+00
5.987030267715454102e-01
1.101290345191955566e+00
9.186877012252807617e-01
6.053356528282165527e-01
6.137902140617370605e-01
1.058816432952880859e+00
8.070352673530578613e-01
6.194728016853332520e-01
4.118935167789459229e-01
5.702648162841796875e-01
3.566671907901763916e-01
6.297580599784851074e-01
1.594967842102050781e+00
1.480629563331604004e+00
1.285441637039184570e+00
5.414201617240905762e-01
2.496675699949264526e-01
7.761153578758239746e-01
4.408067464828491211e-01
7.286490201950073242e-01
5.974918007850646973e-01
5.608635544776916504e-01
5.085070133209228516e-01
4.712220132350921631e-01
5.039293169975280762e-01
4.215727448463439941e-01
5.077474713325500488e-01
3.984799981117248535e-01
4.261213839054107666e-01
4.014196991920471191e-01
2.520620822906494141e-01
2.737777829170227051e-01
2.359141558408737183e-01
1.859189718961715698e-01
2.406623661518096924e-01
4.697684645652770996e-01
2.279148846864700317e-01
2.169306874275207520e-01
1.639165878295898438e-01
4.708544611930847168e-01
3.328488767147064209e-01
2.884217202663421631e-01
1.130442619323730469e+00
6.684264540672302246e-01
9.665517807006835938e-01
6.508287787437438965e-01
1.140675544738769531e+00
1.522271037101745605e+00
1.984046578407287598e+00
1.224515438079833984e+00
1.802012920379638672e+00
1.759066700935363770e+00
1.703982114791870117e+00
1.977894663810729980e+00
2.188315391540527344e+00
2.623449802398681641e+00
2.885237932205200195e+00
2.919380664825439453e+00
2.916800975799560547e+00
3.023894786834716797e+00
2.191515445709228516e+00
1.874613285064697266e+00
1.405013322830200195e+00
1.417233943939208984e+00
2.539821863174438477e+00
1.588168263435363770e+00
1.824219465255737305e+00
2.013411521911621094e+00
1.687225937843322754e+00
1.277590394020080566e+00
1.557287573814392090e+00
1.322633504867553711e+00
1.596832752227783203e+00
1.141353845596313477e+00
1.320174574851989746e+00
1.483118891716003418e+00
1.415236353874206543e+00
1.109941720962524414e+00
8.976517915725708008e-01
1.142067074775695801e+00
2.010179519653320312e+00
1.510930299758911133e+00
1.429515719413757324e+00
1.724567413330078125e+00
5.075123310089111328e-01
4.044303894042968750e-01
5.610759854316711426e-01
5.130392313003540039e-01
3.743333220481872559e-01
2.879272699356079102e-01
5.830211043357849121e-01
3.595136702060699463e-01
2.970111370086669922e-01
4.031229317188262939e-01
3.794307410717010498e-01
4.099389314651489258e-01
4.403980672359466553e-01
4.491957724094390869e-01
2.521043121814727783e-01
3.286724686622619629e-01
4.407848119735717773e-01
3.499136865139007568e-01
1.797813773155212402e-01
2.539618611335754395e-01
3.908502161502838135e-01
2.446600794792175293e-01
1.439792513847351074e-01
2.803424298763275146e-01
3.253270983695983887e-01
3.656164705753326416e-01
4.259476065635681152e-01
4.439851939678192139e-01
4.170613586902618408e-01
1.816942989826202393e-01
1.402956545352935791e-01
1.545095443725585938e-01
2.350208759307861328e-01
3.563149571418762207e-01
1.893542408943176270e-01
