1.722784042358398438e+00
1.415804505348205566e+00
1.388873934745788574e+00
1.521987080574035645e+00
1.129788875579833984e+00
1.398748278617858887e+00
1.723198294639587402e+00
1.662879109382629395e+00
1.069196820259094238e+00
1.443335175514221191e+00
1.455385684967041016e+00
1.289890527725219727e+00
1.309946537017822266e+00
1.424429297447204590e+00
1.087489843368530273e+00
1.157631754875183105e+00
1.151804685592651367e+00
1.257095336914062500e+00
9.369445443153381348e-01
1.183833241462707520e+00
1.147572875022888184e+00
1.104125618934631348e+00
1.084533929824829102e+00
9.610306024551391602e-01
3.340220153331756592e-01
4.612955749034881592e-01
4.910894632339477539e-01
5.104163885116577148e-01
3.532653450965881348e-01
2.734581828117370605e-01
3.653651177883148193e-01
8.627089262008666992e-01
5.051986575126647949e-01
4.387277066707611084e-01
4.576826691627502441e-01
2.882304191589355469e-01
3.728688359260559082e-01
4.837979078292846680e-01
3.967438638210296631e-01
3.910067081451416016e-01
3.517756164073944092e-01
3.697391748428344727e-01
3.444212973117828369e-01
3.797854185104370117e-01
4.241709113121032715e-01
3.500943183898925781e-01
2.292497456073760986e-01
4.198453724384307861e-01
3.548356592655181885e-01
3.666684627532958984e-01
4.489608705043792725e-01
3.666336536407470703e-01
3.286752104759216309e-01
2.754914462566375732e-01
4.343098104000091553e-01
3.012681603431701660e-01
1.562951326370239258e+00
1.598720192909240723e+00
1.953166723251342773e+00
1.718676447868347168e+00
1.429044365882873535e+00
5.641244649887084961e-01
4.651707708835601807e-01
3.409073650836944580e-01
7.279988527297973633e-01
2.974570989608764648e-01
7.744919061660766602e-01
5.708206892013549805e-01
4.745336771011352539e-01
4.669523835182189941e-01
3.303408920764923096e-01
6.527480483055114746e-01
5.710397362709045410e-01
5.768489241600036621e-01
5.754441618919372559e-01
4.389357566833496094e-01
6.888914108276367188e-01
1.824253201484680176e+00
1.606766343116760254e+00
2.140332221984863281e+00
1.706311941146850586e+00
1.742240428924560547e+00
1.667703270912170410e+00
1.739989995956420898e+00
1.629925251007080078e+00
1.191725730895996094e+00
1.388965487480163574e+00
1.221228480339050293e+00
1.379446268081665039e+00
1.294989824295043945e+00
1.431444048881530762e+00
1.475743174552917480e+00
1.512276887893676758e+00
1.496232271194458008e+00
1.583148717880249023e+00
1.652956247329711914e+00
1.600937962532043457e+00
1.511229276657104492e+00
1.991294503211975098e+00
1.271733164787292480e+00
1.255076289176940918e+00
1.486137866973876953e+00
1.528197288513183594e+00
1.535517692565917969e+00
1.332319855690002441e+00
1.544260859489440918e+00
1.184253811836242676e+00
1.068976640701293945e+00
1.477413773536682129e+00
1.428937673568725586e+00
4.589835405349731445e-01
3.660487234592437744e-01
2.766179740428924561e-01
2.139534354209899902e-01
3.616297245025634766e-01
3.646154701709747314e-01
1.858989596366882324e-01
4.590325951576232910e-01
3.805172443389892578e-01
3.549217283725738525e-01
2.921203970909118652e-01
2.916873395442962646e-01
5.658431053161621094e-01
1.190451622009277344e+00
3.218441307544708252e-01
5.985977649688720703e-01
5.019733309745788574e-01
2.772399187088012695e-01
9.204328656196594238e-01
1.458502769470214844e+00
1.631870985031127930e+00
1.281758308410644531e+00
1.449048519134521484e+00
1.208280086517333984e+00
1.370736002922058105e+00
1.172257900238037109e+00
1.098668098449707031e+00
1.204677939414978027e+00
1.289145827293395996e+00
1.240225076675415039e+00
1.110336899757385254e+00
1.197865247726440430e+00
1.236314535140991211e+00
1.839167952537536621e+00
1.369806051254272461e+00
1.497414231300354004e+00
1.568637490272521973e+00
2.056923627853393555e+00
1.300771117210388184e+00
1.562269091606140137e+00
1.382916688919067383e+00
1.223818421363830566e+00
1.452131271362304688e+00
2.028792142868041992e+00
1.627133011817932129e+00
7.687742114067077637e-01
5.518586039543151855e-01
3.998768031597137451e-01
5.581162571907043457e-01
6.335893869400024414e-01
5.850962996482849121e-01
5.123435854911804199e-01
5.333356261253356934e-01
2.524737715721130371e-01
3.386137187480926514e-01
2.187317907810211182e-01
2.943184077739715576e-01
3.920502066612243652e-01
3.590386807918548584e-01
1.107852816581726074e+00
1.336269021034240723e+00
1.462289929389953613e+00
1.616862535476684570e+00
1.731137514114379883e+00
9.185292720794677734e-01
3.178406655788421631e-01
4.520510733127593994e-01
3.596351146697998047e-01
3.186037540435791016e-01
4.356221854686737061e-01
2.906123101711273193e-01
4.939726889133453369e-01
4.454606473445892334e-01
5.091267228126525879e-01
3.972029685974121094e-01
4.287711083889007568e-01
3.983925580978393555e-01
5.327235460281372070e-01
4.634962975978851318e-01
3.218123316764831543e-01
4.686866104602813721e-01
1.055399775505065918e+00
6.243553161621093750e-01
4.305467009544372559e-01
3.101859390735626221e-01
3.717510700225830078e-01
1.505780816078186035e+00
5.974512100219726562e-01
5.801537632942199707e-01
1.582414746284484863e+00
1.521208047866821289e+00
1.961855292320251465e+00
9.860376715660095215e-01
1.400434255599975586e+00
1.325045824050903320e+00
1.223556160926818848e+00
1.233905792236328125e+00
5.076252222061157227e-01
8.619768619537353516e-01
1.755619049072265625e-01
5.234549641609191895e-01
7.282685637474060059e-01
6.789380908012390137e-01
6.397511363029479980e-01
4.931956231594085693e-01
4.108344018459320068e-01
4.685210585594177246e-01
5.263209342956542969e-01
4.084804654121398926e-01
3.244146108627319336e-01
3.799019157886505127e-01
2.865197658538818359e-01
3.894141912460327148e-01
3.456695377826690674e-01
3.663691580295562744e-01
2.733822464942932129e-01
4.264727830886840820e-01
5.954686999320983887e-01
1.011882066726684570e+00
3.734162151813507080e-01
4.190820157527923584e-01
3.661613762378692627e-01
4.123997688293457031e-01
1.839879602193832397e-01
3.889438509941101074e-01
3.969683349132537842e-01
4.647722244262695312e-01
4.143631458282470703e-01
3.391331434249877930e-01
4.555134773254394531e-01
4.726086854934692383e-01
4.022968113422393799e-01
3.809769153594970703e-01
6.001648306846618652e-01
3.880650997161865234e-01
4.209776818752288818e-01
3.583526015281677246e-01
3.589643836021423340e-01
3.069211542606353760e-01
3.107733130455017090e-01
4.005746543407440186e-01
2.489286065101623535e-01
2.968094050884246826e-01
1.319275736808776855e+00
1.758726835250854492e+00
1.662709474563598633e+00
1.134369850158691406e+00
8.800996541976928711e-01
3.999033868312835693e-01
3.373588919639587402e-01
8.730917572975158691e-01
1.360289573669433594e+00
1.129493117332458496e+00
1.149644494056701660e+00
1.449665784835815430e+00
1.182270407676696777e+00
1.197528362274169922e+00
1.260982036590576172e+00
1.201052188873291016e+00
1.008024454116821289e+00
1.234692215919494629e+00
1.338153481483459473e+00
1.243713259696960449e+00
1.635059356689453125e+00
1.379011034965515137e+00
1.145147681236267090e+00
8.723182678222656250e-01
1.266031146049499512e+00
1.321047782897949219e+00
1.771961927413940430e+00
1.206677198410034180e+00
1.345226287841796875e+00
1.389184474945068359e+00
2.238808870315551758e+00
2.233620643615722656e+00
2.478274106979370117e+00
2.174771547317504883e+00
2.307269573211669922e+00
1.176196336746215820e+00
4.367892742156982422e-01
6.110736131668090820e-01
7.922062873840332031e-01
6.374278664588928223e-01
6.118482351303100586e-01
7.700756192207336426e-01
3.927653133869171143e-01
1.321821093559265137e+00
9.984614253044128418e-01
8.868027329444885254e-01
1.376817464828491211e+00
1.474746584892272949e+00
1.180617094039916992e+00
1.351494908332824707e+00
1.743066191673278809e+00
4.193692803382873535e-01
4.033937454223632812e-01
4.234645664691925049e-01
5.462459325790405273e-01
4.805120229721069336e-01
5.226038694381713867e-01
3.302361965179443359e-01
3.290671706199645996e-01
2.381560057401657104e-01
3.425135910511016846e-01
2.439405769109725952e-01
4.011738300323486328e-01
3.608998060226440430e-01
2.386348545551300049e-01
1.775853037834167480e-01
4.865657389163970947e-01
1.982813328504562378e-01
3.726325631141662598e-01
6.155471801757812500e-01
3.488578498363494873e-01
4.309959411621093750e-01
5.051372647285461426e-01
5.025878548622131348e-01
3.656638860702514648e-01
1.050194621086120605e+00
8.516943454742431641e-01
4.861074388027191162e-01
3.806833624839782715e-01
3.890630900859832764e-01
2.823288142681121826e-01
1.271512269973754883e+00
2.261705160140991211e+00
2.348537921905517578e+00
1.879666209220886230e+00
1.147572040557861328e+00
1.859483003616333008e+00
2.277494192123413086e+00
1.194909334182739258e+00
1.396300554275512695e+00
2.318287372589111328e+00
1.618968725204467773e+00
1.434962034225463867e+00
1.422382354736328125e+00
3.399940252304077148e+00
1.501043558120727539e+00
1.060763597488403320e+00
1.358615994453430176e+00
1.832879900932312012e+00
6.226468682289123535e-01
4.676946401596069336e-01
6.762614846229553223e-01
3.633310496807098389e-01
6.751799583435058594e-02
4.079489707946777344e-01
3.966544866561889648e-01
2.445899099111557007e-01
5.082874298095703125e-01
5.581987500190734863e-01
3.628859221935272217e-01
4.018343985080718994e-01
4.298154115676879883e-01
2.899185717105865479e-01
2.915979623794555664e-01
4.586631357669830322e-01
8.983699083328247070e-01
7.200401425361633301e-01
4.859684705734252930e-01
4.155593216419219971e-01
3.777625858783721924e-01
3.646571338176727295e-01
3.697040975093841553e-01
4.173179268836975098e-01
4.341009259223937988e-01
4.297068715095520020e-01
2.872381806373596191e-01
3.860951662063598633e-01
5.654914379119873047e-01
3.378073275089263916e-01
3.521585464477539062e-01
4.910705387592315674e-01
4.051139950752258301e-01
2.979935109615325928e-01
2.638132274150848389e-01
4.289681911468505859e-01
4.156409800052642822e-01
4.973457455635070801e-01
3.789658546447753906e-01
3.215703070163726807e-01
1.398396849632263184e+00
1.325159311294555664e+00
3.708133697509765625e-01
4.259029328823089600e-01
9.033311009407043457e-01
6.738502979278564453e-01
7.973122000694274902e-01
1.219353079795837402e+00
1.276972055435180664e+00
1.569690227508544922e+00
2.032946825027465820e+00
2.161645650863647461e+00
1.283918261528015137e+00
1.452602505683898926e+00
1.513344168663024902e+00
7.512220740318298340e-01
1.426917910575866699e+00
1.664456009864807129e+00
1.770551919937133789e+00
1.422576189041137695e+00
1.540237307548522949e+00
1.594621062278747559e+00
1.733436584472656250e+00
2.671256542205810547e+00
2.396720409393310547e+00
2.785201072692871094e+00
3.126916646957397461e+00
2.713358402252197266e+00
1.825656890869140625e+00
8.184410333633422852e-01
9.187718629837036133e-01
1.063181400299072266e+00
1.200333476066589355e+00
1.493495106697082520e+00
4.808305203914642334e-01
3.461864888668060303e-01
5.944594740867614746e-01
2.272334843873977661e-01
2.059536129236221313e-01
4.954983294010162354e-01
3.352798521518707275e-01
4.206306636333465576e-01
1.344007849693298340e+00
3.356902003288269043e-01
2.896677851676940918e-01
3.407958149909973145e-01
5.886507630348205566e-01
5.269219875335693359e-01
5.037023425102233887e-01
5.079746842384338379e-01
1.390808463096618652e+00
1.597139000892639160e+00
1.359710454940795898e+00
1.087936878204345703e+00
4.173661470413208008e-01
3.646900355815887451e-01
4.068347811698913574e-01
1.405234187841415405e-01
3.732457160949707031e-01
5.311491489410400391e-01
2.518140375614166260e-01
1.706500798463821411e-01
3.891017436981201172e-01
3.159940540790557861e-01
2.828509509563446045e-01
1.239860534667968750e+00
2.928596436977386475e-01
2.952966392040252686e-01
2.153919041156768799e-01
3.611163198947906494e-01
3.475281894207000732e-01
2.388365864753723145e-01
3.837044835090637207e-01
6.683192253112792969e-01
4.836186468601226807e-01
3.747771084308624268e-01
4.482734501361846924e-01
6.936272382736206055e-01
5.026859641075134277e-01
4.575664699077606201e-01
8.215005397796630859e-01
2.148063421249389648e+00
2.206238031387329102e+00
2.191885471343994141e+00
2.587580680847167969e+00
2.059278726577758789e+00
1.640128254890441895e+00
2.022551774978637695e+00
2.226140260696411133e+00
1.852661252021789551e+00
3.731734037399291992e+00
3.885433435440063477e+00
4.608416557312011719e+00
3.369444608688354492e+00
2.854415178298950195e+00
2.021614313125610352e+00
2.269150495529174805e+00
2.118130207061767578e+00
3.459800004959106445e+00
2.470374345779418945e+00
3.702721118927001953e+00
4.774991512298583984e+00
3.142958641052246094e+00
3.497638463973999023e+00
2.622828483581542969e+00
1.445320487022399902e+00
1.481151700019836426e+00
4.712708950042724609e+00
3.727657318115234375e+00
2.948389053344726562e+00
2.781204938888549805e+00
1.969190120697021484e+00
3.627165257930755615e-01
6.064367294311523438e-01
1.139102458953857422e+00
2.543661832809448242e+00
3.340620994567871094e+00
2.557147502899169922e+00
2.708169221878051758e+00
8.534515500068664551e-01
9.501634240150451660e-01
1.919494628906250000e+00
5.263061523437500000e+00
2.874513387680053711e+00
1.684403777122497559e+00
1.921672224998474121e+00
1.187793135643005371e+00
1.137243211269378662e-01
1.583680748939514160e+00
1.053930401802062988e+00
8.128642439842224121e-01
8.820901513099670410e-01
1.211184740066528320e+00
1.929222345352172852e+00
1.263930439949035645e+00
3.753760159015655518e-01
8.497893214225769043e-01
1.699546873569488525e-01
6.063767075538635254e-01
9.490413069725036621e-01
8.771846443414688110e-02
4.664096832275390625e-01
3.188197314739227295e-01
7.557137012481689453e-01
6.472230553627014160e-01
1.215883851051330566e+00
1.739187240600585938e+00
1.072669267654418945e+00
7.256706953048706055e-01
7.847166061401367188e-01
1.193492293357849121e+00
1.486083865165710449e+00
1.541115045547485352e+00
2.995106458663940430e+00
2.827552795410156250e+00
2.860806465148925781e+00
3.737455129623413086e+00
4.072388172149658203e+00
3.844614982604980469e+00
3.247130632400512695e+00
3.244717836380004883e+00
2.575224399566650391e+00
5.020221710205078125e+00
4.363726615905761719e+00
4.499647140502929688e+00
4.755855560302734375e+00
3.559703111648559570e+00
3.231987476348876953e+00
3.340701103210449219e+00
2.664575576782226562e+00
2.581543445587158203e+00
2.297713041305541992e+00
2.565532922744750977e+00
2.271950006484985352e+00
1.712506294250488281e+00
2.983916044235229492e+00
3.188822269439697266e+00
2.534668445587158203e+00
1.831918120384216309e+00
1.498794794082641602e+00
2.648128569126129150e-01
1.211600527167320251e-01
7.033895254135131836e-01
5.586304664611816406e-01
2.388640046119689941e-01
1.008876919746398926e+00
3.032164275646209717e-01
5.760071873664855957e-01
8.807722926139831543e-01
1.033509254455566406e+00
7.856000065803527832e-01
3.726089894771575928e-01
6.153215765953063965e-01
6.927455067634582520e-01
6.912242174148559570e-01
9.147793054580688477e-01
3.754993379116058350e-01
3.746014088392257690e-02
3.975376486778259277e-01
5.692558884620666504e-01
5.045671463012695312e-01
2.776853144168853760e-01
4.230298399925231934e-01
5.037738680839538574e-01
4.656608402729034424e-01
4.423145651817321777e-01
7.849221229553222656e-01
4.668219089508056641e-01
3.611974716186523438e-01
4.066845774650573730e-01
1.418128609657287598e+00
3.370516300201416016e-01
5.901380181312561035e-01
7.097486257553100586e-01
2.212877422571182251e-01
2.860995829105377197e-01
3.473470211029052734e-01
4.264434576034545898e-01
3.906525671482086182e-01
4.128106534481048584e-01
7.560149431228637695e-01
7.231722474098205566e-01
4.924972355365753174e-01
6.892732381820678711e-01
9.911112189292907715e-01
1.692327976226806641e+00
2.887830972671508789e+00
3.033291578292846680e+00
3.107967853546142578e+00
2.690119743347167969e+00
2.434392929077148438e+00
2.465732812881469727e+00
1.926943182945251465e+00
2.442621469497680664e+00
1.042723298072814941e+00
1.747719645500183105e+00
2.281368732452392578e+00
1.192193031311035156e+00
1.822178840637207031e+00
2.523337841033935547e+00
1.557328224182128906e+00
1.195481419563293457e+00
1.475724577903747559e+00
1.359311103820800781e+00
1.173212051391601562e+00
1.221923589706420898e+00
1.500583052635192871e+00
1.515392780303955078e+00
1.204615354537963867e+00
1.466508507728576660e+00
1.662110328674316406e+00
1.459363698959350586e+00
1.514553785324096680e+00
1.493673563003540039e+00
1.452229142189025879e+00
1.254625439643859863e+00
1.175809860229492188e+00
1.591187238693237305e+00
1.853933095932006836e+00
1.379706740379333496e+00
2.227493524551391602e+00
1.543457984924316406e+00
1.522340059280395508e+00
1.630503535270690918e+00
2.577555418014526367e+00
1.251930713653564453e+00
1.499687075614929199e+00
1.516738414764404297e+00
1.387460112571716309e+00
1.284456014633178711e+00
1.431371092796325684e+00
1.165587663650512695e+00
1.432404994964599609e+00
1.894864916801452637e+00
1.515489816665649414e+00
1.378271818161010742e+00
1.579579114913940430e+00
1.765183448791503906e+00
1.736603856086730957e+00
1.452033996582031250e+00
1.462750673294067383e+00
7.008154988288879395e-01
1.044186711311340332e+00
1.100469708442687988e+00
4.849828183650970459e-01
5.350514650344848633e-01
1.133551716804504395e+00
1.056692957878112793e+00
7.477204799652099609e-01
5.588371157646179199e-01
8.550267815589904785e-01
1.071617364883422852e+00
1.089963555335998535e+00
1.065970063209533691e+00
1.125058770179748535e+00
9.202171564102172852e-01
1.410444855690002441e+00
1.693104743957519531e+00
1.411311268806457520e+00
1.679303407669067383e+00
2.640590190887451172e+00
1.526248455047607422e+00
1.736106395721435547e+00
1.940585851669311523e+00
1.591898202896118164e+00
1.369758248329162598e+00
2.430392980575561523e+00
2.652972459793090820e+00
2.794965028762817383e+00
2.773112297058105469e+00
2.522970438003540039e+00
2.903964996337890625e+00
1.217451453208923340e+00
1.565841436386108398e+00
2.074979066848754883e+00
2.027064561843872070e+00
1.738275885581970215e+00
1.815519928932189941e+00
1.855145096778869629e+00
1.568219184875488281e+00
7.544144988059997559e-01
7.390261292457580566e-01
7.377493381500244141e-01
2.979773283004760742e-01
4.174401760101318359e-01
1.891535967588424683e-01
1.642753779888153076e-01
4.302402734756469727e-01
3.000388145446777344e-01
2.313479632139205933e-01
1.654106974601745605e-01
4.992128908634185791e-01
4.614687860012054443e-01
2.219806611537933350e-01
2.822841405868530273e-01
3.880842924118041992e-01
2.573927342891693115e-01
3.882988989353179932e-01
7.949445247650146484e-01
1.037883043289184570e+00
4.383332729339599609e-01
1.089272499084472656e+00
1.443666577339172363e+00
1.501253724098205566e+00
1.043694138526916504e+00
1.329723000526428223e-01
6.056108474731445312e-01
2.324402481317520142e-01
2.343989461660385132e-01
4.699411690235137939e-01
4.216993749141693115e-01
3.135066330432891846e-01
2.545155286788940430e-01
5.026465058326721191e-01
3.650244176387786865e-01
2.970623970031738281e-01
4.029198288917541504e-01
5.264444947242736816e-01
3.072514235973358154e-01
5.625040531158447266e-01
1.103026509284973145e+00
5.407060980796813965e-01
3.497733473777770996e-01
3.840980827808380127e-01
6.371008753776550293e-01
2.515503466129302979e-01
4.902964830398559570e-01
5.416575074195861816e-01
7.247774004936218262e-01
1.629394769668579102e+00
2.328937053680419922e+00
2.332445859909057617e+00
2.427823305130004883e+00
2.312198400497436523e+00
2.801214456558227539e+00
2.220940113067626953e+00
2.155962228775024414e+00
1.823939323425292969e+00
1.938365101814270020e+00
1.695332407951354980e+00
1.175429463386535645e+00
2.463131666183471680e+00
2.069377660751342773e+00
1.207774162292480469e+00
1.523768186569213867e+00
1.628316521644592285e+00
1.328458070755004883e+00
1.576017260551452637e+00
8.195297718048095703e-01
3.036436557769775391e+00
9.528027176856994629e-01
5.587557554244995117e-01
1.452668786048889160e+00
6.535708904266357422e-01
6.206637620925903320e-01
1.335260033607482910e+00
2.416779518127441406e+00
3.002707719802856445e+00
3.337134599685668945e+00
2.392013311386108398e+00
1.854812979698181152e+00
2.033586502075195312e+00
1.988548636436462402e+00
1.930589199066162109e+00
2.546349763870239258e+00
2.109744071960449219e+00
1.717212200164794922e+00
2.027826786041259766e+00
1.763834357261657715e+00
9.331775903701782227e-01
5.519682765007019043e-01
6.061250567436218262e-01
5.978232026100158691e-01
6.717389225959777832e-01
1.608376979827880859e+00
7.369500994682312012e-01
4.984827041625976562e-01
6.877670288085937500e-01
7.648214697837829590e-01
1.610471129417419434e+00
2.088664531707763672e+00
2.650624513626098633e+00
2.079654216766357422e+00
2.305899620056152344e+00
1.370373964309692383e+00
1.505643725395202637e+00
2.965423107147216797e+00
1.493363261222839355e+00
1.267437219619750977e+00
1.502301335334777832e+00
1.306873917579650879e+00
1.170203208923339844e+00
1.484449386596679688e+00
1.607655525207519531e+00
1.563012719154357910e+00
1.990567922592163086e+00
1.625981211662292480e+00
1.554043889045715332e+00
1.349270582199096680e+00
1.272235631942749023e+00
2.416553020477294922e+00
3.383235216140747070e+00
3.118674516677856445e+00
2.230393648147583008e+00
2.324335098266601562e+00
2.112205982208251953e+00
1.376572966575622559e+00
1.684977173805236816e+00
3.517356157302856445e+00
1.438889861106872559e+00
1.217754244804382324e+00
1.090378284454345703e+00
1.135319352149963379e+00
8.770908713340759277e-01
1.501499652862548828e+00
1.735052108764648438e+00
2.812194585800170898e+00
6.178984045982360840e-01
6.673486828804016113e-01
5.867726802825927734e-01
3.586686253547668457e-01
3.491585254669189453e-01
4.857127368450164795e-01
1.726815581321716309e+00
1.092906832695007324e+00
1.657213807106018066e+00
7.489807605743408203e-01
7.926199436187744141e-01
7.382051944732666016e-01
4.683582484722137451e-01
3.663211762905120850e-01
4.798105955123901367e-01
2.330679297447204590e-01
3.770627975463867188e-01
4.013229310512542725e-01
5.250315666198730469e-01
1.261109709739685059e+00
5.431902408599853516e-01
5.039018988609313965e-01
5.229064822196960449e-01
5.417243838310241699e-01
4.032895863056182861e-01
3.296518027782440186e-01
4.789315760135650635e-01
2.014871835708618164e-01
2.770589888095855713e-01
4.493383169174194336e-01
3.646617829799652100e-01
4.475468099117279053e-01
4.415172040462493896e-01
4.505257010459899902e-01
2.781704664230346680e-01
4.787945151329040527e-01
6.279062628746032715e-01
4.632454812526702881e-01
4.342261850833892822e-01
3.869388103485107422e-01
5.035082697868347168e-01
3.852303624153137207e-01
1.281039118766784668e+00
7.089956402778625488e-01
2.136253416538238525e-01
4.283226728439331055e-01
5.150576829910278320e-01
4.440772831439971924e-01
4.963693916797637939e-01
5.217042565345764160e-01
4.606522619724273682e-01
4.442620277404785156e-01
3.677388131618499756e-01
5.009843707084655762e-01
5.042379498481750488e-01
4.647807180881500244e-01
3.912841081619262695e-01
2.550261914730072021e-01
4.544620215892791748e-01
1.107141256332397461e+00
1.321356177330017090e+00
1.154027104377746582e+00
3.365889489650726318e-01
1.173591375350952148e+00
3.045817315578460693e-01
5.781610608100891113e-01
6.259634494781494141e-01
1.383803367614746094e+00
6.078576445579528809e-01
4.669142961502075195e-01
7.006000280380249023e-01
5.698457360267639160e-01
1.448726773262023926e+00
2.126884937286376953e+00
2.416774988174438477e+00
1.387913227081298828e+00
2.059289693832397461e+00
1.777779340744018555e+00
1.495406389236450195e+00
1.427714347839355469e+00
2.312655687332153320e+00
1.769145607948303223e+00
1.579131603240966797e+00
2.231422662734985352e+00
2.203214645385742188e+00
1.794529438018798828e+00
2.181991100311279297e+00
2.525488376617431641e+00
2.811019420623779297e+00
2.015337228775024414e+00
2.255521297454833984e+00
1.628108978271484375e+00
1.126102805137634277e+00
9.737857580184936523e-01
2.541354179382324219e+00
1.242804408073425293e+00
1.035124778747558594e+00
5.628417134284973145e-01
6.030263900756835938e-01
8.772479295730590820e-01
1.443318486213684082e+00
1.605323314666748047e+00
2.290607452392578125e+00
1.234779596328735352e+00
9.142116904258728027e-01
9.978181123733520508e-01
1.401235461235046387e+00
2.252075910568237305e+00
1.567640781402587891e+00
1.889814734458923340e+00
2.189303636550903320e+00
2.034000158309936523e+00
1.786714196205139160e+00
1.134495377540588379e+00
1.179542064666748047e+00
7.061033844947814941e-01
1.595080733299255371e+00
1.016234755516052246e+00
1.136875391006469727e+00
1.197756409645080566e+00
1.471517443656921387e+00
1.383201956748962402e+00
1.859097599983215332e+00
1.683885455131530762e+00
1.832446575164794922e+00
1.967185974121093750e+00
1.636588811874389648e+00
1.861083269119262695e+00
2.658858299255371094e+00
2.297510862350463867e+00
2.213852643966674805e+00
1.330172300338745117e+00
9.655874967575073242e-01
2.497048139572143555e+00
2.577316999435424805e+00
2.445870876312255859e+00
2.635776519775390625e+00
2.529583692550659180e+00
2.035604000091552734e+00
1.719419240951538086e+00
1.784380197525024414e+00
1.568433761596679688e+00
1.346355557441711426e+00
2.093791961669921875e+00
2.130067348480224609e+00
1.540687441825866699e+00
1.925441622734069824e+00
1.666765332221984863e+00
1.280032634735107422e+00
1.310235738754272461e+00
2.048732042312622070e+00
1.467834115028381348e+00
8.565842509269714355e-01
5.588300228118896484e-01
8.053292632102966309e-01
6.034835577011108398e-01
1.898292601108551025e-01
3.054958283901214600e-01
2.933351993560791016e-01
4.116810858249664307e-01
2.690090239048004150e-01
4.074928760528564453e-01
2.386258095502853394e-01
3.905220925807952881e-01
3.940927684307098389e-01
4.332016110420227051e-01
3.498785793781280518e-01
4.154104590415954590e-01
9.393335878849029541e-02
2.544684112071990967e-01
2.241027355194091797e-01
1.104757666587829590e+00
2.766503095626831055e-01
1.983147710561752319e-01
3.444207608699798584e-01
5.017101764678955078e-01
4.978393912315368652e-01
6.240346431732177734e-01
4.550584554672241211e-01
5.259818434715270996e-01
1.655586481094360352e+00
1.090071201324462891e+00
1.096914887428283691e+00
5.306324958801269531e-01
3.644315600395202637e-01
3.434145450592041016e-01
3.012681603431701660e-01
3.753866851329803467e-01
4.496337771415710449e-01
4.750251173973083496e-01
3.732065260410308838e-01
5.174617767333984375e-01
5.095252990722656250e-01
3.548814356327056885e-01
4.802310764789581299e-01
5.368196964263916016e-01
5.117474198341369629e-01
4.638197422027587891e-01
5.145522356033325195e-01
1.654432535171508789e+00
2.091539144515991211e+00
2.842166900634765625e+00
2.973449945449829102e+00
2.534000158309936523e+00
2.400907516479492188e+00
2.295867443084716797e+00
2.349802255630493164e+00
2.292885541915893555e+00
1.775130748748779297e+00
1.673423171043395996e+00
1.839183926582336426e+00
1.638072729110717773e+00
1.794322609901428223e+00
1.724256873130798340e+00
1.944893002510070801e+00
1.209849596023559570e+00
1.538850188255310059e+00
1.568739175796508789e+00
1.522915959358215332e+00
1.262461900711059570e+00
1.538897275924682617e+00
1.649067640304565430e+00
1.217273473739624023e+00
1.278070926666259766e+00
1.328234076499938965e+00
1.433436751365661621e+00
1.159662246704101562e+00
1.321223020553588867e+00
1.306936979293823242e+00
1.291955590248107910e+00
1.077665567398071289e+00
1.161908149719238281e+00
1.340241789817810059e+00
1.475997567176818848e+00
1.729904651641845703e+00
1.365778684616088867e+00
1.682020783424377441e+00
1.628928542137145996e+00
1.584540605545043945e+00
1.561077833175659180e+00
1.601377367973327637e+00
2.093246698379516602e+00
3.610279560089111328e+00
1.709537744522094727e+00
1.374164938926696777e+00
1.476588249206542969e+00
1.655275464057922363e+00
1.464020013809204102e+00
6.082304120063781738e-01
9.912159442901611328e-01
1.536710739135742188e+00
1.181620001792907715e+00
5.834676027297973633e-01
6.748422384262084961e-01
4.026618897914886475e-01
6.224407553672790527e-01
4.388771057128906250e-01
4.489523768424987793e-01
4.524391889572143555e-01
6.068215370178222656e-01
4.411178529262542725e-01
2.950576245784759521e-01
7.642834186553955078e-01
8.676964044570922852e-01
7.062143683433532715e-01
6.627770066261291504e-01
1.393066525459289551e+00
1.518361568450927734e+00
1.107416152954101562e+00
1.315794706344604492e+00
2.105772733688354492e+00
2.296464443206787109e+00
2.246592283248901367e+00
2.595507860183715820e+00
2.370536327362060547e+00
1.914621114730834961e+00
1.177004098892211914e+00
1.811739802360534668e+00
2.882686614990234375e+00
3.520411729812622070e+00
2.658730745315551758e+00
2.542406320571899414e+00
2.631228923797607422e+00
3.066548347473144531e+00
2.305339574813842773e+00
2.846239089965820312e+00
2.897884368896484375e+00
3.115694284439086914e+00
2.951621770858764648e+00
3.621595144271850586e+00
2.311269521713256836e+00
2.683193206787109375e+00
2.341842174530029297e+00
2.318287849426269531e+00
2.297315359115600586e+00
8.373414874076843262e-01
1.156344890594482422e+00
6.641014218330383301e-01
3.597746193408966064e-01
4.400688707828521729e-01
3.399979174137115479e-01
4.047691822052001953e-01
1.172172665596008301e+00
3.138410151004791260e-01
2.225066572427749634e-01
5.724058151245117188e-01
3.118302524089813232e-01
4.176487624645233154e-01
1.991732567548751831e-01
4.318486750125885010e-01
3.467738926410675049e-01
2.720383405685424805e-01
2.688629329204559326e-01
5.033419132232666016e-01
3.237238824367523193e-01
1.733630895614624023e-01
3.058499693870544434e-01
3.367427289485931396e-01
2.639395892620086670e-01
3.205413520336151123e-01
3.185508549213409424e-01
2.073542475700378418e-01
2.583244144916534424e-01
2.468586117029190063e-01
3.614639043807983398e-01
1.879048198461532593e-01
2.855277955532073975e-01
1.998609602451324463e-01
2.407075911760330200e-01
1.567294597625732422e-01
2.791832685470581055e-01
3.452356457710266113e-01
1.015417650341987610e-01
3.718050420284271240e-01
5.512994527816772461e-01
5.749688744544982910e-01
4.001791179180145264e-01
5.692926049232482910e-01
8.398724794387817383e-01
4.236873984336853027e-01
1.542352795600891113e+00
1.656554579734802246e+00
1.481935381889343262e+00
1.486512184143066406e+00
2.488625288009643555e+00
2.475351333618164062e+00
2.109272956848144531e+00
1.998130559921264648e+00
2.632313251495361328e+00
2.050391197204589844e+00
1.809497117996215820e+00
2.105629205703735352e+00
2.191572666168212891e+00
1.740358948707580566e+00
1.452747464179992676e+00
1.758658051490783691e+00
2.662727594375610352e+00
1.583832621574401855e+00
1.635586977005004883e+00
2.523602724075317383e+00
1.622380971908569336e+00
1.914938807487487793e+00
1.896461009979248047e+00
1.135658979415893555e+00
8.819755911827087402e-01
1.152344346046447754e+00
1.755465388298034668e+00
5.465863347053527832e-01
1.203626513481140137e+00
1.025761842727661133e+00
7.761768102645874023e-01
2.356666564941406250e+00
1.573612570762634277e+00
2.316480159759521484e+00
1.349610686302185059e+00
2.428038120269775391e+00
2.534813880920410156e+00
1.303583979606628418e+00
4.702363610267639160e-01
7.476664781570434570e-01
4.414297640323638916e-01
7.381294965744018555e-01
7.246118187904357910e-01
1.829041719436645508e+00
1.161545634269714355e+00
5.714464783668518066e-01
4.354684054851531982e-01
5.498450994491577148e-01
2.730401754379272461e-01
6.286687850952148438e-01
1.079895377159118652e+00
4.342275559902191162e-01
5.830002427101135254e-01
5.400403141975402832e-01
5.149488449096679688e-01
5.878509283065795898e-01
4.647897481918334961e-01
4.888078570365905762e-01
5.244304537773132324e-01
5.587998628616333008e-01
5.386684536933898926e-01
6.504776477813720703e-01
1.426693081855773926e+00
4.445531070232391357e-01
7.313579320907592773e-01
6.768856048583984375e-01
7.802786827087402344e-01
2.863002300262451172e+00
2.361899614334106445e+00
2.565133333206176758e+00
2.846033334732055664e+00
2.841964483261108398e+00
2.570630550384521484e+00
2.949951410293579102e+00
2.650489568710327148e+00
3.153790473937988281e+00
3.080098628997802734e+00
2.254021406173706055e+00
2.869640111923217773e+00
2.386822938919067383e+00
2.689103603363037109e+00
2.662980318069458008e+00
2.628045320510864258e+00
3.022065401077270508e+00
2.723878383636474609e+00
2.828009128570556641e+00
3.739928960800170898e+00
3.876166343688964844e+00
4.406351089477539062e+00
3.842324733734130859e+00
3.103852987289428711e+00
2.172576665878295898e+00
2.384347438812255859e+00
2.273340225219726562e+00
2.381587505340576172e+00
2.720851659774780273e+00
2.715990543365478516e+00
2.539849758148193359e+00
2.233804941177368164e+00
2.353144884109497070e+00
2.158657789230346680e+00
2.352847337722778320e+00
2.229334354400634766e+00
1.730860114097595215e+00
6.562208533287048340e-01
6.345937252044677734e-01
6.107581257820129395e-01
7.148257493972778320e-01
7.595908641815185547e-01
1.076985239982604980e+00
9.254658818244934082e-01
7.602505683898925781e-01
5.957754254341125488e-01
3.973885476589202881e-01
6.251512765884399414e-01
2.720783650875091553e-01
3.622842729091644287e-01
4.545763134956359863e-01
4.971149563789367676e-01
2.869563996791839600e-01
2.672904133796691895e-01
4.338717758655548096e-01
4.967353343963623047e-01
1.317333728075027466e-01
2.525299787521362305e-01
2.882523238658905029e-01
4.380454719066619873e-01
3.539262115955352783e-01
2.813645303249359131e-01
4.985451996326446533e-01
4.474514126777648926e-01
3.136211931705474854e-01
2.615954875946044922e-01
3.953393697738647461e-01
2.069326937198638916e-01
2.522290050983428955e-01
4.711112678050994873e-01
5.041466355323791504e-01
3.157767057418823242e-01
3.042906224727630615e-01
5.598537921905517578e-01
6.784652471542358398e-01
6.083202958106994629e-01
6.809083223342895508e-01
6.745788455009460449e-01
8.367601037025451660e-01
4.226419925689697266e-01
3.473692238330841064e-01
1.479891896247863770e+00
2.254106283187866211e+00
2.877275705337524414e+00
2.378329992294311523e+00
2.701102495193481445e+00
2.523323297500610352e+00
2.636089086532592773e+00
2.695319890975952148e+00
1.958336710929870605e+00
1.953560233116149902e+00
1.600026011466979980e+00
3.059344768524169922e+00
1.721466779708862305e+00
1.802919387817382812e+00
1.515649080276489258e+00
1.700157523155212402e+00
1.308851242065429688e+00
1.354514360427856445e+00
2.048807144165039062e+00
5.449349403381347656e+00
3.907222509384155273e+00
2.768337011337280273e+00
2.550396919250488281e+00
2.224088430404663086e+00
1.784718155860900879e+00
1.862874984741210938e+00
3.937127351760864258e+00
4.965837478637695312e+00
3.241671085357666016e+00
2.558536767959594727e+00
2.406734228134155273e+00
1.617409348487854004e+00
1.423531889915466309e+00
2.017528772354125977e+00
1.848498821258544922e+00
1.910506129264831543e+00
1.636260747909545898e+00
1.548507094383239746e+00
1.963605999946594238e+00
1.595124125480651855e+00
1.634146332740783691e+00
2.731251955032348633e+00
2.963180303573608398e+00
3.264214277267456055e+00
2.771036386489868164e+00
1.832276344299316406e+00
1.395958781242370605e+00
2.083535432815551758e+00
1.752333998680114746e+00
2.154440641403198242e+00
1.738971233367919922e+00
1.676581263542175293e+00
1.862434744834899902e+00
1.542551517486572266e+00
1.437233567237854004e+00
1.760675430297851562e+00
1.720757365226745605e+00
1.749446988105773926e+00
1.825562596321105957e+00
1.759671330451965332e+00
1.817214965820312500e+00
1.553581237792968750e+00
1.757275700569152832e+00
1.038210868835449219e+00
7.274410724639892578e-01
1.628706812858581543e+00
1.705562233924865723e+00
1.636504888534545898e+00
2.022941112518310547e+00
1.981889367103576660e+00
1.983097076416015625e+00
1.552443742752075195e+00
1.794244766235351562e+00
1.905379891395568848e+00
1.650774717330932617e+00
1.296469211578369141e+00
1.222130298614501953e+00
1.171824812889099121e+00
4.311601519584655762e-01
6.125090718269348145e-01
5.618237257003784180e-01
8.065292835235595703e-01
3.307580649852752686e-01
3.865474164485931396e-01
2.017015367746353149e-01
5.361108779907226562e-01
2.529507279396057129e-01
5.561548471450805664e-01
1.678389310836791992e-01
5.697078704833984375e-01
5.328008532524108887e-01
1.047718763351440430e+00
3.686406016349792480e-01
4.041875302791595459e-01
5.094447135925292969e-01
3.390273451805114746e-01
3.568291664123535156e-01
3.489283025264739990e-01
1.343499183654785156e+00
1.492118358612060547e+00
1.065495133399963379e+00
8.115318417549133301e-01
9.999659657478332520e-01
7.492795586585998535e-02
6.321772336959838867e-01
8.309357762336730957e-01
4.480253756046295166e-01
8.515290617942810059e-01
7.443627715110778809e-01
4.729830920696258545e-01
3.315907716751098633e-01
5.129942893981933594e-01
2.357773929834365845e-01
3.096610307693481445e-01
3.830970823764801025e-01
4.983714222908020020e-01
9.359265118837356567e-02
3.747285902500152588e-01
3.149837255477905273e-01
6.232811212539672852e-01
3.194518089294433594e-01
3.725703358650207520e-01
5.260092616081237793e-01
4.946014583110809326e-01
2.474396973848342896e-01
5.249356031417846680e-01
3.251867592334747314e-01
4.160724282264709473e-01
3.398899137973785400e-01
3.639902472496032715e-01
3.772563040256500244e-01
4.207282364368438721e-01
5.012809634208679199e-01
4.899067282676696777e-01
5.211300253868103027e-01
5.961079001426696777e-01
4.060662090778350830e-01
4.155357480049133301e-01
3.218562006950378418e-01
4.760403931140899658e-01
1.347382307052612305e+00
1.454828977584838867e+00
1.564939618110656738e+00
1.281414866447448730e+00
1.036139726638793945e+00
2.954709827899932861e-01
4.368273913860321045e-01
1.266723275184631348e+00
3.021677434444427490e-01
4.682022929191589355e-01
1.487333655357360840e+00
8.822578787803649902e-01
9.071350097656250000e-01
8.046336174011230469e-01
8.128198385238647461e-01
7.722157835960388184e-01
9.546731710433959961e-01
1.091493606567382812e+00
1.143228650093078613e+00
1.433629393577575684e+00
8.489651083946228027e-01
1.175829887390136719e+00
1.108216524124145508e+00
1.184949994087219238e+00
1.149210333824157715e+00
1.040382504463195801e+00
1.399467468261718750e+00
1.993414998054504395e+00
1.784159779548645020e+00
1.843249082565307617e+00
2.036865711212158203e+00
2.412997961044311523e+00
1.494520783424377441e+00
1.682252645492553711e+00
2.854761600494384766e+00
2.415435314178466797e+00
2.834487199783325195e+00
2.477514266967773438e+00
1.675000905990600586e+00
1.676919817924499512e+00
7.114907503128051758e-01
9.406037330627441406e-01
5.939595103263854980e-01
7.206530570983886719e-01
5.833527445793151855e-01
1.792808413505554199e+00
1.420717239379882812e+00
2.866071462631225586e+00
2.639125823974609375e+00
1.586692810058593750e+00
1.624834418296813965e+00
1.006838917732238770e+00
1.102675080299377441e+00
2.264379262924194336e+00
3.326051712036132812e+00
2.806383371353149414e+00
2.881594181060791016e+00
3.395760297775268555e+00
2.024621248245239258e+00
1.366541504859924316e+00
2.086202859878540039e+00
2.035439014434814453e+00
2.201558589935302734e+00
2.975235223770141602e+00
4.078637123107910156e+00
3.363756418228149414e+00
2.658630371093750000e+00
2.819085121154785156e+00
2.123009920120239258e+00
1.814974427223205566e+00
2.277653932571411133e+00
2.860210895538330078e+00
1.810419201850891113e+00
1.298703908920288086e+00
1.396921992301940918e+00
1.435656428337097168e+00
1.639159321784973145e+00
1.862499237060546875e+00
2.390179395675659180e+00
1.758246660232543945e+00
7.257956862449645996e-01
7.629776000976562500e-01
1.820777893066406250e+00
3.114324569702148438e+00
1.979098796844482422e+00
2.025997400283813477e+00
2.241923570632934570e+00
1.477097272872924805e+00
1.571463108062744141e+00
1.552161097526550293e+00
1.805198431015014648e+00
1.105138659477233887e+00
7.641932368278503418e-01
7.794961333274841309e-01
6.012845039367675781e-01
8.804208636283874512e-01
4.506915211677551270e-01
6.413003206253051758e-01
5.805251598358154297e-01
5.722953677177429199e-01
6.813095808029174805e-01
4.313223958015441895e-01
4.157467782497406006e-01
2.539385557174682617e-01
1.593043357133865356e-01
-6.144562736153602600e-02
2.549653351306915283e-01
2.949847280979156494e-01
1.434943675994873047e-01
1.045356273651123047e+00
1.434892773628234863e+00
1.327546715736389160e+00
4.431867301464080811e-01
1.602288782596588135e-01
2.951428890228271484e-01
4.297975897789001465e-01
1.751299351453781128e-01
1.810463368892669678e-01
9.011517278850078583e-03
2.771182060241699219e-01
3.672498166561126709e-01
4.726070463657379150e-01
4.146191477775573730e-01
4.418642222881317139e-01
3.991515338420867920e-01
3.773048222064971924e-01
3.457649350166320801e-01
4.210081100463867188e-01
3.703778386116027832e-01
5.071704983711242676e-01
3.607638478279113770e-01
5.951855182647705078e-01
2.622070014476776123e-01
4.163840711116790771e-01
3.440254926681518555e-01
3.838998973369598389e-01
2.137215435504913330e-01
7.162228226661682129e-01
2.512304782867431641e-01
2.544387876987457275e-01
4.350358843803405762e-01
4.706812202930450439e-01
3.048925399780273438e-01
3.805496096611022949e-01
4.698068499565124512e-01
3.878293633460998535e-01
4.644885361194610596e-01
5.868400931358337402e-01
1.800260663032531738e+00
2.087311506271362305e+00
2.568538665771484375e+00
2.658744812011718750e+00
2.337907314300537109e+00
2.534008502960205078e+00
2.425541877746582031e+00
2.274380922317504883e+00
2.159891128540039062e+00
2.589174985885620117e+00
2.505427122116088867e+00
1.701391339302062988e+00
2.673389434814453125e+00
2.841650485992431641e+00
1.401811003684997559e+00
1.779005646705627441e+00
1.811859011650085449e+00
1.452125310897827148e+00
1.307870864868164062e+00
1.592498779296875000e+00
3.008584260940551758e+00
2.169378042221069336e+00
1.259053707122802734e+00
1.368544578552246094e+00
1.879898428916931152e+00
1.439857482910156250e+00
1.486500501632690430e+00
1.651389837265014648e+00
1.493089199066162109e+00
1.409360766410827637e+00
1.454444408416748047e+00
1.264572978019714355e+00
1.508042573928833008e+00
1.406779885292053223e+00
1.621469497680664062e+00
1.798933386802673340e+00
1.168545246124267578e+00
6.130391955375671387e-01
1.160025954246520996e+00
5.756061673164367676e-01
8.306090831756591797e-01
8.673033714294433594e-01
1.197152853012084961e+00
1.177395343780517578e+00
1.139383077621459961e+00
7.337250709533691406e-01
1.276855826377868652e+00
1.607854008674621582e+00
1.551300525665283203e+00
1.713691949844360352e+00
1.973657965660095215e+00
2.269544124603271484e+00
1.604649782180786133e+00
1.631473064422607422e+00
2.084998130798339844e+00
7.977910637855529785e-01
1.149233102798461914e+00
1.156407594680786133e+00
1.324065685272216797e+00
1.693650722503662109e+00
1.774543881416320801e+00
3.185146570205688477e+00
2.708345651626586914e+00
2.951604843139648438e+00
3.056224584579467773e+00
1.882517695426940918e+00
1.234897732734680176e+00
2.093488931655883789e+00
2.516547203063964844e+00
2.590501785278320312e+00
2.084823608398437500e+00
2.764483690261840820e+00
2.341714620590209961e+00
3.338459968566894531e+00
2.417276620864868164e+00
2.715149402618408203e+00
2.544796705245971680e+00
2.847440958023071289e+00
1.716693639755249023e+00
2.638224601745605469e+00
3.377655029296875000e+00
1.672182559967041016e+00
1.804535984992980957e+00
1.111968994140625000e+00
1.008846163749694824e+00
9.734107851982116699e-01
1.259473323822021484e+00
2.372263431549072266e+00
1.832452297210693359e+00
4.963143169879913330e-01
7.825117111206054688e-01
2.469455003738403320e-01
1.643482893705368042e-01
4.783049821853637695e-01
3.377072811126708984e-01
2.547523677349090576e-01
4.322113096714019775e-01
3.986655473709106445e-01
2.482436299324035645e-01
5.820378661155700684e-01
7.503964900970458984e-01
7.693605422973632812e-01
6.601168513298034668e-01
5.644802451133728027e-01
6.545584201812744141e-01
6.874315738677978516e-01
8.346917629241943359e-01
8.848075270652770996e-01
7.184657454490661621e-01
1.064610600471496582e+00
1.607439875602722168e+00
1.495276212692260742e+00
6.461411714553833008e-01
2.757773101329803467e-01
6.196224689483642578e-01
3.789941072463989258e-01
3.402848839759826660e-01
3.030399084091186523e-01
2.380044311285018921e-01
3.172077536582946777e-01
2.721504569053649902e-01
2.826541662216186523e-01
2.749347388744354248e-01
3.679150640964508057e-01
4.117090404033660889e-01
2.124234139919281006e-01
1.898361146450042725e-01
4.811827242374420166e-01
4.858415722846984863e-01
3.703550696372985840e-01
4.418633878231048584e-01
5.322934985160827637e-01
5.255498886108398438e-01
6.306979656219482422e-01
5.375912785530090332e-01
7.555955648422241211e-01
4.243096113204956055e-01
7.610364556312561035e-01
5.066691637039184570e-01
4.735370576381683350e-01
4.091092348098754883e-01
3.884340226650238037e-01
5.328918695449829102e-01
4.906577467918395996e-01
1.769245386123657227e+00
1.940022587776184082e+00
2.848889350891113281e+00
2.011044979095458984e+00
2.691571950912475586e+00
1.498195052146911621e+00
2.126315355300903320e+00
1.557473659515380859e+00
1.544485569000244141e+00
1.360294222831726074e+00
1.619536876678466797e+00
1.677795052528381348e+00
1.717362165451049805e+00
8.552625179290771484e-01
7.560012340545654297e-01
1.155663490295410156e+00
9.607702493667602539e-01
1.008649587631225586e+00
8.325195312500000000e-01
3.524331748485565186e-01
1.919499486684799194e-01
4.780859649181365967e-01
4.812594950199127197e-01
4.128498435020446777e-01
6.256345510482788086e-01
6.519367098808288574e-01
7.614958286285400391e-01
1.521915555000305176e+00
1.655426740646362305e+00
1.737581014633178711e+00
8.535642027854919434e-01
9.260891675949096680e-01
1.203014731407165527e+00
1.888056397438049316e+00
1.124144911766052246e+00
8.017196655273437500e-01
1.631245017051696777e+00
1.945834875106811523e+00
2.138333559036254883e+00
1.928222894668579102e+00
2.566913843154907227e+00
2.562459468841552734e+00
2.061358928680419922e+00
2.556837081909179688e+00
1.676907181739807129e+00
1.633564949035644531e+00
1.573407530784606934e+00
2.534809827804565430e+00
2.265126228332519531e+00
2.693271875381469727e+00
2.960571527481079102e+00
2.640206098556518555e+00
1.036590933799743652e+00
1.029469609260559082e+00
1.752845287322998047e+00
2.446065902709960938e+00
1.774073243141174316e+00
2.825019598007202148e+00
3.007170438766479492e+00
4.210938453674316406e+00
2.538145542144775391e+00
2.702376127243041992e+00
3.790302753448486328e+00
3.229151487350463867e+00
2.350479602813720703e+00
1.775248885154724121e+00
2.460570335388183594e+00
1.245700716972351074e+00
1.732369899749755859e+00
2.019818067550659180e+00
1.643286943435668945e+00
1.953827857971191406e+00
1.769004940986633301e+00
2.691309452056884766e+00
2.443928241729736328e+00
2.772428750991821289e+00
2.138190507888793945e+00
1.614870071411132812e+00
2.127030372619628906e+00
1.892062306404113770e+00
1.744846463203430176e+00
1.635156393051147461e+00
1.964463949203491211e+00
1.734915137290954590e+00
1.641906023025512695e+00
1.854367256164550781e+00
2.024733543395996094e+00
1.707019329071044922e+00
1.841820478439331055e+00
1.835404396057128906e+00
1.624839901924133301e+00
1.595785498619079590e+00
1.604377388954162598e+00
1.747260212898254395e+00
1.477766036987304688e+00
1.784468173980712891e+00
2.040281772613525391e+00
1.711389541625976562e+00
1.761954307556152344e+00
2.002503871917724609e+00
1.802607417106628418e+00
1.897407531738281250e+00
1.890933036804199219e+00
2.211507797241210938e+00
1.891579866409301758e+00
2.723723173141479492e+00
1.609275460243225098e+00
1.946310997009277344e+00
1.812976241111755371e+00
1.863366127014160156e+00
2.117295742034912109e+00
1.834640979766845703e+00
1.502307176589965820e+00
1.704865217208862305e+00
1.649865508079528809e+00
1.632498741149902344e+00
1.722365498542785645e+00
1.843477606773376465e+00
7.226199507713317871e-01
6.308774948120117188e-01
8.286846280097961426e-01
6.229294538497924805e-01
7.928016185760498047e-01
1.462840080261230469e+00
1.395732641220092773e+00
6.501418948173522949e-01
3.325545191764831543e-01
4.424362480640411377e-01
2.729678153991699219e-01
3.193471133708953857e-01
6.074461936950683594e-01
4.272781014442443848e-01
3.036492466926574707e-01
3.266879916191101074e-01
3.276232182979583740e-01
2.357587516307830811e-01
3.151007890701293945e-01
5.384055972099304199e-01
5.115341544151306152e-01
4.108341336250305176e-01
5.258215069770812988e-01
4.963669478893280029e-01
3.277706801891326904e-01
4.120936095714569092e-01
4.012478291988372803e-01
3.198179900646209717e-01
4.437626004219055176e-01
3.392567634582519531e-01
3.122718036174774170e-01
4.915863871574401855e-01
3.738152980804443359e-01
2.048465311527252197e-01
4.357438683509826660e-01
4.030102789402008057e-01
2.788346111774444580e-01
1.368972182273864746e+00
8.853872418403625488e-01
5.452646613121032715e-01
5.291657447814941406e-01
1.508342266082763672e+00
1.050139307975769043e+00
1.382396697998046875e+00
1.688130378723144531e+00
1.846083760261535645e+00
1.176686763763427734e+00
1.305206060409545898e+00
1.571281671524047852e+00
1.159869194030761719e+00
4.555691182613372803e-01
6.266654133796691895e-01
6.226293444633483887e-01
5.884723067283630371e-01
4.374668598175048828e-01
5.534648299217224121e-01
2.137435913085937500e+00
1.690836071968078613e+00
1.538703799247741699e+00
1.886731147766113281e+00
1.460437536239624023e+00
1.348778247833251953e+00
5.113672018051147461e-01
1.297839999198913574e+00
6.642291545867919922e-01
1.109876751899719238e+00
1.151866078376770020e+00
1.962265133857727051e+00
1.679929971694946289e+00
1.665762662887573242e+00
2.096136331558227539e+00
1.699019551277160645e+00
1.885872840881347656e+00
1.458629846572875977e+00
7.493165731430053711e-01
1.796364903450012207e+00
4.173646926879882812e+00
4.148918628692626953e+00
3.415980339050292969e+00
4.005525112152099609e+00
3.881484985351562500e+00
3.545120000839233398e+00
3.868657827377319336e+00
2.431932687759399414e+00
2.483227491378784180e+00
2.707643508911132812e+00
2.338404655456542969e+00
2.225678682327270508e+00
2.340811252593994141e+00
2.390623092651367188e+00
2.130412578582763672e+00
2.324863433837890625e+00
2.883571624755859375e+00
3.015539884567260742e+00
2.588094949722290039e+00
2.838863849639892578e+00
2.904560089111328125e+00
2.587646722793579102e+00
1.963184714317321777e+00
1.987511992454528809e+00
2.274940967559814453e+00
2.527601003646850586e+00
1.427888989448547363e+00
1.089464068412780762e+00
1.199589848518371582e+00
1.922772765159606934e+00
1.729827880859375000e+00
3.100780963897705078e+00
3.135726213455200195e+00
1.861772298812866211e+00
2.853087902069091797e+00
3.000503778457641602e+00
2.945121526718139648e+00
2.360794305801391602e+00
1.887740612030029297e+00
3.263637304306030273e+00
3.032905101776123047e+00
1.388511776924133301e+00
1.249724030494689941e+00
1.277670741081237793e+00
1.073209047317504883e+00
9.895973801612854004e-01
1.015103816986083984e+00
3.653865158557891846e-01
3.434726595878601074e-01
3.515925407409667969e-01
3.093633651733398438e-01
1.908850818872451782e-01
4.330141246318817139e-01
4.883290231227874756e-01
4.613766968250274658e-01
4.212857484817504883e-01
6.299153715372085571e-02
1.269035041332244873e-01
2.740894258022308350e-01
1.073337271809577942e-01
1.739589869976043701e-02
3.555477559566497803e-01
5.205190777778625488e-01
2.353201955556869507e-01
5.666977167129516602e-01
3.962134718894958496e-01
2.586864829063415527e-01
3.533459305763244629e-01
4.789592623710632324e-01
5.066595673561096191e-01
5.319684147834777832e-01
1.299024075269699097e-01
3.754330277442932129e-01
4.650589227676391602e-01
3.337268233299255371e-01
3.649734258651733398e-01
1.378814816474914551e+00
1.429824113845825195e+00
1.189290881156921387e+00
2.509484291076660156e-01
1.944116204977035522e-01
1.640105992555618286e-01
2.033398151397705078e-01
1.191059648990631104e-01
2.745279669761657715e-01
6.976411342620849609e-01
3.744610548019409180e-01
3.395667672157287598e-01
3.434153497219085693e-01
6.718394756317138672e-01
5.208044052124023438e-01
4.319317340850830078e-01
4.221554696559906006e-01
6.344377398490905762e-01
2.152695894241333008e+00
1.867104053497314453e+00
1.843203783035278320e+00
2.007011890411376953e+00
2.294231414794921875e+00
2.189435243606567383e+00
3.288719415664672852e+00
2.567897081375122070e+00
2.057790994644165039e+00
2.143924474716186523e+00
1.366119146347045898e+00
1.246584773063659668e+00
1.748914361000061035e+00
1.895453214645385742e+00
1.312871217727661133e+00
1.543863415718078613e+00
1.632471561431884766e+00
1.052376747131347656e+00
1.375035762786865234e+00
1.351018548011779785e+00
1.361594080924987793e+00
1.516569256782531738e+00
1.343120098114013672e+00
1.128569960594177246e+00
1.103799223899841309e+00
1.361863136291503906e+00
1.510972976684570312e+00
1.304849982261657715e+00
9.825396537780761719e-01
1.286972284317016602e+00
1.341348052024841309e+00
2.580848217010498047e+00
4.125359058380126953e+00
3.001023054122924805e+00
3.392154693603515625e+00
2.613003969192504883e+00
2.550080060958862305e+00
1.742528438568115234e+00
3.485569000244140625e+00
3.040459632873535156e+00
2.903722047805786133e+00
2.739948034286499023e+00
2.472100734710693359e+00
7.448474168777465820e-01
3.966599702835083008e-01
3.421068191528320312e-01
2.404628098011016846e-01
3.653824031352996826e-01
7.541261315345764160e-01
4.980474412441253662e-01
3.268702626228332520e-01
2.404562383890151978e-01
3.139775097370147705e-01
3.084615767002105713e-01
6.802967786788940430e-01
4.723644554615020752e-01
4.407946765422821045e-01
6.464741826057434082e-01
3.990523219108581543e-01
7.843526005744934082e-01
7.645605206489562988e-01
6.368553042411804199e-01
1.380697250366210938e+00
9.873053431510925293e-01
7.824774980545043945e-01
8.981185555458068848e-01
9.598596692085266113e-01
1.264121294021606445e+00
1.188429594039916992e+00
1.121577739715576172e+00
1.114706039428710938e+00
1.619070410728454590e+00
1.938803672790527344e+00
1.678313612937927246e+00
1.683100700378417969e+00
1.592462301254272461e+00
1.730651855468750000e+00
2.345043420791625977e+00
1.117429494857788086e+00
2.225247859954833984e+00
2.145187139511108398e+00
2.645676374435424805e+00
2.708843946456909180e+00
3.781056404113769531e+00
3.733830928802490234e+00
1.406529068946838379e+00
1.353870511054992676e+00
1.254796385765075684e+00
1.129662752151489258e+00
1.239263296127319336e+00
1.331870555877685547e+00
2.212078094482421875e+00
1.612688541412353516e+00
4.003800451755523682e-01
1.193607687950134277e+00
1.330137133598327637e+00
6.734144687652587891e-01
5.846741795539855957e-01
9.710628986358642578e-01
7.650645971298217773e-01
5.670200586318969727e-01
2.188622504472732544e-01
2.519924640655517578e-01
3.314331769943237305e-01
1.472750008106231689e-01
2.383857071399688721e-01
2.704759836196899414e-01
3.644784092903137207e-01
2.661668956279754639e-01
1.439773291349411011e-01
7.998314499855041504e-02
1.252238303422927856e-01
3.867283165454864502e-01
3.112913668155670166e-01
4.569809734821319580e-01
1.652089506387710571e-01
1.826128065586090088e-01
8.387026190757751465e-01
1.210263729095458984e+00
1.051323652267456055e+00
7.867150306701660156e-01
1.906216740608215332e-01
4.009024798870086670e-01
1.992883682250976562e-01
1.194077432155609131e-01
1.848796010017395020e-01
2.826629281044006348e-01
3.250455856323242188e-01
3.552679121494293213e-01
4.713979959487915039e-01
3.087036013603210449e-01
4.656764566898345947e-01
1.759201586246490479e-01
2.931343019008636475e-01
4.173806905746459961e-01
4.345397651195526123e-01
2.240983545780181885e-01
2.688434720039367676e-01
4.751906692981719971e-01
5.327361822128295898e-01
7.234732508659362793e-01
3.728617131710052490e-01
3.568798899650573730e-01
1.794690966606140137e+00
1.908784985542297363e+00
2.674341917037963867e+00
2.701525449752807617e+00
2.842276573181152344e+00
2.861488342285156250e+00
2.127626657485961914e+00
2.198584556579589844e+00
2.196575880050659180e+00
2.733918428421020508e+00
1.560163974761962891e+00
1.158991217613220215e+00
1.302633404731750488e+00
1.509722590446472168e+00
1.324534654617309570e+00
1.654564380645751953e+00
1.467291116714477539e+00
1.690404653549194336e+00
2.513248682022094727e+00
1.511402010917663574e+00
1.358881235122680664e+00
1.474123835563659668e+00
1.623962759971618652e+00
1.393068194389343262e+00
1.533081412315368652e+00
1.260555505752563477e+00
1.386843681335449219e+00
1.608648061752319336e+00
1.552877068519592285e+00
1.153548479080200195e+00
4.566961824893951416e-01
3.505243659019470215e-01
2.207296788692474365e-01
5.012176632881164551e-01
5.330286026000976562e-01
3.475326001644134521e-01
2.642062604427337646e-01
6.063566803932189941e-01
5.238332152366638184e-01
6.512889862060546875e-01
4.563837349414825439e-01
4.182854890823364258e-01
3.345570564270019531e-01
2.126583158969879150e-01
2.598916888236999512e-01
3.204415738582611084e-01
2.957850992679595947e-01
3.911684155464172363e-01
2.711442410945892334e-01
3.870498239994049072e-01
4.650901854038238525e-01
4.536079466342926025e-01
4.904351755976676941e-02
4.241725504398345947e-01
4.408196210861206055e-01
4.406368136405944824e-01
2.940144240856170654e-01
3.460206687450408936e-01
4.824161827564239502e-01
2.317618578672409058e-01
4.035118818283081055e-01
1.521255493164062500e+00
7.947411537170410156e-01
9.266842007637023926e-01
1.256570696830749512e+00
1.101717948913574219e+00
7.600288391113281250e-01
2.066870212554931641e+00
2.177845239639282227e+00
2.513938903808593750e+00
2.815385818481445312e+00
2.273824453353881836e+00
1.992619752883911133e+00
2.537733316421508789e+00
2.082043886184692383e+00
1.780685901641845703e+00
2.150417566299438477e+00
2.319298744201660156e+00
1.918613672256469727e+00
2.863829851150512695e+00
2.096060752868652344e+00
1.726224064826965332e+00
1.858472704887390137e+00
1.843346834182739258e+00
2.873096942901611328e+00
2.552386760711669922e+00
3.092671394348144531e+00
2.459799051284790039e+00
2.538676261901855469e+00
2.465876340866088867e+00
2.528592348098754883e+00
2.581129074096679688e+00
1.568546175956726074e+00
9.398058652877807617e-01
9.172593951225280762e-01
6.760731935501098633e-01
7.606990337371826172e-01
8.609292507171630859e-01
5.031728148460388184e-01
8.787439465522766113e-01
4.290495812892913818e-01
6.266971826553344727e-01
4.322685897350311279e-01
5.291153192520141602e-01
4.327438771724700928e-01
3.753170669078826904e-01
4.154641926288604736e-01
5.181574225425720215e-01
5.195605754852294922e-01
3.530806005001068115e-01
3.244993090629577637e-01
4.478061199188232422e-01
3.062551021575927734e-01
3.280996084213256836e-01
2.345623075962066650e-01
3.273164927959442139e-01
3.623925447463989258e-01
3.720125555992126465e-01
1.987897902727127075e-01
3.048300445079803467e-01
4.150533080101013184e-01
4.641316533088684082e-01
3.719571828842163086e-01
2.737182974815368652e-01
4.193073213100433350e-01
4.547506570816040039e-01
2.677144408226013184e-01
2.917125523090362549e-01
4.280439317226409912e-01
3.814497292041778564e-01
4.502499699592590332e-01
4.589333832263946533e-01
4.166847467422485352e-01
1.487747907638549805e+00
1.821284174919128418e+00
1.340018630027770996e+00
1.147407889366149902e+00
5.744064450263977051e-01
3.937572836875915527e-01
4.424554407596588135e-01
2.330662906169891357e-01
5.844751596450805664e-01
4.282741546630859375e-01
7.947825789451599121e-01
8.217858672142028809e-01
2.078777790069580078e+00
2.311240911483764648e+00
2.393384218215942383e+00
2.014750480651855469e+00
2.271802186965942383e+00
2.461236476898193359e+00
2.927776813507080078e+00
2.300433158874511719e+00
1.416090130805969238e+00
1.727082729339599609e+00
1.461192131042480469e+00
1.214015007019042969e+00
1.488290905952453613e+00
1.785824179649353027e+00
1.337961792945861816e+00
1.443424344062805176e+00
1.426594972610473633e+00
1.228836059570312500e+00
1.419228315353393555e+00
1.167630553245544434e+00
1.472834467887878418e+00
1.339681029319763184e+00
1.641800165176391602e+00
1.462106823921203613e+00
1.390521168708801270e+00
1.450734257698059082e+00
1.452722787857055664e+00
1.206939697265625000e+00
1.292486310005187988e+00
1.389158368110656738e+00
1.283333897590637207e+00
1.418572664260864258e+00
1.452795982360839844e+00
1.473787188529968262e+00
1.449251413345336914e+00
1.265712618827819824e+00
1.842665195465087891e+00
1.322509527206420898e+00
1.480672836303710938e+00
9.255382418632507324e-01
4.886809587478637695e-01
2.778889536857604980e-01
2.782661318778991699e-01
3.252026438713073730e-01
3.611385226249694824e-01
4.199204742908477783e-01
4.388976395130157471e-01
2.419473230838775635e-01
2.601402997970581055e-01
2.551914751529693604e-01
1.930518299341201782e-01
1.990457922220230103e-01
3.026811182498931885e-01
3.704822659492492676e-01
1.260443449020385742e+00
7.486551403999328613e-01
9.439789652824401855e-01
9.654532074928283691e-01
9.683660268783569336e-01
9.385652542114257812e-01
9.657700657844543457e-01
8.121175765991210938e-01
8.876603841781616211e-01
1.331317663192749023e+00
1.288164258003234863e+00
1.200168490409851074e+00
1.424602866172790527e+00
1.599808931350708008e+00
1.532154798507690430e+00
1.892550706863403320e+00
2.204289674758911133e+00
2.187992095947265625e+00
2.142794132232666016e+00
1.891261100769042969e+00
1.446006298065185547e+00
1.516419649124145508e+00
3.034151077270507812e+00
2.030784606933593750e+00
2.894467830657958984e+00
4.528697490692138672e+00
2.843247890472412109e+00
2.509139537811279297e+00
2.613224267959594727e+00
2.013638973236083984e+00
1.265286922454833984e+00
1.490592122077941895e+00
2.263490676879882812e+00
2.303481101989746094e+00
1.973889827728271484e+00
1.540458321571350098e+00
1.390275955200195312e+00
1.016105055809020996e+00
1.346005797386169434e+00
1.266313433647155762e+00
9.722669720649719238e-01
8.050814867019653320e-01
8.417887091636657715e-01
9.939768910408020020e-01
6.653099060058593750e-01
5.271580219268798828e-01
6.309292912483215332e-01
5.370076894760131836e-01
5.476109385490417480e-01
3.004636764526367188e-01
5.146511793136596680e-01
4.787923395633697510e-01
5.263461470603942871e-01
3.724593222141265869e-01
3.639485836029052734e-01
3.419634699821472168e-01
5.104333758354187012e-01
4.120574295520782471e-01
5.114579200744628906e-01
4.685183167457580566e-01
4.485354721546173096e-01
3.402862548828125000e-01
3.607169687747955322e-01
3.691432774066925049e-01
5.020026564598083496e-01
5.496296286582946777e-01
4.725650846958160400e-01
1.474267721176147461e+00
1.330354213714599609e+00
1.327278852462768555e+00
1.108271956443786621e+00
3.389960825443267822e-01
3.288884460926055908e-01
6.139201521873474121e-01
4.945647418498992920e-01
4.848093390464782715e-01
6.757231950759887695e-01
8.233854770660400391e-01
5.381583571434020996e-01
5.164657235145568848e-01
5.573580861091613770e-01
6.032670736312866211e-01
6.764832735061645508e-01
6.078463792800903320e-01
4.819625318050384521e-01
4.759381413459777832e-01
3.834947943687438965e-01
5.650427341461181641e-01
5.381616353988647461e-01
8.150241374969482422e-01
2.218721866607666016e+00
2.722823143005371094e+00
2.788305044174194336e+00
2.616686105728149414e+00
2.652868986129760742e+00
2.519393444061279297e+00
2.515639543533325195e+00
2.388075113296508789e+00
2.240242242813110352e+00
1.115315675735473633e+00
1.473371982574462891e+00
1.593198299407958984e+00
1.506532669067382812e+00
1.245984435081481934e+00
1.204097867012023926e+00
1.388351440429687500e+00
1.272913694381713867e+00
1.421392917633056641e+00
1.554471015930175781e+00
1.484621763229370117e+00
1.216981649398803711e+00
1.371241211891174316e+00
1.054347276687622070e+00
1.401943445205688477e+00
1.185993194580078125e+00
1.388337492942810059e+00
1.304343461990356445e+00
1.456046581268310547e+00
1.454355359077453613e+00
1.147824287414550781e+00
1.187274575233459473e+00
1.409843802452087402e+00
1.365447044372558594e+00
1.157315135002136230e+00
1.309495925903320312e+00
1.241871833801269531e+00
2.664464712142944336e+00
1.284926652908325195e+00
1.190433263778686523e+00
8.553313016891479492e-01
8.430788516998291016e-01
1.384666800498962402e+00
3.571084737777709961e-01
5.432453751564025879e-01
3.911163508892059326e-01
9.631732106208801270e-01
4.656548202037811279e-01
4.512616693973541260e-01
4.293195605278015137e-01
3.772124648094177246e-01
3.777913451194763184e-01
3.401050865650177002e-01
4.099120795726776123e-01
3.280579447746276855e-01
4.173165559768676758e-01
4.087597727775573730e-01
3.498158156871795654e-01
3.680079877376556396e-01
4.098468422889709473e-01
5.322693586349487305e-01
6.011797785758972168e-01
5.986808538436889648e-01
6.668703556060791016e-01
6.351202130317687988e-01
6.638119816780090332e-01
7.484882473945617676e-01
5.416007637977600098e-01
7.004553079605102539e-01
1.090371131896972656e+00
3.170076131820678711e+00
3.880610942840576172e+00
2.934970855712890625e+00
3.100919485092163086e+00
3.536863088607788086e+00
2.249459981918334961e+00
2.460823774337768555e+00
3.218026876449584961e+00
2.741021394729614258e+00
2.434902429580688477e+00
3.485606670379638672e+00
3.257057905197143555e+00
1.302759766578674316e+00
1.683483123779296875e+00
2.156479358673095703e+00
1.945263624191284180e+00
2.817635059356689453e+00
1.643775343894958496e+00
2.577895402908325195e+00
2.549563407897949219e+00
1.211665153503417969e+00
1.253130197525024414e+00
1.569090008735656738e+00
8.907176256179809570e-01
6.217626333236694336e-01
1.112402558326721191e+00
6.009958982467651367e-01
5.897882580757141113e-01
1.124272108078002930e+00
5.549701452255249023e-01
4.076803624629974365e-01
3.632088005542755127e-01
4.082261025905609131e-01
3.446953892707824707e-01
3.753401041030883789e-01
5.180831551551818848e-01
5.063621997833251953e-01
3.817386329174041748e-01
1.479174941778182983e-01
3.273208737373352051e-01
3.437229096889495850e-01
3.200298845767974854e-01
3.441455662250518799e-01
4.444834887981414795e-01
3.671045601367950439e-01
3.090138733386993408e-01
3.695837557315826416e-01
1.876309961080551147e-01
1.445708632469177246e+00
1.199737548828125000e+00
7.763349413871765137e-01
4.681340157985687256e-01
2.836195230484008789e-01
3.871005475521087646e-01
2.408767044544219971e-01
3.953462243080139160e-01
3.245873153209686279e-01
3.428192138671875000e-01
1.392439305782318115e-01
4.272600114345550537e-01
5.128552913665771484e-01
1.226577237248420715e-01
1.763167828321456909e-01
4.001528024673461914e-02
4.030919671058654785e-01
1.167868226766586304e-01
3.086380958557128906e-01
4.905552268028259277e-01
4.748466908931732178e-01
4.632180929183959961e-01
4.298532307147979736e-01
3.855242133140563965e-01
1.879620999097824097e-01
5.100203156471252441e-01
1.312777757644653320e+00
1.840110659599304199e+00
1.958895087242126465e+00
2.348800420761108398e+00
2.800896406173706055e+00
2.171738147735595703e+00
2.065450429916381836e+00
2.131788253784179688e+00
1.958281040191650391e+00
1.765134096145629883e+00
1.734373211860656738e+00
1.901944875717163086e+00
1.512832164764404297e+00
1.386769413948059082e+00
1.473751306533813477e+00
1.175410866737365723e+00
1.598764657974243164e+00
1.476791024208068848e+00
1.280774593353271484e+00
1.376414537429809570e+00
1.337584137916564941e+00
1.519931674003601074e+00
1.491828322410583496e+00
1.259511470794677734e+00
1.470015406608581543e+00
1.391205072402954102e+00
1.434805035591125488e+00
1.456926941871643066e+00
1.307165026664733887e+00
1.075956821441650391e+00
1.357473015785217285e+00
1.440687179565429688e+00
1.170831203460693359e+00
1.451460003852844238e+00
1.351388812065124512e+00
1.581376194953918457e+00
1.394163966178894043e+00
1.493206262588500977e+00
2.322407007217407227e+00
1.590355277061462402e+00
1.817368388175964355e+00
1.503803133964538574e+00
1.690589427947998047e+00
1.327478408813476562e+00
1.225671291351318359e+00
2.068318605422973633e+00
1.632593035697937012e+00
1.344241976737976074e+00
1.294345736503601074e+00
1.568702101707458496e+00
1.190337419509887695e+00
1.680303573608398438e+00
1.818269968032836914e+00
1.703949213027954102e+00
1.618190526962280273e+00
1.630788922309875488e+00
1.791522860527038574e+00
2.065062046051025391e+00
1.640239238739013672e+00
1.651848077774047852e+00
1.214653134346008301e+00
1.832122564315795898e+00
1.275188207626342773e+00
1.502203822135925293e+00
8.491065502166748047e-01
6.177144646644592285e-01
7.568243741989135742e-01
7.251597642898559570e-01
6.460813879966735840e-01
1.029992222785949707e+00
1.433122873306274414e+00
1.304115176200866699e+00
1.222857475280761719e+00
1.391845941543579102e+00
1.505262732505798340e+00
1.310213804244995117e+00
1.138450860977172852e+00
1.724279284477233887e+00
2.001459121704101562e+00
1.499157786369323730e+00
1.638424158096313477e+00
1.884101629257202148e+00
2.938446521759033203e+00
1.573626637458801270e+00
1.231100916862487793e+00
1.000331640243530273e+00
1.507370591163635254e+00
1.142688751220703125e+00
2.688171386718750000e+00
2.111046552658081055e+00
1.904821515083312988e+00
2.020859003067016602e+00
2.021707296371459961e+00
1.174483299255371094e+00
7.381267547607421875e-01
3.939261436462402344e-01
5.203971266746520996e-01
3.891137838363647461e-01
4.264404475688934326e-01
2.160826325416564941e-01
3.210654258728027344e-01
2.903532981872558594e-01
4.088515937328338623e-01
3.393079936504364014e-01
4.665842652320861816e-01
4.170057177543640137e-01
3.107401430606842041e-01
3.821774721145629883e-01
2.509868144989013672e-01
3.334127068519592285e-01
4.394178986549377441e-01
3.887755572795867920e-01
2.408205121755599976e-01
3.660887479782104492e-01
2.848461270332336426e-01
3.766332864761352539e-01
2.747135460376739502e-01
2.438476532697677612e-01
3.614833652973175049e-01
3.343032598495483398e-01
7.461353540420532227e-01
1.508470475673675537e-01
3.643279373645782471e-01
4.350432753562927246e-01
2.712190747261047363e-01
3.793970346450805664e-01
4.151303470134735107e-01
3.367619216442108154e-01
3.796330094337463379e-01
5.639808773994445801e-01
4.190450012683868408e-01
4.512093067169189453e-01
4.104251861572265625e-01
4.004282653331756592e-01
4.469057023525238037e-01
5.681679844856262207e-01
5.099284648895263672e-01
1.346798777580261230e+00
1.392336249351501465e+00
1.334791898727416992e+00
1.023307085037231445e+00
5.405564308166503906e-01
4.098742306232452393e-01
6.102253198623657227e-01
3.867560029029846191e-01
1.579944014549255371e+00
1.944174051284790039e+00
2.612876176834106445e+00
2.833872556686401367e+00
2.099513053894042969e+00
2.483482122421264648e+00
2.208558082580566406e+00
2.557985305786132812e+00
1.998751044273376465e+00
2.445088863372802734e+00
1.823735713958740234e+00
1.250792384147644043e+00
1.672671556472778320e+00
1.662179112434387207e+00
3.054699182510375977e+00
1.330063700675964355e+00
1.232281208038330078e+00
1.586420416831970215e+00
1.539225935935974121e+00
1.823351740837097168e+00
7.716717123985290527e-01
2.324522256851196289e+00
1.618394970893859863e+00
4.168963432312011719e-01
8.023608326911926270e-01
1.902265906333923340e+00
1.894840002059936523e+00
2.933855772018432617e+00
2.985061645507812500e+00
3.149368047714233398e+00
2.583049535751342773e+00
1.683303356170654297e+00
2.418398857116699219e+00
1.739130496978759766e+00
1.060463428497314453e+00
1.205912709236145020e+00
6.086851358413696289e-01
6.129651665687561035e-01
2.643138885498046875e+00
5.709909200668334961e-01
6.385401487350463867e-01
1.738109230995178223e+00
1.562713384628295898e+00
1.588078379631042480e+00
1.021660566329956055e+00
1.114128232002258301e+00
2.119136810302734375e+00
4.453438818454742432e-01
5.487966537475585938e-01
7.128099799156188965e-01
6.418956518173217773e-01
1.683762192726135254e+00
1.707409381866455078e+00
1.444212317466735840e+00
1.374972224235534668e+00
1.576325893402099609e+00
1.580029249191284180e+00
1.628295183181762695e+00
1.501993775367736816e+00
1.329637527465820312e+00
1.694516420364379883e+00
1.497178435325622559e+00
1.102201461791992188e+00
1.713538765907287598e+00
2.203073263168334961e+00
2.141534805297851562e+00
2.089796543121337891e+00
2.332976102828979492e+00
3.379084587097167969e+00
5.083702564239501953e+00
4.447349548339843750e+00
4.630539894104003906e+00
4.193034172058105469e+00
3.959491968154907227e+00
4.288712024688720703e+00
3.756975412368774414e+00
3.496289014816284180e+00
3.015665769577026367e+00
2.537794828414916992e+00
2.901054382324218750e+00
2.523530244827270508e+00
3.097414970397949219e+00
1.921625971794128418e+00
1.488226413726806641e+00
1.427150845527648926e+00
1.636491775512695312e+00
1.964251756668090820e+00
1.547420382499694824e+00
2.392880201339721680e+00
1.743974566459655762e+00
1.964777469635009766e+00
1.814712643623352051e+00
2.177916765213012695e+00
1.521527171134948730e+00
1.734242439270019531e+00
1.229425430297851562e+00
9.876794815063476562e-01
6.481815576553344727e-01
7.215490937232971191e-01
7.089860439300537109e-01
8.338752388954162598e-01
8.835911154747009277e-01
5.044668316841125488e-01
4.705452620983123779e-01
6.871711611747741699e-01
5.681833624839782715e-01
2.940333485603332520e-01
4.980019330978393555e-01
4.297063350677490234e-01
3.235391676425933838e-01
4.832162559032440186e-01
3.220880925655364990e-01
1.032902374863624573e-01
3.864586055278778076e-01
1.465653628110885620e-01
1.151979804039001465e+00
1.282810926437377930e+00
1.129010438919067383e+00
9.057266712188720703e-01
2.548959851264953613e-01
2.282451689243316650e-01
5.010131597518920898e-01
4.533615112304687500e-01
3.742398619651794434e-01
3.960287272930145264e-01
4.704567492008209229e-01
3.294999599456787109e-01
2.813746631145477295e-01
2.838185429573059082e-01
5.305181741714477539e-01
5.875349044799804688e-01
6.938492655754089355e-01
5.528470277786254883e-01
5.434665679931640625e-01
4.340480268001556396e-01
4.707247912883758545e-01
3.564613163471221924e-01
2.436549663543701172e-01
4.865281879901885986e-01
3.834443390369415283e-01
1.887251883745193481e-01
4.301317334175109863e-01
3.534983396530151367e-01
2.298198640346527100e-01
3.120763897895812988e-01
1.587919116020202637e+00
1.866393089294433594e+00
2.076735734939575195e+00
2.362302303314208984e+00
2.421815156936645508e+00
2.465432405471801758e+00
1.612612128257751465e+00
1.408021569252014160e+00
1.557708382606506348e+00
1.688224434852600098e+00
1.644153952598571777e+00
1.422195196151733398e+00
1.422886133193969727e+00
1.451988458633422852e+00
1.696386814117431641e+00
1.107329607009887695e+00
1.397712469100952148e+00
1.497956037521362305e+00
3.868716657161712646e-01
3.803848624229431152e-01
3.988094627857208252e-01
3.768353164196014404e-01
2.335155308246612549e-01
3.416298925876617432e-01
6.866210699081420898e-01
2.037257403135299683e-01
9.896141290664672852e-02
3.551242649555206299e-01
3.197527527809143066e-01
2.399003654718399048e-01
4.346606433391571045e-01
6.559541225433349609e-01
4.382570683956146240e-01
4.373520016670227051e-01
5.338070392608642578e-01
4.630593657493591309e-01
3.434027433395385742e-01
3.970949649810791016e-01
4.643786251544952393e-01
3.949899077415466309e-01
1.752686202526092529e-01
3.888764381408691406e-01
3.244974017143249512e-01
4.068692922592163086e-01
2.907397747039794922e-01
4.257897436618804932e-01
3.937427699565887451e-01
2.486739605665206909e-01
3.106639385223388672e-01
3.618048727512359619e-01
2.717099785804748535e-01
4.034090936183929443e-01
2.855513691902160645e-01
2.736884057521820068e-01
4.001037478446960449e-01
4.815401732921600342e-01
4.216780066490173340e-01
2.235405594110488892e-01
5.748422741889953613e-01
3.821974694728851318e-01
4.603230655193328857e-01
3.427679538726806641e-01
4.061895310878753662e-01
3.117477297782897949e-01
1.712033987045288086e+00
1.219672679901123047e+00
1.267043948173522949e+00
6.954505443572998047e-01
1.817408949136734009e-01
3.888761401176452637e-01
2.934582829475402832e-01
5.010263323783874512e-01
4.822424054145812988e-01
5.925662517547607422e-01
3.774966895580291748e-01
5.199730992317199707e-01
3.849083185195922852e-01
4.821892082691192627e-01
4.778919219970703125e-01
6.579961776733398438e-01
4.533028602600097656e-01
3.426788747310638428e-01
2.815681695938110352e-01
1.595975995063781738e+00
1.815039396286010742e+00
1.338026285171508789e+00
1.523084521293640137e+00
1.500992298126220703e+00
5.293039083480834961e-01
9.098132252693176270e-01
1.424660921096801758e+00
1.971466779708862305e+00
1.766712665557861328e+00
1.974444627761840820e+00
1.178354024887084961e+00
7.503682971000671387e-01
4.930769503116607666e-01
2.027337849140167236e-01
2.894526124000549316e-01
6.284314393997192383e-01
2.202343940734863281e-01
2.162679135799407959e-01
4.121484458446502686e-01
5.639320611953735352e-01
1.362836807966232300e-01
3.100776672363281250e-01
4.405597746372222900e-01
3.795672357082366943e-01
2.928848564624786377e-01
2.861025929450988770e-01
2.579535543918609619e-01
2.069642096757888794e-01
2.100105434656143188e-01
4.649703800678253174e-01
4.309970438480377197e-01
2.643455266952514648e-01
2.532993555068969727e-01
3.041799068450927734e-01
2.762166857719421387e-01
2.942652106285095215e-01
3.318539261817932129e-01
2.656567990779876709e-01
4.852810502052307129e-01
3.502329885959625244e-01
2.859362065792083740e-01
2.247849553823471069e-01
4.052894115447998047e-01
4.681885838508605957e-01
2.884406447410583496e-01
5.006258487701416016e-01
5.637163519859313965e-01
2.756062746047973633e-01
3.435433804988861084e-01
4.683269858360290527e-01
3.836389482021331787e-01
3.172296881675720215e-01
4.036119282245635986e-01
3.709498643875122070e-01
3.856960535049438477e-01
3.337029814720153809e-01
3.154954910278320312e-01
9.104014635086059570e-01
1.066639423370361328e+00
1.970240473747253418e+00
2.561712026596069336e+00
2.091008424758911133e+00
1.885784387588500977e+00
2.003883600234985352e+00
2.110315322875976562e+00
2.016600131988525391e+00
2.417256832122802734e+00
2.002614736557006836e+00
1.756487965583801270e+00
2.454494714736938477e+00
2.414106130599975586e+00
2.318819284439086914e+00
2.217141628265380859e+00
1.310094594955444336e+00
1.596333622932434082e+00
1.709198474884033203e+00
1.310395836830139160e+00
1.496191978454589844e+00
1.702526330947875977e+00
2.561204433441162109e+00
2.306609153747558594e+00
3.211989879608154297e+00
2.964253902435302734e+00
2.452389240264892578e+00
1.654862046241760254e+00
2.633595943450927734e+00
2.597596645355224609e+00
2.453942537307739258e+00
3.127068758010864258e+00
1.491989254951477051e+00
2.188744783401489258e+00
2.499927520751953125e+00
1.936996579170227051e+00
1.796629905700683594e+00
1.912681341171264648e+00
2.069364786148071289e+00
1.680116057395935059e+00
1.748145580291748047e+00
1.668716669082641602e+00
1.714360237121582031e+00
1.643070936203002930e+00
2.359543323516845703e+00
2.254930496215820312e+00
1.150858759880065918e+00
1.786342740058898926e+00
1.418429017066955566e+00
1.592367172241210938e+00
2.047830820083618164e+00
2.130378961563110352e+00
2.974698543548583984e+00
2.368123292922973633e+00
7.680470347404479980e-01
5.939471721649169922e-01
6.185194849967956543e-01
6.829045414924621582e-01
1.009803652763366699e+00
9.326998591423034668e-01
1.027832388877868652e+00
7.723525762557983398e-01
9.183214902877807617e-01
9.754095077514648438e-01
8.226478695869445801e-01
7.022106647491455078e-01
6.289198398590087891e-01
6.152100563049316406e-01
6.451840400695800781e-01
1.023669123649597168e+00
1.160505056381225586e+00
3.169591665267944336e+00
3.844534158706665039e+00
3.950856685638427734e+00
3.694748163223266602e+00
3.339545726776123047e+00
3.490943193435668945e+00
1.951788783073425293e+00
1.322682499885559082e+00
1.768136024475097656e+00
3.493450880050659180e+00
3.053083181381225586e+00
9.667083024978637695e-01
1.218328833580017090e+00
1.789660692214965820e+00
1.810434341430664062e+00
1.547145724296569824e+00
1.591364264488220215e+00
2.120373725891113281e+00
2.170133352279663086e+00
2.793769598007202148e+00
2.520728349685668945e+00
2.468776702880859375e+00
2.204884767532348633e+00
1.619481563568115234e+00
1.530953645706176758e+00
1.188906073570251465e+00
4.058208763599395752e-01
3.885653316974639893e-01
2.716173417866230011e-02
5.220751166343688965e-01
3.515346944332122803e-01
2.822564542293548584e-01
2.623958587646484375e-01
7.377260327339172363e-01
4.528739154338836670e-01
3.437434732913970947e-01
2.176904827356338501e-01
2.184851020574569702e-01
4.284673929214477539e-01
4.590476751327514648e-01
4.546612799167633057e-01
3.165526688098907471e-01
1.687530428171157837e-01
9.362664073705673218e-02
3.450643420219421387e-01
3.075798153877258301e-01
3.875497877597808838e-01
3.497884273529052734e-01
4.468750059604644775e-01
3.210059404373168945e-01
1.583227962255477905e-01
1.789346784353256226e-01
3.073051571846008301e-01
2.571734786033630371e-01
2.238563150167465210e-01
2.742725312709808350e-01
7.980442792177200317e-02
3.133523166179656982e-01
2.356512993574142456e-01
4.543271660804748535e-01
2.161854207515716553e-01
2.290249764919281006e-01
4.058535099029541016e-01
4.129630625247955322e-01
2.648643851280212402e-01
5.840377211570739746e-01
5.235069990158081055e-01
6.665740609169006348e-01
5.047269463539123535e-01
1.841217130422592163e-01
5.999126434326171875e-01
4.181977808475494385e-01
5.410265326499938965e-01
4.614164233207702637e-01
5.377250313758850098e-01
1.550281167030334473e+00
1.763979077339172363e+00
2.665542125701904297e+00
1.783374786376953125e+00
2.112147331237792969e+00
2.281239986419677734e+00
2.282786369323730469e+00
2.399870395660400391e+00
2.077283382415771484e+00
2.753935337066650391e+00
2.200937747955322266e+00
1.293148159980773926e+00
1.628661036491394043e+00
1.294282674789428711e+00
1.208748221397399902e+00
1.019708991050720215e+00
1.359243869781494141e+00
1.380836844444274902e+00
1.391258597373962402e+00
1.776610851287841797e+00
1.284933447837829590e+00
1.625606179237365723e+00
1.440549612045288086e+00
1.643492460250854492e+00
1.567353010177612305e+00
1.754704475402832031e+00
1.202065467834472656e+00
1.363428831100463867e+00
2.003286600112915039e+00
2.458199024200439453e+00
1.529439568519592285e+00
1.412481904029846191e+00
1.570368647575378418e+00
1.864254832267761230e+00
1.023240923881530762e+00
8.836598992347717285e-01
3.602411448955535889e-01
6.690053343772888184e-01
6.166158914566040039e-01
2.143577575683593750e+00
4.077817797660827637e-01
4.817794561386108398e-01
5.373415350914001465e-01
6.293606162071228027e-01
1.422103881835937500e+00
1.793229460716247559e+00
1.694135427474975586e+00
2.491963624954223633e+00
5.658252835273742676e-01
4.275746643543243408e-01
7.044028639793395996e-01
4.814513623714447021e-01
3.184702694416046143e-01
6.668859720230102539e-01
8.998500108718872070e-01
5.293299555778503418e-01
6.108688712120056152e-01
6.308919787406921387e-01
6.862112879753112793e-01
5.406795144081115723e-01
8.073836565017700195e-01
1.357517123222351074e+00
1.169330000877380371e+00
1.231405973434448242e+00
6.278026700019836426e-01
8.030112385749816895e-01
7.947082519531250000e-01
1.214210987091064453e+00
1.327394604682922363e+00
1.682266116142272949e+00
1.963106870651245117e+00
1.974331736564636230e+00
2.053217172622680664e+00
3.246808290481567383e+00
2.859582662582397461e+00
2.620158672332763672e+00
2.549394369125366211e+00
2.451606512069702148e+00
1.936085224151611328e+00
1.549932241439819336e+00
3.067988157272338867e+00
2.276943922042846680e+00
3.356611967086791992e+00
2.640160322189331055e+00
2.741865158081054688e+00
2.426349878311157227e+00
2.468929290771484375e+00
1.310199856758117676e+00
1.506531238555908203e+00
1.280081987380981445e+00
1.174929738044738770e+00
1.179236412048339844e+00
7.568002343177795410e-01
6.794958710670471191e-01
8.363612890243530273e-01
7.028871178627014160e-01
4.456259310245513916e-01
7.462211847305297852e-01
5.792990922927856445e-01
5.016902089118957520e-01
3.126955628395080566e-01
5.657625198364257812e-01
3.152479529380798340e-01
2.439767569303512573e-01
4.141814112663269043e-01
5.819872021675109863e-01
4.093551039695739746e-01
1.930970549583435059e-01
4.466507732868194580e-01
2.718015313148498535e-01
3.284115195274353027e-01
1.494252979755401611e-01
3.278046548366546631e-01
2.444355934858322144e-01
1.825259178876876831e-01
3.179056048393249512e-01
3.619671463966369629e-01
1.390309631824493408e-01
2.903905808925628662e-01
4.482753574848175049e-01
1.392843127250671387e+00
1.124514937400817871e+00
1.173399806022644043e+00
8.190843462944030762e-01
1.778569370508193970e-01
6.386070698499679565e-02
3.234366476535797119e-01
4.094781577587127686e-01
1.776836961507797241e-01
4.279427826404571533e-01
3.328984975814819336e-01
2.488943487405776978e-01
3.152334392070770264e-01
2.446940690279006958e-01
2.748807370662689209e-01
1.573467403650283813e-01
5.721930861473083496e-01
5.985860228538513184e-01
3.513740599155426025e-01
5.765652656555175781e-01
4.871517717838287354e-01
5.635099411010742188e-01
2.838919758796691895e-01
7.088106274604797363e-01
1.961666464805603027e+00
1.729062318801879883e+00
1.632749199867248535e+00
1.881065487861633301e+00
2.697641611099243164e+00
1.849682927131652832e+00
3.684905052185058594e+00
2.697198390960693359e+00
1.876317262649536133e+00
2.252685070037841797e+00
1.428717017173767090e+00
1.770346879959106445e+00
1.133489966392517090e+00
2.124122858047485352e+00
1.546001672744750977e+00
1.254741907119750977e+00
1.439318895339965820e+00
1.476356625556945801e+00
1.751116991043090820e+00
1.393456578254699707e+00
1.406931996345520020e+00
1.250144958496093750e+00
1.805171370506286621e+00
9.409838914871215820e-01
1.255907654762268066e+00
1.473348736763000488e+00
1.608084797859191895e+00
1.179179072380065918e+00
1.167861104011535645e+00
1.604800820350646973e+00
1.539252281188964844e+00
1.310146450996398926e+00
1.212860822677612305e+00
1.295434951782226562e+00
1.932082295417785645e+00
1.543388962745666504e+00
1.389387249946594238e+00
1.812015533447265625e+00
1.417004823684692383e+00
2.154722213745117188e+00
2.524653196334838867e+00
1.777362704277038574e+00
1.573047637939453125e+00
1.779178857803344727e+00
1.745500206947326660e+00
1.222296357154846191e+00
1.752529740333557129e+00
3.124850511550903320e+00
1.969796180725097656e+00
1.207347631454467773e+00
1.468075633049011230e+00
1.615027427673339844e+00
1.418808937072753906e+00
1.604579091072082520e+00
1.909443736076354980e+00
1.562045335769653320e+00
5.405882596969604492e-01
6.297199726104736328e-01
1.335942268371582031e+00
1.158801078796386719e+00
1.033056139945983887e+00
2.442443609237670898e+00
2.088180541992187500e+00
2.459774494171142578e+00
2.413780927658081055e+00
2.408054351806640625e+00
9.944091439247131348e-01
1.120880722999572754e+00
2.450297832489013672e+00
2.587496042251586914e+00
2.593244552612304688e+00
2.320535898208618164e+00
2.290860414505004883e+00
1.889268994331359863e+00
1.351170301437377930e+00
1.755547881126403809e+00
1.632967948913574219e+00
1.943108081817626953e+00
1.609051585197448730e+00
2.496834516525268555e+00
2.610714197158813477e+00
2.678916215896606445e+00
2.666471719741821289e+00
1.879245996475219727e+00
2.044614791870117188e+00
1.834518194198608398e+00
2.081447362899780273e+00
2.149640798568725586e+00
2.460136890411376953e+00
1.266294836997985840e+00
5.211127996444702148e-01
8.301348686218261719e-01
7.663586139678955078e-01
8.620245456695556641e-01
3.915666937828063965e-01
5.993449687957763672e-01
3.203020691871643066e-01
3.240709006786346436e-01
3.492330908775329590e-01
4.185184538364410400e-01
4.371826052665710449e-01
2.962047457695007324e-01
2.250999063253402710e-01
3.258511722087860107e-01
3.528810739517211914e-01
4.107420444488525391e-01
3.252936601638793945e-01
5.242245793342590332e-01
7.037080079317092896e-02
1.421685665845870972e-01
4.302249252796173096e-01
3.509678542613983154e-01
2.676122188568115234e-01
2.344145774841308594e-01
2.440206110477447510e-01
4.738078415393829346e-01
2.517671585083007812e-01
2.876912653446197510e-01
3.557634651660919189e-01
1.851536929607391357e-01
1.420641243457794189e-01
2.791457176208496094e-01
2.631696462631225586e-01
2.383637726306915283e-01
3.147055208683013916e-01
5.953530073165893555e-01
1.445518434047698975e-01
3.856083452701568604e-01
2.102010399103164673e-01
5.233187079429626465e-01
3.038496077060699463e-01
3.654188513755798340e-01
4.476361572742462158e-01
1.680673003196716309e+00
1.408300638198852539e+00
1.435356497764587402e+00
9.976572394371032715e-01
5.493944883346557617e-01
5.600206851959228516e-01
5.606310963630676270e-01
5.257206559181213379e-01
5.246316194534301758e-01
1.740941166877746582e+00
9.775049686431884766e-01
2.187742710113525391e+00
1.875059485435485840e+00
2.209458827972412109e+00
2.761905670166015625e+00
2.030428886413574219e+00
2.538413524627685547e+00
2.908262729644775391e+00
1.966127157211303711e+00
1.837369918823242188e+00
2.134509325027465820e+00
1.992975234985351562e+00
2.091254234313964844e+00
1.024369478225708008e+00
1.606800436973571777e+00
1.293735027313232422e+00
1.678640365600585938e+00
9.575909376144409180e-01
1.085736989974975586e+00
9.048150777816772461e-01
7.349159717559814453e-01
9.920302629470825195e-01
1.221944451332092285e+00
8.883730173110961914e-01
4.959741532802581787e-01
8.201412558555603027e-01
4.770485162734985352e-01
5.373879075050354004e-01
5.332824587821960449e-01
2.034566402435302734e+00
1.445491790771484375e+00
1.354232549667358398e+00
4.012179672718048096e-01
2.940473258495330811e-01
8.529409170150756836e-01
5.886702537536621094e-01
5.807414054870605469e-01
4.858278632164001465e-01
4.654179811477661133e-01
5.114170908927917480e-01
5.391900539398193359e-01
2.881618738174438477e-01
4.600319564342498779e-01
4.317689239978790283e-01
3.730483651161193848e-01
2.353015542030334473e-01
3.298806846141815186e-01
3.680447041988372803e-01
3.332698941230773926e-01
3.670519292354583740e-01
3.754357695579528809e-01
3.527870476245880127e-01
2.988210022449493408e-01
4.812043905258178711e-01
3.613331317901611328e-01
3.958607017993927002e-01
4.483674466609954834e-01
5.675655007362365723e-01
3.330284357070922852e-01
7.962712049484252930e-01
6.833584308624267578e-01
8.761679530143737793e-01
6.253499984741210938e-01
1.338554978370666504e+00
1.383707165718078613e+00
2.011200904846191406e+00
1.538813948631286621e+00
1.999477148056030273e+00
1.817144513130187988e+00
1.654208302497863770e+00
1.909796714782714844e+00
2.084488391876220703e+00
2.824260473251342773e+00
2.541307449340820312e+00
2.686773538589477539e+00
3.075557470321655273e+00
2.754069566726684570e+00
2.586213827133178711e+00
1.852007508277893066e+00
1.154870510101318359e+00
1.254287958145141602e+00
2.562345504760742188e+00
1.830643296241760254e+00
1.729876875877380371e+00
1.722029209136962891e+00
1.716806292533874512e+00
1.623391032218933105e+00
1.391016483306884766e+00
1.539075136184692383e+00
1.685249686241149902e+00
1.380514502525329590e+00
8.453229069709777832e-01
1.367638945579528809e+00
1.221935153007507324e+00
1.068749427795410156e+00
7.814049124717712402e-01
1.181154847145080566e+00
2.034822702407836914e+00
1.691248536109924316e+00
1.492483735084533691e+00
1.544539332389831543e+00
6.641976237297058105e-01
4.525910317897796631e-01
4.540064632892608643e-01
3.580245077610015869e-01
3.567781746387481689e-01
4.621129333972930908e-01
4.968274235725402832e-01
3.846533894538879395e-01
3.412612378597259521e-01
4.746180772781372070e-01
4.466003477573394775e-01
2.918421924114227295e-01
4.062311947345733643e-01
3.878255188465118408e-01
2.273263931274414062e-01
1.691784411668777466e-01
2.962644994258880615e-01
5.259840488433837891e-01
1.659816354513168335e-01
3.307405412197113037e-01
3.450210392475128174e-01
3.237748742103576660e-01
1.917515099048614502e-01
4.068758785724639893e-01
3.976897597312927246e-01
3.001449108123779297e-01
2.923448979854583740e-01
4.425234198570251465e-01
4.314399957656860352e-01
3.550277948379516602e-01
3.432265222072601318e-01
5.075134038925170898e-01
3.956277370452880859e-01
3.255822658538818359e-01
5.209669470787048340e-01
