1.870683789253234863e+00
1.251446127891540527e+00
1.171850323677062988e+00
1.502747654914855957e+00
1.329497098922729492e+00
1.408119916915893555e+00
1.919111132621765137e+00
1.662019848823547363e+00
1.129923462867736816e+00
1.387386083602905273e+00
1.504073381423950195e+00
1.460991024971008301e+00
1.396173119544982910e+00
1.510791540145874023e+00
1.052754521369934082e+00
1.247260928153991699e+00
1.121853709220886230e+00
1.066220879554748535e+00
9.651130437850952148e-01
1.143863797187805176e+00
1.255313158035278320e+00
1.289835453033447266e+00
1.029239296913146973e+00
9.839654564857482910e-01
3.035100102424621582e-01
4.554907083511352539e-01
3.537971079349517822e-01
4.317434132099151611e-01
3.468580245971679688e-01
3.020498752593994141e-01
2.880623936653137207e-01
1.059287309646606445e+00
5.481607317924499512e-01
3.855935633182525635e-01
4.545080661773681641e-01
3.202217519283294678e-01
2.703523635864257812e-01
6.445453763008117676e-01
4.876202046871185303e-01
3.742845356464385986e-01
4.584874212741851807e-01
4.849074482917785645e-01
2.557536363601684570e-01
3.744314610958099365e-01
3.160085976123809814e-01
2.422682940959930420e-01
1.648888140916824341e-01
4.241854548454284668e-01
4.187843501567840576e-01
4.592291414737701416e-01
3.893229365348815918e-01
3.285134732723236084e-01
2.515015602111816406e-01
3.690813481807708740e-01
3.661918044090270996e-01
3.934719562530517578e-01
1.641952395439147949e+00
1.623455882072448730e+00
1.946759343147277832e+00
1.543358802795410156e+00
1.385137677192687988e+00
5.972078442573547363e-01
4.650827646255493164e-01
6.230615973472595215e-01
7.742830514907836914e-01
4.168056249618530273e-01
7.424476742744445801e-01
6.902900934219360352e-01
4.721322953701019287e-01
4.198319315910339355e-01
2.884831130504608154e-01
5.969296097755432129e-01
4.959944486618041992e-01
4.728498756885528564e-01
4.128295779228210449e-01
3.888591527938842773e-01
5.768585205078125000e-01
1.709566593170166016e+00
1.840554952621459961e+00
2.239312887191772461e+00
1.712846398353576660e+00
1.774107813835144043e+00
1.718120098114013672e+00
1.637781143188476562e+00
1.566326498985290527e+00
1.260725736618041992e+00
1.469341874122619629e+00
1.391717910766601562e+00
1.311894893646240234e+00
1.210726141929626465e+00
1.534597516059875488e+00
1.329611182212829590e+00
1.424555659294128418e+00
1.482180953025817871e+00
1.575600624084472656e+00
1.554899334907531738e+00
1.540667653083801270e+00
1.526816964149475098e+00
2.119133472442626953e+00
1.232933282852172852e+00
1.295279026031494141e+00
1.419723033905029297e+00
1.537021875381469727e+00
1.484920263290405273e+00
1.332163810729980469e+00
1.562951803207397461e+00
1.229905605316162109e+00
1.156292796134948730e+00
1.364928960800170898e+00
1.378761887550354004e+00
7.146351933479309082e-01
3.781523406505584717e-01
4.449585080146789551e-01
2.023966461420059204e-01
2.964708805084228516e-01
2.080370336771011353e-01
2.877847254276275635e-01
5.119691491127014160e-01
4.421391189098358154e-01
4.053815007209777832e-01
2.517687976360321045e-01
3.087326586246490479e-01
6.351021528244018555e-01
1.359272956848144531e+00
3.578268885612487793e-01
6.689779162406921387e-01
3.417880535125732422e-01
3.058003485202789307e-01
1.015538811683654785e+00
1.690213322639465332e+00
1.629691123962402344e+00
1.217692613601684570e+00
1.438928842544555664e+00
1.250475049018859863e+00
1.338691234588623047e+00
1.241146683692932129e+00
1.161314010620117188e+00
1.140473484992980957e+00
1.375203251838684082e+00
1.225477218627929688e+00
1.289967298507690430e+00
1.126720070838928223e+00
1.274760603904724121e+00
2.054932594299316406e+00
1.333665966987609863e+00
1.458081483840942383e+00
1.571924686431884766e+00
1.985367178916931152e+00
1.271764159202575684e+00
1.601588368415832520e+00
1.442548513412475586e+00
1.335406184196472168e+00
1.508500695228576660e+00
1.995067238807678223e+00
1.666385650634765625e+00
9.249995946884155273e-01
4.922039508819580078e-01
4.927699565887451172e-01
4.861992895603179932e-01
7.437600493431091309e-01
5.331264734268188477e-01
4.067116975784301758e-01
6.789112091064453125e-01
4.160192310810089111e-01
3.217794597148895264e-01
3.846358656883239746e-01
2.756361663341522217e-01
3.167042434215545654e-01
3.416759371757507324e-01
1.323609590530395508e+00
1.487076878547668457e+00
1.410986185073852539e+00
1.724166393280029297e+00
1.794826865196228027e+00
9.218444824218750000e-01
2.977298200130462646e-01
4.715892970561981201e-01
2.865490913391113281e-01
3.300772011280059814e-01
3.885667026042938232e-01
3.249389827251434326e-01
4.191790521144866943e-01
4.673983454704284668e-01
4.894476234912872314e-01
3.555444777011871338e-01
4.515294432640075684e-01
3.983004689216613770e-01
4.928031265735626221e-01
4.654791057109832764e-01
3.389407098293304443e-01
4.935218095779418945e-01
1.178840875625610352e+00
7.249125242233276367e-01
5.066604018211364746e-01
3.289646506309509277e-01
3.949306905269622803e-01
1.641232609748840332e+00
5.617017149925231934e-01
6.077280044555664062e-01
1.751418590545654297e+00
1.536427140235900879e+00
1.914987325668334961e+00
9.478585720062255859e-01
1.226486206054687500e+00
1.346660852432250977e+00
1.207537531852722168e+00
1.073293209075927734e+00
4.970198273658752441e-01
8.587139844894409180e-01
1.351535767316818237e-01
6.269170641899108887e-01
6.109250783920288086e-01
6.581472158432006836e-01
6.479724049568176270e-01
5.449452996253967285e-01
3.302808701992034912e-01
3.767423927783966064e-01
4.925188720226287842e-01
3.715230226516723633e-01
3.894205093383789062e-01
3.502576649188995361e-01
3.348432183265686035e-01
1.581314802169799805e-01
2.964377105236053467e-01
4.222749769687652588e-01
2.178883850574493408e-01
4.234305918216705322e-01
7.011219263076782227e-01
1.087168335914611816e+00
3.833876252174377441e-01
3.024404644966125488e-01
5.082849860191345215e-01
3.546229600906372070e-01
2.384147495031356812e-01
4.506811201572418213e-01
4.410698711872100830e-01
5.363783836364746094e-01
3.782151043415069580e-01
3.389341235160827637e-01
3.731325268745422363e-01
4.513175785541534424e-01
4.116196930408477783e-01
3.310516178607940674e-01
5.963282585144042969e-01
5.048782229423522949e-01
3.844733238220214844e-01
3.412982225418090820e-01
4.281776845455169678e-01
2.321990430355072021e-01
2.849132716655731201e-01
4.512191712856292725e-01
3.167804479598999023e-01
2.362926900386810303e-01
1.461050748825073242e+00
1.673463225364685059e+00
1.696233272552490234e+00
1.059348225593566895e+00
7.964219450950622559e-01
4.327008426189422607e-01
4.341713786125183105e-01
1.180271148681640625e+00
1.425750255584716797e+00
1.221580147743225098e+00
9.154930710792541504e-01
1.553032517433166504e+00
1.104334712028503418e+00
9.911298751831054688e-01
1.394143700599670410e+00
1.212874770164489746e+00
1.083962440490722656e+00
1.296555757522583008e+00
1.129945158958435059e+00
1.189629912376403809e+00
1.461505770683288574e+00
1.254842758178710938e+00
1.230149865150451660e+00
9.213280677795410156e-01
1.325827002525329590e+00
1.433571815490722656e+00
1.789544463157653809e+00
1.192093253135681152e+00
1.429946899414062500e+00
1.479699850082397461e+00
2.601533412933349609e+00
2.224931955337524414e+00
2.383225440979003906e+00
2.030921697616577148e+00
2.391015291213989258e+00
1.252364635467529297e+00
4.834462404251098633e-01
7.047435641288757324e-01
7.438252568244934082e-01
6.444513797760009766e-01
5.634359717369079590e-01
7.860401868820190430e-01
3.551711440086364746e-01
1.435556650161743164e+00
1.122374773025512695e+00
8.845375776290893555e-01
1.231553792953491211e+00
1.345146179199218750e+00
1.169431328773498535e+00
1.347669243812561035e+00
1.787557840347290039e+00
4.225394725799560547e-01
3.120840489864349365e-01
5.012601613998413086e-01
5.592765212059020996e-01
4.085848927497863770e-01
5.291051864624023438e-01
2.290562242269515991e-01
2.822350561618804932e-01
3.170616626739501953e-01
3.961833119392395020e-01
2.577449679374694824e-01
2.740935385227203369e-01
4.029913842678070068e-01
2.710981965065002441e-01
2.442341297864913940e-01
5.292469263076782227e-01
4.384736120700836182e-01
3.242466151714324951e-01
6.597586274147033691e-01
3.314312696456909180e-01
4.603008627891540527e-01
4.604083001613616943e-01
5.546242594718933105e-01
3.370384871959686279e-01
1.170587778091430664e+00
1.138168096542358398e+00
4.968046844005584717e-01
4.191245138645172119e-01
3.536290824413299561e-01
2.530280053615570068e-01
1.298443198204040527e+00
2.119186639785766602e+00
2.162690162658691406e+00
1.816516280174255371e+00
1.271996021270751953e+00
1.902399659156799316e+00
2.452764511108398438e+00
1.438608407974243164e+00
1.429161906242370605e+00
2.371346712112426758e+00
1.724251866340637207e+00
1.443691611289978027e+00
1.363578796386718750e+00
3.042797088623046875e+00
1.480528712272644043e+00
1.212096333503723145e+00
1.422395825386047363e+00
1.927551388740539551e+00
6.479850411415100098e-01
5.314013361930847168e-01
6.535341143608093262e-01
2.572406232357025146e-01
9.426282346248626709e-02
3.146301507949829102e-01
2.421605736017227173e-01
3.910530209541320801e-01
4.610976576805114746e-01
5.511590838432312012e-01
4.612105786800384521e-01
5.170355439186096191e-01
4.857980012893676758e-01
2.620296478271484375e-01
4.696536362171173096e-01
4.263949394226074219e-01
8.825374841690063477e-01
6.977170705795288086e-01
5.338262319564819336e-01
2.885659039020538330e-01
2.184497416019439697e-01
2.112804353237152100e-01
4.143858850002288818e-01
3.416896462440490723e-01
2.795198559761047363e-01
4.722627699375152588e-01
2.936208248138427734e-01
3.637682199478149414e-01
5.706148743629455566e-01
4.177010953426361084e-01
3.473270237445831299e-01
5.108464360237121582e-01
4.423830807209014893e-01
3.524589538574218750e-01
2.377254068851470947e-01
4.636114239692687988e-01
4.777537584304809570e-01
3.166642189025878906e-01
3.381033539772033691e-01
4.448990225791931152e-01
1.413340449333190918e+00
1.211799263954162598e+00
4.051978588104248047e-01
5.989420413970947266e-01
9.013000130653381348e-01
5.705032944679260254e-01
7.318044304847717285e-01
1.236399769783020020e+00
1.429903388023376465e+00
1.501104354858398438e+00
2.123166322708129883e+00
2.060163736343383789e+00
1.164338946342468262e+00
1.416952252388000488e+00
1.583106279373168945e+00
8.891607522964477539e-01
1.631976842880249023e+00
1.732860207557678223e+00
1.504229068756103516e+00
1.334974169731140137e+00
1.509916663169860840e+00
1.443337678909301758e+00
1.781408429145812988e+00
2.461585760116577148e+00
2.129380464553833008e+00
2.614404678344726562e+00
3.438145637512207031e+00
2.885886430740356445e+00
1.791236758232116699e+00
7.938070297241210938e-01
1.118063211441040039e+00
9.339340925216674805e-01
8.417314291000366211e-01
1.361052393913269043e+00
5.224679112434387207e-01
1.891774535179138184e-01
6.857376098632812500e-01
1.681396067142486572e-01
1.816268712282180786e-01
4.914910197257995605e-01
3.797747194766998291e-01
5.185326933860778809e-01
1.304764509201049805e+00
4.458726048469543457e-01
4.993197917938232422e-01
4.169807732105255127e-01
4.550795555114746094e-01
4.217262268066406250e-01
3.725725412368774414e-01
5.020648837089538574e-01
1.478835821151733398e+00
1.506011843681335449e+00
1.462146878242492676e+00
1.127859473228454590e+00
3.106765747070312500e-01
3.435817360877990723e-01
4.368756413459777832e-01
2.268176674842834473e-01
3.988749682903289795e-01
5.499423742294311523e-01
1.716645061969757080e-01
1.858436018228530884e-01
3.050312399864196777e-01
3.233281075954437256e-01
2.705798745155334473e-01
1.413774371147155762e+00
3.081156611442565918e-01
3.385268151760101318e-01
2.101519703865051270e-01
3.268107771873474121e-01
5.021070837974548340e-01
3.186278641223907471e-01
3.168067634105682373e-01
5.897139906883239746e-01
6.416497826576232910e-01
2.450799942016601562e-01
2.909393310546875000e-01
6.233192086219787598e-01
5.309663414955139160e-01
3.314613997936248779e-01
6.509354114532470703e-01
2.362712621688842773e+00
2.388962030410766602e+00
2.296208143234252930e+00
2.424830436706542969e+00
2.105531215667724609e+00
1.828427195549011230e+00
2.071870803833007812e+00
2.040693044662475586e+00
1.807484984397888184e+00
3.519875049591064453e+00
4.065871715545654297e+00
4.459920406341552734e+00
3.510123252868652344e+00
2.280725240707397461e+00
1.790729403495788574e+00
2.145235300064086914e+00
1.946857452392578125e+00
3.317956209182739258e+00
2.802366733551025391e+00
3.643826007843017578e+00
4.482241153717041016e+00
3.062385082244873047e+00
3.709471225738525391e+00
2.747937440872192383e+00
1.211265802383422852e+00
1.428355813026428223e+00
4.515523910522460938e+00
3.826398372650146484e+00
3.392481088638305664e+00
2.983606815338134766e+00
2.178255319595336914e+00
5.065107345581054688e-01
5.270346403121948242e-01
1.380645990371704102e+00
2.208767890930175781e+00
2.834110975265502930e+00
2.477575540542602539e+00
2.962136745452880859e+00
8.589115738868713379e-01
1.155943512916564941e+00
2.056641817092895508e+00
3.618264198303222656e+00
3.273118019104003906e+00
1.671975970268249512e+00
1.604151725769042969e+00
1.454305171966552734e+00
4.947462081909179688e-01
1.428246140480041504e+00
8.146225810050964355e-01
4.362145066261291504e-01
1.177586317062377930e+00
1.306250929832458496e+00
2.512463808059692383e+00
1.248019933700561523e+00
1.948392242193222046e-01
7.960716485977172852e-01
1.145605966448783875e-01
5.682833790779113770e-01
1.188285470008850098e+00
5.258434414863586426e-01
4.629908502101898193e-01
5.376989841461181641e-01
5.107771158218383789e-01
5.009509325027465820e-01
9.862076044082641602e-01
1.849115490913391113e+00
1.763618111610412598e+00
6.555204987525939941e-01
7.944503426551818848e-01
1.217555880546569824e+00
1.186032891273498535e+00
1.236714720726013184e+00
3.067342996597290039e+00
2.744389533996582031e+00
2.708588123321533203e+00
4.485413551330566406e+00
4.254979133605957031e+00
4.291302680969238281e+00
3.319042444229125977e+00
2.841556787490844727e+00
3.272790193557739258e+00
5.633831024169921875e+00
4.277606964111328125e+00
3.411849737167358398e+00
3.757003784179687500e+00
3.938914299011230469e+00
3.199223279953002930e+00
3.572554349899291992e+00
2.454297542572021484e+00
3.026999235153198242e+00
3.028406381607055664e+00
2.778747320175170898e+00
2.356899499893188477e+00
1.649169087409973145e+00
2.596095323562622070e+00
2.013618230819702148e+00
1.536022782325744629e+00
1.413248658180236816e+00
2.074081420898437500e+00
6.661747097969055176e-01
7.150318622589111328e-01
3.860592544078826904e-01
4.020117521286010742e-01
1.776782274246215820e-01
6.938314437866210938e-01
1.894002854824066162e-01
6.197954416275024414e-01
1.063797593116760254e+00
7.575011253356933594e-01
3.727383613586425781e-01
2.830877900123596191e-01
4.568211734294891357e-01
3.743064701557159424e-01
1.420471370220184326e-01
7.579651474952697754e-01
8.351042866706848145e-01
2.470954358577728271e-01
3.008265793323516846e-01
4.601536691188812256e-01
5.130126476287841797e-01
2.981861829757690430e-01
5.093641281127929688e-01
3.834756016731262207e-01
3.463572561740875244e-01
3.923009932041168213e-01
5.127974748611450195e-01
4.814839661121368408e-01
2.799523770809173584e-01
4.878334403038024902e-01
1.528929948806762695e+00
4.624525308609008789e-01
4.672881662845611572e-01
6.793571710586547852e-01
3.850886523723602295e-01
1.812118887901306152e-01
2.793932259082794189e-01
3.658119142055511475e-01
2.993028759956359863e-01
2.443933784961700439e-01
7.633138895034790039e-01
7.445305585861206055e-01
2.819541096687316895e-01
7.173128724098205566e-01
8.325699567794799805e-01
1.665736317634582520e+00
2.917048215866088867e+00
3.003686189651489258e+00
2.888098955154418945e+00
2.851652860641479492e+00
2.663094758987426758e+00
2.192491054534912109e+00
1.885724306106567383e+00
2.615286588668823242e+00
1.246976137161254883e+00
1.435474634170532227e+00
2.461371898651123047e+00
1.242074131965637207e+00
1.699272274971008301e+00
2.205112457275390625e+00
1.302435755729675293e+00
1.584219694137573242e+00
1.583175063133239746e+00
1.494116544723510742e+00
1.094997048377990723e+00
1.313379645347595215e+00
1.622807145118713379e+00
1.297071099281311035e+00
1.382799625396728516e+00
1.402235031127929688e+00
1.457279086112976074e+00
1.502395391464233398e+00
1.494917154312133789e+00
1.470338225364685059e+00
1.548040866851806641e+00
1.422429203987121582e+00
1.299752831459045410e+00
1.556583762168884277e+00
1.974315762519836426e+00
1.379450440406799316e+00
2.272990465164184570e+00
1.407689929008483887e+00
1.571156740188598633e+00
1.735842943191528320e+00
2.588768959045410156e+00
1.322412848472595215e+00
1.631151556968688965e+00
1.501074552536010742e+00
1.365545153617858887e+00
1.373976707458496094e+00
1.715438485145568848e+00
1.100469708442687988e+00
1.396014451980590820e+00
1.828119635581970215e+00
1.525346994400024414e+00
1.464756846427917480e+00
1.649648785591125488e+00
1.725881338119506836e+00
1.645525813102722168e+00
1.448620915412902832e+00
1.347428321838378906e+00
6.883637309074401855e-01
1.049390196800231934e+00
1.095052957534790039e+00
6.387364268302917480e-01
5.160976052284240723e-01
1.202668786048889160e+00
8.543791174888610840e-01
7.910600304603576660e-01
7.160901427268981934e-01
8.740237355232238770e-01
1.282321095466613770e+00
1.046505331993103027e+00
1.137369275093078613e+00
1.179643154144287109e+00
1.083225607872009277e+00
1.421584248542785645e+00
1.575401902198791504e+00
1.330199122428894043e+00
1.714953660964965820e+00
2.810313463211059570e+00
1.454944372177124023e+00
1.768970727920532227e+00
2.094493865966796875e+00
1.494205355644226074e+00
1.258149743080139160e+00
2.544326305389404297e+00
2.412524938583374023e+00
2.615349054336547852e+00
2.719174623489379883e+00
2.720403671264648438e+00
2.814833879470825195e+00
1.601871013641357422e+00
1.496526122093200684e+00
2.134895324707031250e+00
1.883610725402832031e+00
1.592311263084411621e+00
1.852992415428161621e+00
1.933646559715270996e+00
1.701655030250549316e+00
7.981117367744445801e-01
8.671019077301025391e-01
7.333624362945556641e-01
2.774715125560760498e-01
3.718760609626770020e-01
3.150963783264160156e-01
2.320644557476043701e-01
4.297430515289306641e-01
3.072182536125183105e-01
1.844095140695571899e-01
1.771461963653564453e-01
4.828456938266754150e-01
4.112787246704101562e-01
1.987733393907546997e-01
2.824962735176086426e-01
3.861052989959716797e-01
3.230989575386047363e-01
3.564037680625915527e-01
1.151010870933532715e+00
1.067299723625183105e+00
5.018099546432495117e-01
1.301188588142395020e+00
1.575624704360961914e+00
1.470075964927673340e+00
1.168044686317443848e+00
2.623344659805297852e-01
6.189432740211486816e-01
3.359618186950683594e-01
3.571569919586181641e-01
4.199796915054321289e-01
4.044309258460998535e-01
2.435773909091949463e-01
3.019224107265472412e-01
5.717945694923400879e-01
4.148639142513275146e-01
2.971517443656921387e-01
3.317333161830902100e-01
6.376159191131591797e-01
2.678797245025634766e-01
7.482418417930603027e-01
1.462880849838256836e+00
6.445782780647277832e-01
3.033806085586547852e-01
4.134569764137268066e-01
5.712249875068664551e-01
2.505805790424346924e-01
4.149242341518402100e-01
3.898730576038360596e-01
6.647880673408508301e-01
1.593057394027709961e+00
2.268746852874755859e+00
2.199198961257934570e+00
2.391358852386474609e+00
2.580807685852050781e+00
2.548379898071289062e+00
2.399154424667358398e+00
2.344715833663940430e+00
1.908837318420410156e+00
1.982059836387634277e+00
1.561255455017089844e+00
1.129122853279113770e+00
2.455187797546386719e+00
1.992446780204772949e+00
1.317099213600158691e+00
1.385734319686889648e+00
1.611538767814636230e+00
1.235819220542907715e+00
1.407446503639221191e+00
6.838077306747436523e-01
3.191963911056518555e+00
9.370037317276000977e-01
4.984923005104064941e-01
1.501164913177490234e+00
4.826834201812744141e-01
7.950813174247741699e-01
1.487789273262023926e+00
2.371973276138305664e+00
3.353394508361816406e+00
3.338544368743896484e+00
2.732516050338745117e+00
1.780375599861145020e+00
2.254956007003784180e+00
2.123639345169067383e+00
2.060899972915649414e+00
2.537211418151855469e+00
2.101475954055786133e+00
1.692819714546203613e+00
1.994693040847778320e+00
1.801412105560302734e+00
8.592136502265930176e-01
3.087225258350372314e-01
5.456105470657348633e-01
6.718183755874633789e-01
6.511486768722534180e-01
1.639957785606384277e+00
7.434006929397583008e-01
3.235934376716613770e-01
3.827443122863769531e-01
8.194889426231384277e-01
1.508133053779602051e+00
2.265730142593383789e+00
2.560394525527954102e+00
2.298778057098388672e+00
2.053351163864135742e+00
1.431587338447570801e+00
1.573738694190979004e+00
2.941470623016357422e+00
1.513997077941894531e+00
1.319849133491516113e+00
1.435645461082458496e+00
1.119374513626098633e+00
1.250129938125610352e+00
1.541916728019714355e+00
1.618715643882751465e+00
1.632754206657409668e+00
2.303901195526123047e+00
1.423760294914245605e+00
1.548092126846313477e+00
1.405024051666259766e+00
1.365732669830322266e+00
2.632849216461181641e+00
3.679985046386718750e+00
3.237586975097656250e+00
2.255893468856811523e+00
2.195116996765136719e+00
2.136357307434082031e+00
1.473427295684814453e+00
1.764772057533264160e+00
3.219269037246704102e+00
1.351820230484008789e+00
1.096129894256591797e+00
1.243180394172668457e+00
1.063588500022888184e+00
6.692665219306945801e-01
1.207829475402832031e+00
1.657513976097106934e+00
2.768160820007324219e+00
6.998361349105834961e-01
4.397032260894775391e-01
5.863233804702758789e-01
2.902809381484985352e-01
3.334439694881439209e-01
3.510605096817016602e-01
1.722834467887878418e+00
1.208847522735595703e+00
1.855201840400695801e+00
6.998298168182373047e-01
7.296919822692871094e-01
7.766063213348388672e-01
3.942810893058776855e-01
2.546090185642242432e-01
3.911226689815521240e-01
3.664360344409942627e-01
4.706318974494934082e-01
4.250400662422180176e-01
4.311094284057617188e-01
1.323930501937866211e+00
5.432294607162475586e-01
4.468429386615753174e-01
5.822470188140869141e-01
4.307818710803985596e-01
3.396369218826293945e-01
2.373874336481094360e-01
3.516933917999267578e-01
3.435927033424377441e-01
3.517646491527557373e-01
3.742587864398956299e-01
3.633315861225128174e-01
5.572969913482666016e-01
4.882892668247222900e-01
4.498157799243927002e-01
3.887640535831451416e-01
4.199034869670867920e-01
5.239093899726867676e-01
5.607004761695861816e-01
5.790219902992248535e-01
4.818800389766693115e-01
4.613221585750579834e-01
4.944488108158111572e-01
1.333658456802368164e+00
6.165591478347778320e-01
2.611281573772430420e-01
4.831203222274780273e-01
5.209850668907165527e-01
5.149340629577636719e-01
3.658006787300109863e-01
4.023061394691467285e-01
4.040559530258178711e-01
4.212054610252380371e-01
1.452965587377548218e-01
3.639820218086242676e-01
3.749497830867767334e-01
3.720764219760894775e-01
4.231159090995788574e-01
3.099107444286346436e-01
4.427092671394348145e-01
1.330206513404846191e+00
1.389958739280700684e+00
1.109154462814331055e+00
5.001322031021118164e-01
1.082325577735900879e+00
3.190532624721527100e-01
5.054760575294494629e-01
5.966286659240722656e-01
1.320734739303588867e+00
3.839752674102783203e-01
4.558404684066772461e-01
4.443220496177673340e-01
4.657759666442871094e-01
1.285594344139099121e+00
2.281729698181152344e+00
2.394643783569335938e+00
1.326271891593933105e+00
1.874702572822570801e+00
1.704414606094360352e+00
1.624523282051086426e+00
1.593314170837402344e+00
2.203081607818603516e+00
1.808607220649719238e+00
1.738359928131103516e+00
2.208841323852539062e+00
2.086934328079223633e+00
1.664476633071899414e+00
2.247465610504150391e+00
2.374701976776123047e+00
2.553270816802978516e+00
2.314961910247802734e+00
2.282387018203735352e+00
1.562871575355529785e+00
1.015778422355651855e+00
9.435873031616210938e-01
2.620458841323852539e+00
1.136026501655578613e+00
7.961357831954956055e-01
6.315534114837646484e-01
7.354129552841186523e-01
8.868772387504577637e-01
1.380895733833312988e+00
1.423334360122680664e+00
2.527783155441284180e+00
1.232261776924133301e+00
9.101103544235229492e-01
9.954805970191955566e-01
1.430678248405456543e+00
2.277297496795654297e+00
1.663540601730346680e+00
2.038753509521484375e+00
1.982111930847167969e+00
1.933634757995605469e+00
1.817957520484924316e+00
1.197930097579956055e+00
8.689211010932922363e-01
9.209415912628173828e-01
1.494593501091003418e+00
9.593383073806762695e-01
1.214310288429260254e+00
1.150409579277038574e+00
1.203406691551208496e+00
1.310254096984863281e+00
1.720642805099487305e+00
1.848010897636413574e+00
1.934401154518127441e+00
1.790222048759460449e+00
1.553797245025634766e+00
1.655664682388305664e+00
2.523627758026123047e+00
2.210061311721801758e+00
2.181274175643920898e+00
1.349091291427612305e+00
9.340127706527709961e-01
2.617242574691772461e+00
2.534309864044189453e+00
2.390116930007934570e+00
2.613371849060058594e+00
2.364718198776245117e+00
2.062531948089599609e+00
1.705434203147888184e+00
1.727022171020507812e+00
1.626133918762207031e+00
1.324545621871948242e+00
2.161919116973876953e+00
2.190448284149169922e+00
1.610122203826904297e+00
1.928347706794738770e+00
1.769263148307800293e+00
1.358570694923400879e+00
1.421759366989135742e+00
2.081434011459350586e+00
1.469598174095153809e+00
9.849804639816284180e-01
6.453868746757507324e-01
8.416705727577209473e-01
7.138622403144836426e-01
3.256540894508361816e-01
3.478721976280212402e-01
3.296962082386016846e-01
4.343081414699554443e-01
2.005834877490997314e-01
3.486934006214141846e-01
2.159326970577239990e-01
4.261518120765686035e-01
4.178537726402282715e-01
4.183309972286224365e-01
4.218882322311401367e-01
3.461275696754455566e-01
7.663695514202117920e-02
2.433104217052459717e-01
2.263676077127456665e-01
1.053528547286987305e+00
2.619323432445526123e-01
1.858068704605102539e-01
3.763616681098937988e-01
5.793755650520324707e-01
4.996037483215332031e-01
5.504944324493408203e-01
4.634398221969604492e-01
6.141873598098754883e-01
1.776910781860351562e+00
1.077648878097534180e+00
1.084996342658996582e+00
6.208117604255676270e-01
3.626614212989807129e-01
3.266622126102447510e-01
3.563031852245330811e-01
4.500981271266937256e-01
5.094649791717529297e-01
4.310973584651947021e-01
2.943109869956970215e-01
6.289278268814086914e-01
4.005222916603088379e-01
3.995613157749176025e-01
5.186494588851928711e-01
5.105476379394531250e-01
4.865196943283081055e-01
5.526921153068542480e-01
4.540914595127105713e-01
1.415612936019897461e+00
2.142502546310424805e+00
2.886499404907226562e+00
3.115105390548706055e+00
2.544902086257934570e+00
2.651439905166625977e+00
2.519252538681030273e+00
2.138817071914672852e+00
2.164543151855468750e+00
1.540634274482727051e+00
1.646423101425170898e+00
1.666231632232666016e+00
1.617674112319946289e+00
1.894994020462036133e+00
1.871116518974304199e+00
1.833917140960693359e+00
1.326070427894592285e+00
1.632133007049560547e+00
1.860528707504272461e+00
1.359283089637756348e+00
1.280929803848266602e+00
1.483768463134765625e+00
1.596271395683288574e+00
1.232536673545837402e+00
1.244680523872375488e+00
1.335104703903198242e+00
1.434393882751464844e+00
1.277337193489074707e+00
1.312875270843505859e+00
1.415910363197326660e+00
1.222908377647399902e+00
1.070919513702392578e+00
1.295512318611145020e+00
1.261125326156616211e+00
1.638850927352905273e+00
1.670138120651245117e+00
1.436461925506591797e+00
1.642053723335266113e+00
1.550017118453979492e+00
1.556674718856811523e+00
1.376850605010986328e+00
1.615979671478271484e+00
2.182545423507690430e+00
3.437061309814453125e+00
1.693433642387390137e+00
1.404726624488830566e+00
1.380937099456787109e+00
1.799801826477050781e+00
1.387917518615722656e+00
5.623170733451843262e-01
1.088299155235290527e+00
2.195140600204467773e+00
9.508859515190124512e-01
3.197390735149383545e-01
6.590316891670227051e-01
4.605744183063507080e-01
5.993466377258300781e-01
5.405515432357788086e-01
4.443286359310150146e-01
3.499306738376617432e-01
5.309641361236572266e-01
6.874707341194152832e-01
3.933751881122589111e-01
6.946570277214050293e-01
8.017484545707702637e-01
8.013351559638977051e-01
6.790293455123901367e-01
1.427118182182312012e+00
1.229831814765930176e+00
1.201259374618530273e+00
1.289262294769287109e+00
2.068977355957031250e+00
2.124576091766357422e+00
2.181645631790161133e+00
2.704490184783935547e+00
2.387477397918701172e+00
1.867647290229797363e+00
1.332828760147094727e+00
1.971123933792114258e+00
2.705278396606445312e+00
3.306342363357543945e+00
2.895884275436401367e+00
2.867943525314331055e+00
2.629951477050781250e+00
2.768918991088867188e+00
2.470255374908447266e+00
2.872128248214721680e+00
3.190382719039916992e+00
3.163800001144409180e+00
2.842935323715209961e+00
3.327392339706420898e+00
2.320603132247924805e+00
2.683809280395507812e+00
2.437033176422119141e+00
2.305775880813598633e+00
2.282760858535766602e+00
7.817099690437316895e-01
9.034442901611328125e-01
7.062738537788391113e-01
4.444541633129119873e-01
3.902814388275146484e-01
4.441345632076263428e-01
4.281321763992309570e-01
1.285949349403381348e+00
3.287566006183624268e-01
3.493739664554595947e-01
5.785444974899291992e-01
4.272758960723876953e-01
4.062915146350860596e-01
9.854834526777267456e-02
3.136220276355743408e-01
4.946431219577789307e-01
2.825615108013153076e-01
3.858816325664520264e-01
4.560742676258087158e-01
4.291282594203948975e-01
2.154036909341812134e-01
2.689023911952972412e-01
6.383299231529235840e-01
3.414262235164642334e-01
2.133956402540206909e-01
3.462328314781188965e-01
2.383374571800231934e-01
1.961663961410522461e-01
3.240374624729156494e-01
4.341535568237304688e-01
2.006229609251022339e-01
5.069758892059326172e-01
2.868204414844512939e-01
3.268190026283264160e-01
1.325737684965133667e-01
3.819672465324401855e-01
4.078253507614135742e-01
2.414937019348144531e-01
2.479136139154434204e-01
6.390250325202941895e-01
5.359461307525634766e-01
3.492308855056762695e-01
4.027416706085205078e-01
7.078266143798828125e-01
5.677165389060974121e-01
1.608882427215576172e+00
1.658871889114379883e+00
1.501136779785156250e+00
1.544962286949157715e+00
2.657029628753662109e+00
2.503540754318237305e+00
2.170948266983032227e+00
2.228651762008666992e+00
2.617637872695922852e+00
2.200491428375244141e+00
1.916546344757080078e+00
2.078750133514404297e+00
2.382843494415283203e+00
1.634266138076782227e+00
1.384541749954223633e+00
1.798326015472412109e+00
2.616689443588256836e+00
1.475824594497680664e+00
1.752281904220581055e+00
2.589513063430786133e+00
1.524532318115234375e+00
1.890971422195434570e+00
1.964643716812133789e+00
8.945895433425903320e-01
9.505433440208435059e-01
1.024708747863769531e+00
2.052935600280761719e+00
7.151644825935363770e-01
1.168205380439758301e+00
9.464938044548034668e-01
9.819297790527343750e-01
2.203003883361816406e+00
1.433104753494262695e+00
2.109355926513671875e+00
1.373652696609497070e+00
2.446065187454223633e+00
2.326729536056518555e+00
1.470769643783569336e+00
4.562913477420806885e-01
8.131202459335327148e-01
6.408053040504455566e-01
8.504625558853149414e-01
6.228776574134826660e-01
1.701300024986267090e+00
1.709259271621704102e+00
5.182876586914062500e-01
3.733052015304565430e-01
6.699956059455871582e-01
4.372100234031677246e-01
7.801210284233093262e-01
1.246720075607299805e+00
5.281302332878112793e-01
4.947182238101959229e-01
4.561850130558013916e-01
5.041230916976928711e-01
6.257351040840148926e-01
5.503656268119812012e-01
4.619084298610687256e-01
6.557351350784301758e-01
5.573808550834655762e-01
3.562212288379669189e-01
7.473449707031250000e-01
1.623186230659484863e+00
5.081794857978820801e-01
6.236804723739624023e-01
7.689063549041748047e-01
7.535804510116577148e-01
2.848706245422363281e+00
2.138443946838378906e+00
2.443283081054687500e+00
2.679695367813110352e+00
2.788627862930297852e+00
2.316475629806518555e+00
2.897307634353637695e+00
2.619593858718872070e+00
3.029708623886108398e+00
3.045445203781127930e+00
2.170469284057617188e+00
3.002625465393066406e+00
2.462262630462646484e+00
2.520006895065307617e+00
2.531324386596679688e+00
2.393050193786621094e+00
2.819599866867065430e+00
2.762148141860961914e+00
2.836694240570068359e+00
4.323884963989257812e+00
3.648383855819702148e+00
4.096918106079101562e+00
3.355247497558593750e+00
3.178220272064208984e+00
2.156111717224121094e+00
2.381566047668457031e+00
2.347618818283081055e+00
2.485077381134033203e+00
2.410684585571289062e+00
2.445013284683227539e+00
2.497061014175415039e+00
2.252756357192993164e+00
2.411041975021362305e+00
2.034365653991699219e+00
2.254568576812744141e+00
2.258292436599731445e+00
1.770831227302551270e+00
7.897339463233947754e-01
5.406093597412109375e-01
7.489328384399414062e-01
7.955483794212341309e-01
6.616841554641723633e-01
1.098398566246032715e+00
8.468474745750427246e-01
7.974509000778198242e-01
5.649051070213317871e-01
4.906254112720489502e-01
6.291353106498718262e-01
2.306254357099533081e-01
2.446362376213073730e-01
2.930200099945068359e-01
3.402404785156250000e-01
3.093205988407135010e-01
2.373942881822586060e-01
4.207411408424377441e-01
5.834089517593383789e-01
2.520678341388702393e-01
4.016570746898651123e-01
3.060936331748962402e-01
4.926953911781311035e-01
2.603330016136169434e-01
3.866628110408782959e-01
3.642385900020599365e-01
3.953533470630645752e-01
2.648408114910125732e-01
1.710277795791625977e-01
2.992044687271118164e-01
3.148321509361267090e-01
2.148127257823944092e-01
4.966613054275512695e-01
5.367917418479919434e-01
3.735576272010803223e-01
5.033205449581146240e-02
6.353134512901306152e-01
6.168833971023559570e-01
5.185666680335998535e-01
4.459309875965118408e-01
5.882599353790283203e-01
8.853113651275634766e-01
4.466721713542938232e-01
4.170109331607818604e-01
1.645774602890014648e+00
2.392818927764892578e+00
2.556361675262451172e+00
2.459382295608520508e+00
2.565607070922851562e+00
2.736302614212036133e+00
2.641466379165649414e+00
2.767271757125854492e+00
2.311430931091308594e+00
2.205838441848754883e+00
1.838751316070556641e+00
3.023923397064208984e+00
1.933019399642944336e+00
1.743669509887695312e+00
1.526226878166198730e+00
1.770220041275024414e+00
1.588259339332580566e+00
1.446287274360656738e+00
2.357141494750976562e+00
5.381545543670654297e+00
3.795914411544799805e+00
3.166925907135009766e+00
2.701512813568115234e+00
2.342655181884765625e+00
1.894942522048950195e+00
1.988853693008422852e+00
4.151467323303222656e+00
4.471127510070800781e+00
2.955208539962768555e+00
2.433685302734375000e+00
2.605276346206665039e+00
1.553673863410949707e+00
1.498383998870849609e+00
1.737608671188354492e+00
1.666554570198059082e+00
1.518947839736938477e+00
1.435273408889770508e+00
1.464333295822143555e+00
2.060699462890625000e+00
1.639088869094848633e+00
1.635658264160156250e+00
2.702103376388549805e+00
2.788908481597900391e+00
2.877072572708129883e+00
2.473257303237915039e+00
1.723786473274230957e+00
1.432528138160705566e+00
1.903962850570678711e+00
1.768286228179931641e+00
2.081243753433227539e+00
1.806881189346313477e+00
1.679530382156372070e+00
1.636166691780090332e+00
1.439990401268005371e+00
1.489249944686889648e+00
1.639757871627807617e+00
1.863103270530700684e+00
1.729167222976684570e+00
1.682864189147949219e+00
1.643902778625488281e+00
1.779052853584289551e+00
1.541284441947937012e+00
1.487693071365356445e+00
1.048476099967956543e+00
8.506034016609191895e-01
1.744763493537902832e+00
1.697511196136474609e+00
1.666013717651367188e+00
1.994442820549011230e+00
2.032383441925048828e+00
2.083999872207641602e+00
1.440192461013793945e+00
2.068301439285278320e+00
2.229803323745727539e+00
1.826474785804748535e+00
1.180191040039062500e+00
1.167631626129150391e+00
1.072997689247131348e+00
5.349528193473815918e-01
1.696301549673080444e-01
4.179310798645019531e-01
6.799390912055969238e-01
2.045499533414840698e-01
2.954271137714385986e-01
3.148658871650695801e-01
5.896435379981994629e-01
4.029740989208221436e-01
4.780794084072113037e-01
3.150966763496398926e-01
4.584819376468658447e-01
5.183117389678955078e-01
9.580613374710083008e-01
2.923714816570281982e-01
4.436559975147247314e-01
6.466907262802124023e-01
2.451430410146713257e-01
6.001785025000572205e-02
1.943104863166809082e-01
1.356696486473083496e+00
1.377563238143920898e+00
1.258590817451477051e+00
7.881704568862915039e-01
1.251902818679809570e+00
-7.794961333274841309e-02
7.016188502311706543e-01
1.005620598793029785e+00
3.706955015659332275e-01
9.552077054977416992e-01
5.488660335540771484e-01
3.182726502418518066e-01
2.277997732162475586e-01
5.024066567420959473e-01
2.888542413711547852e-01
2.924901545047760010e-01
4.311050474643707275e-01
4.145185649394989014e-01
3.198399245738983154e-01
4.161382019519805908e-01
3.339112997055053711e-01
5.624401569366455078e-01
3.404559195041656494e-01
2.541556656360626221e-01
4.327918291091918945e-01
4.625235199928283691e-01
1.543779820203781128e-01
6.044421195983886719e-01
2.148565948009490967e-01
3.963255882263183594e-01
4.382556974887847900e-01
3.227448165416717529e-01
2.939428687095642090e-01
4.199846088886260986e-01
4.291926622390747070e-01
4.828374683856964111e-01
5.292425155639648438e-01
5.620931386947631836e-01
4.271196722984313965e-01
4.068778157234191895e-01
2.703507244586944580e-01
4.972662627696990967e-01
1.502740740776062012e+00
1.536683678627014160e+00
1.684252262115478516e+00
1.288060665130615234e+00
1.101769447326660156e+00
2.207913547754287720e-01
4.400579035282135010e-01
1.586946129798889160e+00
4.830583930015563965e-01
5.521949529647827148e-01
1.492581009864807129e+00
8.840661048889160156e-01
8.188729882240295410e-01
9.012542366981506348e-01
9.776842594146728516e-01
8.332837224006652832e-01
9.278689026832580566e-01
1.143328785896301270e+00
1.162584662437438965e+00
1.326504826545715332e+00
7.811612486839294434e-01
1.121021866798400879e+00
1.088812589645385742e+00
1.248982310295104980e+00
1.031131982803344727e+00
1.020707488059997559e+00
1.556858420372009277e+00
2.041283845901489258e+00
1.633367538452148438e+00
1.550483703613281250e+00
2.055993318557739258e+00
2.473199129104614258e+00
1.823050975799560547e+00
1.862370967864990234e+00
2.779174804687500000e+00
2.248454809188842773e+00
2.767268419265747070e+00
2.353762626647949219e+00
1.765143156051635742e+00
2.135281085968017578e+00
5.885274410247802734e-01
9.881739616394042969e-01
6.489766836166381836e-01
6.757330298423767090e-01
7.384490966796875000e-01
2.041686534881591797e+00
1.317525386810302734e+00
3.002240896224975586e+00
2.745441436767578125e+00
1.503921270370483398e+00
1.753297209739685059e+00
9.583024978637695312e-01
1.235296249389648438e+00
2.201058626174926758e+00
3.511567831039428711e+00
2.827923536300659180e+00
2.668481349945068359e+00
3.446537494659423828e+00
1.794387221336364746e+00
1.617231726646423340e+00
2.148361206054687500e+00
2.023473262786865234e+00
2.162561655044555664e+00
2.875022172927856445e+00
3.974979877471923828e+00
3.352238178253173828e+00
2.624467849731445312e+00
2.748926877975463867e+00
2.174624443054199219e+00
1.903813958168029785e+00
2.319469213485717773e+00
2.530608654022216797e+00
2.056190013885498047e+00
1.480985879898071289e+00
1.500711321830749512e+00
1.383808255195617676e+00
1.646810412406921387e+00
2.076347351074218750e+00
2.145889282226562500e+00
1.691098332405090332e+00
7.136835455894470215e-01
8.094475865364074707e-01
1.769763946533203125e+00
2.452811241149902344e+00
2.154154300689697266e+00
2.097451210021972656e+00
1.997433781623840332e+00
1.402098298072814941e+00
1.581942677497863770e+00
1.374822258949279785e+00
1.739577531814575195e+00
1.047151923179626465e+00
6.229245066642761230e-01
8.410283327102661133e-01
6.121215224266052246e-01
9.500820636749267578e-01
4.734824895858764648e-01
4.576596617698669434e-01
4.462867677211761475e-01
6.839535236358642578e-01
7.657690048217773438e-01
5.515362620353698730e-01
4.398106634616851807e-01
2.181534320116043091e-01
3.632811605930328369e-01
-2.625419571995735168e-02
1.442163437604904175e-01
3.049522936344146729e-01
1.077857166528701782e-01
9.898374676704406738e-01
1.338633894920349121e+00
1.230804324150085449e+00
3.540210425853729248e-01
1.860319077968597412e-01
2.780975699424743652e-01
3.359878659248352051e-01
1.828740239143371582e-01
1.114462986588478088e-01
-2.059023641049861908e-02
2.948534488677978516e-01
4.628083109855651855e-01
3.271364271640777588e-01
3.595353364944458008e-01
3.045244216918945312e-01
2.081485837697982788e-01
3.633326888084411621e-01
3.535109460353851318e-01
4.950427711009979248e-01
4.494161605834960938e-01
3.093351125717163086e-01
2.945609688758850098e-01
6.937659382820129395e-01
4.555669128894805908e-01
4.671483635902404785e-01
4.618744552135467529e-01
3.881352543830871582e-01
3.171041607856750488e-01
4.284811019897460938e-01
2.175803035497665405e-01
3.180297911167144775e-01
5.207805633544921875e-01
3.300265073776245117e-01
1.274908930063247681e-01
3.462160825729370117e-01
5.301207304000854492e-01
3.281464576721191406e-01
6.330708265304565430e-01
5.932180881500244141e-01
1.762656569480895996e+00
1.977897405624389648e+00
2.352705717086791992e+00
2.612257719039916992e+00
2.303215265274047852e+00
2.614758253097534180e+00
2.328545808792114258e+00
2.426093339920043945e+00
2.302458047866821289e+00
2.548882246017456055e+00
2.252420663833618164e+00
1.648430109024047852e+00
2.747413873672485352e+00
2.635615348815917969e+00
1.145278930664062500e+00
1.858691692352294922e+00
1.971776247024536133e+00
1.545907378196716309e+00
1.481797218322753906e+00
1.357479572296142578e+00
3.225569009780883789e+00
2.136278629302978516e+00
1.284790396690368652e+00
1.389715433120727539e+00
1.846605300903320312e+00
1.399401187896728516e+00
1.583697438240051270e+00
1.554304599761962891e+00
1.365383982658386230e+00
1.483267426490783691e+00
1.432039618492126465e+00
1.379049658775329590e+00
1.462636709213256836e+00
1.438095569610595703e+00
1.749229907989501953e+00
1.767355918884277344e+00
1.181755900382995605e+00
6.441709399223327637e-01
1.107140421867370605e+00
6.386311650276184082e-01
8.941690921783447266e-01
9.394152760505676270e-01
1.000718951225280762e+00
1.155120730400085449e+00
1.182669758796691895e+00
8.430112004280090332e-01
1.250952720642089844e+00
1.378472208976745605e+00
1.768415331840515137e+00
1.598315715789794922e+00
1.963204383850097656e+00
2.287422180175781250e+00
1.521471738815307617e+00
1.690592885017395020e+00
2.068365812301635742e+00
8.986385464668273926e-01
1.109666466712951660e+00
1.150215983390808105e+00
1.329789042472839355e+00
1.707320809364318848e+00
1.853409886360168457e+00
2.820927143096923828e+00
2.761689662933349609e+00
2.946919202804565430e+00
3.000148534774780273e+00
1.941748619079589844e+00
1.156191945075988770e+00
2.035094261169433594e+00
2.484786510467529297e+00
2.509482860565185547e+00
1.965042829513549805e+00
2.591960906982421875e+00
2.484940528869628906e+00
3.460125684738159180e+00
2.474867343902587891e+00
2.713484525680541992e+00
2.531160593032836914e+00
2.865592718124389648e+00
1.836011767387390137e+00
2.424437522888183594e+00
3.355329751968383789e+00
1.604369163513183594e+00
1.709167480468750000e+00
1.210171937942504883e+00
1.320333003997802734e+00
9.696860909461975098e-01
1.307506561279296875e+00
2.487705230712890625e+00
2.165934801101684570e+00
6.605617403984069824e-01
6.117928624153137207e-01
2.992831468582153320e-01
2.102544903755187988e-01
5.672637224197387695e-01
2.401796728372573853e-01
2.234673798084259033e-01
3.856500089168548584e-01
3.433265686035156250e-01
1.583529412746429443e-01
7.834538221359252930e-01
9.395964145660400391e-01
7.958468794822692871e-01
6.312041878700256348e-01
5.332142114639282227e-01
5.620821714401245117e-01
7.575493454933166504e-01
8.855303525924682617e-01
8.789580464363098145e-01
7.541028261184692383e-01
1.114423751831054688e+00
1.482088327407836914e+00
1.576740384101867676e+00
6.674284338951110840e-01
2.944993078708648682e-01
5.713554620742797852e-01
4.427917599678039551e-01
2.807691991329193115e-01
3.561052680015563965e-01
3.513847589492797852e-01
4.027287960052490234e-01
3.300440311431884766e-01
2.325323373079299927e-01
3.795820474624633789e-01
4.052132070064544678e-01
4.769076406955718994e-01
1.978863626718521118e-01
2.637088000774383545e-01
6.361588239669799805e-01
5.465471148490905762e-01
3.642122745513916016e-01
3.230460584163665771e-01
4.276185333728790283e-01
3.390695452690124512e-01
4.402854144573211670e-01
3.765340745449066162e-01
9.878946542739868164e-01
4.216316640377044678e-01
9.135870337486267090e-01
4.635837376117706299e-01
4.142282903194427490e-01
3.581889569759368896e-01
3.706659078598022461e-01
5.243172645568847656e-01
4.435219466686248779e-01
1.730178952217102051e+00
2.010421276092529297e+00
2.562541484832763672e+00
2.103056907653808594e+00
2.670764684677124023e+00
1.629421710968017578e+00
2.197017669677734375e+00
1.572216391563415527e+00
1.574656605720520020e+00
1.435955405235290527e+00
1.597559213638305664e+00
1.605592131614685059e+00
1.731989622116088867e+00
8.460517525672912598e-01
8.814566731452941895e-01
1.263673305511474609e+00
8.464171290397644043e-01
1.230747342109680176e+00
8.628232479095458984e-01
2.418456375598907471e-01
3.167763352394104004e-01
3.957732617855072021e-01
4.560852348804473877e-01
4.617091715335845947e-01
6.497433781623840332e-01
8.624806404113769531e-01
6.084710955619812012e-01
1.337624430656433105e+00
1.722343921661376953e+00
1.623450994491577148e+00
9.214371442794799805e-01
8.650741577148437500e-01
1.197272896766662598e+00
1.799729943275451660e+00
1.095735192298889160e+00
7.156894207000732422e-01
1.642755150794982910e+00
1.898880720138549805e+00
1.980511546134948730e+00
1.958578705787658691e+00
2.577187299728393555e+00
2.394675016403198242e+00
2.087177991867065430e+00
2.537429809570312500e+00
1.985536575317382812e+00
1.574747323989868164e+00
1.519119501113891602e+00
2.530240535736083984e+00
2.542730808258056641e+00
2.601509332656860352e+00
2.758437156677246094e+00
2.652300596237182617e+00
1.436600089073181152e+00
1.195137619972229004e+00
1.759572744369506836e+00
2.433601856231689453e+00
1.910593509674072266e+00
2.671947002410888672e+00
3.030532836914062500e+00
4.172737598419189453e+00
2.767535209655761719e+00
3.016248226165771484e+00
3.499297618865966797e+00
3.360661506652832031e+00
2.272333145141601562e+00
1.680657744407653809e+00
2.162858724594116211e+00
1.380775690078735352e+00
1.690771698951721191e+00
1.971954226493835449e+00
1.484998703002929688e+00
1.880315065383911133e+00
1.878089666366577148e+00
2.715735435485839844e+00
2.496442079544067383e+00
2.657874345779418945e+00
2.024564743041992188e+00
1.660086393356323242e+00
1.961621999740600586e+00
1.639820098876953125e+00
1.608244299888610840e+00
1.752673625946044922e+00
1.882042646408081055e+00
1.801106214523315430e+00
1.679851889610290527e+00
1.891634702682495117e+00
1.955111980438232422e+00
1.471452474594116211e+00
1.748285055160522461e+00
1.784907817840576172e+00
1.659518122673034668e+00
1.604177236557006836e+00
1.693612933158874512e+00
1.681988716125488281e+00
1.511107325553894043e+00
1.879808425903320312e+00
1.969592809677124023e+00
1.717579841613769531e+00
1.580403089523315430e+00
2.008451700210571289e+00
1.826906204223632812e+00
1.792623996734619141e+00
1.868378043174743652e+00
2.065528631210327148e+00
1.744647502899169922e+00
2.816073417663574219e+00
1.548231959342956543e+00
1.865046143531799316e+00
1.725378155708312988e+00
1.947746634483337402e+00
2.108289718627929688e+00
1.921079993247985840e+00
1.567549228668212891e+00
1.659419536590576172e+00
1.625013589859008789e+00
1.612945914268493652e+00
1.931874513626098633e+00
1.805899858474731445e+00
7.488892674446105957e-01
4.148315787315368652e-01
7.182700634002685547e-01
5.398671030998229980e-01
8.782489299774169922e-01
1.514616370201110840e+00
1.456783890724182129e+00
7.187826037406921387e-01
5.011337995529174805e-01
4.881486594676971436e-01
3.574193120002746582e-01
2.719975113868713379e-01
8.007524013519287109e-01
4.208779036998748779e-01
1.967167854309082031e-01
3.061432540416717529e-01
1.723423600196838379e-01
1.754788607358932495e-01
3.189957141876220703e-01
4.624593853950500488e-01
5.560306310653686523e-01
3.518266081809997559e-01
5.354022979736328125e-01
3.694516420364379883e-01
2.825297117233276367e-01
2.790360748767852783e-01
4.360223710536956787e-01
2.853732109069824219e-01
5.638235211372375488e-01
3.051085472106933594e-01
4.251889288425445557e-01
4.706414639949798584e-01
4.606725275516510010e-01
2.354065328836441040e-01
2.833520174026489258e-01
2.943288087844848633e-01
2.399442195892333984e-01
1.326906681060791016e+00
9.032260775566101074e-01
3.522917628288269043e-01
4.980880022048950195e-01
1.382385492324829102e+00
9.706355333328247070e-01
1.427902936935424805e+00
1.771130800247192383e+00
1.812985301017761230e+00
1.214894890785217285e+00
1.407903909683227539e+00
1.620903849601745605e+00
1.055338621139526367e+00
4.883473813533782959e-01
6.271683573722839355e-01
6.047627925872802734e-01
7.017778158187866211e-01
6.000181436538696289e-01
5.585095882415771484e-01
2.342651367187500000e+00
1.987790465354919434e+00
1.398099184036254883e+00
1.748673200607299805e+00
1.470169186592102051e+00
1.239312410354614258e+00
4.501647055149078369e-01
1.276132702827453613e+00
8.011701107025146484e-01
1.110942125320434570e+00
1.139193415641784668e+00
2.143510103225708008e+00
1.691190719604492188e+00
1.725068926811218262e+00
1.989178538322448730e+00
1.765115261077880859e+00
1.752195835113525391e+00
1.507542610168457031e+00
8.483788371086120605e-01
1.716542601585388184e+00
4.007134914398193359e+00
3.985194921493530273e+00
3.524441719055175781e+00
3.589154958724975586e+00
3.831542968750000000e+00
3.825890541076660156e+00
3.643205642700195312e+00
2.212340593338012695e+00
2.234464883804321289e+00
2.761963367462158203e+00
2.334637880325317383e+00
2.302269220352172852e+00
2.543268442153930664e+00
2.534923791885375977e+00
2.293506622314453125e+00
2.178824424743652344e+00
3.038093090057373047e+00
3.044831514358520508e+00
2.669910430908203125e+00
2.673063278198242188e+00
2.571680784225463867e+00
2.533648252487182617e+00
1.932773470878601074e+00
2.000960111618041992e+00
2.184762477874755859e+00
2.252355575561523438e+00
1.587047219276428223e+00
1.172303676605224609e+00
1.156510353088378906e+00
1.824297070503234863e+00
1.909828186035156250e+00
3.081684589385986328e+00
3.226805925369262695e+00
1.996208310127258301e+00
2.731570959091186523e+00
2.996999740600585938e+00
3.078259468078613281e+00
2.332901000976562500e+00
1.843004822731018066e+00
3.212225437164306641e+00
2.948246240615844727e+00
1.432864427566528320e+00
1.340855002403259277e+00
1.430353641510009766e+00
8.749877214431762695e-01
8.413542509078979492e-01
1.054094314575195312e+00
5.356405377388000488e-01
3.041083514690399170e-01
2.439076751470565796e-01
2.990249395370483398e-01
2.535723745822906494e-01
2.143253833055496216e-01
3.380658030509948730e-01
3.598680794239044189e-01
4.319944977760314941e-01
2.241581082344055176e-01
1.571373194456100464e-01
3.640798926353454590e-01
-4.968956857919692993e-02
-6.514759361743927002e-02
2.621362805366516113e-01
3.169292807579040527e-01
2.008334696292877197e-01
6.301146745681762695e-01
4.827122092247009277e-01
3.251289129257202148e-01
3.003175854682922363e-01
3.422142565250396729e-01
4.469717442989349365e-01
5.124011039733886719e-01
1.067271530628204346e-01
3.276426792144775391e-01
4.551453590393066406e-01
4.313062429428100586e-01
3.572740256786346436e-01
1.277645230293273926e+00
1.341061353683471680e+00
1.229717254638671875e+00
3.030889928340911865e-01
2.523674368858337402e-01
2.800680398941040039e-01
2.611410319805145264e-01
3.264492452144622803e-01
1.965698748826980591e-01
5.619733929634094238e-01
2.756690382957458496e-01
1.195489019155502319e-01
4.782983958721160889e-01
6.084869503974914551e-01
5.013977289199829102e-01
3.542707264423370361e-01
5.480678081512451172e-01
6.379171609878540039e-01
2.240174531936645508e+00
1.882390975952148438e+00
1.833184719085693359e+00
2.015547037124633789e+00
2.419152259826660156e+00
2.352580785751342773e+00
3.132077455520629883e+00
2.547944545745849609e+00
1.856780409812927246e+00
2.345113277435302734e+00
1.514586210250854492e+00
1.560118436813354492e+00
1.652217268943786621e+00
2.177439928054809570e+00
1.344891905784606934e+00
1.675476670265197754e+00
1.468825817108154297e+00
1.184289693832397461e+00
1.460311770439147949e+00
1.402565121650695801e+00
1.299746036529541016e+00
1.373750805854797363e+00
1.330226778984069824e+00
9.948441386222839355e-01
1.000060558319091797e+00
1.378252863883972168e+00
1.576823353767395020e+00
1.225691914558410645e+00
1.081240892410278320e+00
1.154330253601074219e+00
1.316107153892517090e+00
2.406664609909057617e+00
3.345924854278564453e+00
3.116949081420898438e+00
3.418773412704467773e+00
2.643465518951416016e+00
2.341973304748535156e+00
1.899715900421142578e+00
3.896667003631591797e+00
2.708084106445312500e+00
2.584624767303466797e+00
3.029834985733032227e+00
2.192571401596069336e+00
8.740760684013366699e-01
6.426694393157958984e-01
3.710995316505432129e-01
1.519861966371536255e-01
1.952659934759140015e-01
5.697385668754577637e-01
6.595602035522460938e-01
4.310762584209442139e-01
1.316788345575332642e-01
2.480169534683227539e-01
3.621151447296142578e-01
5.375748276710510254e-01
5.672870278358459473e-01
3.735058307647705078e-01
7.131909728050231934e-01
6.305872201919555664e-01
8.027755022048950195e-01
9.156942963600158691e-01
8.960301876068115234e-01
1.530271172523498535e+00
1.008340477943420410e+00
8.985716700553894043e-01
8.944388031959533691e-01
8.609259128570556641e-01
1.123996376991271973e+00
1.140445470809936523e+00
1.151759743690490723e+00
1.169142723083496094e+00
1.748336553573608398e+00
2.040690183639526367e+00
1.461125612258911133e+00
1.780663132667541504e+00
1.459931850433349609e+00
1.518979072570800781e+00
2.700998067855834961e+00
9.161018729209899902e-01
2.305505514144897461e+00
2.285314083099365234e+00
2.909907341003417969e+00
2.485038042068481445e+00
4.030798435211181641e+00
3.260702371597290039e+00
1.443397402763366699e+00
1.525691270828247070e+00
1.551539778709411621e+00
1.231384634971618652e+00
1.699137091636657715e+00
1.365757822990417480e+00
2.570856809616088867e+00
1.468580722808837891e+00
9.656957387924194336e-01
1.333317279815673828e+00
1.244495868682861328e+00
6.734879016876220703e-01
6.998673677444458008e-01
1.002964854240417480e+00
7.075037360191345215e-01
4.972328245639801025e-01
2.693820595741271973e-01
7.597418874502182007e-02
3.570503592491149902e-01
2.930986583232879639e-01
1.662113368511199951e-01
1.842118948698043823e-01
6.041370034217834473e-01
2.206345647573471069e-01
2.126936763525009155e-01
1.798707246780395508e-01
-1.506771054118871689e-02
3.419056236743927002e-01
2.512633800506591797e-01
2.375946491956710815e-01
1.552556455135345459e-01
1.656721830368041992e-01
8.681949973106384277e-01
1.352566003799438477e+00
1.080866217613220215e+00
8.230439424514770508e-01
1.876194775104522705e-01
4.081485271453857422e-01
2.088428735733032227e-01
2.132158428430557251e-01
2.060807943344116211e-01
3.340557515621185303e-01
2.706952691078186035e-01
2.032038569450378418e-01
4.048061668872833252e-01
3.087995350360870361e-01
2.362364977598190308e-01
2.591042220592498779e-01
1.891801953315734863e-01
4.626205563545227051e-01
2.697452306747436523e-01
3.569727838039398193e-01
2.844549715518951416e-01
5.625188350677490234e-01
6.167589426040649414e-01
5.380440950393676758e-01
3.124581873416900635e-01
4.662698805332183838e-01
1.833738684654235840e+00
2.037097215652465820e+00
2.507187843322753906e+00
2.551537513732910156e+00
2.899912118911743164e+00
2.758460998535156250e+00
2.167043209075927734e+00
2.169636964797973633e+00
2.241936206817626953e+00
2.667710065841674805e+00
1.391774177551269531e+00
1.315302968025207520e+00
1.349319100379943848e+00
1.719159722328186035e+00
1.394839406013488770e+00
1.729476213455200195e+00
1.488966226577758789e+00
1.562413215637207031e+00
2.368593692779541016e+00
1.446610689163208008e+00
1.217994689941406250e+00
1.574004888534545898e+00
1.611870050430297852e+00
1.615641713142395020e+00
1.406678438186645508e+00
1.179239153861999512e+00
1.500268697738647461e+00
1.416219830513000488e+00
1.542666077613830566e+00
1.015384554862976074e+00
3.882202208042144775e-01
6.801868677139282227e-01
2.025328725576400757e-01
3.324306309223175049e-01
3.474289774894714355e-01
2.954131364822387695e-01
2.239215523004531860e-01
5.810481309890747070e-01
4.623379409313201904e-01
6.114768385887145996e-01
4.656090438365936279e-01
4.532423019409179688e-01
3.741425573825836182e-01
2.960962057113647461e-01
3.609795570373535156e-01
1.736994087696075439e-01
4.053535461425781250e-01
4.305557608604431152e-01
3.092221915721893311e-01
4.260602593421936035e-01
4.154866635799407959e-01
4.177690744400024414e-01
-6.096705049276351929e-02
4.372067451477050781e-01
3.991772830486297607e-01
4.174988269805908203e-01
2.911698222160339355e-01
3.346801400184631348e-01
4.519968032836914062e-01
2.326595187187194824e-01
4.780577421188354492e-01
1.503672361373901367e+00
7.578982710838317871e-01
9.949305057525634766e-01
1.322580575942993164e+00
1.085196375846862793e+00
8.660740256309509277e-01
2.366816282272338867e+00
2.213751554489135742e+00
2.533103942871093750e+00
2.630867004394531250e+00
2.178307056427001953e+00
1.973714113235473633e+00
2.543905496597290039e+00
2.091637134552001953e+00
1.886510729789733887e+00
1.967800498008728027e+00
2.061068534851074219e+00
1.791694760322570801e+00
2.804052352905273438e+00
2.056226968765258789e+00
1.656771421432495117e+00
1.837229847908020020e+00
1.663402915000915527e+00
2.676989555358886719e+00
2.663317918777465820e+00
3.108793735504150391e+00
2.162176847457885742e+00
2.301909446716308594e+00
2.510366916656494141e+00
2.667219638824462891e+00
2.282973051071166992e+00
1.370396375656127930e+00
9.574711918830871582e-01
7.616449594497680664e-01
7.276365160942077637e-01
7.712860703468322754e-01
6.997128129005432129e-01
5.366500020027160645e-01
8.398045301437377930e-01
6.615917682647705078e-01
4.081657826900482178e-01
3.562332689762115479e-01
4.985279142856597900e-01
4.786497950553894043e-01
4.717068970203399658e-01
4.627948701381683350e-01
5.022923946380615234e-01
4.759978950023651123e-01
3.417853116989135742e-01
4.230347871780395508e-01
3.850437104701995850e-01
2.868081033229827881e-01
3.107933402061462402e-01
2.270931452512741089e-01
3.371985554695129395e-01
4.054524898529052734e-01
2.403775751590728760e-01
1.634552776813507080e-01
2.303258478641510010e-01
3.793526291847229004e-01
4.284953474998474121e-01
2.859427928924560547e-01
2.678844034671783447e-01
3.990547657012939453e-01
4.372006952762603760e-01
3.183998167514801025e-01
3.377215266227722168e-01
3.825916349887847900e-01
3.993494212627410889e-01
4.918506145477294922e-01
3.754634559154510498e-01
4.293132722377777100e-01
1.506162285804748535e+00
1.823555111885070801e+00
1.272111773490905762e+00
1.184810757637023926e+00
5.440720319747924805e-01
4.016066193580627441e-01
5.542402267456054688e-01
3.016091287136077881e-01
5.858130455017089844e-01
4.697734117507934570e-01
6.855734586715698242e-01
7.549070715904235840e-01
2.300335168838500977e+00
2.314350605010986328e+00
2.313961982727050781e+00
2.244285821914672852e+00
2.424044609069824219e+00
2.742959260940551758e+00
3.054634332656860352e+00
2.158835887908935547e+00
1.092403054237365723e+00
1.559951066970825195e+00
1.385270833969116211e+00
1.499597907066345215e+00
1.682554483413696289e+00
1.783418655395507812e+00
1.416471123695373535e+00
1.472415089607238770e+00
1.601089239120483398e+00
1.279249310493469238e+00
1.394283533096313477e+00
1.175325632095336914e+00
1.476079225540161133e+00
1.432034730911254883e+00
1.628906130790710449e+00
1.573743939399719238e+00
1.463185429573059082e+00
1.528519153594970703e+00
1.554179549217224121e+00
1.228896141052246094e+00
1.325557827949523926e+00
1.358654379844665527e+00
1.279793620109558105e+00
1.525079488754272461e+00
1.424568891525268555e+00
1.566752195358276367e+00
1.317605972290039062e+00
1.141706943511962891e+00
2.028141498565673828e+00
1.162768840789794922e+00
1.412918329238891602e+00
9.090723395347595215e-01
3.527771830558776855e-01
2.661479711532592773e-01
3.992219865322113037e-01
2.107185274362564087e-01
3.510547578334808350e-01
4.534431993961334229e-01
3.597732484340667725e-01
2.915996313095092773e-01
3.640135526657104492e-01
2.874305844306945801e-01
1.958799660205841064e-01
2.320532202720642090e-01
3.473708629608154297e-01
4.624763727188110352e-01
1.200221896171569824e+00
8.723585605621337891e-01
1.044101715087890625e+00
9.146738052368164062e-01
1.015288352966308594e+00
9.852397441864013672e-01
8.171678781509399414e-01
9.046930670738220215e-01
9.012607932090759277e-01
1.417429924011230469e+00
1.449905395507812500e+00
1.276842117309570312e+00
1.210413098335266113e+00
1.606918573379516602e+00
1.592819213867187500e+00
1.861896157264709473e+00
2.195020198822021484e+00
2.151967763900756836e+00
1.995337724685668945e+00
1.865915536880493164e+00
1.476293802261352539e+00
1.484912872314453125e+00
3.142368555068969727e+00
2.236492395401000977e+00
2.779202222824096680e+00
4.398568630218505859e+00
3.164680242538452148e+00
2.369454860687255859e+00
2.603924512863159180e+00
1.907004475593566895e+00
1.091930508613586426e+00
9.247987270355224609e-01
2.202525138854980469e+00
2.376978158950805664e+00
1.708477854728698730e+00
1.551986575126647949e+00
1.330353140830993652e+00
1.053058147430419922e+00
1.280302643775939941e+00
1.449162006378173828e+00
8.485136628150939941e-01
7.230467200279235840e-01
8.425791859626770020e-01
7.782136201858520508e-01
7.829023003578186035e-01
5.395804047584533691e-01
6.548399329185485840e-01
6.281466484069824219e-01
5.971946716308593750e-01
3.728112578392028809e-01
3.389270007610321045e-01
6.227277517318725586e-01
5.447227358818054199e-01
3.533612787723541260e-01
3.536364734172821045e-01
3.859975636005401611e-01
4.880565702915191650e-01
4.031256735324859619e-01
5.091475844383239746e-01
4.584789276123046875e-01
4.642832279205322266e-01
4.467516541481018066e-01
4.592971205711364746e-01
4.524594545364379883e-01
4.441830813884735107e-01
5.384996533393859863e-01
4.868220388889312744e-01
1.379861593246459961e+00
1.294926524162292480e+00
1.390905737876892090e+00
1.333415150642395020e+00
3.310050368309020996e-01
4.047579169273376465e-01
5.111936926841735840e-01
4.495471715927124023e-01
4.962403178215026855e-01
5.940239429473876953e-01
6.542706489562988281e-01
3.699321448802947998e-01
6.281175613403320312e-01
3.850039541721343994e-01
4.973750710487365723e-01
5.804610252380371094e-01
6.973914504051208496e-01
4.829989075660705566e-01
4.967789053916931152e-01
4.764841496944427490e-01
5.183364152908325195e-01
6.224423646926879883e-01
7.393298149108886719e-01
2.491643905639648438e+00
3.191734552383422852e+00
2.725458621978759766e+00
2.574790954589843750e+00
2.640243053436279297e+00
2.566131114959716797e+00
2.594705104827880859e+00
2.313170909881591797e+00
2.354070186614990234e+00
1.177258491516113281e+00
1.720387697219848633e+00
1.556454658508300781e+00
1.489407777786254883e+00
1.383070707321166992e+00
1.277414679527282715e+00
1.242201328277587891e+00
1.226792335510253906e+00
1.116561770439147949e+00
1.395559906959533691e+00
1.524354457855224609e+00
1.238670468330383301e+00
1.323026299476623535e+00
1.164997339248657227e+00
1.393660187721252441e+00
1.239765405654907227e+00
1.191773891448974609e+00
1.255345702171325684e+00
1.394498109817504883e+00
1.338146328926086426e+00
1.208149075508117676e+00
1.252129435539245605e+00
1.257542014122009277e+00
1.374096155166625977e+00
1.258378386497497559e+00
1.228948473930358887e+00
1.161200523376464844e+00
2.651492357254028320e+00
1.291617870330810547e+00
1.109598755836486816e+00
8.434382081031799316e-01
6.970175504684448242e-01
1.416854023933410645e+00
4.249087870121002197e-01
4.220658540725708008e-01
4.656312465667724609e-01
1.009277820587158203e+00
4.716348052024841309e-01
3.608107268810272217e-01
4.664570987224578857e-01
4.504453837871551514e-01
2.003069221973419189e-01
3.231559693813323975e-01
3.832538425922393799e-01
3.097728490829467773e-01
3.213354051113128662e-01
3.116115033626556396e-01
3.730672895908355713e-01
3.475103974342346191e-01
3.446301519870758057e-01
6.498976945877075195e-01
7.064161300659179688e-01
6.069511771202087402e-01
5.364457964897155762e-01
6.938202381134033203e-01
5.599143505096435547e-01
6.522448062896728516e-01
5.721936821937561035e-01
6.256989240646362305e-01
9.731640815734863281e-01
2.578271865844726562e+00
4.328251838684082031e+00
3.506155014038085938e+00
3.157177209854125977e+00
3.561190366744995117e+00
2.623609304428100586e+00
2.310951948165893555e+00
3.215911865234375000e+00
3.104314327239990234e+00
2.723617792129516602e+00
3.342225551605224609e+00
3.045189142227172852e+00
1.588298439979553223e+00
1.846707582473754883e+00
1.931844830513000488e+00
1.943992376327514648e+00
2.780698537826538086e+00
1.435250163078308105e+00
2.471394062042236328e+00
2.476755380630493164e+00
1.155277013778686523e+00
1.248318433761596680e+00
1.726715803146362305e+00
6.178808212280273438e-01
8.365603089332580566e-01
1.272517919540405273e+00
6.671148538589477539e-01
7.080960869789123535e-01
1.069328069686889648e+00
4.461143612861633301e-01
6.493517011404037476e-02
3.585691452026367188e-01
4.156149625778198242e-01
2.844168841838836670e-01
3.620929419994354248e-01
5.196800827980041504e-01
4.551420509815216064e-01
3.191434442996978760e-01
2.025671303272247314e-01
2.754006981849670410e-01
4.913260042667388916e-01
2.892182469367980957e-01
3.815873265266418457e-01
3.902924060821533203e-01
3.202351629734039307e-01
3.106858730316162109e-01
4.124603569507598877e-01
1.870710104703903198e-01
1.410473585128784180e+00
1.171952486038208008e+00
9.156492948532104492e-01
3.483979105949401855e-01
2.580598890781402588e-01
2.777713835239410400e-01
2.349350899457931519e-01
4.211021065711975098e-01
3.542452454566955566e-01
2.182556688785552979e-01
1.854858994483947754e-01
3.778020441532135010e-01
4.182550609111785889e-01
2.667696475982666016e-01
2.321836948394775391e-01
1.857251822948455811e-01
2.879787981510162354e-01
1.058133095502853394e-01
2.609784901142120361e-01
4.690692424774169922e-01
3.623563647270202637e-01
5.876432061195373535e-01
6.958872079849243164e-01
3.702681958675384521e-01
2.603214979171752930e-01
5.062295198440551758e-01
1.624008297920227051e+00
1.939583778381347656e+00
2.072345733642578125e+00
2.597803115844726562e+00
2.951993942260742188e+00
2.176040410995483398e+00
2.113717794418334961e+00
2.534400701522827148e+00
1.842428684234619141e+00
1.858896493911743164e+00
1.572674036026000977e+00
1.653855085372924805e+00
1.380717039108276367e+00
1.311908602714538574e+00
1.504560232162475586e+00
1.138221263885498047e+00
1.492630958557128906e+00
1.481131196022033691e+00
1.341185212135314941e+00
1.126627087593078613e+00
1.322599530220031738e+00
1.533402681350708008e+00
1.393425583839416504e+00
1.148696422576904297e+00
1.495954394340515137e+00
1.366149306297302246e+00
1.261772990226745605e+00
1.431538820266723633e+00
1.122829794883728027e+00
1.077090263366699219e+00
1.494689345359802246e+00
1.503275513648986816e+00
1.197706222534179688e+00
1.390085101127624512e+00
1.343552112579345703e+00
1.558702468872070312e+00
1.396324992179870605e+00
1.461402893066406250e+00
2.362811803817749023e+00
1.560007214546203613e+00
1.667957901954650879e+00
1.623696327209472656e+00
1.732224583625793457e+00
1.258485198020935059e+00
1.422269105911254883e+00
2.184091806411743164e+00
1.650613546371459961e+00
1.327378630638122559e+00
1.170454025268554688e+00
1.601506233215332031e+00
1.242629766464233398e+00
1.952768683433532715e+00
1.821225523948669434e+00
1.718168854713439941e+00
1.506956100463867188e+00
1.650574684143066406e+00
1.852677702903747559e+00
2.026971340179443359e+00
1.504644036293029785e+00
1.648081660270690918e+00
9.741993546485900879e-01
1.810933947563171387e+00
1.175608158111572266e+00
1.478819727897644043e+00
9.540167450904846191e-01
6.921427249908447266e-01
8.318858146667480469e-01
6.712134480476379395e-01
4.902877211570739746e-01
1.088453769683837891e+00
1.359309673309326172e+00
1.208891034126281738e+00
1.240775465965270996e+00
1.316320419311523438e+00
1.468896746635437012e+00
1.222754955291748047e+00
1.137918353080749512e+00
1.616507053375244141e+00
1.952062845230102539e+00
1.563038706779479980e+00
1.645399928092956543e+00
1.994340300559997559e+00
3.240813970565795898e+00
1.784383177757263184e+00
1.120961308479309082e+00
1.008422374725341797e+00
1.525488972663879395e+00
1.213048815727233887e+00
2.636614322662353516e+00
2.188100576400756836e+00
1.900621056556701660e+00
2.196324586868286133e+00
1.872640490531921387e+00
1.245703458786010742e+00
5.916091203689575195e-01
5.378179550170898438e-01
5.382685661315917969e-01
3.295896053314208984e-01
6.083948612213134766e-01
2.760525047779083252e-01
2.639143466949462891e-01
3.024215400218963623e-01
4.337196648120880127e-01
3.259503841400146484e-01
4.186609983444213867e-01
5.073259472846984863e-01
3.067183196544647217e-01
4.071831405162811279e-01
2.990992069244384766e-01
2.793978750705718994e-01
4.214266538619995117e-01
4.001514315605163574e-01
2.160245180130004883e-01
3.140389323234558105e-01
9.592303633689880371e-02
3.687428236007690430e-01
1.956683695316314697e-01
2.417401075363159180e-01
3.324500918388366699e-01
2.910656630992889404e-01
9.239262342453002930e-01
9.031306952238082886e-02
3.215834796428680420e-01
2.548962533473968506e-01
1.969311386346817017e-01
3.405973613262176514e-01
3.899843394756317139e-01
4.006705880165100098e-01
3.426237702369689941e-01
5.604345798492431641e-01
3.306717276573181152e-01
3.297296464443206787e-01
5.261222124099731445e-01
3.606860041618347168e-01
4.794682562351226807e-01
4.546530842781066895e-01
5.126716494560241699e-01
1.306406617164611816e+00
1.368079781532287598e+00
1.537881970405578613e+00
9.851832985877990723e-01
2.884853184223175049e-01
3.781887888908386230e-01
6.141613125801086426e-01
4.174270033836364746e-01
1.586779713630676270e+00
2.024040222167968750e+00
2.390285253524780273e+00
2.343272924423217773e+00
2.210731029510498047e+00
2.436156988143920898e+00
2.414377212524414062e+00
2.713632345199584961e+00
2.262244701385498047e+00
2.166498422622680664e+00
1.972046017646789551e+00
1.204974412918090820e+00
1.682346105575561523e+00
1.547699928283691406e+00
2.968823909759521484e+00
1.595375180244445801e+00
1.264441967010498047e+00
1.669785380363464355e+00
1.545117139816284180e+00
1.913626909255981445e+00
7.435029149055480957e-01
2.601944684982299805e+00
1.456619381904602051e+00
5.410188436508178711e-01
8.250443339347839355e-01
1.925537586212158203e+00
2.190921783447265625e+00
2.475268602371215820e+00
2.933919906616210938e+00
3.347522020339965820e+00
2.673627853393554688e+00
1.820268630981445312e+00
2.553080797195434570e+00
1.876423120498657227e+00
9.689896106719970703e-01
1.174265384674072266e+00
5.277938842773437500e-01
5.483918190002441406e-01
2.987957954406738281e+00
5.454924106597900391e-01
6.205809712409973145e-01
1.521053791046142578e+00
1.459712624549865723e+00
1.591138124465942383e+00
7.890659570693969727e-01
1.104933977127075195e+00
2.187698125839233398e+00
4.136968255043029785e-01
4.328444600105285645e-01
6.389101743698120117e-01
4.238776266574859619e-01
1.673829674720764160e+00
1.600313544273376465e+00
1.268562197685241699e+00
1.223184466361999512e+00
1.556834220886230469e+00
1.408852100372314453e+00
1.541813731193542480e+00
1.303612470626831055e+00
1.330225467681884766e+00
1.753483891487121582e+00
1.392089605331420898e+00
1.165236830711364746e+00
1.825533509254455566e+00
2.196291923522949219e+00
2.128818035125732422e+00
1.978416800498962402e+00
2.514631509780883789e+00
3.285009622573852539e+00
5.261644840240478516e+00
4.624521255493164062e+00
4.848323345184326172e+00
5.207791805267333984e+00
4.009041786193847656e+00
4.694352149963378906e+00
3.980918884277343750e+00
3.627552270889282227e+00
2.695564508438110352e+00
3.215120077133178711e+00
3.241141080856323242e+00
2.546285867691040039e+00
2.979448795318603516e+00
1.795768380165100098e+00
1.647022843360900879e+00
1.521694898605346680e+00
1.622747063636779785e+00
1.837953209877014160e+00
1.602934479713439941e+00
2.531727552413940430e+00
1.731715559959411621e+00
2.012571096420288086e+00
1.709483742713928223e+00
2.037168741226196289e+00
1.569922447204589844e+00
1.579144120216369629e+00
1.117635607719421387e+00
9.581539630889892578e-01
8.568421602249145508e-01
8.680711388587951660e-01
5.394666194915771484e-01
7.060346007347106934e-01
7.812818288803100586e-01
5.704556107521057129e-01
5.513654947280883789e-01
7.188217639923095703e-01
7.315547466278076172e-01
4.337336421012878418e-01
4.117353558540344238e-01
5.917782187461853027e-01
3.590751290321350098e-01
3.336336314678192139e-01
3.496170938014984131e-01
1.333724856376647949e-01
2.776896953582763672e-01
1.904621422290802002e-01
1.199518322944641113e+00
1.266277074813842773e+00
1.184434890747070312e+00
9.548521637916564941e-01
2.175295948982238770e-01
3.810824453830718994e-01
3.907460570335388184e-01
4.454946517944335938e-01
3.373701274394989014e-01
6.186085939407348633e-01
4.789148569107055664e-01
1.924575865268707275e-01
3.327080011367797852e-01
3.698164820671081543e-01
4.735518395900726318e-01
3.976272642612457275e-01
6.374536156654357910e-01
5.143236517906188965e-01
3.767519891262054443e-01
5.044212937355041504e-01
2.633864581584930420e-01
1.976026743650436401e-01
1.905057281255722046e-01
4.281250536441802979e-01
4.115021228790283203e-01
6.244827806949615479e-02
4.967356026172637939e-01
6.611392498016357422e-01
2.879458963871002197e-01
3.350973129272460938e-01
1.405621290206909180e+00
1.741116046905517578e+00
2.022332668304443359e+00
2.106772899627685547e+00
2.551261663436889648e+00
2.449194192886352539e+00
1.635412693023681641e+00
1.857638597488403320e+00
1.700988650321960449e+00
1.733602166175842285e+00
1.511234760284423828e+00
1.195647716522216797e+00
1.041167020797729492e+00
1.246357798576354980e+00
1.614745974540710449e+00
7.713142633438110352e-01
1.313076257705688477e+00
1.473090171813964844e+00
3.581371605396270752e-01
4.048604369163513184e-01
2.477853447198867798e-01
3.405107557773590088e-01
2.169501483440399170e-01
3.185250759124755859e-01
7.556901574134826660e-01
1.921223551034927368e-01
8.101539313793182373e-02
5.621265769004821777e-01
3.762750327587127686e-01
2.432405203580856323e-01
4.211026728153228760e-01
7.300817370414733887e-01
2.824888825416564941e-01
2.559402883052825928e-01
5.093512535095214844e-01
5.506051778793334961e-01
3.555200695991516113e-01
3.828078806400299072e-01
4.186415374279022217e-01
2.673578560352325439e-01
2.320345789194107056e-01
3.909055590629577637e-01
3.776126503944396973e-01
4.800312519073486328e-01
2.922780215740203857e-01
4.316864013671875000e-01
2.802478671073913574e-01
1.912241429090499878e-01
2.911092638969421387e-01
3.839325308799743652e-01
3.349890410900115967e-01
3.270429372787475586e-01
3.729620277881622314e-01
2.328382283449172974e-01
3.803201913833618164e-01
5.350457429885864258e-01
3.953709006309509277e-01
2.331309765577316284e-01
4.945192337036132812e-01
3.789576292037963867e-01
3.495579063892364502e-01
3.976250886917114258e-01
4.877706766128540039e-01
3.061983585357666016e-01
1.675155520439147949e+00
1.239473223686218262e+00
1.273168087005615234e+00
6.635729670524597168e-01
3.052206337451934814e-01
5.332388877868652344e-01
2.308205962181091309e-01
6.326996684074401855e-01
4.522670507431030273e-01
5.521631240844726562e-01
3.490096926689147949e-01
4.825447201728820801e-01
4.647354781627655029e-01
3.968395292758941650e-01
4.251650571823120117e-01
5.167195200920104980e-01
6.182698011398315430e-01
3.304436802864074707e-01
2.467613071203231812e-01
1.840917229652404785e+00
1.823317408561706543e+00
1.420616388320922852e+00
1.610731720924377441e+00
1.481646776199340820e+00
5.359716415405273438e-01
1.157208561897277832e+00
1.451837778091430664e+00
2.262017488479614258e+00
1.899841189384460449e+00
1.730197906494140625e+00
1.349862575531005859e+00
8.543155193328857422e-01
5.182229280471801758e-01
1.753777116537094116e-01
3.146586418151855469e-01
5.706781744956970215e-01
3.301550447940826416e-01
1.733381599187850952e-01
4.261606037616729736e-01
5.003295540809631348e-01
3.317324817180633545e-01
1.738383769989013672e-01
4.317976832389831543e-01
3.831428289413452148e-01
3.063414394855499268e-01
2.253942787647247314e-01
3.187246322631835938e-01
2.263007313013076782e-01
2.112412303686141968e-01
4.297367334365844727e-01
4.308660328388214111e-01
1.166749894618988037e-01
1.830913871526718140e-01
3.422326445579528809e-01
2.577255070209503174e-01
4.405702054500579834e-01
4.504505991935729980e-01
2.254258096218109131e-01
4.448746144771575928e-01
3.213861286640167236e-01
2.040661722421646118e-01
6.039528548717498779e-02
4.424691498279571533e-01
4.990887343883514404e-01
2.806450128555297852e-01
3.933590352535247803e-01
4.022770822048187256e-01
1.913510411977767944e-01
4.227381944656372070e-01
3.611297607421875000e-01
3.624632656574249268e-01
1.572401076555252075e-01
2.957338392734527588e-01
3.287070095539093018e-01
3.337591588497161865e-01
3.140197396278381348e-01
3.763156235218048096e-01
1.302881717681884766e+00
1.044686675071716309e+00
1.920039534568786621e+00
2.566468238830566406e+00
2.025298595428466797e+00
1.866862058639526367e+00
2.324031591415405273e+00
1.888988852500915527e+00
2.054840803146362305e+00
2.363507747650146484e+00
2.056075572967529297e+00
1.789444923400878906e+00
2.457910060882568359e+00
2.364773750305175781e+00
2.205518245697021484e+00
2.297002315521240234e+00
1.291502237319946289e+00
1.758919835090637207e+00
1.612636446952819824e+00
1.482099294662475586e+00
1.534279227256774902e+00
1.746286392211914062e+00
2.493659019470214844e+00
2.504492998123168945e+00
2.818317174911499023e+00
2.970093250274658203e+00
2.766369342803955078e+00
1.501186609268188477e+00
2.330399751663208008e+00
2.630903959274291992e+00
2.587761163711547852e+00
3.232792615890502930e+00
1.522254109382629395e+00
1.957598567008972168e+00
2.485327959060668945e+00
1.996774792671203613e+00
1.804941892623901367e+00
1.770778059959411621e+00
1.976787924766540527e+00
1.878200054168701172e+00
1.834583401679992676e+00
1.766032934188842773e+00
1.764989376068115234e+00
1.583214521408081055e+00
2.383609294891357422e+00
2.315589666366577148e+00
1.162285327911376953e+00
1.635421991348266602e+00
1.302588701248168945e+00
1.600774645805358887e+00
1.823924541473388672e+00
2.073522567749023438e+00
2.902677774429321289e+00
2.216932296752929688e+00
5.002254247665405273e-01
6.228346228599548340e-01
7.800807356834411621e-01
6.436460614204406738e-01
9.315697550773620605e-01
8.159714341163635254e-01
6.659705042839050293e-01
3.521988391876220703e-01
8.016763925552368164e-01
8.999456763267517090e-01
8.491397500038146973e-01
9.239109158515930176e-01
6.349889636039733887e-01
8.298457264900207520e-01
5.569899678230285645e-01
1.140858888626098633e+00
1.290575265884399414e+00
3.226979017257690430e+00
4.450794219970703125e+00
4.446319580078125000e+00
3.422599792480468750e+00
2.804383516311645508e+00
3.292426824569702148e+00
2.019665479660034180e+00
1.191250681877136230e+00
1.830966114997863770e+00
3.670186519622802734e+00
2.737168073654174805e+00
8.587808609008789062e-01
1.470503568649291992e+00
2.148646116256713867e+00
1.689516305923461914e+00
1.516332983970642090e+00
1.486009240150451660e+00
1.805310368537902832e+00
2.034850358963012695e+00
2.751876831054687500e+00
2.763303995132446289e+00
2.567660808563232422e+00
2.079051256179809570e+00
1.294890403747558594e+00
1.692332029342651367e+00
9.686787724494934082e-01
1.747645586729049683e-01
4.458997547626495361e-01
-1.186569873243570328e-02
5.210288763046264648e-01
3.058414757251739502e-01
6.366691738367080688e-02
1.575081795454025269e-01
3.320874571800231934e-01
2.846693396568298340e-01
4.690807759761810303e-01
2.144010365009307861e-01
2.156383097171783447e-01
5.573912858963012695e-01
4.526351690292358398e-01
3.720643520355224609e-01
3.725527822971343994e-01
3.559076488018035889e-01
2.590346038341522217e-01
3.328850567340850830e-01
1.183856353163719177e-01
2.986927330493927002e-01
3.154949247837066650e-01
4.264626502990722656e-01
2.139405459165573120e-01
1.237209513783454895e-01
1.099494472146034241e-01
2.051765471696853638e-01
3.116268515586853027e-01
3.866082727909088135e-01
4.571076035499572754e-01
1.943518780171871185e-02
1.683191508054733276e-01
3.739298582077026367e-01
5.950421690940856934e-01
2.816081941127777100e-01
3.475684821605682373e-01
4.488753676414489746e-01
4.055933952331542969e-01
1.099069640040397644e-01
5.143206119537353516e-01
6.689504981040954590e-01
6.046652197837829590e-01
5.804571509361267090e-01
3.826217949390411377e-01
3.958497345447540283e-01
5.287924408912658691e-01
4.219331741333007812e-01
5.055596232414245605e-01
5.360299944877624512e-01
1.669433355331420898e+00
1.884140849113464355e+00
2.170780658721923828e+00
1.937892317771911621e+00
2.538776397705078125e+00
2.107509851455688477e+00
2.423951625823974609e+00
2.727052927017211914e+00
1.965077877044677734e+00
2.299419164657592773e+00
2.211940526962280273e+00
1.353133201599121094e+00
1.201091885566711426e+00
1.270825982093811035e+00
1.204517245292663574e+00
1.184837818145751953e+00
1.367273330688476562e+00
1.240589976310729980e+00
1.263333439826965332e+00
1.778585195541381836e+00
1.334598660469055176e+00
1.631561279296875000e+00
1.439016819000244141e+00
1.574100732803344727e+00
1.511872649192810059e+00
1.509711384773254395e+00
1.330536246299743652e+00
1.527584433555603027e+00
2.034848690032958984e+00
2.317663192749023438e+00
1.542297244071960449e+00
1.731039881706237793e+00
1.612965106964111328e+00
1.907775759696960449e+00
1.004977822303771973e+00
6.433768868446350098e-01
4.087767601013183594e-01
6.843361854553222656e-01
6.227608919143676758e-01
2.103312015533447266e+00
3.647601902484893799e-01
3.985896408557891846e-01
6.329888701438903809e-01
6.445267200469970703e-01
1.490051150321960449e+00
1.756056547164916992e+00
1.990750432014465332e+00
2.335312128067016602e+00
6.415664553642272949e-01
2.664730548858642578e-01
3.071765899658203125e-01
4.859958887100219727e-01
4.504533410072326660e-01
8.883938193321228027e-01
9.808139204978942871e-01
3.976012468338012695e-01
6.976962685585021973e-01
4.624643027782440186e-01
4.993636608123779297e-01
6.381416320800781250e-01
9.010862112045288086e-01
1.404270291328430176e+00
9.950417876243591309e-01
1.317917346954345703e+00
5.662087202072143555e-01
7.460320591926574707e-01
9.377481937408447266e-01
1.310391664505004883e+00
1.316176056861877441e+00
1.955407381057739258e+00
2.060556650161743164e+00
2.078685760498046875e+00
2.268882274627685547e+00
3.192663192749023438e+00
2.754470825195312500e+00
2.986832141876220703e+00
2.498399496078491211e+00
2.211641788482666016e+00
1.883773803710937500e+00
1.491646409034729004e+00
3.312582015991210938e+00
2.117425918579101562e+00
3.294784784317016602e+00
2.574493169784545898e+00
2.642027616500854492e+00
2.458454370498657227e+00
2.455339670181274414e+00
1.307024955749511719e+00
1.323428869247436523e+00
9.988487362861633301e-01
1.140505790710449219e+00
1.171388745307922363e+00
7.715798616409301758e-01
6.761299371719360352e-01
7.151642441749572754e-01
6.620922684669494629e-01
6.742841601371765137e-01
8.293312191963195801e-01
3.945485949516296387e-01
6.256515383720397949e-01
5.836531519889831543e-01
6.415856480598449707e-01
3.189227879047393799e-01
2.250360399484634399e-01
4.071165323257446289e-01
9.119223952293395996e-01
5.388666391372680664e-01
2.933124601840972900e-01
3.236263096332550049e-01
2.624046206474304199e-01
3.817156255245208740e-01
1.530965715646743774e-01
3.616721928119659424e-01
3.935720026493072510e-01
2.191248387098312378e-01
4.522645771503448486e-01
4.755692183971405029e-01
2.587163746356964111e-01
1.623015999794006348e-01
2.801371216773986816e-01
1.565178632736206055e+00
1.153139233589172363e+00
1.100663185119628906e+00
1.062263727188110352e+00
2.274513840675354004e-01
2.926025390625000000e-01
2.965506613254547119e-01
4.234385192394256592e-01
2.406308352947235107e-01
3.790031373500823975e-01
3.032953739166259766e-01
2.689476311206817627e-01
3.127627074718475342e-01
2.313657850027084351e-01
2.947292625904083252e-01
2.250242531299591064e-01
5.781248807907104492e-01
5.185562372207641602e-01
4.732656776905059814e-01
5.026325583457946777e-01
5.725420117378234863e-01
5.228604078292846680e-01
2.049043625593185425e-01
8.117130398750305176e-01
1.871688365936279297e+00
1.710119366645812988e+00
1.732160210609436035e+00
2.136525869369506836e+00
2.652975082397460938e+00
1.767926692962646484e+00
3.440909385681152344e+00
2.345733165740966797e+00
1.604914903640747070e+00
2.228067398071289062e+00
1.441076397895812988e+00
1.785222768783569336e+00
1.152469873428344727e+00
1.809218168258666992e+00
1.514817476272583008e+00
1.489162445068359375e+00
1.298326134681701660e+00
1.396068453788757324e+00
1.544512391090393066e+00
1.668110609054565430e+00
1.520260810852050781e+00
1.161125659942626953e+00
1.923870325088500977e+00
1.106220602989196777e+00
1.283107995986938477e+00
1.532175540924072266e+00
1.313081383705139160e+00
1.191379547119140625e+00
1.326275944709777832e+00
1.491916060447692871e+00
1.397198796272277832e+00
1.264561414718627930e+00
1.121905565261840820e+00
1.399017214775085449e+00
2.109279632568359375e+00
1.259189367294311523e+00
1.385060906410217285e+00
1.857343673706054688e+00
1.398827791213989258e+00
2.035780906677246094e+00
2.446082830429077148e+00
1.910482764244079590e+00
1.389334321022033691e+00
1.847898244857788086e+00
1.688122749328613281e+00
1.459011435508728027e+00
1.718064069747924805e+00
2.898572921752929688e+00
2.110240697860717773e+00
1.479710459709167480e+00
1.355829715728759766e+00
1.596681475639343262e+00
1.384204030036926270e+00
1.649229407310485840e+00
1.825137734413146973e+00
1.524509549140930176e+00
2.863347530364990234e-01
5.670403242111206055e-01
1.295727252960205078e+00
1.191994547843933105e+00
9.889433979988098145e-01
2.500459432601928711e+00
2.281094312667846680e+00
2.192079305648803711e+00
2.220807075500488281e+00
2.215715408325195312e+00
1.119971513748168945e+00
1.166360616683959961e+00
2.372943878173828125e+00
2.373169660568237305e+00
2.860477209091186523e+00
2.456193923950195312e+00
2.426119565963745117e+00
1.929409027099609375e+00
1.491123080253601074e+00
1.793948650360107422e+00
1.622468948364257812e+00
2.021564960479736328e+00
1.522118091583251953e+00
2.339398860931396484e+00
2.898688554763793945e+00
2.509374380111694336e+00
2.534061670303344727e+00
2.004384994506835938e+00
2.184965848922729492e+00
1.868648529052734375e+00
2.329063653945922852e+00
2.394662618637084961e+00
2.284100770950317383e+00
1.240937232971191406e+00
6.416843533515930176e-01
8.456419706344604492e-01
7.677090764045715332e-01
7.864283323287963867e-01
4.171545505523681641e-01
4.636698067188262939e-01
2.934821248054504395e-01
2.821404933929443359e-01
4.998679757118225098e-01
4.446353316307067871e-01
4.588525295257568359e-01
3.441088199615478516e-01
1.966430544853210449e-01
4.000146687030792236e-01
3.312248587608337402e-01
3.740460872650146484e-01
2.930520772933959961e-01
4.051446914672851562e-01
9.251983463764190674e-02
2.225346118211746216e-02
4.427764117717742920e-01
3.744276165962219238e-01
3.584699332714080811e-01
2.137571871280670166e-01
2.892612814903259277e-01
3.299028873443603516e-01
2.354520261287689209e-01
3.972832858562469482e-01
3.070192635059356689e-01
2.102659940719604492e-01
3.998600840568542480e-01
3.366136252880096436e-01
2.182019501924514771e-01
2.165817618370056152e-01
3.313021659851074219e-01
5.289980173110961914e-01
2.503555715084075928e-01
5.650616288185119629e-01
5.106605887413024902e-01
3.955556452274322510e-01
1.878697276115417480e-01
2.600005269050598145e-01
4.686668813228607178e-01
1.440188646316528320e+00
1.375300526618957520e+00
1.375807642936706543e+00
1.133632779121398926e+00
4.158572554588317871e-01
4.198711514472961426e-01
5.515557527542114258e-01
4.882604777812957764e-01
5.746468305587768555e-01
1.958838343620300293e+00
9.798786640167236328e-01
2.222817420959472656e+00
1.900410532951354980e+00
1.941339373588562012e+00
2.880206584930419922e+00
1.864892601966857910e+00
2.809805154800415039e+00
3.180608749389648438e+00
1.962946534156799316e+00
1.763811945915222168e+00
2.012256622314453125e+00
2.175999879837036133e+00
2.257330894470214844e+00
1.232077002525329590e+00
1.661982536315917969e+00
1.849642395973205566e+00
1.580605149269104004e+00
9.510630369186401367e-01
1.127256155014038086e+00
8.658366799354553223e-01
1.029198169708251953e+00
9.107276201248168945e-01
1.011634349822998047e+00
8.328295350074768066e-01
4.490242004394531250e-01
8.300334811210632324e-01
3.093984425067901611e-01
3.019788861274719238e-01
5.791044831275939941e-01
1.870196938514709473e+00
1.634717226028442383e+00
1.435619115829467773e+00
3.240212798118591309e-01
4.686523377895355225e-01
9.290066361427307129e-01
6.674829721450805664e-01
5.910957455635070801e-01
4.934985041618347168e-01
6.114910840988159180e-01
5.144705772399902344e-01
5.452002286911010742e-01
2.759053111076354980e-01
4.029518961906433105e-01
4.278101027011871338e-01
2.635264992713928223e-01
1.477190405130386353e-01
5.243737101554870605e-01
3.795280456542968750e-01
1.973724365234375000e-01
2.582438290119171143e-01
2.645519077777862549e-01
3.332378268241882324e-01
2.598590850830078125e-01
4.354138672351837158e-01
3.541079163551330566e-01
3.136242032051086426e-01
4.073489904403686523e-01
4.436864256858825684e-01
3.208127021789550781e-01
8.567377328872680664e-01
8.553088307380676270e-01
8.276000022888183594e-01
7.191668748855590820e-01
1.268641710281372070e+00
1.554619312286376953e+00
2.363240480422973633e+00
1.739060878753662109e+00
2.060056447982788086e+00
1.627891421318054199e+00
1.648173570632934570e+00
1.874602794647216797e+00
2.079452753067016602e+00
2.773640155792236328e+00
2.182383060455322266e+00
2.784677028656005859e+00
2.766335725784301758e+00
2.583370447158813477e+00
2.558586120605468750e+00
2.194399356842041016e+00
1.211474657058715820e+00
1.253555059432983398e+00
2.229464530944824219e+00
1.678218007087707520e+00
1.869112133979797363e+00
1.898088335990905762e+00
1.659994840621948242e+00
1.682859301567077637e+00
1.261213064193725586e+00
1.527416467666625977e+00
1.777305483818054199e+00
1.189334750175476074e+00
9.207505583763122559e-01
1.470350027084350586e+00
1.358870625495910645e+00
9.054509401321411133e-01
9.015138149261474609e-01
1.233364701271057129e+00
2.094715833663940430e+00
1.516557455062866211e+00
1.565473556518554688e+00
1.689513564109802246e+00
4.837370514869689941e-01
3.046206533908843994e-01
3.913877010345458984e-01
3.550129830837249756e-01
2.770030796527862549e-01
3.545371592044830322e-01
4.893533289432525635e-01
2.101653963327407837e-01
3.259057104587554932e-01
4.616384506225585938e-01
3.238431215286254883e-01
3.210752904415130615e-01
2.603179216384887695e-01
3.622966110706329346e-01
2.495579272508621216e-01
1.947213560342788696e-01
3.545788228511810303e-01
5.918025970458984375e-01
2.210443466901779175e-01
1.699810028076171875e-01
2.639921903610229492e-01
2.976538836956024170e-01
1.831790953874588013e-01
4.431338310241699219e-01
2.851525545120239258e-01
3.275692164897918701e-01
3.156826794147491455e-01
3.396245837211608887e-01
3.447184264659881592e-01
4.236238300800323486e-01
2.914239168167114258e-01
3.633992969989776611e-01
3.859460353851318359e-01
2.830066382884979248e-01
4.581955075263977051e-01
