1.653374791145324707e+00
1.219514012336730957e+00
1.415680646896362305e+00
1.446963787078857422e+00
1.311630606651306152e+00
1.361373901367187500e+00
1.666455864906311035e+00
1.673169851303100586e+00
1.300936937332153320e+00
1.437462091445922852e+00
1.420513510704040527e+00
1.328468203544616699e+00
1.383917689323425293e+00
1.415971159934997559e+00
1.144907593727111816e+00
1.264831423759460449e+00
1.259312987327575684e+00
1.213037610054016113e+00
1.021843671798706055e+00
1.085361719131469727e+00
1.213729977607727051e+00
1.054998517036437988e+00
1.063973546028137207e+00
1.087263703346252441e+00
3.909699916839599609e-01
3.578948676586151123e-01
3.341182470321655273e-01
3.893004655838012695e-01
3.393869400024414062e-01
2.920825779438018799e-01
3.679178059101104736e-01
9.655334949493408203e-01
4.810558259487152100e-01
3.571983873844146729e-01
3.987225592136383057e-01
3.337312042713165283e-01
3.496012091636657715e-01
4.663394987583160400e-01
4.605716764926910400e-01
3.798358440399169922e-01
4.921444654464721680e-01
4.888643324375152588e-01
4.010992646217346191e-01
4.369011223316192627e-01
5.137428045272827148e-01
4.262230992317199707e-01
4.155637025833129883e-01
4.424082934856414795e-01
4.127202033996582031e-01
3.932501971721649170e-01
4.291496276855468750e-01
4.525628089904785156e-01
3.740096390247344971e-01
4.341475367546081543e-01
5.069599747657775879e-01
3.854471743106842041e-01
1.271659255027770996e+00
1.692155838012695312e+00
1.844652175903320312e+00
1.711142659187316895e+00
1.423926115036010742e+00
5.818427205085754395e-01
4.391396641731262207e-01
4.624486863613128662e-01
5.638725757598876953e-01
4.438407421112060547e-01
4.838762879371643066e-01
6.053973436355590820e-01
5.249093174934387207e-01
4.633929431438446045e-01
5.349925160408020020e-01
5.620970129966735840e-01
4.711408913135528564e-01
4.993595480918884277e-01
5.748926997184753418e-01
4.767253398895263672e-01
6.378784775733947754e-01
1.735775470733642578e+00
1.693998098373413086e+00
2.047466993331909180e+00
1.896343946456909180e+00
1.933007597923278809e+00
1.719466924667358398e+00
1.818846106529235840e+00
1.616926431655883789e+00
1.474265575408935547e+00
1.469862937927246094e+00
1.464792490005493164e+00
1.458445668220520020e+00
1.427816629409790039e+00
1.403508782386779785e+00
1.477311611175537109e+00
1.391091585159301758e+00
1.412545204162597656e+00
1.470208287239074707e+00
1.505554318428039551e+00
1.513296842575073242e+00
1.591399908065795898e+00
2.098469495773315430e+00
1.352402448654174805e+00
1.409779667854309082e+00
1.524615406990051270e+00
1.431838750839233398e+00
1.420623779296875000e+00
1.482753515243530273e+00
1.447278618812561035e+00
1.397656798362731934e+00
1.389199018478393555e+00
1.430727601051330566e+00
1.375961661338806152e+00
6.900609731674194336e-01
4.475692808628082275e-01
4.023033976554870605e-01
3.934184908866882324e-01
3.813924491405487061e-01
3.826456367969512939e-01
3.570832610130310059e-01
3.252804875373840332e-01
4.084936082363128662e-01
3.697512447834014893e-01
3.352012038230895996e-01
3.703846931457519531e-01
4.836797714233398438e-01
9.760100841522216797e-01
3.574003875255584717e-01
5.023129582405090332e-01
4.235525429248809814e-01
4.049286842346191406e-01
7.154322862625122070e-01
1.417117476463317871e+00
1.450314044952392578e+00
1.384490847587585449e+00
1.542177438735961914e+00
1.333185195922851562e+00
1.406279325485229492e+00
1.406744837760925293e+00
1.343171119689941406e+00
1.282276391983032227e+00
1.418013572692871094e+00
1.372662663459777832e+00
1.312544703483581543e+00
1.381851792335510254e+00
1.428229451179504395e+00
1.799171328544616699e+00
1.415009975433349609e+00
1.393780827522277832e+00
1.508739948272705078e+00
1.976283550262451172e+00
1.215117692947387695e+00
1.459078907966613770e+00
1.309132218360900879e+00
1.299364805221557617e+00
1.365855455398559570e+00
1.833339333534240723e+00
1.775378823280334473e+00
7.541919350624084473e-01
6.178230047225952148e-01
4.680323302745819092e-01
5.353844761848449707e-01
5.761798620223999023e-01
5.130394697189331055e-01
4.651129245758056641e-01
5.422764420509338379e-01
4.029398262500762939e-01
3.708709180355072021e-01
3.789716064929962158e-01
4.141482412815093994e-01
3.387269079685211182e-01
3.671714365482330322e-01
1.134180188179016113e+00
1.449061155319213867e+00
1.307889461517333984e+00
1.539888739585876465e+00
1.774012207984924316e+00
8.756321072578430176e-01
3.415484726428985596e-01
4.401228725910186768e-01
3.354810476303100586e-01
3.531872332096099854e-01
4.926825165748596191e-01
3.890148401260375977e-01
3.735801279544830322e-01
4.519940614700317383e-01
5.093874335289001465e-01
3.804723024368286133e-01
3.958009481430053711e-01
5.094781517982482910e-01
4.342007040977478027e-01
3.970061540603637695e-01
4.999247193336486816e-01
4.234670400619506836e-01
8.899989724159240723e-01
6.344234943389892578e-01
5.212358236312866211e-01
4.204410016536712646e-01
4.297131896018981934e-01
1.450533628463745117e+00
6.651805639266967773e-01
5.009747743606567383e-01
1.520143270492553711e+00
1.658682703971862793e+00
1.974305629730224609e+00
1.366824626922607422e+00
1.510170459747314453e+00
1.396068096160888672e+00
1.349457025527954102e+00
1.463635444641113281e+00
5.455587506294250488e-01
7.014744281768798828e-01
5.549200177192687988e-01
6.550126075744628906e-01
5.847105979919433594e-01
5.270856618881225586e-01
5.616551637649536133e-01
4.624418318271636963e-01
4.464367032051086426e-01
4.845311045646667480e-01
4.691964387893676758e-01
4.123449623584747314e-01
4.139684438705444336e-01
4.313903748989105225e-01
3.634601533412933350e-01
3.607038259506225586e-01
3.878378570079803467e-01
3.556039631366729736e-01
3.375247120857238770e-01
3.304752111434936523e-01
4.692890644073486328e-01
9.442383050918579102e-01
3.392962217330932617e-01
3.788627982139587402e-01
3.426577448844909668e-01
3.614353835582733154e-01
3.496036827564239502e-01
3.552791476249694824e-01
3.243850171566009521e-01
4.549463689327239990e-01
4.532696902751922607e-01
3.934152126312255859e-01
4.188397228717803955e-01
4.591696560382843018e-01
4.401442408561706543e-01
4.246590733528137207e-01
5.082027316093444824e-01
4.780355393886566162e-01
4.122188687324523926e-01
4.138903319835662842e-01
4.447765052318572998e-01
3.664376735687255859e-01
3.648339211940765381e-01
4.183803200721740723e-01
3.725971877574920654e-01
3.764542937278747559e-01
1.021360397338867188e+00
1.704563736915588379e+00
1.585788249969482422e+00
1.234619259834289551e+00
9.945270419120788574e-01
3.751748204231262207e-01
3.794112801551818848e-01
5.963920950889587402e-01
1.331009387969970703e+00
1.147096514701843262e+00
1.134762406349182129e+00
1.442862391471862793e+00
1.099572062492370605e+00
1.088031411170959473e+00
1.338923096656799316e+00
1.256387233734130859e+00
1.079336524009704590e+00
1.392646074295043945e+00
1.407411694526672363e+00
1.244878411293029785e+00
1.612201452255249023e+00
1.254078030586242676e+00
1.217033982276916504e+00
1.037517309188842773e+00
1.309210300445556641e+00
1.368634223937988281e+00
1.799389481544494629e+00
1.231159925460815430e+00
1.388742327690124512e+00
1.473730802536010742e+00
2.277560949325561523e+00
2.325835943222045898e+00
2.245045423507690430e+00
2.107758283615112305e+00
2.245199203491210938e+00
1.127786278724670410e+00
6.020601987838745117e-01
7.553157210350036621e-01
6.950955986976623535e-01
5.823404788970947266e-01
6.210102438926696777e-01
5.956736803054809570e-01
5.213035345077514648e-01
1.164267897605895996e+00
1.104970335960388184e+00
1.049381732940673828e+00
1.323147416114807129e+00
1.400566101074218750e+00
1.111862540245056152e+00
1.268737912178039551e+00
1.758939504623413086e+00
6.425633430480957031e-01
5.216223001480102539e-01
5.710394382476806641e-01
6.149795055389404297e-01
4.925284683704376221e-01
5.041757225990295410e-01
4.379945099353790283e-01
3.816295564174652100e-01
3.873283267021179199e-01
3.839286863803863525e-01
3.654029369354248047e-01
3.704277276992797852e-01
3.886264562606811523e-01
3.558966815471649170e-01
4.021306931972503662e-01
4.043434858322143555e-01
3.664952218532562256e-01
4.063194692134857178e-01
5.302843451499938965e-01
4.164561629295349121e-01
4.201076924800872803e-01
4.613860249519348145e-01
5.234234333038330078e-01
4.122216105461120605e-01
8.719586730003356934e-01
8.779408335685729980e-01
4.742239415645599365e-01
4.423214197158813477e-01
4.607141911983489990e-01
4.179135262966156006e-01
1.214961171150207520e+00
2.142849922180175781e+00
2.170348882675170898e+00
1.887122750282287598e+00
1.497552394866943359e+00
1.852245211601257324e+00
2.719925165176391602e+00
1.256793260574340820e+00
1.587991833686828613e+00
2.136725187301635742e+00
1.566286563873291016e+00
1.465276241302490234e+00
1.571967720985412598e+00
3.125106096267700195e+00
1.594080805778503418e+00
1.336667060852050781e+00
1.392104625701904297e+00
1.554635763168334961e+00
7.268018722534179688e-01
5.145448446273803711e-01
7.216806411743164062e-01
4.214770793914794922e-01
3.575670421123504639e-01
4.412376284599304199e-01
4.536229968070983887e-01
3.763501346111297607e-01
3.845270276069641113e-01
4.240193367004394531e-01
3.745465874671936035e-01
3.832297325134277344e-01
4.307073354721069336e-01
3.486977815628051758e-01
3.758490979671478271e-01
3.836362063884735107e-01
7.945838570594787598e-01
6.067039370536804199e-01
4.401398599147796631e-01
3.756331205368041992e-01
3.367002308368682861e-01
4.148518741130828857e-01
3.685071170330047607e-01
3.229312002658843994e-01
3.671478629112243652e-01
4.402826726436614990e-01
2.935429811477661133e-01
3.767865002155303955e-01
4.447326362133026123e-01
3.719100356101989746e-01
3.715824782848358154e-01
4.917514026165008545e-01
3.980877697467803955e-01
4.150179624557495117e-01
4.375403225421905518e-01
4.456574618816375732e-01
4.352918863296508789e-01
4.233491718769073486e-01
4.130746126174926758e-01
4.127267897129058838e-01
1.009175896644592285e+00
1.359048724174499512e+00
5.971245169639587402e-01
6.201942563056945801e-01
8.832865953445434570e-01
7.221838831901550293e-01
7.172235250473022461e-01
1.305210947990417480e+00
1.491163372993469238e+00
1.466859936714172363e+00
1.838424682617187500e+00
1.999960422515869141e+00
1.348837494850158691e+00
1.503910064697265625e+00
1.306785106658935547e+00
4.186881482601165771e-01
1.425952196121215820e+00
1.729862928390502930e+00
1.677355051040649414e+00
1.653831481933593750e+00
1.494000315666198730e+00
1.596685051918029785e+00
1.717026352882385254e+00
2.613277196884155273e+00
2.420372962951660156e+00
2.543186902999877930e+00
3.345696926116943359e+00
3.170062541961669922e+00
2.088064193725585938e+00
9.436264634132385254e-01
1.072579383850097656e+00
9.763888716697692871e-01
8.717942237854003906e-01
1.362444877624511719e+00
8.077588677406311035e-01
3.674077093601226807e-01
3.844450712203979492e-01
3.605974614620208740e-01
3.890929520130157471e-01
3.759751915931701660e-01
3.632874488830566406e-01
4.580595493316650391e-01
1.187926173210144043e+00
3.596688210964202881e-01
4.303597807884216309e-01
4.718425869941711426e-01
4.060004055500030518e-01
4.723633527755737305e-01
4.480470418930053711e-01
4.889594316482543945e-01
1.311766028404235840e+00
1.608583092689514160e+00
1.570515275001525879e+00
1.158960819244384766e+00
3.361608088016510010e-01
4.046611785888671875e-01
4.091742038726806641e-01
3.507702350616455078e-01
3.869374692440032959e-01
4.194577932357788086e-01
3.745959103107452393e-01
3.545533418655395508e-01
4.028474688529968262e-01
4.073621332645416260e-01
4.556655883789062500e-01
1.078946471214294434e+00
4.174763560295104980e-01
4.614441096782684326e-01
3.748220503330230713e-01
3.872005939483642578e-01
4.674060344696044922e-01
4.293587803840637207e-01
4.371234178543090820e-01
5.163141489028930664e-01
5.628499388694763184e-01
4.629969000816345215e-01
4.683694839477539062e-01
6.030222773551940918e-01
5.431568026542663574e-01
5.171953439712524414e-01
6.585421562194824219e-01
1.894217491149902344e+00
2.410545349121093750e+00
2.537269592285156250e+00
2.368422031402587891e+00
1.963963150978088379e+00
2.001820087432861328e+00
1.972217798233032227e+00
2.281965255737304688e+00
1.904916405677795410e+00
4.303907394409179688e+00
4.433931350708007812e+00
4.827588081359863281e+00
3.157037973403930664e+00
2.439791679382324219e+00
1.656605362892150879e+00
1.894283294677734375e+00
1.897034764289855957e+00
2.880431413650512695e+00
2.822444915771484375e+00
3.331093311309814453e+00
4.582330703735351562e+00
3.197923421859741211e+00
3.012842655181884766e+00
2.971869945526123047e+00
1.561079740524291992e+00
1.700737595558166504e+00
5.069674968719482422e+00
4.175679206848144531e+00
2.854937553405761719e+00
2.841636657714843750e+00
1.777176856994628906e+00
5.684853792190551758e-01
5.183035135269165039e-01
8.438425064086914062e-01
2.798140048980712891e+00
2.680230379104614258e+00
2.599809408187866211e+00
2.300849676132202148e+00
9.324241280555725098e-01
7.982912659645080566e-01
1.492612600326538086e+00
4.945099830627441406e+00
2.793396472930908203e+00
1.436468482017517090e+00
1.673273205757141113e+00
1.057899832725524902e+00
5.347732901573181152e-01
9.716203808784484863e-01
1.180095195770263672e+00
3.794778883457183838e-01
4.269593060016632080e-01
6.599310040473937988e-01
1.538773655891418457e+00
8.820670843124389648e-01
5.277462005615234375e-01
4.615474641323089600e-01
4.573523998260498047e-01
4.964708089828491211e-01
7.435035109519958496e-01
4.595059752464294434e-01
4.232844710350036621e-01
5.767278075218200684e-01
5.570105314254760742e-01
4.790053069591522217e-01
6.385658979415893555e-01
1.098662853240966797e+00
9.670171737670898438e-01
9.467451572418212891e-01
1.008139252662658691e+00
1.210908174514770508e+00
1.367072463035583496e+00
1.724408149719238281e+00
3.002823829650878906e+00
2.559299468994140625e+00
2.738114595413208008e+00
4.748219013214111328e+00
4.031023025512695312e+00
3.875102996826171875e+00
2.917256116867065430e+00
2.798677444458007812e+00
2.068343877792358398e+00
4.752157211303710938e+00
4.113706111907958984e+00
5.170467376708984375e+00
4.129049777984619141e+00
3.706842422485351562e+00
3.163840532302856445e+00
3.392019271850585938e+00
3.304753065109252930e+00
1.960193157196044922e+00
2.413289070129394531e+00
3.490559339523315430e+00
2.428042650222778320e+00
1.565014123916625977e+00
2.214534044265747070e+00
1.738322973251342773e+00
1.570980429649353027e+00
1.714406609535217285e+00
1.366372942924499512e+00
3.460691869258880615e-01
3.469558954238891602e-01
5.561553835868835449e-01
3.670499920845031738e-01
3.107612431049346924e-01
4.065560102462768555e-01
4.577109217643737793e-01
3.614296317100524902e-01
3.788581490516662598e-01
1.090733170509338379e+00
5.274584293365478516e-01
3.122676908969879150e-01
3.572688102722167969e-01
3.904469907283782959e-01
3.528736531734466553e-01
3.287357687950134277e-01
4.397975206375122070e-01
3.171998262405395508e-01
3.253613710403442383e-01
4.458718001842498779e-01
4.397059679031372070e-01
3.717165291309356689e-01
4.554624855518341064e-01
4.532261192798614502e-01
3.887599408626556396e-01
3.741625845432281494e-01
5.096445083618164062e-01
4.304738044738769531e-01
3.846561312675476074e-01
4.791538715362548828e-01
1.179944396018981934e+00
3.476877212524414062e-01
3.708761334419250488e-01
4.764600396156311035e-01
3.005039691925048828e-01
4.070625603199005127e-01
4.294763505458831787e-01
4.069309830665588379e-01
3.940648138523101807e-01
4.763725996017456055e-01
6.194002032279968262e-01
4.896120727062225342e-01
4.853131175041198730e-01
6.584558486938476562e-01
7.251767516136169434e-01
1.858900547027587891e+00
2.652013540267944336e+00
2.935211658477783203e+00
2.873854637145996094e+00
2.584557294845581055e+00
2.416581630706787109e+00
1.872328400611877441e+00
1.779801130294799805e+00
2.451583862304687500e+00
1.425126314163208008e+00
1.551116347312927246e+00
2.161285877227783203e+00
1.472952008247375488e+00
1.775942921638488770e+00
2.230293750762939453e+00
1.483777880668640137e+00
1.450156927108764648e+00
1.435730338096618652e+00
1.457310080528259277e+00
1.381491065025329590e+00
1.425651788711547852e+00
1.461972475051879883e+00
1.408595204353332520e+00
1.420497417449951172e+00
1.375295877456665039e+00
1.504706263542175293e+00
1.429251790046691895e+00
1.485922694206237793e+00
1.471732020378112793e+00
1.469933152198791504e+00
1.463515162467956543e+00
1.483552217483520508e+00
1.501803636550903320e+00
1.772903442382812500e+00
1.634863376617431641e+00
2.231243848800659180e+00
1.442178845405578613e+00
1.557810902595520020e+00
1.637655019760131836e+00
2.321952104568481445e+00
1.235850214958190918e+00
1.499760746955871582e+00
1.497238516807556152e+00
1.360284686088562012e+00
1.428807735443115234e+00
1.539420485496520996e+00
1.351449966430664062e+00
1.437963485717773438e+00
1.882385015487670898e+00
1.420158863067626953e+00
1.443459630012512207e+00
1.513463497161865234e+00
1.541744351387023926e+00
1.684558391571044922e+00
1.580316185951232910e+00
1.543837308883666992e+00
8.798493742942810059e-01
1.138524651527404785e+00
1.196682453155517578e+00
5.542451739311218262e-01
4.927480220794677734e-01
8.054869174957275391e-01
8.672693967819213867e-01
8.536207079887390137e-01
6.595489382743835449e-01
8.734733462333679199e-01
1.099249958992004395e+00
1.056472063064575195e+00
1.108977437019348145e+00
1.153289198875427246e+00
1.105541348457336426e+00
1.469064474105834961e+00
1.582078099250793457e+00
1.451548814773559570e+00
1.662594676017761230e+00
2.434700965881347656e+00
1.641047239303588867e+00
1.792890906333923340e+00
1.948643565177917480e+00
1.632984995841979980e+00
1.220060825347900391e+00
2.497338533401489258e+00
2.419073343276977539e+00
2.649358749389648438e+00
2.491222620010375977e+00
2.503430128097534180e+00
2.511323451995849609e+00
1.398587703704833984e+00
1.472003459930419922e+00
1.794102668762207031e+00
1.873405337333679199e+00
1.654629349708557129e+00
1.753946304321289062e+00
1.740772008895874023e+00
1.521082282066345215e+00
8.019850254058837891e-01
7.651328444480895996e-01
6.367933154106140137e-01
3.712489008903503418e-01
3.499542474746704102e-01
3.721087574958801270e-01
2.938708066940307617e-01
3.586236834526062012e-01
3.412804305553436279e-01
3.108667731285095215e-01
2.943677306175231934e-01
3.525850474834442139e-01
3.641256690025329590e-01
3.091481924057006836e-01
3.324930965900421143e-01
3.505956232547760010e-01
3.151912391185760498e-01
2.969650924205780029e-01
6.208556294441223145e-01
1.054587960243225098e+00
3.805967569351196289e-01
1.069729089736938477e+00
1.587699055671691895e+00
1.435180544853210449e+00
1.243848085403442383e+00
2.854951918125152588e-01
4.527708292007446289e-01
4.057545363903045654e-01
3.808075189590454102e-01
4.002484679222106934e-01
4.049092233180999756e-01
3.213378787040710449e-01
3.313994705677032471e-01
4.392567276954650879e-01
3.420243263244628906e-01
3.216237723827362061e-01
3.586946725845336914e-01
4.427084326744079590e-01
3.589076399803161621e-01
5.675263404846191406e-01
1.054248809814453125e+00
4.780719876289367676e-01
3.922694921493530273e-01
4.140155911445617676e-01
5.195866227149963379e-01
4.333638846874237061e-01
4.946244955062866211e-01
5.696176886558532715e-01
6.950421333312988281e-01
1.557294726371765137e+00
2.035801410675048828e+00
2.233032941818237305e+00
2.730093717575073242e+00
2.485913991928100586e+00
2.715478658676147461e+00
2.204320907592773438e+00
2.041985988616943359e+00
1.992972016334533691e+00
2.076676607131958008e+00
1.528585195541381836e+00
1.425797104835510254e+00
2.705629825592041016e+00
2.116617918014526367e+00
1.416778206825256348e+00
1.477324247360229492e+00
1.552664995193481445e+00
1.450010299682617188e+00
1.492148756980895996e+00
8.395358920097351074e-01
2.301871776580810547e+00
1.159670710563659668e+00
5.855501890182495117e-01
1.567379832267761230e+00
6.770898103713989258e-01
6.175988316535949707e-01
1.306416988372802734e+00
2.511917114257812500e+00
3.019577741622924805e+00
3.056243896484375000e+00
1.953240394592285156e+00
1.807530999183654785e+00
2.005488157272338867e+00
1.953220129013061523e+00
1.964702606201171875e+00
2.234094381332397461e+00
2.115873098373413086e+00
1.684805035591125488e+00
1.845757007598876953e+00
1.923710465431213379e+00
9.466311335563659668e-01
7.735013365745544434e-01
6.979659795761108398e-01
5.817511677742004395e-01
6.151497364044189453e-01
1.310027122497558594e+00
5.215176343917846680e-01
4.192489385604858398e-01
5.097031593322753906e-01
5.919687151908874512e-01
1.382073760032653809e+00
2.045384645462036133e+00
2.247859239578247070e+00
2.192282199859619141e+00
2.057065725326538086e+00
1.557548761367797852e+00
1.541773676872253418e+00
2.730055332183837891e+00
1.431512594223022461e+00
1.419421315193176270e+00
1.498597741127014160e+00
1.441610932350158691e+00
1.483182191848754883e+00
1.435974001884460449e+00
1.590149998664855957e+00
1.527315855026245117e+00
2.031078815460205078e+00
1.428206086158752441e+00
1.388139367103576660e+00
1.291644454002380371e+00
1.128541707992553711e+00
2.329481363296508789e+00
3.445759534835815430e+00
3.010492086410522461e+00
1.999476671218872070e+00
2.078711986541748047e+00
1.963261723518371582e+00
1.621459722518920898e+00
1.651049971580505371e+00
3.204167366027832031e+00
1.349864006042480469e+00
1.030366420745849609e+00
1.250058650970458984e+00
1.170117497444152832e+00
7.909791469573974609e-01
1.336704254150390625e+00
1.757824778556823730e+00
2.488389968872070312e+00
6.470366716384887695e-01
5.184466242790222168e-01
4.872926473617553711e-01
4.828711748123168945e-01
3.880977034568786621e-01
5.463867783546447754e-01
1.675407409667968750e+00
1.283766388893127441e+00
1.690386772155761719e+00
8.615136146545410156e-01
6.984075307846069336e-01
7.196884751319885254e-01
5.358427762985229492e-01
4.859747886657714844e-01
4.482271075248718262e-01
3.987455964088439941e-01
3.729771077632904053e-01
3.708599805831909180e-01
5.028814077377319336e-01
1.201531291007995605e+00
5.558363199234008789e-01
4.634242057800292969e-01
4.133928418159484863e-01
4.538979232311248779e-01
3.931912779808044434e-01
3.654865622520446777e-01
4.435416758060455322e-01
3.482723832130432129e-01
3.546070456504821777e-01
3.529800176620483398e-01
4.200972616672515869e-01
4.578501582145690918e-01
4.332350492477416992e-01
5.363879799842834473e-01
4.885271787643432617e-01
4.498018026351928711e-01
5.075232982635498047e-01
4.523764252662658691e-01
4.503623545169830322e-01
4.734060168266296387e-01
5.237641334533691406e-01
4.748425781726837158e-01
1.151049852371215820e+00
6.959285736083984375e-01
4.370691478252410889e-01
4.690289497375488281e-01
5.042302608489990234e-01
4.385914802551269531e-01
4.875853955745697021e-01
4.436422884464263916e-01
4.564141631126403809e-01
4.429490864276885986e-01
4.356822073459625244e-01
4.509552121162414551e-01
3.860611617565155029e-01
4.847320318222045898e-01
4.384851455688476562e-01
3.952878415584564209e-01
4.416408240795135498e-01
1.564915180206298828e+00
1.406140089035034180e+00
1.315134406089782715e+00
5.537410974502563477e-01
1.033160328865051270e+00
6.106444001197814941e-01
6.045122742652893066e-01
6.799785494804382324e-01
1.268283963203430176e+00
5.420064330101013184e-01
5.724170207977294922e-01
5.787730813026428223e-01
5.162513852119445801e-01
1.336457610130310059e+00
2.537391662597656250e+00
2.413748025894165039e+00
1.556139349937438965e+00
1.813893914222717285e+00
1.829085826873779297e+00
1.703233003616333008e+00
1.732815265655517578e+00
2.181158781051635742e+00
1.766451478004455566e+00
1.863736510276794434e+00
2.052740097045898438e+00
2.024792909622192383e+00
1.898908495903015137e+00
2.071515321731567383e+00
2.231113195419311523e+00
2.279877901077270508e+00
1.950783133506774902e+00
2.075743198394775391e+00
1.518092155456542969e+00
9.424133300781250000e-01
9.609861969947814941e-01
2.424010992050170898e+00
1.422852993011474609e+00
9.191010594367980957e-01
7.047140002250671387e-01
6.999580860137939453e-01
8.319875001907348633e-01
1.267065286636352539e+00
1.549522638320922852e+00
2.442260503768920898e+00
1.291832566261291504e+00
8.994216322898864746e-01
1.124356508255004883e+00
1.321258902549743652e+00
2.198755979537963867e+00
1.569188952445983887e+00
1.786015987396240234e+00
1.930320024490356445e+00
1.875411629676818848e+00
1.776254296302795410e+00
1.089716315269470215e+00
9.723530411720275879e-01
8.352207541465759277e-01
1.517359256744384766e+00
1.005319118499755859e+00
1.147068500518798828e+00
1.118334531784057617e+00
1.221646785736083984e+00
1.211983203887939453e+00
1.638140201568603516e+00
1.596403002738952637e+00
1.645318269729614258e+00
1.583931326866149902e+00
1.660245895385742188e+00
1.793350815773010254e+00
2.596799850463867188e+00
2.255573749542236328e+00
2.069242477416992188e+00
1.349029064178466797e+00
1.000400424003601074e+00
2.143760919570922852e+00
2.619040489196777344e+00
2.447083950042724609e+00
2.560365676879882812e+00
2.472189903259277344e+00
2.315170526504516602e+00
1.775535821914672852e+00
1.646065473556518555e+00
1.518550395965576172e+00
1.476273298263549805e+00
2.037739515304565430e+00
1.992212772369384766e+00
1.620833873748779297e+00
1.744932889938354492e+00
1.607832074165344238e+00
1.294541478157043457e+00
1.341024875640869141e+00
1.663940191268920898e+00
1.422341227531433105e+00
9.533435106277465820e-01
6.996650695800781250e-01
7.324866652488708496e-01
6.220951080322265625e-01
3.391021490097045898e-01
3.883994817733764648e-01
3.746841847896575928e-01
3.530490696430206299e-01
3.173702955245971680e-01
3.702457249164581299e-01
3.058370947837829590e-01
3.161272704601287842e-01
3.118406534194946289e-01
3.979819416999816895e-01
3.220524489879608154e-01
3.355799913406372070e-01
3.190294206142425537e-01
3.440104424953460693e-01
4.238491356372833252e-01
9.297258853912353516e-01
3.802886605262756348e-01
3.654087185859680176e-01
3.354468047618865967e-01
3.957562744617462158e-01
4.404512345790863037e-01
4.028729498386383057e-01
4.176942706108093262e-01
4.429298937320709229e-01
1.623250365257263184e+00
1.273507952690124512e+00
1.269809842109680176e+00
7.210565209388732910e-01
3.840380609035491943e-01
3.868916928768157959e-01
4.258905947208404541e-01
4.599593281745910645e-01
3.982396125793457031e-01
3.570459783077239990e-01
4.282070100307464600e-01
4.298450052738189697e-01
3.869163393974304199e-01
4.126302897930145264e-01
5.263318419456481934e-01
5.103774666786193848e-01
4.429279863834381104e-01
4.834070503711700439e-01
5.695387721061706543e-01
1.373658776283264160e+00
2.115964651107788086e+00
2.508674144744873047e+00
2.675027370452880859e+00
2.453238248825073242e+00
2.553306579589843750e+00
2.492196083068847656e+00
2.149664640426635742e+00
2.264360427856445312e+00
1.829791069030761719e+00
1.730969429016113281e+00
1.810523629188537598e+00
1.651053190231323242e+00
1.590581178665161133e+00
1.756863832473754883e+00
1.906710624694824219e+00
1.258539199829101562e+00
1.367593169212341309e+00
1.454842448234558105e+00
1.409287571907043457e+00
1.265017032623291016e+00
1.395493865013122559e+00
1.420009493827819824e+00
1.371075868606567383e+00
1.233525037765502930e+00
1.299196720123291016e+00
1.346640586853027344e+00
1.313504099845886230e+00
1.255109429359436035e+00
1.284665703773498535e+00
1.363224029541015625e+00
1.294290661811828613e+00
1.257441759109497070e+00
1.351716041564941406e+00
1.493577361106872559e+00
1.644176602363586426e+00
1.532842159271240234e+00
1.439376711845397949e+00
1.535241603851318359e+00
1.579926133155822754e+00
1.510138869285583496e+00
1.483326673507690430e+00
2.012412786483764648e+00
3.258125543594360352e+00
1.507215976715087891e+00
1.448002576828002930e+00
1.578878879547119141e+00
1.468671798706054688e+00
1.502872824668884277e+00
8.124659657478332520e-01
8.304325342178344727e-01
1.378988265991210938e+00
1.225329518318176270e+00
4.919712245464324951e-01
4.820905327796936035e-01
4.824178218841552734e-01
5.544170141220092773e-01
5.929458737373352051e-01
5.091549754142761230e-01
3.821339011192321777e-01
5.332920551300048828e-01
5.415297746658325195e-01
4.547991752624511719e-01
5.442811846733093262e-01
6.010876893997192383e-01
6.066337823867797852e-01
7.530544400215148926e-01
1.286546826362609863e+00
1.172532558441162109e+00
1.202546000480651855e+00
1.372952938079833984e+00
1.797578811645507812e+00
1.998119235038757324e+00
2.013224840164184570e+00
2.375807285308837891e+00
2.401357173919677734e+00
1.914489865303039551e+00
1.329055309295654297e+00
1.841370582580566406e+00
2.556259155273437500e+00
3.257343530654907227e+00
2.490440845489501953e+00
2.680821657180786133e+00
2.452451705932617188e+00
2.572892427444458008e+00
2.403207778930664062e+00
2.744738101959228516e+00
2.742996215820312500e+00
2.621564149856567383e+00
2.811703681945800781e+00
2.468940258026123047e+00
2.309543609619140625e+00
2.476531744003295898e+00
2.484704732894897461e+00
2.521590232849121094e+00
1.875628709793090820e+00
8.903881907463073730e-01
9.216446876525878906e-01
7.730213403701782227e-01
4.142395257949829102e-01
3.439295589923858643e-01
3.034178912639617920e-01
4.086714982986450195e-01
1.184263110160827637e+00
3.289531469345092773e-01
3.002460300922393799e-01
4.352784454822540283e-01
4.388337731361389160e-01
3.503533303737640381e-01
3.224002718925476074e-01
4.224262833595275879e-01
3.334028422832489014e-01
3.376193046569824219e-01
3.148916363716125488e-01
3.649948239326477051e-01
3.056052029132843018e-01
2.982092201709747314e-01
3.080816864967346191e-01
2.985616922378540039e-01
2.484648376703262329e-01
2.719169259071350098e-01
3.551495075225830078e-01
2.762021720409393311e-01
2.920472323894500732e-01
2.654695808887481689e-01
3.136033713817596436e-01
2.601570188999176025e-01
2.700697779655456543e-01
3.325386047363281250e-01
2.975774109363555908e-01
2.847696542739868164e-01
3.167897760868072510e-01
3.874242603778839111e-01
2.758877873420715332e-01
3.309460878372192383e-01
4.706538021564483643e-01
4.610466659069061279e-01
4.358927011489868164e-01
4.687175750732421875e-01
5.974419116973876953e-01
5.009227395057678223e-01
1.399278879165649414e+00
1.639118194580078125e+00
1.614940524101257324e+00
1.645265102386474609e+00
2.563772678375244141e+00
2.350851774215698242e+00
1.997560620307922363e+00
1.972414374351501465e+00
2.432989358901977539e+00
2.086229324340820312e+00
1.792018771171569824e+00
1.922233581542968750e+00
2.038383483886718750e+00
1.676254868507385254e+00
1.718901991844177246e+00
1.781654238700866699e+00
2.524243116378784180e+00
1.488951921463012695e+00
1.690508246421813965e+00
2.350565195083618164e+00
1.697547316551208496e+00
1.871297717094421387e+00
1.899950027465820312e+00
1.022634625434875488e+00
1.035140395164489746e+00
1.222006320953369141e+00
1.804699659347534180e+00
9.389424324035644531e-01
1.226652026176452637e+00
9.477590918540954590e-01
9.155054092407226562e-01
2.064538478851318359e+00
1.445497870445251465e+00
1.986914396286010742e+00
1.492802500724792480e+00
2.117735862731933594e+00
2.816841363906860352e+00
1.431067943572998047e+00
5.414371490478515625e-01
4.998646974563598633e-01
5.771992206573486328e-01
5.534812808036804199e-01
7.125772833824157715e-01
1.662503600120544434e+00
1.286378860473632812e+00
3.531334996223449707e-01
3.874472677707672119e-01
5.114138126373291016e-01
5.195537209510803223e-01
6.709796190261840820e-01
9.968809485435485840e-01
5.655643343925476074e-01
4.858881831169128418e-01
5.357435941696166992e-01
5.213547945022583008e-01
5.599162578582763672e-01
5.358992815017700195e-01
5.726053714752197266e-01
6.091763377189636230e-01
5.824016332626342773e-01
5.287409424781799316e-01
5.929121971130371094e-01
1.439244270324707031e+00
5.771734714508056641e-01
6.922332048416137695e-01
8.569756150245666504e-01
7.821080088615417480e-01
2.338435173034667969e+00
2.529704570770263672e+00
2.790145397186279297e+00
2.968548536300659180e+00
2.814865112304687500e+00
2.620259284973144531e+00
2.822523832321166992e+00
3.020929574966430664e+00
2.906428813934326172e+00
2.916901826858520508e+00
2.470402717590332031e+00
2.750418901443481445e+00
2.047491073608398438e+00
2.155204772949218750e+00
2.428483009338378906e+00
2.374926805496215820e+00
2.608692884445190430e+00
2.553981304168701172e+00
2.655670642852783203e+00
3.818223953247070312e+00
3.899684906005859375e+00
4.030077934265136719e+00
3.593996047973632812e+00
2.998472929000854492e+00
2.338800430297851562e+00
2.513444423675537109e+00
2.636785268783569336e+00
2.554297685623168945e+00
2.456687211990356445e+00
2.457564592361450195e+00
2.187759399414062500e+00
2.132154226303100586e+00
2.262751340866088867e+00
2.112667322158813477e+00
2.013763904571533203e+00
2.029727935791015625e+00
1.716181039810180664e+00
5.286219716072082520e-01
6.763144135475158691e-01
7.382035255432128906e-01
7.871494889259338379e-01
6.814822554588317871e-01
1.063145279884338379e+00
1.084867477416992188e+00
7.258381247520446777e-01
6.284766793251037598e-01
5.825644135475158691e-01
4.999348819255828857e-01
4.642966687679290771e-01
3.569028973579406738e-01
3.454615175724029541e-01
4.494227468967437744e-01
3.605489432811737061e-01
3.283325731754302979e-01
3.461853861808776855e-01
4.415352940559387207e-01
2.958944737911224365e-01
2.933609783649444580e-01
3.313380479812622070e-01
3.960758745670318604e-01
2.720843851566314697e-01
3.019391298294067383e-01
3.190154433250427246e-01
3.878301978111267090e-01
2.630564272403717041e-01
3.163059949874877930e-01
3.586220443248748779e-01
3.764910399913787842e-01
3.298381865024566650e-01
3.646415174007415771e-01
4.193051159381866455e-01
4.050717651844024658e-01
3.438624143600463867e-01
3.733093142509460449e-01
4.904842376708984375e-01
5.133763551712036133e-01
4.371522068977355957e-01
4.637953341007232666e-01
5.569667220115661621e-01
5.019947290420532227e-01
4.487158358097076416e-01
1.799409031867980957e+00
2.456432104110717773e+00
2.802386999130249023e+00
2.548475503921508789e+00
2.435113430023193359e+00
2.684393882751464844e+00
2.691842317581176758e+00
2.990160465240478516e+00
2.025806188583374023e+00
2.400883913040161133e+00
1.645133495330810547e+00
3.038964509963989258e+00
2.025297164916992188e+00
1.824215173721313477e+00
1.396771430969238281e+00
1.555112361907958984e+00
1.417677521705627441e+00
1.459829926490783691e+00
1.792401432991027832e+00
4.704908847808837891e+00
4.120851039886474609e+00
3.269274234771728516e+00
2.649973869323730469e+00
1.697382926940917969e+00
1.749612569808959961e+00
1.685374140739440918e+00
3.047113180160522461e+00
4.845660686492919922e+00
3.182331562042236328e+00
2.666015148162841797e+00
2.612064599990844727e+00
1.754056692123413086e+00
1.593186497688293457e+00
1.630539178848266602e+00
2.191480636596679688e+00
1.647344350814819336e+00
1.444854497909545898e+00
1.795177698135375977e+00
1.628533840179443359e+00
1.614140987396240234e+00
1.638719916343688965e+00
2.839373111724853516e+00
2.747862100601196289e+00
3.013664484024047852e+00
2.679797172546386719e+00
2.086985826492309570e+00
1.391631364822387695e+00
1.403646349906921387e+00
1.468123555183410645e+00
2.112255334854125977e+00
1.744419217109680176e+00
1.479290843009948730e+00
1.635913372039794922e+00
1.525298476219177246e+00
1.592434048652648926e+00
1.617792844772338867e+00
1.590456485748291016e+00
1.585941553115844727e+00
1.868234753608703613e+00
1.650434613227844238e+00
1.680103182792663574e+00
1.684020876884460449e+00
1.604444742202758789e+00
9.116488695144653320e-01
6.842555999755859375e-01
1.641381978988647461e+00
1.655072331428527832e+00
1.609771370887756348e+00
2.026367902755737305e+00
2.011746883392333984e+00
2.106655120849609375e+00
1.464746117591857910e+00
1.663222312927246094e+00
1.675770044326782227e+00
1.526232838630676270e+00
1.201119065284729004e+00
1.201951503753662109e+00
1.220511198043823242e+00
4.196902513504028320e-01
4.563738703727722168e-01
4.076880514621734619e-01
6.235242486000061035e-01
4.780160784721374512e-01
4.496628344058990479e-01
4.381800591945648193e-01
6.064093112945556641e-01
4.409511983394622803e-01
4.102947115898132324e-01
3.885080218315124512e-01
4.471104443073272705e-01
5.266281962394714355e-01
8.770086169242858887e-01
3.760533034801483154e-01
3.849406540393829346e-01
5.940058231353759766e-01
4.205023944377899170e-01
3.990936875343322754e-01
3.925350904464721680e-01
1.263236165046691895e+00
1.410917162895202637e+00
1.309023141860961914e+00
1.193175673484802246e+00
1.331828355789184570e+00
3.426434993743896484e-01
7.564082741737365723e-01
6.548410058021545410e-01
4.902907311916351318e-01
8.537127971649169922e-01
6.755282878875732422e-01
4.499473571777343750e-01
5.084617733955383301e-01
5.298307538032531738e-01
4.797911345958709717e-01
3.917528092861175537e-01
3.994132876396179199e-01
4.037106037139892578e-01
3.762196898460388184e-01
3.500219583511352539e-01
4.152810871601104736e-01
4.442477524280548096e-01
3.929725289344787598e-01
3.702062368392944336e-01
4.114157557487487793e-01
4.496409296989440918e-01
4.105825126171112061e-01
5.326298475265502930e-01
3.866688311100006104e-01
4.704049229621887207e-01
3.711718916893005371e-01
3.818101882934570312e-01
3.889276683330535889e-01
4.911355078220367432e-01
4.221743941307067871e-01
4.756569266319274902e-01
4.092564284801483154e-01
5.457111597061157227e-01
4.364683330059051514e-01
4.472082853317260742e-01
4.003298878669738770e-01
4.266715049743652344e-01
1.165833830833435059e+00
1.478895068168640137e+00
1.346699237823486328e+00
1.273597121238708496e+00
1.251298904418945312e+00
2.684665918350219727e-01
4.932984113693237305e-01
1.132230281829833984e+00
4.507406055927276611e-01
4.431171119213104248e-01
1.448403000831604004e+00
8.199748992919921875e-01
8.559003472328186035e-01
8.223817348480224609e-01
8.185060024261474609e-01
8.394531011581420898e-01
1.067872643470764160e+00
1.193874359130859375e+00
1.162092447280883789e+00
1.425245642662048340e+00
9.846646785736083984e-01
1.093121647834777832e+00
1.138964056968688965e+00
1.145872950553894043e+00
1.145081877708435059e+00
1.152934193611145020e+00
1.543505430221557617e+00
1.784937977790832520e+00
1.751911401748657227e+00
1.754994988441467285e+00
2.047371864318847656e+00
2.884226322174072266e+00
1.660207033157348633e+00
1.883194684982299805e+00
2.805843353271484375e+00
2.497693777084350586e+00
2.804948329925537109e+00
2.366940736770629883e+00
2.011003255844116211e+00
1.738192558288574219e+00
6.004254817962646484e-01
9.156254529953002930e-01
8.152710795402526855e-01
5.900971889495849609e-01
4.522807598114013672e-01
1.955993413925170898e+00
1.641639351844787598e+00
2.836350679397583008e+00
2.258984804153442383e+00
1.640021085739135742e+00
1.589028358459472656e+00
9.161566495895385742e-01
1.123942375183105469e+00
1.878505110740661621e+00
3.192020416259765625e+00
2.575629711151123047e+00
2.949222803115844727e+00
3.487756490707397461e+00
1.395055651664733887e+00
1.741638183593750000e+00
1.862023115158081055e+00
1.886108040809631348e+00
2.457439899444580078e+00
3.030225753784179688e+00
3.761048316955566406e+00
2.997508049011230469e+00
2.455768823623657227e+00
2.410621643066406250e+00
2.345630884170532227e+00
2.294847011566162109e+00
2.314346075057983398e+00
2.648323297500610352e+00
1.981793761253356934e+00
1.078852176666259766e+00
1.185720205307006836e+00
1.609367847442626953e+00
1.502756357192993164e+00
1.788346409797668457e+00
2.027310609817504883e+00
1.814355850219726562e+00
6.581510305404663086e-01
6.247957944869995117e-01
1.632323026657104492e+00
2.773504495620727539e+00
2.102600812911987305e+00
2.122800588607788086e+00
2.247059583663940430e+00
1.484683394432067871e+00
1.307838797569274902e+00
1.279746413230895996e+00
1.360610604286193848e+00
8.792346119880676270e-01
8.402540087699890137e-01
6.837561726570129395e-01
5.991163849830627441e-01
6.586789488792419434e-01
6.238816976547241211e-01
5.933970808982849121e-01
5.227386951446533203e-01
6.116933822631835938e-01
5.627331733703613281e-01
4.335861802101135254e-01
3.136979341506958008e-01
3.770367503166198730e-01
3.937131464481353760e-01
3.041214942932128906e-01
2.885892093181610107e-01
3.016143441200256348e-01
3.183348476886749268e-01
9.961003661155700684e-01
1.376827836036682129e+00
1.356742262840270996e+00
6.859947443008422852e-01
2.464748769998550415e-01
3.093970715999603271e-01
3.076094090938568115e-01
3.853794932365417480e-01
2.690643966197967529e-01
2.995366752147674561e-01
3.273373246192932129e-01
3.975480496883392334e-01
3.737928271293640137e-01
3.356921076774597168e-01
3.894539475440979004e-01
4.471970498561859131e-01
4.092325866222381592e-01
3.682409524917602539e-01
3.987559974193572998e-01
4.075287878513336182e-01
4.287022948265075684e-01
3.992260992527008057e-01
3.880546689033508301e-01
3.972501158714294434e-01
4.634825885295867920e-01
3.708794414997100830e-01
3.327359557151794434e-01
4.167730212211608887e-01
4.681329429149627686e-01
3.949101269245147705e-01
3.888816237449645996e-01
4.449845552444458008e-01
4.534155130386352539e-01
4.430209100246429443e-01
3.971092402935028076e-01
4.409860074520111084e-01
4.676932692527770996e-01
5.189572572708129883e-01
4.397144615650177002e-01
1.775738477706909180e+00
1.991065621376037598e+00
2.317372322082519531e+00
2.637988090515136719e+00
2.234113693237304688e+00
2.385588884353637695e+00
2.469714879989624023e+00
2.472247600555419922e+00
2.128722190856933594e+00
2.268376588821411133e+00
2.048301458358764648e+00
1.931442499160766602e+00
2.632527351379394531e+00
2.775406360626220703e+00
1.341431140899658203e+00
1.671670317649841309e+00
1.658729553222656250e+00
1.459327459335327148e+00
1.456491708755493164e+00
1.735420823097229004e+00
2.683388948440551758e+00
1.929786920547485352e+00
1.160506963729858398e+00
1.326853752136230469e+00
1.482728838920593262e+00
1.369028329849243164e+00
1.321731090545654297e+00
1.592491865158081055e+00
1.556371569633483887e+00
1.382683396339416504e+00
1.362282872200012207e+00
1.356600522994995117e+00
1.395239830017089844e+00
1.445753335952758789e+00
1.687705278396606445e+00
1.796020865440368652e+00
9.836165308952331543e-01
7.144005894660949707e-01
1.057254910469055176e+00
6.849405765533447266e-01
8.311364054679870605e-01
9.811006188392639160e-01
1.139597177505493164e+00
1.279556512832641602e+00
1.233037114143371582e+00
8.983935117721557617e-01
1.055016040802001953e+00
1.477781653404235840e+00
1.575818777084350586e+00
1.537926912307739258e+00
1.777972936630249023e+00
2.335666179656982422e+00
1.741313338279724121e+00
1.626901030540466309e+00
1.874250650405883789e+00
7.570543289184570312e-01
1.103194236755371094e+00
1.213455557823181152e+00
1.180483579635620117e+00
1.542920231819152832e+00
1.758926868438720703e+00
2.676290988922119141e+00
2.635391712188720703e+00
2.903970479965209961e+00
2.839789867401123047e+00
1.975603461265563965e+00
1.671768426895141602e+00
1.913923501968383789e+00
2.442147254943847656e+00
2.563912391662597656e+00
2.319505214691162109e+00
2.412750959396362305e+00
2.351950168609619141e+00
2.977714061737060547e+00
2.629949331283569336e+00
2.844259500503540039e+00
2.414576292037963867e+00
2.679076194763183594e+00
1.836634755134582520e+00
2.267039775848388672e+00
3.320181846618652344e+00
1.539059877395629883e+00
1.830803632736206055e+00
9.649140238761901855e-01
9.082702994346618652e-01
9.005690217018127441e-01
1.129963755607604980e+00
2.114214658737182617e+00
1.994966864585876465e+00
6.903485059738159180e-01
7.255777716636657715e-01
3.702616095542907715e-01
3.681644797325134277e-01
4.579170346260070801e-01
4.091840684413909912e-01
3.769252002239227295e-01
2.774109542369842529e-01
3.826083540916442871e-01
2.841096222400665283e-01
5.272741913795471191e-01
8.576129078865051270e-01
7.483265399932861328e-01
6.258127093315124512e-01
6.536692380905151367e-01
6.868427991867065430e-01
6.849375367164611816e-01
7.759849429130554199e-01
7.933725714683532715e-01
7.787593603134155273e-01
1.002351641654968262e+00
1.463710546493530273e+00
1.426843047142028809e+00
7.647189497947692871e-01
2.559748291969299316e-01
3.321143090724945068e-01
3.779475986957550049e-01
3.350131809711456299e-01
2.587267756462097168e-01
3.260852396488189697e-01
3.741858601570129395e-01
3.485840260982513428e-01
2.874149680137634277e-01
3.165419697761535645e-01
3.739065527915954590e-01
3.864035010337829590e-01
3.222089707851409912e-01
3.470869064331054688e-01
3.988099992275238037e-01
3.806754052639007568e-01
4.407927691936492920e-01
4.380336999893188477e-01
4.322529733180999756e-01
5.051408410072326660e-01
5.715793967247009277e-01
5.268052220344543457e-01
5.391963720321655273e-01
5.479156970977783203e-01
5.913881659507751465e-01
5.021997690200805664e-01
4.831019639968872070e-01
4.090837538242340088e-01
4.490768313407897949e-01
4.428035318851470947e-01
5.085415244102478027e-01
1.350121140480041504e+00
1.961653828620910645e+00
2.170385360717773438e+00
2.041689872741699219e+00
2.416298866271972656e+00
1.749200224876403809e+00
2.100534915924072266e+00
1.837469100952148438e+00
1.600570917129516602e+00
1.611808657646179199e+00
1.686938166618347168e+00
1.684025049209594727e+00
1.642992019653320312e+00
7.956075668334960938e-01
8.102784156799316406e-01
1.130410790443420410e+00
1.055449366569519043e+00
9.904627203941345215e-01
6.952337622642517090e-01
4.704441130161285400e-01
4.711990058422088623e-01
4.748551845550537109e-01
4.326293170452117920e-01
5.439308881759643555e-01
5.818961858749389648e-01
7.193872332572937012e-01
5.557617545127868652e-01
1.491711616516113281e+00
1.560617089271545410e+00
1.584606647491455078e+00
8.682007789611816406e-01
8.233213424682617188e-01
1.198733210563659668e+00
1.691181421279907227e+00
9.149366617202758789e-01
5.669128894805908203e-01
1.336772561073303223e+00
1.736706852912902832e+00
1.784044384956359863e+00
1.793676257133483887e+00
2.302876472473144531e+00
2.157924175262451172e+00
2.200872421264648438e+00
2.310743570327758789e+00
1.867241859436035156e+00
1.646579384803771973e+00
1.496585369110107422e+00
2.327864408493041992e+00
2.263752222061157227e+00
2.441501379013061523e+00
3.032008409500122070e+00
2.824476480484008789e+00
1.111647367477416992e+00
1.155354261398315430e+00
1.521895527839660645e+00
2.459256410598754883e+00
2.331800699234008789e+00
2.843516111373901367e+00
3.279894113540649414e+00
3.833326816558837891e+00
2.670256376266479492e+00
3.012248516082763672e+00
3.583923578262329102e+00
3.116474628448486328e+00
2.712290525436401367e+00
2.112778663635253906e+00
2.217533349990844727e+00
1.576586008071899414e+00
1.735413193702697754e+00
1.896478533744812012e+00
1.876204371452331543e+00
1.821323990821838379e+00
1.735574364662170410e+00
2.490087032318115234e+00
2.423402309417724609e+00
2.797361612319946289e+00
2.266367912292480469e+00
1.864753603935241699e+00
1.890165805816650391e+00
1.920023083686828613e+00
1.798918604850769043e+00
1.826981306076049805e+00
1.858086824417114258e+00
1.783377289772033691e+00
1.686298966407775879e+00
1.823477029800415039e+00
1.857707977294921875e+00
1.711166501045227051e+00
1.711041212081909180e+00
1.802080869674682617e+00
1.675132751464843750e+00
1.583614706993103027e+00
1.745339870452880859e+00
1.723538994789123535e+00
1.578526377677917480e+00
1.663330078125000000e+00
1.827609777450561523e+00
1.667013645172119141e+00
1.618697643280029297e+00
1.803554177284240723e+00
1.754034280776977539e+00
1.738638997077941895e+00
1.836731553077697754e+00
1.928255796432495117e+00
1.757481336593627930e+00
2.713013887405395508e+00
1.779094815254211426e+00
1.636266231536865234e+00
1.592975735664367676e+00
1.744243502616882324e+00
1.719427227973937988e+00
1.562862157821655273e+00
1.644307613372802734e+00
1.641291499137878418e+00
1.562585592269897461e+00
1.526337862014770508e+00
1.595320343971252441e+00
1.621327519416809082e+00
8.261966109275817871e-01
5.751177072525024414e-01
6.476467847824096680e-01
5.039682388305664062e-01
5.055196285247802734e-01
1.233063697814941406e+00
1.370963215827941895e+00
3.320981264114379883e-01
3.356202840805053711e-01
4.302594661712646484e-01
3.316746652126312256e-01
3.056304156780242920e-01
5.194635391235351562e-01
3.878556787967681885e-01
3.634428679943084717e-01
4.265843629837036133e-01
4.680397510528564453e-01
4.074196815490722656e-01
3.882114589214324951e-01
4.303025007247924805e-01
3.958774209022521973e-01
3.639584481716156006e-01
3.740107119083404541e-01
3.521966338157653809e-01
3.874519467353820801e-01
3.358063995838165283e-01
3.441178798675537109e-01
3.464866280555725098e-01
3.799430131912231445e-01
3.436302542686462402e-01
2.984770238399505615e-01
3.368238508701324463e-01
3.717568218708038330e-01
3.678476214408874512e-01
3.056934475898742676e-01
3.535545170307159424e-01
4.204574227333068848e-01
1.366055846214294434e+00
9.243363142013549805e-01
4.516848623752593994e-01
5.659559965133666992e-01
1.321604013442993164e+00
1.108958482742309570e+00
1.510380625724792480e+00
1.625750184059143066e+00
1.730647087097167969e+00
1.482031226158142090e+00
1.397900462150573730e+00
1.450982570648193359e+00
1.189208626747131348e+00
4.835281968116760254e-01
5.570905804634094238e-01
5.839091539382934570e-01
5.444450974464416504e-01
5.891476869583129883e-01
6.633312106132507324e-01
2.246541023254394531e+00
1.823139548301696777e+00
1.738686442375183105e+00
1.704381465911865234e+00
1.569432854652404785e+00
1.449675679206848145e+00
7.050554752349853516e-01
1.047984123229980469e+00
9.881948232650756836e-01
1.040187954902648926e+00
1.137221336364746094e+00
1.849063992500305176e+00
1.649547576904296875e+00
1.675179839134216309e+00
1.881107687950134277e+00
1.738308668136596680e+00
1.719591140747070312e+00
1.394029378890991211e+00
8.421230912208557129e-01
2.056143522262573242e+00
3.354791402816772461e+00
3.517249107360839844e+00
3.024262666702270508e+00
3.380284547805786133e+00
3.534282684326171875e+00
3.449120521545410156e+00
3.655021905899047852e+00
2.350234508514404297e+00
2.301828861236572266e+00
2.378375053405761719e+00
2.346160888671875000e+00
2.207519292831420898e+00
2.581452131271362305e+00
2.354110002517700195e+00
2.183161497116088867e+00
2.257265329360961914e+00
2.549143075942993164e+00
2.695954322814941406e+00
2.604667663574218750e+00
2.559026479721069336e+00
2.657182216644287109e+00
2.437407732009887695e+00
1.918729305267333984e+00
1.943266510963439941e+00
1.849285244941711426e+00
2.036458492279052734e+00
1.309064030647277832e+00
1.032984852790832520e+00
1.166400671005249023e+00
1.883483529090881348e+00
1.865670204162597656e+00
2.782050848007202148e+00
3.204007625579833984e+00
2.066641330718994141e+00
2.885745763778686523e+00
2.719654321670532227e+00
2.887810707092285156e+00
2.405903816223144531e+00
1.864590048789978027e+00
3.239915847778320312e+00
2.912932872772216797e+00
1.406125307083129883e+00
1.445968985557556152e+00
1.114265918731689453e+00
8.750726580619812012e-01
7.475878000259399414e-01
9.312791824340820312e-01
6.282044649124145508e-01
4.117038547992706299e-01
4.757816493511199951e-01
4.622274935245513916e-01
3.698554039001464844e-01
3.599966466426849365e-01
2.951308190822601318e-01
2.723412215709686279e-01
3.458257913589477539e-01
2.366701215505599976e-01
2.365053892135620117e-01
2.711426019668579102e-01
2.923276126384735107e-01
2.563336193561553955e-01
2.468446344137191772e-01
3.018492460250854492e-01
3.190782070159912109e-01
3.905396461486816406e-01
3.953747451305389404e-01
4.286247193813323975e-01
3.709175288677215576e-01
3.798092603683471680e-01
3.899686932563781738e-01
3.761037290096282959e-01
2.700445652008056641e-01
3.137258887290954590e-01
3.769674301147460938e-01
4.067116975784301758e-01
3.194863498210906982e-01
1.575017333030700684e+00
1.363296985626220703e+00
1.260420918464660645e+00
3.564097881317138672e-01
2.938283085823059082e-01
3.616796135902404785e-01
3.879801332950592041e-01
3.870769739151000977e-01
3.712055981159210205e-01
4.819647371768951416e-01
4.398753643035888672e-01
5.032857060432434082e-01
5.047354102134704590e-01
5.291948318481445312e-01
5.378755331039428711e-01
5.825811624526977539e-01
5.585018992424011230e-01
6.558680534362792969e-01
2.182309865951538086e+00
2.002629518508911133e+00
1.929761171340942383e+00
1.905409812927246094e+00
2.152593851089477539e+00
2.197530746459960938e+00
3.776832342147827148e+00
2.763320446014404297e+00
1.401779532432556152e+00
2.153929948806762695e+00
1.460750579833984375e+00
1.284812569618225098e+00
1.585577487945556641e+00
2.062036275863647461e+00
1.230514407157897949e+00
1.344777345657348633e+00
1.501488685607910156e+00
1.384686231613159180e+00
1.388729691505432129e+00
1.409162640571594238e+00
1.214115858078002930e+00
1.354309916496276855e+00
1.436699867248535156e+00
1.309515118598937988e+00
1.215179920196533203e+00
1.213025331497192383e+00
1.389754056930541992e+00
1.316020607948303223e+00
1.178254365921020508e+00
1.223329663276672363e+00
1.436506390571594238e+00
2.472350835800170898e+00
4.292501926422119141e+00
3.252808332443237305e+00
2.930709838867187500e+00
2.203200817108154297e+00
1.811242580413818359e+00
1.669337511062622070e+00
2.767216920852661133e+00
3.240741729736328125e+00
3.171828269958496094e+00
2.775905132293701172e+00
2.472419261932373047e+00
7.163406610488891602e-01
6.154065728187561035e-01
6.113523840904235840e-01
5.206254124641418457e-01
5.179666876792907715e-01
7.095904350280761719e-01
4.837529659271240234e-01
4.545790553092956543e-01
4.085007309913635254e-01
3.820771574974060059e-01
4.237241446971893311e-01
4.412998557090759277e-01
3.984350264072418213e-01
4.103306233882904053e-01
5.261471271514892578e-01
5.280702114105224609e-01
6.177248954772949219e-01
6.298649311065673828e-01
6.671971082687377930e-01
1.252143740653991699e+00
8.967132568359375000e-01
9.185961484909057617e-01
8.910528421401977539e-01
1.096726298332214355e+00
1.205999374389648438e+00
1.213130831718444824e+00
1.246977210044860840e+00
1.260522007942199707e+00
1.693643689155578613e+00
1.759905934333801270e+00
1.630464673042297363e+00
1.581188917160034180e+00
1.571192622184753418e+00
1.573090672492980957e+00
2.288703441619873047e+00
1.129856586456298828e+00
2.259771347045898438e+00
2.405496120452880859e+00
2.950048685073852539e+00
2.405639886856079102e+00
3.473557472229003906e+00
3.131623029708862305e+00
1.536966800689697266e+00
1.471256494522094727e+00
1.481303334236145020e+00
1.260535478591918945e+00
1.413382649421691895e+00
1.926421284675598145e+00
2.219416141510009766e+00
1.501198172569274902e+00
8.698368668556213379e-01
1.173531651496887207e+00
1.031388521194458008e+00
5.952735543251037598e-01
6.426913738250732422e-01
9.898571968078613281e-01
6.700052022933959961e-01
3.600268065929412842e-01
3.904165923595428467e-01
3.359620869159698486e-01
4.340888857841491699e-01
4.262302219867706299e-01
3.160642385482788086e-01
3.071725070476531982e-01
3.079857528209686279e-01
3.212106823921203613e-01
2.885524630546569824e-01
2.574017941951751709e-01
2.710968255996704102e-01
3.412965834140777588e-01
2.533048391342163086e-01
2.940231859683990479e-01
3.152263164520263672e-01
4.104092717170715332e-01
7.976887822151184082e-01
1.428565144538879395e+00
1.273803472518920898e+00
1.162757039070129395e+00
5.287603735923767090e-01
2.926642298698425293e-01
3.550072312355041504e-01
3.375335037708282471e-01
3.069921433925628662e-01
3.208255767822265625e-01
3.230644166469573975e-01
2.856275737285614014e-01
3.246837854385375977e-01
3.788989782333374023e-01
3.866041600704193115e-01
3.139375150203704834e-01
3.733454942703247070e-01
4.021008312702178955e-01
4.433059692382812500e-01
4.113623201847076416e-01
4.105301499366760254e-01
4.839886724948883057e-01
4.887108206748962402e-01
5.545675158500671387e-01
4.323850870132446289e-01
5.740416049957275391e-01
1.903397917747497559e+00
2.204518556594848633e+00
2.798887491226196289e+00
2.458016395568847656e+00
2.542505502700805664e+00
2.526936054229736328e+00
2.178054332733154297e+00
2.207901954650878906e+00
1.971078991889953613e+00
2.369170188903808594e+00
1.704166293144226074e+00
1.484058260917663574e+00
1.449349999427795410e+00
1.432779192924499512e+00
1.588498592376708984e+00
1.529240489006042480e+00
1.570036411285400391e+00
1.448603391647338867e+00
1.754257917404174805e+00
1.832942128181457520e+00
1.408686280250549316e+00
1.332871794700622559e+00
1.526413440704345703e+00
1.594100832939147949e+00
1.637053132057189941e+00
1.442543387413024902e+00
1.451589703559875488e+00
1.380507588386535645e+00
1.450639128684997559e+00
9.533323049545288086e-01
3.546078801155090332e-01
5.116010308265686035e-01
3.386962115764617920e-01
4.194720685482025146e-01
3.628859221935272217e-01
3.939535319805145264e-01
3.526532948017120361e-01
4.576311409473419189e-01
4.279811382293701172e-01
4.333156347274780273e-01
3.836386799812316895e-01
4.315384030342102051e-01
4.501740336418151855e-01
3.740419745445251465e-01
3.202529847621917725e-01
3.373095691204071045e-01
3.873609304428100586e-01
3.208365440368652344e-01
2.862516939640045166e-01
3.183068931102752686e-01
3.648371994495391846e-01
3.383949995040893555e-01
2.541334629058837891e-01
3.322445154190063477e-01
3.346782326698303223e-01
3.699647486209869385e-01
2.882010936737060547e-01
3.131149411201477051e-01
3.453129529953002930e-01
3.837617635726928711e-01
3.738350272178649902e-01
1.570586323738098145e+00
6.818462610244750977e-01
1.083629369735717773e+00
1.278442859649658203e+00
1.264101266860961914e+00
1.016476750373840332e+00
2.140555381774902344e+00
2.297569274902343750e+00
2.306976079940795898e+00
2.406793594360351562e+00
1.918277621269226074e+00
1.935747981071472168e+00
2.451763629913330078e+00
1.887213230133056641e+00
1.916063427925109863e+00
2.033185958862304688e+00
2.029042243957519531e+00
1.952526092529296875e+00
2.639228105545043945e+00
2.142842054367065430e+00
1.764436841011047363e+00
1.779866933822631836e+00
1.817072391510009766e+00
2.576096057891845703e+00
2.614435911178588867e+00
2.826376914978027344e+00
2.452384471893310547e+00
2.523154020309448242e+00
2.467725038528442383e+00
2.599582672119140625e+00
2.221005916595458984e+00
1.501771569252014160e+00
9.298681616783142090e-01
9.220103025436401367e-01
6.979651451110839844e-01
6.082904338836669922e-01
6.327314972877502441e-01
5.235050916671752930e-01
8.039960861206054688e-01
5.776185989379882812e-01
3.932663798332214355e-01
3.781254887580871582e-01
5.051940083503723145e-01
4.349953234195709229e-01
4.085081517696380615e-01
3.606547415256500244e-01
4.015054702758789062e-01
4.200783669948577881e-01
3.986661136150360107e-01
3.092460334300994873e-01
3.295249044895172119e-01
3.577032685279846191e-01
3.400658965110778809e-01
2.558545172214508057e-01
2.999746799468994141e-01
3.429888784885406494e-01
3.927707970142364502e-01
2.485903650522232056e-01
3.280412256717681885e-01
3.528040349483489990e-01
4.018694758415222168e-01
2.960529029369354248e-01
3.194542825222015381e-01
3.285356760025024414e-01
4.065077602863311768e-01
3.665950000286102295e-01
3.714087009429931641e-01
4.001533687114715576e-01
4.448118507862091064e-01
5.108009576797485352e-01
4.570788443088531494e-01
4.407078027725219727e-01
1.241392254829406738e+00
1.629148960113525391e+00
1.406042814254760742e+00
1.227527499198913574e+00
3.924725949764251709e-01
4.962849915027618408e-01
5.341036319732666016e-01
4.553301036357879639e-01
4.956318140029907227e-01
5.211176872253417969e-01
5.790973901748657227e-01
7.388690710067749023e-01
2.191431522369384766e+00
2.454256296157836914e+00
2.415538787841796875e+00
2.288063287734985352e+00
2.336567878723144531e+00
2.682662010192871094e+00
2.822863817214965820e+00
2.278866767883300781e+00
1.629302501678466797e+00
1.491013169288635254e+00
1.537757635116577148e+00
1.409922361373901367e+00
1.516308903694152832e+00
1.515280961990356445e+00
1.374693155288696289e+00
1.296878695487976074e+00
1.386685490608215332e+00
1.276834964752197266e+00
1.377053380012512207e+00
1.288367390632629395e+00
1.359135627746582031e+00
1.310501933097839355e+00
1.528034806251525879e+00
1.366332650184631348e+00
1.389495849609375000e+00
1.406152486801147461e+00
1.415737152099609375e+00
1.345980525016784668e+00
1.377051472663879395e+00
1.445493221282958984e+00
1.440404295921325684e+00
1.386810779571533203e+00
1.436398625373840332e+00
1.529034972190856934e+00
1.412671089172363281e+00
1.414321422576904297e+00
1.731949329376220703e+00
1.331614613533020020e+00
1.386917948722839355e+00
8.724950551986694336e-01
3.320408463478088379e-01
4.010765254497528076e-01
3.723537921905517578e-01
3.108193576335906982e-01
3.131667375564575195e-01
3.638718426227569580e-01
3.092282414436340332e-01
2.577945888042449951e-01
2.892344295978546143e-01
3.561921715736389160e-01
3.436738252639770508e-01
2.562470138072967529e-01
3.128079473972320557e-01
4.044583439826965332e-01
1.092753052711486816e+00
7.664967179298400879e-01
8.283562660217285156e-01
8.525144457817077637e-01
1.045167684555053711e+00
8.600255250930786133e-01
8.612063527107238770e-01
8.484035134315490723e-01
9.280922412872314453e-01
1.223377943038940430e+00
1.181208491325378418e+00
1.196121692657470703e+00
1.301739811897277832e+00
1.289592623710632324e+00
1.540497183799743652e+00
1.683315634727478027e+00
1.890214085578918457e+00
1.866161465644836426e+00
1.844361901283264160e+00
1.754909157752990723e+00
1.331965923309326172e+00
1.263939023017883301e+00
2.587958574295043945e+00
2.393917798995971680e+00
2.883939266204833984e+00
3.776731967926025391e+00
2.834528446197509766e+00
2.376930475234985352e+00
2.472242593765258789e+00
1.741797685623168945e+00
1.065841317176818848e+00
1.371993899345397949e+00
2.084235668182373047e+00
2.347596168518066406e+00
1.336637139320373535e+00
1.442838072776794434e+00
1.459637761116027832e+00
1.159123420715332031e+00
1.264352798461914062e+00
1.291627764701843262e+00
1.092731595039367676e+00
8.022470474243164062e-01
9.714619517326354980e-01
7.536752820014953613e-01
7.357440590858459473e-01
6.209844350814819336e-01
6.363273859024047852e-01
5.545935630798339844e-01
5.602827072143554688e-01
4.088830947875976562e-01
4.423090815544128418e-01
5.200837850570678711e-01
5.059000849723815918e-01
4.146166741847991943e-01
4.851431846618652344e-01
4.113064110279083252e-01
4.770616590976715088e-01
3.966237902641296387e-01
4.033211171627044678e-01
3.500342667102813721e-01
4.129142761230468750e-01
4.223073124885559082e-01
3.943035602569580078e-01
3.472499847412109375e-01
3.847485184669494629e-01
4.538140594959259033e-01
4.810185432434082031e-01
1.465978503227233887e+00
1.232750773429870605e+00
1.393269658088684082e+00
1.312317252159118652e+00
3.623040020465850830e-01
4.265391230583190918e-01
5.705890655517578125e-01
5.528787970542907715e-01
5.474711060523986816e-01
5.535327792167663574e-01
5.733426809310913086e-01
6.024343371391296387e-01
5.207964777946472168e-01
4.871972799301147461e-01
5.129866003990173340e-01
4.992381036281585693e-01
5.647058486938476562e-01
4.848997890949249268e-01
4.659692049026489258e-01
4.739583432674407959e-01
6.402129530906677246e-01
6.198899745941162109e-01
6.054680347442626953e-01
2.079820632934570312e+00
2.694506883621215820e+00
2.619280338287353516e+00
2.454961299896240234e+00
2.507545232772827148e+00
2.562102317810058594e+00
2.546036005020141602e+00
1.990412235260009766e+00
1.826540350914001465e+00
1.441671967506408691e+00
1.557445764541625977e+00
1.493416786193847656e+00
1.429994344711303711e+00
1.390459775924682617e+00
1.326995491981506348e+00
1.366384387016296387e+00
1.291710853576660156e+00
1.344849109649658203e+00
1.243398666381835938e+00
1.369229078292846680e+00
1.324713587760925293e+00
1.267088890075683594e+00
1.183302402496337891e+00
1.272846341133117676e+00
1.324414253234863281e+00
1.263333797454833984e+00
1.197344422340393066e+00
1.237662553787231445e+00
1.363476037979125977e+00
1.340484142303466797e+00
1.296490311622619629e+00
1.323437929153442383e+00
1.372230172157287598e+00
1.393008947372436523e+00
1.346490383148193359e+00
1.327139377593994141e+00
2.275349855422973633e+00
1.370195984840393066e+00
1.250936269760131836e+00
8.345146775245666504e-01
8.307030797004699707e-01
1.365682482719421387e+00
4.950312674045562744e-01
4.660056531429290771e-01
3.501617312431335449e-01
8.864946365356445312e-01
3.835367262363433838e-01
3.521563410758972168e-01
3.408297896385192871e-01
3.557514250278472900e-01
3.128241300582885742e-01
3.149034380912780762e-01
3.400826156139373779e-01
3.156769275665283203e-01
3.676442503929138184e-01
3.584337234497070312e-01
4.598480463027954102e-01
3.736042380332946777e-01
4.681699275970458984e-01
5.522390604019165039e-01
6.042554378509521484e-01
5.628830790519714355e-01
5.914465785026550293e-01
6.594776511192321777e-01
6.238035559654235840e-01
6.390433907508850098e-01
6.452163457870483398e-01
6.732774376869201660e-01
9.379702210426330566e-01
2.967790842056274414e+00
3.468211889266967773e+00
2.894863367080688477e+00
2.814230203628540039e+00
3.073347568511962891e+00
2.226806640625000000e+00
2.318502187728881836e+00
2.831927537918090820e+00
2.805098295211791992e+00
2.374761343002319336e+00
3.342684507369995117e+00
2.816877365112304688e+00
1.466711640357971191e+00
1.674444675445556641e+00
1.858520388603210449e+00
1.795908451080322266e+00
2.692841529846191406e+00
1.466813325881958008e+00
2.720033645629882812e+00
2.435577154159545898e+00
1.028378963470458984e+00
1.311372756958007812e+00
1.579369187355041504e+00
8.558858036994934082e-01
7.520591616630554199e-01
1.316221475601196289e+00
9.352706074714660645e-01
6.723386049270629883e-01
9.606093168258666992e-01
6.524024009704589844e-01
3.617845773696899414e-01
3.662255108356475830e-01
5.142691135406494141e-01
4.280250072479248047e-01
3.036925494670867920e-01
3.903217315673828125e-01
3.902488350868225098e-01
3.396563827991485596e-01
3.181807994842529297e-01
3.331629931926727295e-01
2.924591898918151855e-01
2.925444245338439941e-01
3.015660941600799561e-01
2.770348787307739258e-01
2.539673447608947754e-01
2.418771535158157349e-01
2.928445637226104736e-01
2.347429394721984863e-01
1.290125489234924316e+00
1.231364369392395020e+00
1.102382421493530273e+00
5.233518481254577637e-01
1.720082312822341919e-01
3.377971649169921875e-01
2.930293083190917969e-01
2.943477332592010498e-01
3.632016777992248535e-01
3.333238959312438965e-01
3.198190927505493164e-01
3.834117352962493896e-01
4.831677377223968506e-01
3.664787709712982178e-01
3.946121931076049805e-01
3.757485151290893555e-01
4.126407206058502197e-01
3.783611953258514404e-01
4.259026646614074707e-01
5.148548483848571777e-01
4.473508298397064209e-01
4.854328930377960205e-01
5.160965323448181152e-01
5.294264554977416992e-01
4.544814825057983398e-01
4.818485081195831299e-01
1.673412442207336426e+00
1.857781171798706055e+00
2.123849868774414062e+00
2.492861986160278320e+00
2.645291090011596680e+00
1.916927337646484375e+00
1.719167351722717285e+00
2.011791944503784180e+00
1.912107110023498535e+00
1.605365514755249023e+00
1.580189824104309082e+00
1.610572814941406250e+00
1.442473173141479492e+00
1.384780764579772949e+00
1.485634565353393555e+00
1.362579703330993652e+00
1.415090203285217285e+00
1.376763701438903809e+00
1.393047571182250977e+00
1.306808710098266602e+00
1.398426771163940430e+00
1.390241622924804688e+00
1.282593846321105957e+00
1.307632088661193848e+00
1.375945210456848145e+00
1.361284613609313965e+00
1.236210107803344727e+00
1.372031688690185547e+00
1.399270653724670410e+00
1.301596760749816895e+00
1.392781734466552734e+00
1.441603779792785645e+00
1.391137123107910156e+00
1.346982717514038086e+00
1.278832316398620605e+00
1.449951410293579102e+00
1.311804413795471191e+00
1.320451140403747559e+00
2.112104892730712891e+00
1.422383189201354980e+00
1.451499462127685547e+00
1.448141574859619141e+00
1.573690772056579590e+00
1.306396961212158203e+00
1.308332681655883789e+00
2.030178070068359375e+00
1.610513329505920410e+00
1.244587659835815430e+00
1.283317685127258301e+00
1.398496627807617188e+00
1.261574029922485352e+00
1.694968581199645996e+00
1.602604746818542480e+00
1.664030432701110840e+00
1.678315281867980957e+00
1.680830121040344238e+00
1.714221596717834473e+00
1.727072954177856445e+00
1.543358802795410156e+00
1.642508983612060547e+00
1.052289605140686035e+00
1.537824511528015137e+00
9.994487166404724121e-01
1.461348176002502441e+00
9.267815351486206055e-01
6.491658091545104980e-01
6.332837939262390137e-01
6.939980983734130859e-01
6.825208067893981934e-01
9.190409779548645020e-01
1.271631240844726562e+00
1.252234220504760742e+00
1.259893774986267090e+00
1.351949930191040039e+00
1.328073501586914062e+00
1.261735796928405762e+00
1.016088128089904785e+00
1.544839143753051758e+00
1.696048259735107422e+00
1.444547891616821289e+00
1.596685647964477539e+00
1.721944212913513184e+00
2.758378982543945312e+00
1.614861011505126953e+00
1.263192057609558105e+00
1.056057572364807129e+00
1.587533235549926758e+00
1.015318155288696289e+00
2.151083469390869141e+00
1.969958782196044922e+00
1.786392331123352051e+00
1.855857849121093750e+00
1.787490606307983398e+00
9.516468644142150879e-01
4.222708642482757568e-01
4.326131343841552734e-01
3.558975160121917725e-01
4.063496291637420654e-01
4.198226332664489746e-01
3.103602528572082520e-01
3.354506194591522217e-01
3.463906943798065186e-01
3.374625146389007568e-01
3.265375196933746338e-01
3.490313589572906494e-01
3.823249340057373047e-01
3.427649438381195068e-01
3.633409142494201660e-01
3.323190510272979736e-01
3.061569631099700928e-01
3.178343474864959717e-01
3.317626416683197021e-01
3.075496554374694824e-01
2.645842432975769043e-01
3.209305703639984131e-01
3.366248607635498047e-01
2.629388570785522461e-01
2.962173521518707275e-01
3.607671260833740234e-01
3.004455864429473877e-01
6.291591525077819824e-01
3.298285901546478271e-01
4.130222499370574951e-01
3.178291320800781250e-01
3.340806961059570312e-01
4.423299133777618408e-01
3.795935511589050293e-01
3.312322497367858887e-01
3.997734487056732178e-01
4.580200910568237305e-01
3.657790124416351318e-01
3.595120310783386230e-01
4.135194718837738037e-01
3.572194874286651611e-01
3.586160242557525635e-01
3.710400462150573730e-01
4.548589289188385010e-01
1.302907705307006836e+00
1.420262217521667480e+00
1.418683409690856934e+00
1.310898780822753906e+00
4.863017797470092773e-01
3.584715723991394043e-01
4.960358142852783203e-01
4.408563673496246338e-01
1.595218420028686523e+00
1.916857481002807617e+00
2.398587703704833984e+00
2.764060258865356445e+00
2.118490695953369141e+00
2.280805587768554688e+00
2.318115711212158203e+00
2.489560365676879883e+00
2.367482900619506836e+00
2.345518350601196289e+00
2.088686704635620117e+00
1.323839545249938965e+00
1.573852181434631348e+00
1.428949713706970215e+00
2.627066373825073242e+00
1.437932491302490234e+00
1.429428815841674805e+00
1.549208521842956543e+00
1.484843492507934570e+00
1.587549686431884766e+00
7.302154898643493652e-01
2.272466182708740234e+00
1.568940877914428711e+00
5.750574469566345215e-01
8.001704812049865723e-01
1.751485705375671387e+00
1.819327712059020996e+00
2.474833726882934570e+00
2.923879861831665039e+00
2.986424446105957031e+00
2.675880908966064453e+00
1.511078476905822754e+00
2.463098764419555664e+00
1.759575724601745605e+00
5.996034741401672363e-01
1.085284948348999023e+00
7.388512492179870605e-01
5.538787245750427246e-01
1.695614457130432129e+00
6.899028420448303223e-01
8.424709439277648926e-01
1.778408646583557129e+00
1.528511762619018555e+00
1.440172195434570312e+00
8.261108398437500000e-01
1.308973550796508789e+00
2.135254383087158203e+00
4.316485822200775146e-01
5.448430776596069336e-01
5.371919274330139160e-01
4.891617298126220703e-01
1.668690919876098633e+00
1.623057961463928223e+00
1.571566700935363770e+00
1.357689738273620605e+00
1.460058450698852539e+00
1.514886617660522461e+00
1.604959845542907715e+00
1.573247194290161133e+00
1.417412400245666504e+00
1.538552999496459961e+00
1.463853120803833008e+00
1.458591580390930176e+00
1.735650300979614258e+00
2.021228551864624023e+00
2.086488485336303711e+00
1.988101601600646973e+00
2.094474077224731445e+00
2.906716346740722656e+00
5.502319812774658203e+00
5.917162418365478516e+00
5.244056701660156250e+00
4.787714004516601562e+00
4.306507110595703125e+00
4.056262493133544922e+00
3.356129646301269531e+00
3.125801801681518555e+00
2.698924779891967773e+00
2.990133047103881836e+00
2.774169683456420898e+00
2.221664428710937500e+00
2.638047695159912109e+00
2.124964475631713867e+00
1.453458189964294434e+00
1.640183568000793457e+00
1.699441909790039062e+00
1.682199478149414062e+00
1.556656122207641602e+00
2.357200384140014648e+00
1.673263907432556152e+00
1.783583998680114746e+00
1.794786930084228516e+00
1.805108547210693359e+00
1.421598434448242188e+00
1.594053149223327637e+00
1.168549895286560059e+00
8.636115789413452148e-01
8.480918407440185547e-01
8.809274435043334961e-01
8.526830077171325684e-01
7.954910993576049805e-01
7.975098490715026855e-01
7.303286790847778320e-01
6.189966797828674316e-01
6.205193400382995605e-01
6.884465217590332031e-01
6.014067530632019043e-01
5.516428947448730469e-01
5.104659795761108398e-01
3.787180781364440918e-01
3.272427618503570557e-01
3.826662003993988037e-01
3.251390755176544189e-01
2.597162723541259766e-01
3.168536424636840820e-01
8.461740016937255859e-01
1.358640313148498535e+00
1.201459169387817383e+00
1.119645595550537109e+00
1.843379735946655273e-01
1.822312623262405396e-01
3.353894948959350586e-01
3.170789480209350586e-01
2.979058027267456055e-01
3.812326490879058838e-01
3.860740363597869873e-01
3.560712933540344238e-01
3.253898620605468750e-01
4.461508393287658691e-01
4.383472502231597900e-01
3.819327056407928467e-01
5.151429176330566406e-01
5.178082585334777832e-01
3.924747705459594727e-01
3.371738791465759277e-01
4.512756466865539551e-01
4.094757139682769775e-01
4.533494710922241211e-01
4.149790406227111816e-01
3.529172539710998535e-01
3.843625783920288086e-01
4.148280024528503418e-01
3.763271272182464600e-01
3.385111987590789795e-01
3.723315894603729248e-01
1.451149463653564453e+00
1.862665057182312012e+00
1.480891585350036621e+00
2.033899307250976562e+00
2.602956533432006836e+00
2.420006513595581055e+00
1.534039735794067383e+00
1.564869999885559082e+00
1.460792303085327148e+00
1.476829767227172852e+00
1.559217214584350586e+00
1.746549487113952637e+00
1.334636211395263672e+00
1.444517970085144043e+00
1.387504458427429199e+00
1.290261626243591309e+00
1.294138789176940918e+00
1.454827070236206055e+00
4.437552094459533691e-01
3.347127437591552734e-01
4.020152986049652100e-01
3.995717167854309082e-01
3.325953483581542969e-01
3.164759278297424316e-01
4.190622866153717041e-01
3.246089518070220947e-01
2.664766311645507812e-01
3.194967508316040039e-01
4.289476275444030762e-01
2.890609204769134521e-01
3.461544215679168701e-01
4.276489317417144775e-01
4.023543596267700195e-01
3.558986186981201172e-01
3.809212744235992432e-01
4.201748371124267578e-01
3.331087231636047363e-01
3.463660180568695068e-01
3.851873278617858887e-01
3.224098682403564453e-01
2.997331917285919189e-01
3.394793272018432617e-01
3.405430912971496582e-01
2.965298295021057129e-01
2.970322370529174805e-01
3.472151756286621094e-01
2.979682981967926025e-01
3.143936097621917725e-01
3.230085074901580811e-01
3.117545843124389648e-01
3.274275064468383789e-01
3.304477930068969727e-01
3.386071324348449707e-01
3.094798624515533447e-01
3.853548169136047363e-01
3.988935947418212891e-01
4.198453724384307861e-01
3.780309259891510010e-01
4.473637044429779053e-01
4.452583789825439453e-01
3.885823190212249756e-01
4.255016744136810303e-01
4.504201710224151611e-01
4.001909196376800537e-01
1.510997414588928223e+00
1.334230065345764160e+00
1.311971068382263184e+00
8.579705953598022461e-01
2.683591246604919434e-01
5.078943967819213867e-01
4.015331566333770752e-01
3.958648145198822021e-01
4.310077428817749023e-01
5.261167287826538086e-01
3.703981041908264160e-01
4.302874207496643066e-01
4.626145064830780029e-01
4.182928800582885742e-01
4.126777052879333496e-01
4.973767101764678955e-01
4.637309312820434570e-01
4.325073361396789551e-01
4.113228619098663330e-01
1.360995411872863770e+00
1.821936249732971191e+00
1.365896224975585938e+00
1.246247291564941406e+00
1.364412546157836914e+00
7.356829047203063965e-01
1.058321952819824219e+00
1.389869928359985352e+00
1.834695577621459961e+00
1.742478251457214355e+00
1.714942693710327148e+00
1.385718464851379395e+00
1.010015249252319336e+00
4.841830134391784668e-01
3.972558677196502686e-01
3.547953665256500244e-01
4.165762066841125488e-01
4.177400171756744385e-01
3.145465552806854248e-01
3.707053661346435547e-01
4.496661424636840820e-01
3.560425043106079102e-01
3.466387689113616943e-01
4.089014828205108643e-01
4.332753419876098633e-01
3.341777026653289795e-01
3.595619201660156250e-01
3.787805736064910889e-01
3.200323581695556641e-01
3.271432816982269287e-01
3.898612558841705322e-01
3.296611309051513672e-01
3.286239504814147949e-01
3.427506685256958008e-01
3.551544249057769775e-01
3.260855376720428467e-01
3.512090742588043213e-01
3.757994771003723145e-01
3.204772174358367920e-01
3.350016474723815918e-01
3.776866495609283447e-01
3.186739087104797363e-01
2.965163886547088623e-01
3.967682421207427979e-01
4.454768300056457520e-01
3.394212126731872559e-01
3.732473552227020264e-01
4.580343365669250488e-01
4.083579182624816895e-01
3.712587654590606689e-01
3.984172344207763672e-01
4.021748304367065430e-01
3.385775387287139893e-01
3.449316620826721191e-01
3.992027938365936279e-01
3.653434813022613525e-01
3.705913424491882324e-01
4.027907252311706543e-01
6.483643651008605957e-01
1.234008312225341797e+00
1.979601502418518066e+00
2.691623926162719727e+00
1.919949531555175781e+00
1.991934776306152344e+00
2.121244430541992188e+00
1.988396525382995605e+00
1.959195733070373535e+00
2.209247827529907227e+00
2.140501260757446289e+00
1.737694978713989258e+00
2.350439548492431641e+00
2.560657501220703125e+00
2.589164495468139648e+00
2.491855621337890625e+00
1.323570847511291504e+00
1.653509140014648438e+00
1.470620036125183105e+00
1.484172821044921875e+00
1.552543282508850098e+00
1.641804933547973633e+00
2.497315406799316406e+00
2.412120580673217773e+00
3.267238616943359375e+00
2.965369462966918945e+00
2.628268003463745117e+00
1.602062344551086426e+00
2.522130012512207031e+00
2.834251880645751953e+00
2.439577579498291016e+00
3.046920061111450195e+00
1.866324782371520996e+00
1.952707052230834961e+00
1.952798604965209961e+00
2.018293380737304688e+00
1.952854514122009277e+00
1.712210536003112793e+00
2.093657732009887695e+00
1.845861196517944336e+00
1.818079948425292969e+00
1.819032430648803711e+00
1.694696426391601562e+00
1.581500053405761719e+00
2.403070211410522461e+00
2.466186046600341797e+00
1.392411708831787109e+00
1.553721070289611816e+00
1.459907412528991699e+00
1.573213458061218262e+00
1.776825547218322754e+00
1.847130775451660156e+00
2.671536922454833984e+00
2.569296360015869141e+00
4.468804895877838135e-01
6.172950863838195801e-01
6.990563273429870605e-01
7.700934410095214844e-01
8.940029740333557129e-01
1.023190855979919434e+00
8.307515978813171387e-01
8.082574605941772461e-01
8.114570379257202148e-01
6.965444684028625488e-01
6.950865387916564941e-01
7.485734820365905762e-01
6.479874849319458008e-01
7.383855581283569336e-01
7.612233757972717285e-01
9.721011519432067871e-01
1.107372641563415527e+00
3.136434555053710938e+00
3.532665014266967773e+00
4.707453727722167969e+00
3.302383184432983398e+00
3.244648456573486328e+00
3.129851818084716797e+00
1.815803050994873047e+00
1.510395526885986328e+00
1.842242002487182617e+00
3.399204015731811523e+00
2.834046840667724609e+00
1.437007665634155273e+00
1.620351791381835938e+00
1.667939305305480957e+00
1.718992233276367188e+00
1.738017082214355469e+00
1.973349332809448242e+00
1.956079244613647461e+00
1.943958640098571777e+00
2.625580072402954102e+00
2.613149881362915039e+00
2.632727622985839844e+00
1.995328187942504883e+00
1.732682824134826660e+00
1.846341967582702637e+00
1.378423929214477539e+00
3.511657714843750000e-01
4.894256889820098877e-01
3.500071465969085693e-01
2.903343737125396729e-01
3.067797124385833740e-01
3.213205933570861816e-01
2.852959036827087402e-01
3.038794696331024170e-01
3.600681722164154053e-01
4.030149281024932861e-01
3.585737943649291992e-01
3.985739946365356445e-01
4.036612510681152344e-01
3.875240385532379150e-01
3.188720941543579102e-01
3.607997596263885498e-01
3.760571479797363281e-01
2.966517806053161621e-01
3.145372271537780762e-01
3.472584784030914307e-01
2.660904228687286377e-01
2.351370900869369507e-01
3.243759870529174805e-01
2.816356122493743896e-01
1.865461170673370361e-01
2.938228249549865723e-01
3.857577443122863770e-01
2.484212517738342285e-01
2.588345110416412354e-01
3.744997084140777588e-01
3.005305528640747070e-01
2.309993058443069458e-01
3.544645309448242188e-01
4.629077911376953125e-01
3.136104941368103027e-01
3.416120707988739014e-01
4.168108403682708740e-01
4.036374092102050781e-01
3.879436552524566650e-01
4.553928673267364502e-01
4.114692211151123047e-01
4.558547139167785645e-01
4.426840245723724365e-01
5.159026980400085449e-01
4.884178340435028076e-01
5.082772970199584961e-01
4.787616133689880371e-01
4.673323035240173340e-01
5.149272084236145020e-01
1.785048961639404297e+00
1.891537666320800781e+00
2.553532838821411133e+00
2.185856103897094727e+00
2.233057975769042969e+00
2.130908012390136719e+00
2.503816604614257812e+00
2.439025163650512695e+00
1.526672005653381348e+00
2.199687004089355469e+00
2.096179723739624023e+00
1.487828493118286133e+00
1.354895114898681641e+00
1.407640576362609863e+00
1.399081349372863770e+00
1.343139886856079102e+00
1.264295578002929688e+00
1.414644360542297363e+00
1.392419338226318359e+00
1.873857259750366211e+00
1.472049474716186523e+00
1.511992096900939941e+00
1.562198400497436523e+00
1.563482761383056641e+00
1.582499623298645020e+00
1.592316985130310059e+00
1.420806527137756348e+00
1.397888660430908203e+00
1.774721860885620117e+00
2.309188365936279297e+00
1.706104993820190430e+00
1.447337865829467773e+00
1.551786422729492188e+00
1.798398613929748535e+00
9.688750505447387695e-01
5.824536681175231934e-01
5.868688821792602539e-01
5.626893043518066406e-01
4.618311524391174316e-01
2.125272989273071289e+00
8.012855052947998047e-01
4.510004520416259766e-01
5.155830979347229004e-01
5.973432660102844238e-01
1.592620253562927246e+00
1.651752471923828125e+00
1.717911720275878906e+00
2.566812515258789062e+00
4.265901148319244385e-01
4.846632182598114014e-01
4.026602506637573242e-01
4.102267324924468994e-01
4.826307892799377441e-01
7.736868858337402344e-01
6.951758861541748047e-01
3.934793472290039062e-01
6.849627494812011719e-01
6.105531454086303711e-01
5.475919842720031738e-01
5.784028172492980957e-01
6.333509087562561035e-01
1.266924142837524414e+00
1.159088253974914551e+00
1.388090014457702637e+00
7.781447768211364746e-01
7.132343053817749023e-01
7.925481200218200684e-01
1.325104475021362305e+00
1.426994562149047852e+00
1.780630230903625488e+00
1.803690910339355469e+00
1.943900823593139648e+00
1.937496185302734375e+00
3.048401117324829102e+00
2.677444934844970703e+00
2.413308858871459961e+00
2.518017530441284180e+00
2.170377492904663086e+00
1.547757506370544434e+00
1.536975622177124023e+00
2.854551076889038086e+00
2.491548061370849609e+00
2.947194576263427734e+00
2.570099353790283203e+00
2.591988086700439453e+00
2.351701498031616211e+00
2.064043998718261719e+00
1.212020754814147949e+00
1.385416150093078613e+00
1.099485635757446289e+00
1.138606071472167969e+00
1.184744358062744141e+00
9.231604337692260742e-01
7.506037354469299316e-01
7.563693523406982422e-01
8.039023280143737793e-01
6.327328681945800781e-01
6.547708511352539062e-01
6.834283471107482910e-01
6.566188335418701172e-01
5.570859313011169434e-01
6.248316764831542969e-01
5.446835756301879883e-01
3.806501924991607666e-01
4.716178178787231445e-01
4.478214681148529053e-01
4.064321219921112061e-01
3.431862294673919678e-01
3.421528637409210205e-01
3.840988874435424805e-01
2.765946686267852783e-01
2.685504555702209473e-01
3.211490213871002197e-01
2.982081174850463867e-01
1.923495829105377197e-01
2.707536518573760986e-01
3.074216544628143311e-01
2.637065947055816650e-01
1.998439729213714600e-01
2.774350643157958984e-01
1.238895177841186523e+00
1.304347276687622070e+00
1.175755143165588379e+00
1.114012360572814941e+00
2.503925561904907227e-01
2.238119095563888550e-01
3.376500010490417480e-01
3.855447769165039062e-01
2.993045151233673096e-01
3.811216354370117188e-01
3.816955983638763428e-01
3.858898580074310303e-01
3.459058105945587158e-01
3.865315020084381104e-01
3.845084011554718018e-01
3.433805406093597412e-01
3.697213530540466309e-01
4.514595568180084229e-01
4.105260372161865234e-01
4.066700339317321777e-01
4.527050554752349854e-01
5.589985847473144531e-01
4.418532550334930420e-01
4.746715426445007324e-01
2.019448280334472656e+00
1.778981566429138184e+00
1.869549870491027832e+00
1.852992653846740723e+00
2.780235528945922852e+00
1.875885367393493652e+00
3.843996286392211914e+00
2.954419851303100586e+00
1.524575948715209961e+00
1.801597356796264648e+00
1.774278640747070312e+00
1.593455076217651367e+00
1.380780577659606934e+00
2.038611888885498047e+00
1.385536193847656250e+00
1.324489951133728027e+00
1.361622214317321777e+00
1.387628912925720215e+00
1.413956046104431152e+00
1.388911962509155273e+00
1.319857120513916016e+00
1.344826579093933105e+00
1.634140491485595703e+00
1.267890930175781250e+00
1.294854760169982910e+00
1.439533710479736328e+00
1.397597551345825195e+00
1.231443524360656738e+00
1.291757941246032715e+00
1.460612773895263672e+00
1.366967678070068359e+00
1.370764732360839844e+00
1.418328762054443359e+00
1.454412341117858887e+00
2.129658222198486328e+00
1.370614290237426758e+00
1.409050226211547852e+00
1.685606837272644043e+00
1.341061115264892578e+00
2.108758926391601562e+00
2.672522306442260742e+00
1.285177707672119141e+00
1.519110918045043945e+00
1.661659121513366699e+00
1.617269277572631836e+00
1.449970006942749023e+00
1.723046898841857910e+00
2.701037168502807617e+00
2.193108081817626953e+00
1.282503366470336914e+00
1.489395976066589355e+00
1.531562685966491699e+00
1.394193530082702637e+00
1.566476702690124512e+00
1.844596505165100098e+00
1.560068011283874512e+00
4.204741716384887695e-01
6.340329051017761230e-01
1.129618883132934570e+00
8.332793116569519043e-01
8.234038352966308594e-01
2.292290687561035156e+00
2.234419822692871094e+00
2.422981739044189453e+00
2.108729600906372070e+00
2.389783382415771484e+00
8.858321309089660645e-01
9.521945118904113770e-01
1.970264077186584473e+00
2.414205074310302734e+00
2.336839914321899414e+00
2.402751684188842773e+00
2.156826734542846680e+00
1.913430929183959961e+00
1.421931743621826172e+00
1.706915497779846191e+00
1.587575674057006836e+00
1.861087322235107422e+00
1.670113682746887207e+00
2.144002676010131836e+00
2.611793994903564453e+00
2.667204380035400391e+00
2.568880796432495117e+00
1.906243085861206055e+00
1.916788458824157715e+00
1.972167134284973145e+00
2.118774175643920898e+00
1.961020946502685547e+00
1.978755950927734375e+00
1.337679266929626465e+00
6.820247173309326172e-01
7.033653855323791504e-01
5.541308522224426270e-01
5.777701735496520996e-01
3.158134222030639648e-01
3.324758410453796387e-01
3.745879828929901123e-01
3.799142539501190186e-01
3.265089988708496094e-01
3.447677493095397949e-01
3.890860974788665771e-01
3.625701367855072021e-01
3.270508944988250732e-01
3.574110865592956543e-01
3.837244808673858643e-01
3.164071142673492432e-01
3.077604472637176514e-01
3.375806510448455811e-01
2.625710070133209229e-01
2.925222218036651611e-01
2.701909244060516357e-01
3.348994255065917969e-01
2.649564743041992188e-01
3.232294321060180664e-01
3.185620903968811035e-01
2.883855402469635010e-01
2.442933320999145508e-01
3.233338594436645508e-01
3.123820126056671143e-01
2.271413803100585938e-01
2.667710185050964355e-01
3.612292706966400146e-01
2.862670421600341797e-01
2.840331494808197021e-01
3.289934396743774414e-01
4.691799879074096680e-01
3.253298401832580566e-01
3.742195963859558105e-01
4.288810193538665771e-01
4.125628769397735596e-01
3.536090552806854248e-01
3.788521289825439453e-01
4.363403022289276123e-01
1.376907110214233398e+00
1.402872085571289062e+00
1.349097371101379395e+00
1.320682764053344727e+00
3.112546205520629883e-01
3.465250134468078613e-01
4.711529314517974854e-01
4.799668490886688232e-01
4.519452452659606934e-01
1.614652752876281738e+00
9.383873939514160156e-01
2.142936229705810547e+00
1.799389243125915527e+00
1.894672036170959473e+00
2.637713670730590820e+00
1.998057603836059570e+00
2.349428653717041016e+00
3.245766639709472656e+00
1.915928244590759277e+00
2.089745759963989258e+00
1.955938100814819336e+00
1.966438174247741699e+00
1.757203698158264160e+00
1.047193288803100586e+00
1.418438673019409180e+00
1.852442026138305664e+00
1.453842520713806152e+00
7.029175162315368652e-01
1.024745225906372070e+00
7.936379313468933105e-01
7.570598125457763672e-01
8.949151635169982910e-01
1.095344901084899902e+00
8.153371810913085938e-01
6.865089535713195801e-01
5.859934091567993164e-01
4.736644923686981201e-01
4.103023707866668701e-01
5.936549901962280273e-01
1.703059673309326172e+00
1.395842552185058594e+00
1.318747043609619141e+00
6.808345913887023926e-01
4.611475467681884766e-01
6.997045874595642090e-01
4.837375879287719727e-01
5.307648777961730957e-01
5.143401026725769043e-01
5.707850456237792969e-01
5.221266746520996094e-01
5.327180624008178711e-01
3.600944876670837402e-01
3.893862366676330566e-01
4.397733807563781738e-01
3.847268521785736084e-01
3.216643333435058594e-01
3.838185071945190430e-01
3.441754281520843506e-01
3.429894149303436279e-01
3.018884360790252686e-01
3.474569320678710938e-01
2.769811451435089111e-01
3.273469209671020508e-01
3.736072480678558350e-01
3.699600994586944580e-01
3.782063424587249756e-01
4.045901894569396973e-01
4.502617418766021729e-01
3.855272233486175537e-01
6.939449310302734375e-01
6.750379204750061035e-01
8.430215716361999512e-01
6.358981132507324219e-01
1.267015457153320312e+00
1.583902239799499512e+00
1.841888666152954102e+00
1.578371524810791016e+00
1.776673913002014160e+00
1.827009558677673340e+00
1.735327124595642090e+00
1.824817895889282227e+00
1.928168177604675293e+00
2.553328514099121094e+00
2.580720186233520508e+00
2.751152038574218750e+00
2.856764793395996094e+00
2.653978347778320312e+00
2.593900918960571289e+00
1.925686120986938477e+00
1.474177837371826172e+00
1.458982348442077637e+00
2.336415529251098633e+00
1.741201877593994141e+00
1.635518670082092285e+00
1.554121732711791992e+00
1.588979959487915039e+00
1.553673386573791504e+00
1.467385649681091309e+00
1.532783269882202148e+00
1.545193314552307129e+00
1.156390070915222168e+00
9.678523540496826172e-01
1.273518919944763184e+00
1.175000786781311035e+00
9.655874967575073242e-01
9.788075089454650879e-01
1.086655139923095703e+00
1.714594602584838867e+00
1.518871665000915527e+00
1.566174149513244629e+00
1.526551365852355957e+00
5.363348126411437988e-01
5.189896225929260254e-01
5.895327925682067871e-01
4.826672375202178955e-01
3.585340678691864014e-01
4.027205705642700195e-01
4.326194226741790771e-01
3.270544707775115967e-01
2.945204079151153564e-01
3.257355093955993652e-01
3.280691802501678467e-01
2.050430625677108765e-01
2.618186175823211670e-01
3.283953368663787842e-01
2.610730528831481934e-01
2.058639824390411377e-01
2.650702297687530518e-01
3.559948205947875977e-01
2.200219631195068359e-01
2.411790341138839722e-01
3.120898008346557617e-01
3.237304687500000000e-01
2.421128898859024048e-01
2.841907441616058350e-01
3.559007942676544189e-01
3.523153364658355713e-01
3.063142895698547363e-01
4.163889884948730469e-01
4.256954491138458252e-01
4.023291468620300293e-01
3.946818113327026367e-01
4.286929965019226074e-01
4.134345054626464844e-01
4.097319841384887695e-01
4.231704473495483398e-01
